0 64.013671875 21.09375 7.768507117527988 10.358009490037318
0 57.12890625 19.075520833333336 7.3875234600282 9.850031280037602
0 40.4296875 17.578125 7.091644310682526 9.455525747576702
0 25.5859375 20.1171875 7.586549618320344 10.115399491093791
0 6.73828125 19.075520833333336 7.3875234600282 9.850031280037602
0 23.2421875 17.838541666666664 7.143981879101334 9.525309172135112
0 65.234375 16.6015625 6.891839471823862 9.189119295765149
0 70.8984375 16.731770833333336 6.9188135063199665 9.225084675093289
0 80.126953125 19.010416666666664 7.37490598974278 9.833207986323707
0 89.453125 20.833333333333336 7.720404443770458 10.293872591693944
0 84.765625 18.098958333333336 7.195938795502683 9.594585060670244
0 93.505859375 20.377604166666664 7.635495607419925 10.180660809893233
