0 67.48046875 49.73958333333333 11.929211600153849 15.905615466871797
0 66.845703125 89.19270833333334 15.974429111697267 21.299238815596354
0 44.53125 85.67708333333334 15.656439622046703 20.875252829395606
0 77.197265625 42.7734375 11.062358984614171 14.74981197948556
0 92.919921875 47.59114583333333 11.66873431048899 15.55831241398532
0 84.5703125 71.875 14.340014800379311 19.12001973383908
0 98.779296875 79.23177083333334 15.05602585881837 20.074701145091158
0 57.12890625 40.625 10.780958088779109 14.374610785038813
0 47.998046875 36.9140625 10.276768945607138 13.702358594142853
0 39.404296875 39.58333333333333 10.641843123878598 14.189124165171464
0 20.166015625 72.72135416666666 14.424197141231046 19.232262854974728
0 26.806640625 91.9921875 16.22318586426027 21.63091448568036
0 97.0703125 32.74739583333333 9.679413773897526 12.905885031863368
0 86.9140625 41.08072916666667 10.841259563190683 14.45501275092091
0 77.197265625 57.552083333333336 12.831906763689355 17.10920901825247
0 67.822265625 69.40104166666666 14.091060034930658 18.78808004657421
0 64.599609375 80.53385416666666 15.179235980768906 20.238981307691876
0 87.79296875 88.21614583333334 15.886737164087366 21.182316218783157
0 97.412109375 94.53125 16.445548810189795 21.927398413586392
0 45.99609375 66.40625 13.783678943647724 18.378238591530298
0 33.0078125 76.69270833333334 14.812818724989743 19.75042496665299
0 40.771484375 57.747395833333336 12.853661919343681 17.13821589245824
0 20.068359375 53.776041666666664 12.403809468323715 16.53841262443162
0 30.908203125 44.921875 11.336777112430854 15.11570281657447
0 25.048828125 37.63020833333333 10.3759765625 13.834635416666666
0 25.537109375 80.859375 15.2098825614955 20.279843415327335
0 17.28515625 29.427083333333332 9.175595934065496 12.234127912087327
0 30.908203125 30.2734375 9.306610523667546 12.408814031556727
0 76.46484375 28.450520833333332 9.02206146184966 12.029415282466214
0 61.474609375 29.427083333333332 9.175595934065496 12.234127912087327
0 42.626953125 30.794270833333332 9.386325988299376 12.515101317732501
0 33.7890625 35.41666666666667 10.066175843793117 13.421567791724156
0 66.455078125 41.6015625 10.909767414379564 14.546356552506085
0 42.3828125 48.56770833333333 11.787846628312968 15.717128837750623
0 9.9609375 27.604166666666668 8.886852892188134 11.849137189584178
0 52.63671875 33.59375 9.803697756475225 13.071597008633635
0 39.74609375 27.799479166666668 8.918236814088415 11.890982418784553
0 67.724609375 30.2734375 9.306610523667546 12.408814031556727
0 2.34375 28.971354166666668 9.104268731797058 12.139024975729411
0 33.88671875 28.450520833333332 9.02206146184966 12.029415282466214
