0 67.87109375 12.890625 6.072921369058959 8.097228492078614
0 12.3046875 31.4453125 9.485028239697298 12.646704319596397
0 72.607421875 18.1640625 7.208869513560617 9.611826018080823
0 65.380859375 18.033854166666664 7.182984799767957 9.577313066357275
0 95.01953125 20.442708333333336 7.647683158045451 10.196910877393934
0 34.716796875 63.997395833333336 13.531371629269632 18.041828839026174
0 76.220703125 58.723958333333336 12.9618900034151 17.28252000455347
0 9.130859375 18.619791666666664 7.298743129334349 9.731657505779133
0 30.517578125 15.4296875 6.644147051109997 8.858862734813329
0 11.5234375 15.755208333333334 6.7138671875 8.951822916666668
0 32.080078125 15.299479166666666 6.61605328023645 8.821404373648601
0 10.9375 18.489583333333336 7.273178276253042 9.697571035004056
0 33.447265625 16.471354166666664 6.864759447755123 9.15301259700683
0 12.890625 18.033854166666664 7.182984799767957 9.577313066357275
0 34.912109375 14.84375 6.516771394062079 8.689028525416106
0 7.2265625 18.033854166666664 7.182984799767957 9.577313066357275
0 35.595703125 17.838541666666664 7.143981879101334 9.525309172135112
0 14.892578125 17.122395833333336 6.9991119025755095 9.332149203434014
0 36.962890625 14.973958333333334 6.545291317604741 8.727055090139656
0 5.078125 20.572916666666664 7.672000176987631 10.229333569316841
0 39.892578125 14.973958333333334 6.545291317604741 8.727055090139656
0 3.02734375 17.838541666666664 7.143981879101334 9.525309172135112
0 43.06640625 15.4296875 6.644147051109997 8.858862734813329
0 1.46484375 19.791666666666664 7.524919437217989 10.033225916290652
0 45.458984375 13.020833333333334 6.103515625 8.138020833333332
0 2.34375 24.21875 8.324085508414218 11.098780677885625
0 44.677734375 16.666666666666664 6.905339660024879 9.207119546699838
0 16.015625 19.3359375 7.437779301119349 9.917039068159132
0 7.568359375 24.479166666666664 8.36871899463018 11.15829199284024
0 18.994140625 14.973958333333334 6.545291317604741 8.727055090139656
0 4.4921875 29.036458333333332 9.114492506755418 12.15265667567389
0 18.505859375 17.578125 7.091644310682526 9.455525747576702
0 24.31640625 34.30989583333333 9.907643481901811 13.210191309202415
0 20.99609375 19.205729166666664 7.412693970636669 9.883591960848893
0 33.349609375 31.25 9.4555257475767 12.607367663435602
0 28.955078125 14.973958333333334 6.545291317604741 8.727055090139656
0 22.94921875 16.927083333333336 6.959078522333606 9.278771363111476
0 20.8984375 26.7578125 8.749555167743805 11.66607355699174
0 21.142578125 14.973958333333334 6.545291317604741 8.727055090139656
0 31.4453125 20.442708333333336 7.647683158045451 10.196910877393934
0 24.755859375 16.341145833333336 6.837572174807153 9.116762899742872
0 17.96875 23.893229166666664 8.267954824306681 11.023939765742242
0 27.1484375 15.625 6.686066375795484 8.914755167727312
0 29.39453125 28.125 8.970299351012615 11.960399134683486
0 29.833984375 19.205729166666664 7.412693970636669 9.883591960848893
0 39.453125 18.619791666666664 7.298743129334349 9.731657505779133
0 26.123046875 21.028645833333336 7.756509415978292 10.342012554637723
0 32.91015625 24.348958333333336 8.346432086900233 11.128576115866979
0 52.685546875 12.890625 6.072921369058959 8.097228492078614
0 41.943359375 18.489583333333336 7.273178276253042 9.697571035004056
0 47.509765625 14.388020833333334 6.415953381844678 8.554604509126236
0 41.943359375 24.0234375 8.290452702152177 11.053936936202902
0 46.142578125 15.755208333333334 6.7138671875 8.951822916666668
0 57.080078125 14.713541666666666 6.488126106405426 8.650834808540568
0 48.388671875 18.619791666666664 7.298743129334349 9.731657505779133
0 42.724609375 29.752604166666668 9.22620633412535 12.301608445500468
0 58.7890625 13.606770833333334 6.2393335877260965 8.319111450301463
0 52.1484375 16.015625 6.7691262856502785 9.025501714200372
0 60.498046875 15.4296875 6.644147051109997 8.858862734813329
0 45.8984375 23.567708333333336 8.211440458419013 10.948587277892017
0 61.5234375 14.0625 6.342959500374307 8.457279333832409
0 51.904296875 19.791666666666664 7.524919437217989 10.033225916290652
0 56.4453125 29.4921875 9.185740321833748 12.247653762444997
0 54.296875 18.75 7.32421875 9.765625
0 60.25390625 21.940104166666664 7.92282408798045 10.5637654506406
0 52.783203125 24.0234375 8.290452702152177 11.053936936202902
0 64.794921875 13.4765625 6.209408553886659 8.279211405182211
0 72.802734375 13.802083333333334 6.283953943473511 8.378605257964681
0 85.400390625 18.880208333333336 7.349606066157407 9.799474754876544
0 69.775390625 15.299479166666666 6.61605328023645 8.821404373648601
0 57.91015625 18.294270833333336 7.234661615679748 9.646215487572997
0 74.4140625 14.713541666666666 6.488126106405426 8.650834808540568
0 56.982421875 22.0703125 7.946299173761924 10.595065565015899
0 74.658203125 17.578125 7.091644310682526 9.455525747576702
0 65.380859375 21.614583333333336 7.863829789260941 10.485106385681254
0 77.001953125 15.755208333333334 6.7138671875 8.951822916666668
0 70.654296875 19.986979166666664 7.561957820656658 10.08261042754221
0 81.4453125 18.1640625 7.208869513560617 9.611826018080823
0 69.3359375 23.763020833333336 8.245395560367612 10.993860747156816
0 79.736328125 16.471354166666664 6.864759447755123 9.15301259700683
0 74.853515625 21.028645833333336 7.756509415978292 10.342012554637723
0 87.646484375 19.791666666666664 7.524919437217989 10.033225916290652
0 78.7109375 18.294270833333336 7.234661615679748 9.646215487572997
0 91.50390625 19.661458333333336 7.500125566067204 10.00016742142294
0 77.587890625 19.53125 7.475249459177179 9.966999278902906
0 66.015625 26.888020833333332 8.770817787597604 11.694423716796805
0 89.697265625 20.442708333333336 7.647683158045451 10.196910877393934
0 70.361328125 29.4921875 9.185740321833748 12.247653762444997
0 88.76953125 18.1640625 7.208869513560617 9.611826018080823
0 98.14453125 20.8984375 7.732458166088822 10.309944221451763
0 92.96875 23.307291666666664 8.165947363439729 10.88792981791964
0 98.73046875 31.705729166666668 9.524222738236839 12.698963650982451
0 95.458984375 23.307291666666664 8.165947363439729 10.88792981791964
0 93.310546875 39.12760416666667 10.580405165624827 14.107206887499771
0 90.234375 32.8125 9.689030680168178 12.918707573557572
0 97.36328125 24.674479166666664 8.402038511923953 11.202718015898604
0 89.013671875 23.567708333333336 8.211440458419013 10.948587277892017
0 81.4453125 20.442708333333336 7.647683158045451 10.196910877393934
0 90.91796875 24.21875 8.324085508414218 11.098780677885625
0 81.787109375 22.8515625 8.085718566584333 10.780958088779109
0 76.318359375 28.125 8.970299351012615 11.960399134683486
0 85.7421875 27.9296875 8.939098215256843 11.918797620342456
0 79.58984375 24.0234375 8.290452702152177 11.053936936202902
0 86.62109375 23.893229166666664 8.267954824306681 11.023939765742242
0 93.75 27.5390625 8.876366926421502 11.835155901895336
0 68.408203125 34.44010416666667 9.926425761285763 13.235234348381017
0 82.080078125 33.07291666666667 9.727403229070575 12.9698709720941
0 82.080078125 41.2109375 10.85842704752026 14.477902730027015
0 86.42578125 34.89583333333333 9.991885707852113 13.322514277136149
0 97.265625 43.61979166666667 11.171267833082963 14.895023777443953
0 92.87109375 52.864583333333336 12.298243212652517 16.397657616870024
0 66.943359375 46.02864583333333 11.475583298927713 15.300777731903617
0 62.548828125 41.08072916666667 10.841259563190683 14.45501275092091
0 54.4921875 35.9375 10.139921707663666 13.51989561021822
0 40.0390625 40.49479166666667 10.763667046233154 14.351556061644205
0 33.935546875 45.44270833333333 11.402308161785525 15.203077549047366
0 42.041015625 50.911458333333336 12.06892085771801 16.091894476957346
0 57.91015625 39.12760416666667 10.580405165624827 14.107206887499771
0 4.296875 35.9375 10.139921707663666 13.51989561021822
0 3.7109375 45.18229166666667 11.36958984997385 15.159453133298467
0 3.80859375 70.18229166666666 14.170149861137574 18.89353314818343
0 55.859375 13.932291666666666 6.313525654778199 8.418034206370931
0 62.40234375 14.713541666666666 6.488126106405426 8.650834808540568
0 38.427734375 15.4296875 6.644147051109997 8.858862734813329
0 82.763671875 16.471354166666664 6.864759447755123 9.15301259700683
0 63.8671875 15.885416666666666 6.741553355216833 8.988737806955777
