0 89.208984375 84.89583333333334 15.584894207524053 20.779858943365404
0 59.375 83.91927083333334 15.494997894026005 20.659997192034673
0 43.1640625 82.16145833333334 15.331856307471279 20.442475076628373
0 7.03125 84.375 15.537014235055976 20.716018980074637
0 2.5390625 57.096354166666664 12.781000727155718 17.04133430287429
0 8.49609375 54.817708333333336 12.523367021901361 16.69782269586848
0 2.63671875 45.44270833333333 11.402308161785525 15.203077549047366
0 1.85546875 37.890625 10.411817693623036 13.88242359149738
0 0.634765625 27.994791666666668 8.94951068030712 11.932680907076158
0 2.197265625 22.200520833333336 7.969705113037473 10.626273484049964
0 5.17578125 30.859375 9.396242870080965 12.52832382677462
0 11.71875 32.74739583333333 9.679413773897526 12.905885031863368
0 13.427734375 39.58333333333333 10.641843123878598 14.189124165171464
0 21.044921875 45.05208333333333 11.353195335533615 15.137593780711486
0 31.93359375 48.2421875 11.748276705883885 15.664368941178514
0 40.625 63.671875 13.496914299008777 17.995885732011704
0 49.31640625 64.84375 13.620552737073607 18.16073698276481
0 86.181640625 71.484375 14.300994279614235 19.067992372818978
0 76.220703125 64.77864583333334 13.613713393063637 18.15161785741818
0 71.533203125 55.598958333333336 12.612291454938857 16.816388606585143
0 78.3203125 49.73958333333333 11.929211600153849 15.905615466871797
0 82.568359375 47.4609375 11.652760676291981 15.537014235055976
0 94.53125 42.64322916666667 11.045508466097326 14.7273446214631
0 99.31640625 50.5859375 12.03027547877626 16.040367305035012
0 96.97265625 36.45833333333333 10.21313508952729 13.617513452703053
0 87.841796875 33.26822916666667 9.756083595670033 13.008111460893376
0 79.541015625 35.7421875 10.11233003282525 13.483106710433667
0 71.875 41.34114583333333 10.87556743237638 14.500756576501841
0 64.94140625 40.55989583333333 10.77231603681811 14.363088049090814
0 57.421875 47.0703125 11.604707850238979 15.472943800318639
0 51.318359375 42.3828125 11.01173007365034 14.682306764867118
0 39.501953125 40.75520833333333 10.79822144345345 14.397628591271266
0 35.400390625 38.54166666666667 10.500885335745396 14.001180447660527
0 30.37109375 35.67708333333333 10.103116062772735 13.470821417030313
0 36.767578125 30.403645833333332 9.326603265341873 12.43547102045583
0 32.71484375 27.669270833333332 8.897326499702912 11.863101999603883
0 26.806640625 23.828125 8.256682897014576 11.008910529352768
0 18.994140625 32.94270833333333 9.708235913444133 12.944314551258843
0 18.75 27.5390625 8.876366926421502 11.835155901895336
0 13.76953125 27.604166666666668 8.886852892188134 11.849137189584178
0 9.814453125 24.153645833333336 8.312889692307273 11.083852923076364
0 17.333984375 21.484375 7.840107775064166 10.453477033418888
0 23.486328125 26.5625 8.717563999686098 11.62341866624813
0 23.2421875 19.270833333333336 7.425247229367944 9.900329639157258
0 29.150390625 17.578125 7.091644310682526 9.455525747576702
0 44.921875 28.645833333333332 9.052976668817948 12.07063555842393
0 48.291015625 35.02604166666667 10.010509928501419 13.347346571335224
0 52.83203125 31.184895833333332 9.445671106287941 12.594228141717254
0 58.935546875 33.0078125 9.717824296930333 12.957099062573777
0 63.232421875 28.90625 9.094033462982996 12.125377950643994
0 66.748046875 32.29166666666667 9.611826018080825 12.815768024107768
0 72.36328125 31.770833333333332 9.53399618640949 12.711994915212655
0 77.001953125 29.1015625 9.124704826492952 12.166273101990603
0 70.80078125 26.041666666666668 8.631674575031099 11.508899433374797
0 71.337890625 21.744791666666664 7.887480458569388 10.51664061142585
0 76.904296875 22.330729166666664 7.993042513249997 10.657390017666662
0 79.833984375 24.8046875 8.424178309229896 11.23223774563986
0 86.767578125 28.645833333333332 9.052976668817948 12.07063555842393
0 97.021484375 28.776041666666668 9.073528288158268 12.098037717544358
0 94.3359375 22.65625 8.051090062422436 10.734786749896582
0 98.53515625 18.294270833333336 7.234661615679748 9.646215487572997
0 90.52734375 24.283854166666664 8.33526628646708 11.113688381956106
0 86.767578125 23.4375 8.188725503539269 10.918300671385692
0 82.12890625 22.65625 8.051090062422436 10.734786749896582
0 83.349609375 18.489583333333336 7.273178276253042 9.697571035004056
0 87.255859375 19.205729166666664 7.412693970636669 9.883591960848893
0 90.625 20.833333333333336 7.720404443770458 10.293872591693944
0 94.82421875 18.5546875 7.28597191547444 9.714629220632586
0 99.0234375 25.455729166666668 8.53401578009617 11.378687706794894
0 92.96875 25.325520833333332 8.512161670520847 11.349548894027794
0 50.439453125 26.5625 8.717563999686098 11.62341866624813
0 63.525390625 24.544270833333336 8.379840220792225 11.173120294389632
0 59.1796875 25.9765625 8.620878229873984 11.494504306498644
0 58.447265625 19.7265625 7.512532730158185 10.01671030687758
0 5.615234375 21.940104166666664 7.92282408798045 10.5637654506406
0 4.248046875 17.708333333333336 7.117861199762329 9.490481599683106
0 13.37890625 22.395833333333336 8.00468569861084 10.672914264814453
0 10.791015625 17.643229166666664 7.104764847914316 9.473019797219088
0 18.115234375 16.276041666666664 6.823937919616058 9.09858389282141
0 12.5 18.880208333333336 7.349606066157407 9.799474754876544
0 7.958984375 18.75 7.32421875 9.765625
0 2.099609375 16.9921875 6.972448522214271 9.296598029619028
0 14.111328125 17.513020833333336 7.0784994535786145 9.437999271438152
0 10.05859375 14.778645833333334 6.502464524127966 8.669952698837287
0 7.32421875 16.731770833333336 6.9188135063199665 9.225084675093289
0 22.119140625 14.453125 6.430452730012657 8.57393697335021
0 31.982421875 21.09375 7.768507117527988 10.358009490037318
0 26.3671875 18.619791666666664 7.298743129334349 9.731657505779133
0 37.40234375 18.033854166666664 7.182984799767957 9.577313066357275
0 40.91796875 24.283854166666664 8.33526628646708 11.113688381956106
0 45.263671875 23.046875 8.120199399200482 10.82693253226731
0 41.943359375 19.596354166666664 7.487697843252746 9.983597124336994
0 52.978515625 17.317708333333336 7.038917599286375 9.385223465715166
0 61.083984375 18.294270833333336 7.234661615679748 9.646215487572997
0 67.67578125 19.596354166666664 7.487697843252746 9.983597124336994
0 66.455078125 24.088541666666664 8.301678777304348 11.068905036405797
0 55.712890625 17.1875 7.012405574387241 9.349874099182989
0 51.611328125 15.625 6.686066375795484 8.914755167727312
0 58.88671875 14.192708333333334 6.372257390692475 8.496343187589966
0 61.71875 15.625 6.686066375795484 8.914755167727312
0 64.501953125 13.346354166666666 6.179338602086361 8.239118136115147
0 75.341796875 17.903645833333336 7.157006469457137 9.542675292609516
0 78.80859375 20.1171875 7.586549618320344 10.115399491093791
0 83.30078125 15.950520833333334 6.755353888299149 9.0071385177322
0 86.572265625 15.169270833333334 6.587839704871492 8.783786273161988
0 92.28515625 30.403645833333332 9.326603265341873 12.43547102045583
0 32.8125 14.127604166666666 6.3576253222655215 8.476833763020695
0 40.380859375 14.84375 6.516771394062079 8.689028525416106
0 39.599609375 19.791666666666664 7.524919437217989 10.033225916290652
0 48.828125 22.526041666666664 8.027921409891299 10.703895213188398
0 43.408203125 15.494791666666666 6.658149484030587 8.877532645374115
0 34.66796875 17.1875 7.012405574387241 9.349874099182989
0 15.185546875 15.364583333333334 6.6301150458985685 8.840153394531425
0 12.20703125 15.625 6.686066375795484 8.914755167727312
0 8.49609375 16.9921875 6.972448522214271 9.296598029619028
0 0.68359375 19.140625 7.400119417103358 9.866825889471144
0 20.60546875 16.145833333333336 6.796587356970242 9.062116475960323
0 24.462890625 13.802083333333334 6.283953943473511 8.378605257964681
0 26.3671875 16.927083333333336 6.959078522333606 9.278771363111476
0 37.109375 13.8671875 6.298757153488249 8.398342871317666
0 27.783203125 15.169270833333334 6.587839704871492 8.783786273161988
0 45.751953125 13.151041666666666 6.133957288281793 8.178609717709058
0 51.416015625 12.239583333333332 5.917577950947668 7.8901039345968895
0 66.845703125 13.932291666666666 6.313525654778199 8.418034206370931
0 41.552734375 13.346354166666666 6.179338602086361 8.239118136115147
0 29.19921875 13.932291666666666 6.313525654778199 8.418034206370931
0 0.48828125 15.950520833333334 6.755353888299149 9.0071385177322
0 50.68359375 20.703125 7.6962403643301345 10.261653819106845
0 48.53515625 18.033854166666664 7.182984799767957 9.577313066357275
0 45.703125 16.666666666666664 6.905339660024879 9.207119546699838
0 38.96484375 14.518229166666666 6.444919458600731 8.593225944800976
0 35.83984375 14.453125 6.430452730012657 8.57393697335021
0 26.611328125 14.583333333333334 6.459353786778786 8.612471715705048
0 25.634765625 14.518229166666666 6.444919458600731 8.593225944800976
0 72.705078125 13.346354166666666 6.179338602086361 8.239118136115147
0 65.673828125 16.276041666666664 6.823937919616058 9.09858389282141
0 79.58984375 16.666666666666664 6.905339660024879 9.207119546699838
0 96.435546875 19.466145833333336 7.462780310447684 9.950373747263578
0 92.67578125 21.6796875 7.875664001809045 10.500885335745393
0 90.52734375 17.3828125 7.052136235529384 9.40284831403918
0 79.638671875 14.192708333333334 6.372257390692475 8.496343187589966
0 70.361328125 14.453125 6.430452730012657 8.57393697335021
0 73.876953125 14.192708333333334 6.372257390692475 8.496343187589966
0 68.994140625 14.2578125 6.386855937639267 8.515807916852356
0 69.677734375 19.270833333333336 7.425247229367944 9.900329639157258
0 81.396484375 19.7265625 7.512532730158185 10.01671030687758
0 93.359375 18.294270833333336 7.234661615679748 9.646215487572997
0 88.671875 16.927083333333336 6.959078522333606 9.278771363111476
0 99.0234375 35.546875 10.084662867345157 13.44621715646021
0 75.439453125 15.364583333333334 6.6301150458985685 8.840153394531425
0 54.638671875 12.955729166666666 6.088237714617921 8.117650286157229
0 13.525390625 14.518229166666666 6.444919458600731 8.593225944800976
0 5.908203125 16.341145833333336 6.837572174807153 9.116762899742872
0 20.1171875 21.354166666666664 7.816313766397521 10.421751688530028
0 32.91015625 16.080729166666664 6.782870718656271 9.043827624875028
0 92.67578125 19.466145833333336 7.462780310447684 9.950373747263578
0 84.9609375 16.145833333333336 6.796587356970242 9.062116475960323
0 69.62890625 21.940104166666664 7.92282408798045 10.5637654506406
0 11.474609375 20.833333333333336 7.720404443770458 10.293872591693944
0 28.955078125 23.046875 8.120199399200482 10.82693253226731
0 74.951171875 28.125 8.970299351012615 11.960399134683486
