0 50.341796875 84.375 15.537014235055976 20.716018980074637
0 53.466796875 68.22916666666666 13.97158586701611 18.62878115602148
0 42.08984375 69.66145833333334 14.117472541772921 18.823296722363896
0 27.197265625 47.52604166666667 11.660750228602783 15.547666971470377
0 58.447265625 51.822916666666664 12.176475429235841 16.235300572314458
0 41.552734375 92.05729166666666 16.228925537485754 21.638567383314342
0 50.732421875 58.7890625 12.969073096237658 17.29209746165021
0 31.640625 53.255208333333336 12.343596445408132 16.45812859387751
0 3.271484375 59.375 13.033542788124159 17.37805705083221
0 12.060546875 42.12239583333333 10.977847746951262 14.63713032926835
0 74.21875 47.78645833333333 11.69265384562257 15.590205127496759
0 61.279296875 45.703125 11.434932858395506 15.24657714452734
0 15.380859375 37.95572916666667 10.420758715187912 13.894344953583882
0 36.23046875 33.7890625 9.832155574699105 13.109540766265473
0 54.00390625 33.33333333333333 9.765625 13.020833333333334
0 80.37109375 48.11197916666667 11.732411368860527 15.643215158480702
0 90.576171875 41.66666666666667 10.918300671385692 14.557734228514258
0 96.826171875 41.14583333333333 10.849846700824694 14.466462267766259
0 95.8984375 44.59635416666667 11.295627150464934 15.060836200619912
0 99.12109375 62.825520833333336 13.406910788872556 17.875881051830074
0 97.802734375 35.87239583333333 10.130732832457173 13.507643776609566
0 89.84375 33.46354166666667 9.784679896167846 13.046239861557126
0 77.44140625 29.036458333333332 9.114492506755418 12.15265667567389
0 93.701171875 31.705729166666668 9.524222738236839 12.698963650982451
0 74.31640625 28.3203125 9.001392336274797 12.001856448366395
0 97.36328125 32.2265625 9.60213178866716 12.802842384889546
0 79.1015625 27.34375 8.84483443981289 11.793112586417188
0 67.724609375 28.776041666666668 9.073528288158268 12.098037717544358
0 55.859375 24.153645833333336 8.312889692307273 11.083852923076364
0 42.28515625 27.213541666666668 8.823750179932228 11.765000239909636
0 10.693359375 30.989583333333332 9.416045300623482 12.554727067497975
0 26.318359375 25.260416666666668 8.501213548086012 11.334951397448016
0 32.6171875 22.65625 8.051090062422436 10.734786749896582
0 40.4296875 24.4140625 8.357582969744357 11.143443959659143
0 30.712890625 23.6328125 8.222774405094897 10.963699206793196
0 41.357421875 22.65625 8.051090062422436 10.734786749896582
0 49.90234375 20.833333333333336 7.720404443770458 10.293872591693944
0 59.08203125 21.809895833333336 7.8992792392241125 10.532372318965482
0 42.626953125 17.3828125 7.052136235529384 9.40284831403918
0 52.5390625 18.033854166666664 7.182984799767957 9.577313066357275
0 61.474609375 24.869791666666664 8.435226416678011 11.246968555570682
0 67.431640625 20.833333333333336 7.720404443770458 10.293872591693944
0 81.201171875 23.763020833333336 8.245395560367612 10.993860747156816
0 72.021484375 23.893229166666664 8.267954824306681 11.023939765742242
0 82.2265625 22.0703125 7.946299173761924 10.595065565015899
0 71.826171875 18.880208333333336 7.349606066157407 9.799474754876544
0 88.720703125 21.09375 7.768507117527988 10.358009490037318
0 82.373046875 19.596354166666664 7.487697843252746 9.983597124336994
0 85.888671875 20.1171875 7.586549618320344 10.115399491093791
0 69.43359375 16.666666666666664 6.905339660024879 9.207119546699838
0 57.958984375 19.466145833333336 7.462780310447684 9.950373747263578
0 57.6171875 22.916666666666664 8.097228492078614 10.796304656104818
0 38.623046875 18.033854166666664 7.182984799767957 9.577313066357275
0 10.498046875 20.442708333333336 7.647683158045451 10.196910877393934
0 28.125 20.247395833333336 7.611061958825638 10.148082611767517
0 6.005859375 21.223958333333336 7.792447103762027 10.389929471682702
0 8.69140625 20.247395833333336 7.611061958825638 10.148082611767517
0 9.033203125 19.140625 7.400119417103358 9.866825889471144
0 7.861328125 18.033854166666664 7.182984799767957 9.577313066357275
0 58.154296875 41.14583333333333 10.849846700824694 14.466462267766259
0 72.216796875 38.80208333333333 10.536301575703167 14.048402100937555
0 83.935546875 47.39583333333333 11.644765642296699 15.526354189728933
0 78.90625 55.46875 12.597514306976498 16.796685742635333
0 97.802734375 57.291666666666664 12.802842384889546 17.07045651318606
0 86.328125 33.91927083333333 9.851081781963485 13.134775709284646
0 91.650390625 28.645833333333332 9.052976668817948 12.07063555842393
0 72.55859375 31.510416666666668 9.494842032534208 12.659789376712277
0 78.076171875 23.502604166666664 8.200090846279542 10.933454461706056
0 87.98828125 26.822916666666668 8.760192928715409 11.680257238287211
0 74.853515625 20.833333333333336 7.720404443770458 10.293872591693944
0 86.5234375 24.739583333333336 8.413115693414442 11.217487591219255
0 94.43359375 20.833333333333336 7.720404443770458 10.293872591693944
0 50.0 12.5 5.980199567341744 7.973599423122326
0 56.787109375 28.3203125 9.001392336274797 12.001856448366395
0 50.732421875 26.106770833333332 8.642457433170346 11.52327657756046
0 44.189453125 24.0234375 8.290452702152177 11.053936936202902
0 30.810546875 28.90625 9.094033462982996 12.125377950643994
0 25.48828125 34.5703125 9.945172568847854 13.26023009179714
0 17.138671875 28.190104166666668 8.980675640601907 11.974234187469209
0 15.8203125 15.690104166666666 6.699981201202437 8.933308268269917
0 3.80859375 24.869791666666664 8.435226416678011 11.246968555570682
0 20.80078125 25.9765625 8.620878229873984 11.494504306498644
0 18.505859375 20.442708333333336 7.647683158045451 10.196910877393934
0 65.0390625 25.846354166666668 8.59924487524742 11.465659833663226
0 60.3515625 16.927083333333336 6.959078522333606 9.278771363111476
0 69.189453125 21.549479166666664 7.85197774064246 10.469303654189947
0 63.4765625 22.65625 8.051090062422436 10.734786749896582
0 77.05078125 19.7265625 7.512532730158185 10.01671030687758
0 63.57421875 18.1640625 7.208869513560617 9.611826018080823
0 78.466796875 17.1875 7.012405574387241 9.349874099182989
0 91.11328125 24.4140625 8.357582969744357 11.143443959659143
0 80.46875 19.7265625 7.512532730158185 10.01671030687758
0 75.048828125 15.559895833333334 6.672122530845778 8.896163374461038
0 59.716796875 13.151041666666666 6.133957288281793 8.178609717709058
0 35.107421875 17.513020833333336 7.0784994535786145 9.437999271438152
0 92.138671875 21.354166666666664 7.816313766397521 10.421751688530028
0 97.802734375 26.106770833333332 8.642457433170346 11.52327657756046
0 28.857421875 17.3828125 7.052136235529384 9.40284831403918
0 2.34375 19.270833333333336 7.425247229367944 9.900329639157258
0 5.6640625 18.75 7.32421875 9.765625
0 6.201171875 17.057291666666664 6.985792933508055 9.31439057801074
0 13.0859375 16.40625 6.8511792970714245 9.134905729428567
0 10.25390625 17.1875 7.012405574387241 9.349874099182989
0 11.328125 16.080729166666664 6.782870718656271 9.043827624875028
0 14.6484375 17.057291666666664 6.985792933508055 9.31439057801074
0 13.525390625 24.0234375 8.290452702152177 11.053936936202902
0 15.8203125 20.1171875 7.586549618320344 10.115399491093791
0 17.7734375 17.057291666666664 6.985792933508055 9.31439057801074
0 20.41015625 17.643229166666664 7.104764847914316 9.473019797219088
0 40.72265625 29.296875 9.1552734375 12.20703125
0 38.8671875 30.729166666666668 9.376398618003673 12.501864824004896
0 38.427734375 13.736979166666666 6.269115778861736 8.358821038482315
0 40.33203125 16.536458333333336 6.878312786611722 9.171083715482297
0 33.10546875 15.104166666666666 6.573687508709111 8.764916678278816
0 32.470703125 17.643229166666664 7.104764847914316 9.473019797219088
0 30.810546875 19.010416666666664 7.37490598974278 9.833207986323707
0 26.318359375 20.572916666666664 7.672000176987631 10.229333569316841
0 25.48828125 18.294270833333336 7.234661615679748 9.646215487572997
0 42.08984375 15.104166666666666 6.573687508709111 8.764916678278816
0 43.84765625 15.4296875 6.644147051109997 8.858862734813329
0 46.6796875 20.833333333333336 7.720404443770458 10.293872591693944
0 48.779296875 17.3828125 7.052136235529384 9.40284831403918
0 47.94921875 19.140625 7.400119417103358 9.866825889471144
0 44.82421875 17.7734375 7.130933499479933 9.50791133263991
0 36.865234375 15.8203125 6.72772451325946 8.970299351012613
0 54.1015625 14.973958333333334 6.545291317604741 8.727055090139656
0 55.76171875 15.559895833333334 6.672122530845778 8.896163374461038
0 64.013671875 15.4296875 6.644147051109997 8.858862734813329
0 65.4296875 16.40625 6.8511792970714245 9.134905729428567
0 67.138671875 14.127604166666666 6.3576253222655215 8.476833763020695
0 62.01171875 15.104166666666666 6.573687508709111 8.764916678278816
0 70.654296875 15.690104166666666 6.699981201202437 8.933308268269917
0 72.94921875 16.666666666666664 6.905339660024879 9.207119546699838
0 83.49609375 18.033854166666664 7.182984799767957 9.577313066357275
0 82.03125 17.7734375 7.130933499479933 9.50791133263991
0 89.84375 19.140625 7.400119417103358 9.866825889471144
0 85.595703125 18.033854166666664 7.182984799767957 9.577313066357275
0 98.291015625 22.0703125 7.946299173761924 10.595065565015899
0 95.263671875 25.846354166666668 8.59924487524742 11.465659833663226
0 99.0234375 28.645833333333332 9.052976668817948 12.07063555842393
0 99.462890625 24.0234375 8.290452702152177 11.053936936202902
0 99.462890625 26.822916666666668 8.760192928715409 11.680257238287211
0 96.09375 21.223958333333336 7.792447103762027 10.389929471682702
0 40.4296875 13.997395833333334 6.328259690346595 8.437679587128793
0 45.3125 13.997395833333334 6.328259690346595 8.437679587128793
0 47.802734375 15.8203125 6.72772451325946 8.970299351012613
0 46.6796875 17.1875 7.012405574387241 9.349874099182989
0 23.193359375 15.4296875 6.644147051109997 8.858862734813329
0 22.0703125 18.880208333333336 7.349606066157407 9.799474754876544
0 25.29296875 15.690104166666666 6.699981201202437 8.933308268269917
0 0.68359375 18.489583333333336 7.273178276253042 9.697571035004056
0 1.953125 22.916666666666664 8.097228492078614 10.796304656104818
0 1.07421875 20.963541666666664 7.7444931277157725 10.325990836954363
