0 31.93359375 40.10416666666667 10.711626449453275 14.282168599271033
0 60.64453125 41.92708333333333 10.952367214920875 14.603156286561166
0 67.919921875 33.0078125 9.717824296930333 12.957099062573777
0 71.435546875 31.770833333333332 9.53399618640949 12.711994915212655
0 84.228515625 38.4765625 10.492012596234792 13.989350128313058
0 75.09765625 28.385416666666668 9.011732824849489 12.015643766465985
0 91.845703125 29.622395833333332 9.205995562132786 12.274660749510382
0 89.16015625 28.385416666666668 9.011732824849489 12.015643766465985
0 95.703125 27.278645833333332 8.83429859993294 11.779064799910586
0 78.80859375 24.283854166666664 8.33526628646708 11.113688381956106
0 64.74609375 27.1484375 8.81318913463968 11.750918846186241
0 62.79296875 24.153645833333336 8.312889692307273 11.083852923076364
0 56.4453125 22.916666666666664 8.097228492078614 10.796304656104818
0 47.216796875 21.809895833333336 7.8992792392241125 10.532372318965482
0 38.916015625 23.177083333333336 8.143105507889608 10.857474010519478
0 23.53515625 28.90625 9.094033462982996 12.125377950643994
0 22.0703125 23.307291666666664 8.165947363439729 10.88792981791964
0 10.693359375 26.432291666666668 8.696171172348027 11.594894896464037
0 6.494140625 22.526041666666664 8.027921409891299 10.703895213188398
0 14.0625 22.0703125 7.946299173761924 10.595065565015899
0 16.015625 18.5546875 7.28597191547444 9.714629220632586
0 18.505859375 16.080729166666664 6.782870718656271 9.043827624875028
0 18.603515625 19.466145833333336 7.462780310447684 9.950373747263578
0 30.712890625 20.833333333333336 7.720404443770458 10.293872591693944
0 37.646484375 19.205729166666664 7.412693970636669 9.883591960848893
0 45.068359375 18.229166666666664 7.221777078979024 9.629036105305365
0 50.390625 18.9453125 7.3622668956389274 9.816355860851903
0 56.93359375 18.9453125 7.3622668956389274 9.816355860851903
0 54.4921875 18.815104166666664 7.336923388776433 9.782564518368577
0 65.966796875 22.65625 8.051090062422436 10.734786749896582
0 70.068359375 22.526041666666664 8.027921409891299 10.703895213188398
0 75.830078125 21.809895833333336 7.8992792392241125 10.532372318965482
0 82.71484375 20.963541666666664 7.7444931277157725 10.325990836954363
