0 75.48828125 67.12239583333334 13.857803393240637 18.477071190987516
0 85.64453125 60.286458333333336 13.133199945892343 17.51093326118979
0 91.796875 51.302083333333336 12.115132593554204 16.153510124738936
0 86.767578125 44.3359375 11.262598930203817 15.016798573605088
0 76.220703125 52.278645833333336 12.229898016060718 16.306530688080954
0 66.845703125 55.859375 12.641793931401354 16.855725241868473
0 44.7265625 84.30989583333334 15.53101885986264 20.708025146483518
0 39.111328125 59.505208333333336 13.047826126972625 17.397101502630168
0 52.001953125 45.83333333333333 11.45121035113142 15.268280468175227
0 56.298828125 38.0859375 10.438617783500408 13.918157044667211
0 64.453125 40.36458333333333 10.746348182164922 14.328464242886563
0 71.38671875 37.109375 10.30392029793343 13.738560397244573
0 74.8046875 27.734375 8.907787792557633 11.877050390076842
0 60.009765625 31.25 9.4555257475767 12.607367663435602
0 47.65625 35.09114583333333 10.019809057239993 13.359745409653323
0 49.365234375 25.455729166666668 8.53401578009617 11.378687706794894
0 43.84765625 29.4921875 9.185740321833748 12.247653762444997
0 33.88671875 43.03385416666667 11.095983253599758 14.794644338133011
0 32.91015625 31.510416666666668 9.494842032534208 12.659789376712277
0 33.3984375 23.4375 8.188725503539269 10.918300671385692
0 26.26953125 32.03125 9.572990198582838 12.763986931443785
0 23.73046875 49.86979166666667 11.944815546130936 15.92642072817458
0 9.375 78.515625 14.98782856177817 19.983771415704226
0 2.83203125 73.4375 14.495046492966207 19.326728657288275
0 0.732421875 57.747395833333336 12.853661919343681 17.13821589245824
0 3.22265625 36.45833333333333 10.21313508952729 13.617513452703053
0 8.251953125 33.07291666666667 9.727403229070575 12.9698709720941
0 19.140625 29.8828125 9.24637292940864 12.32849723921152
0 26.85546875 21.2890625 7.804389558437758 10.405852744583676
0 20.947265625 24.674479166666664 8.402038511923953 11.202718015898604
0 2.63671875 28.971354166666668 9.104268731797058 12.139024975729411
0 82.6171875 65.10416666666666 13.647875839232116 18.19716778564282
0 90.478515625 55.989583333333336 12.65651938069319 16.875359174257586
0 62.158203125 60.807291666666664 13.18980882871967 17.586411771626228
0 54.00390625 50.520833333333336 12.022531496333135 16.030041995110846
0 50.87890625 49.73958333333333 11.929211600153849 15.905615466871797
0 46.97265625 38.99739583333333 10.562785827561513 14.083714436748682
0 49.169921875 39.38802083333333 10.615556110184379 14.154074813579173
0 63.232421875 44.20572916666667 11.24604844524431 14.994731260325747
0 61.03515625 35.67708333333333 10.103116062772735 13.470821417030313
0 58.3984375 35.22135416666667 10.038381471800859 13.384508629067811
0 66.943359375 24.283854166666664 8.33526628646708 11.113688381956106
0 72.998046875 32.94270833333333 9.708235913444133 12.944314551258843
0 74.90234375 33.07291666666667 9.727403229070575 12.9698709720941
0 72.0703125 41.14583333333333 10.849846700824694 14.466462267766259
0 79.345703125 40.625 10.780958088779109 14.374610785038813
0 73.779296875 39.2578125 10.597995211294762 14.130660281726351
0 92.7734375 31.640625 9.51443925056146 12.685919000748614
0 41.11328125 25.065104166666668 8.468284256293707 11.291045675058275
0 32.470703125 36.45833333333333 10.21313508952729 13.617513452703053
0 27.24609375 24.4140625 8.357582969744357 11.143443959659143
