0 81.103515625 23.6328125 8.222774405094897 10.963699206793196
0 34.375 19.596354166666664 7.487697843252746 9.983597124336994
0 8.349609375 29.1015625 9.124704826492952 12.166273101990603
0 24.365234375 18.033854166666664 7.182984799767957 9.577313066357275
0 48.388671875 21.028645833333336 7.756509415978292 10.342012554637723
0 20.5078125 17.122395833333336 6.9991119025755095 9.332149203434014
0 56.4453125 15.0390625 6.559504779115197 8.746006372153596
0 25.146484375 14.322916666666666 6.401421192444773 8.53522825659303
0 10.205078125 19.270833333333336 7.425247229367944 9.900329639157258
0 1.904296875 20.1171875 7.586549618320344 10.115399491093791
0 30.6640625 15.755208333333334 6.7138671875 8.951822916666668
0 67.138671875 21.549479166666664 7.85197774064246 10.469303654189947
0 88.623046875 27.018229166666668 8.792028986137655 11.722705314850208
0 84.814453125 19.596354166666664 7.487697843252746 9.983597124336994
0 45.458984375 16.471354166666664 6.864759447755123 9.15301259700683
0 8.10546875 18.5546875 7.28597191547444 9.714629220632586
0 52.34375 12.760416666666666 6.042172202521769 8.056229603362357
0 4.931640625 18.229166666666664 7.221777078979024 9.629036105305365
0 38.8671875 16.6015625 6.891839471823862 9.189119295765149
0 67.3828125 14.713541666666666 6.488126106405426 8.650834808540568
0 71.484375 20.3125 7.62328857226367 10.164384763018226
0 93.408203125 20.1171875 7.586549618320344 10.115399491093791
0 74.8046875 17.838541666666664 7.143981879101334 9.525309172135112
0 41.50390625 15.885416666666666 6.741553355216833 8.988737806955777
0 78.857421875 16.6015625 6.891839471823862 9.189119295765149
0 99.609375 21.223958333333336 7.792447103762027 10.389929471682702
0 32.666015625 15.755208333333334 6.7138671875 8.951822916666668
0 88.525390625 19.986979166666664 7.561957820656658 10.08261042754221
0 95.5078125 20.833333333333336 7.720404443770458 10.293872591693944
0 35.83984375 15.885416666666666 6.741553355216833 8.988737806955777
0 62.5 15.755208333333334 6.7138671875 8.951822916666668
