0 92.67578125 29.752604166666668 9.22620633412535 12.301608445500468
0 90.13671875 22.591145833333336 8.039514082226251 10.719352109635
0 81.103515625 25.716145833333332 8.57755695956738 11.436742612756506
0 89.990234375 19.075520833333336 7.3875234600282 9.850031280037602
0 85.888671875 17.643229166666664 7.104764847914316 9.473019797219088
0 79.19921875 16.6015625 6.891839471823862 9.189119295765149
0 64.16015625 22.981770833333336 8.108722079825698 10.811629439767596
0 76.85546875 16.341145833333336 6.837572174807153 9.116762899742872
0 56.494140625 15.625 6.686066375795484 8.914755167727312
0 16.69921875 19.856770833333336 7.537285788103314 10.049714384137753
0 3.3203125 22.916666666666664 8.097228492078614 10.796304656104818
0 70.361328125 14.84375 6.516771394062079 8.689028525416106
