0 97.802734375 70.05208333333334 14.156998907157229 18.875998542876303
0 63.37890625 50.651041666666664 12.038014479563 16.050685972750667
0 33.7890625 62.6953125 13.393010411066705 17.857347214755606
0 20.849609375 48.2421875 11.748276705883885 15.664368941178514
0 9.033203125 44.27083333333333 11.254326730093856 15.005768973458474
0 10.205078125 33.72395833333333 9.82267879603948 13.096905061385971
0 7.71484375 27.083333333333332 8.802615418613255 11.736820558151006
0 5.56640625 39.12760416666667 10.580405165624827 14.107206887499771
0 19.04296875 32.421875 9.631185203893738 12.84158027185832
0 31.25 29.557291666666668 9.195873518871684 12.261164691828911
0 45.556640625 22.0703125 7.946299173761924 10.595065565015899
0 59.423828125 28.125 8.970299351012615 11.960399134683486
0 51.953125 30.403645833333332 9.326603265341873 12.43547102045583
0 73.4375 34.375 9.91703906815913 13.222718757545508
0 78.41796875 29.8828125 9.24637292940864 12.32849723921152
0 82.12890625 52.669270833333336 12.275503760448466 16.36733834726462
0 71.533203125 58.138020833333336 12.897062139352686 17.196082852470248
0 63.96484375 40.75520833333333 10.79822144345345 14.397628591271266
0 51.806640625 52.5390625 12.260320694946696 16.347094259928927
0 31.25 47.39583333333333 11.644765642296699 15.526354189728933
0 43.310546875 31.966145833333332 9.56325660155786 12.751008802077147
0 51.66015625 22.135416666666664 7.958010748538389 10.610680998051187
0 53.80859375 14.583333333333334 6.459353786778786 8.612471715705048
0 60.888671875 14.778645833333334 6.502464524127966 8.669952698837287
0 74.70703125 17.447916666666664 7.065330140863174 9.420440187817565
0 63.134765625 23.697916666666664 8.234092750996119 10.978790334661493
0 67.431640625 29.622395833333332 9.205995562132786 12.274660749510382
0 83.30078125 26.5625 8.717563999686098 11.62341866624813
0 77.685546875 24.934895833333336 8.446260072691679 11.26168009692224
0 77.978515625 19.205729166666664 7.412693970636669 9.883591960848893
0 10.205078125 21.484375 7.840107775064166 10.453477033418888
