0 10.595703125 72.0703125 14.359485297874258 19.145980397165676
0 35.302734375 63.151041666666664 13.441598843716577 17.9221317916221
0 44.384765625 84.9609375 15.590868865289064 20.787825153718753
0 85.83984375 63.151041666666664 13.441598843716577 17.9221317916221
0 67.333984375 56.901041666666664 12.75912167991142 17.012162239881892
0 92.919921875 93.5546875 16.360382267676037 21.81384302356805
0 98.974609375 86.39322916666666 15.721736904774486 20.962315873032647
0 97.75390625 53.7109375 12.396298835198914 16.528398446931885
0 94.287109375 42.578125 11.037073559585647 14.716098079447528
0 79.638671875 44.921875 11.336777112430854 15.11570281657447
0 79.39453125 36.9140625 10.276768945607138 13.702358594142853
0 87.6953125 35.48177083333333 10.075423595714831 13.433898127619774
0 99.072265625 36.00260416666667 10.149102263376399 13.53213635116853
0 82.470703125 27.604166666666668 8.886852892188134 11.849137189584178
0 89.55078125 22.786458333333336 8.074192233473482 10.765589644631309
0 95.60546875 18.489583333333336 7.273178276253042 9.697571035004056
0 80.078125 15.950520833333334 6.755353888299149 9.0071385177322
0 74.560546875 32.03125 9.572990198582838 12.763986931443785
0 71.19140625 22.265625 7.981382342908947 10.641843123878598
0 64.111328125 16.536458333333336 6.878312786611722 9.171083715482297
0 59.423828125 25.9765625 8.620878229873984 11.494504306498644
0 59.033203125 41.86197916666667 10.943860520654974 14.591814027539964
0 64.892578125 40.8203125 10.806842779312605 14.40912370575014
0 52.05078125 49.21875 11.866590634291736 15.822120845722315
0 45.8984375 53.3203125 12.351139126494179 16.468185501992238
0 36.62109375 43.29427083333333 11.129505937994672 14.839341250659563
0 23.779296875 49.4140625 11.89011214525034 15.853482860333786
0 17.041015625 44.921875 11.336777112430854 15.11570281657447
0 6.884765625 51.171875 12.099748291991583 16.132997722655443
0 11.279296875 39.77864583333333 10.668065364348472 14.224087152464628
0 18.505859375 33.13802083333333 9.736972737758677 12.982630317011571
0 32.080078125 36.5234375 10.22224989284926 13.629666523799013
0 5.2734375 30.46875 9.336583582018038 12.448778109357384
0 10.44921875 27.604166666666668 8.886852892188134 11.849137189584178
0 42.7734375 32.94270833333333 9.708235913444133 12.944314551258843
0 49.365234375 38.4765625 10.492012596234792 13.989350128313058
0 50.0 29.036458333333332 9.114492506755418 12.15265667567389
0 59.423828125 33.65885416666667 9.813192865486773 13.084257153982362
0 39.16015625 26.497395833333332 8.706874156303165 11.609165541737553
0 13.037109375 16.536458333333336 6.878312786611722 9.171083715482297
0 21.044921875 18.684895833333336 7.311492035346033 9.748656047128044
0 32.71484375 17.252604166666664 7.025674092542321 9.367565456723094
0 24.8046875 15.104166666666666 6.573687508709111 8.764916678278816
0 6.298828125 18.684895833333336 7.311492035346033 9.748656047128044
0 42.236328125 15.234375 6.60196156395994 8.802615418613254
0 49.365234375 23.111979166666664 8.131660519088275 10.842214025451032
0 32.03125 21.549479166666664 7.85197774064246 10.469303654189947
0 26.26953125 25.651041666666668 8.566692411876344 11.422256549168457
0 67.578125 25.065104166666668 8.468284256293707 11.291045675058275
0 59.912109375 19.205729166666664 7.412693970636669 9.883591960848893
0 47.998046875 14.518229166666666 6.444919458600731 8.593225944800976
0 43.06640625 22.265625 7.981382342908947 10.641843123878598
0 62.060546875 28.841145833333332 9.083786661460703 12.11171554861427
0 91.162109375 25.455729166666668 8.53401578009617 11.378687706794894
0 21.337890625 27.083333333333332 8.802615418613255 11.736820558151006
