0 1.3671875 17.122395833333336 6.9991119025755095 9.332149203434014
0 4.638671875 15.559895833333334 6.672122530845778 8.896163374461038
0 5.419921875 17.447916666666664 7.065330140863174 9.420440187817565
0 9.228515625 15.690104166666666 6.699981201202437 8.933308268269917
0 11.767578125 14.908854166666666 6.531046923532928 8.708062564710572
0 17.96875 12.565104166666666 5.995752778438873 7.9943370379184975
0 15.72265625 16.6015625 6.891839471823862 9.189119295765149
0 14.208984375 14.518229166666666 6.444919458600731 8.593225944800976
0 13.818359375 17.903645833333336 7.157006469457137 9.542675292609516
0 10.888671875 20.182291666666664 7.598815672600545 10.13175423013406
0 7.421875 19.140625 7.400119417103358 9.866825889471144
0 5.6640625 19.791666666666664 7.524919437217989 10.033225916290652
0 3.173828125 18.75 7.32421875 9.765625
0 5.76171875 24.153645833333336 8.312889692307273 11.083852923076364
0 8.935546875 27.734375 8.907787792557633 11.877050390076842
0 3.271484375 30.6640625 9.366460725843998 12.48861430112533
0 10.64453125 28.450520833333332 9.02206146184966 12.029415282466214
0 12.646484375 30.924479166666668 9.406149296522488 12.541532395363317
0 12.646484375 36.84895833333333 10.267702539831983 13.690270053109312
0 2.24609375 60.026041666666664 13.104803804677667 17.473071739570223
0 22.412109375 52.278645833333336 12.229898016060718 16.306530688080954
0 21.2890625 12.565104166666666 5.995752778438873 7.9943370379184975
0 22.0703125 14.583333333333334 6.459353786778786 8.612471715705048
0 23.681640625 13.411458333333334 6.194391824397107 8.259189099196142
0 19.53125 15.0390625 6.559504779115197 8.746006372153596
0 18.994140625 16.276041666666664 6.823937919616058 9.09858389282141
0 17.87109375 17.903645833333336 7.157006469457137 9.542675292609516
0 20.361328125 18.098958333333336 7.195938795502683 9.594585060670244
0 19.7265625 20.638020833333336 7.684129829110212 10.245506438813615
0 23.291015625 24.739583333333336 8.413115693414442 11.217487591219255
0 19.287109375 27.734375 8.907787792557633 11.877050390076842
0 25.0 13.541666666666666 6.224389054678692 8.299185406238257
0 25.9765625 13.151041666666666 6.133957288281793 8.178609717709058
0 27.34375 13.216145833333334 6.149121606326259 8.198828808435012
0 28.41796875 13.8671875 6.298757153488249 8.398342871317666
0 30.95703125 12.825520833333334 6.057566296777102 8.076755062369468
0 32.421875 14.2578125 6.386855937639267 8.515807916852356
0 30.908203125 14.713541666666666 6.488126106405426 8.650834808540568
0 29.052734375 16.2109375 6.810276368536802 9.080368491382403
0 26.708984375 17.447916666666664 7.065330140863174 9.420440187817565
0 30.517578125 18.815104166666664 7.336923388776433 9.782564518368577
0 31.591796875 20.963541666666664 7.7444931277157725 10.325990836954363
0 27.5390625 22.4609375 8.016311973000304 10.688415964000404
0 33.984375 15.234375 6.60196156395994 8.802615418613254
0 35.009765625 15.0390625 6.559504779115197 8.746006372153596
0 38.671875 13.151041666666666 6.133957288281793 8.178609717709058
0 38.037109375 14.583333333333334 6.459353786778786 8.612471715705048
0 37.109375 16.40625 6.8511792970714245 9.134905729428567
0 35.888671875 18.9453125 7.3622668956389274 9.816355860851903
0 44.775390625 13.411458333333334 6.194391824397107 8.259189099196142
0 43.115234375 13.671875 6.254242410864013 8.338989881152017
0 41.2109375 15.690104166666666 6.699981201202437 8.933308268269917
0 41.748046875 18.9453125 7.3622668956389274 9.816355860851903
0 41.6015625 21.354166666666664 7.816313766397521 10.421751688530028
0 43.212890625 20.3125 7.62328857226367 10.164384763018226
0 42.626953125 24.153645833333336 8.312889692307273 11.083852923076364
0 37.890625 24.348958333333336 8.346432086900233 11.128576115866979
0 30.908203125 27.5390625 8.876366926421502 11.835155901895336
0 33.30078125 27.799479166666668 8.918236814088415 11.890982418784553
0 33.30078125 33.52864583333333 9.794193442310311 13.05892458974708
0 34.08203125 42.96875 11.087586745962493 14.783448994616657
0 36.474609375 58.528645833333336 12.940316801217158 17.25375573495621
0 46.77734375 14.518229166666666 6.444919458600731 8.593225944800976
0 47.802734375 12.565104166666666 5.995752778438873 7.9943370379184975
0 49.31640625 15.755208333333334 6.7138671875 8.951822916666668
0 55.17578125 12.890625 6.072921369058959 8.097228492078614
0 58.056640625 12.5 5.980199567341744 7.973599423122326
0 55.810546875 15.559895833333334 6.672122530845778 8.896163374461038
0 52.1484375 18.098958333333336 7.195938795502683 9.594585060670244
0 49.853515625 18.294270833333336 7.234661615679748 9.646215487572997
0 48.095703125 22.200520833333336 7.969705113037473 10.626273484049964
0 52.5390625 22.721354166666664 8.062649422377262 10.75019922983635
0 52.490234375 27.799479166666668 8.918236814088415 11.890982418784553
0 46.923828125 28.059895833333332 8.959911044862793 11.946548059817056
0 49.853515625 36.06770833333333 10.158274522151634 13.544366029535512
0 51.611328125 49.609375 11.913587216762167 15.884782955682889
0 67.48046875 59.244791666666664 13.019243779114712 17.358991705486282
0 61.865234375 12.5 5.980199567341744 7.973599423122326
0 64.697265625 15.0390625 6.559504779115197 8.746006372153596
0 62.548828125 17.643229166666664 7.104764847914316 9.473019797219088
0 59.5703125 17.903645833333336 7.157006469457137 9.542675292609516
0 61.1328125 19.3359375 7.437779301119349 9.917039068159132
0 60.400390625 23.567708333333336 8.211440458419013 10.948587277892017
0 60.986328125 28.776041666666668 9.073528288158268 12.098037717544358
0 60.7421875 35.546875 10.084662867345157 13.44621715646021
0 66.11328125 41.47135416666667 10.892680845687712 14.523574460916949
0 77.1484375 52.473958333333336 12.25272210686324 16.336962809150986
0 86.767578125 63.151041666666664 13.441598843716577 17.9221317916221
0 93.65234375 81.70572916666666 15.28927618392987 20.38570157857316
0 65.283203125 12.565104166666666 5.995752778438873 7.9943370379184975
0 66.30859375 12.5 5.980199567341744 7.973599423122326
0 66.6015625 13.997395833333334 6.328259690346595 8.437679587128793
0 67.724609375 15.364583333333334 6.6301150458985685 8.840153394531425
0 73.583984375 12.825520833333334 6.057566296777102 8.076755062369468
0 69.775390625 14.192708333333334 6.372257390692475 8.496343187589966
0 70.99609375 17.3828125 7.052136235529384 9.40284831403918
0 73.73046875 15.950520833333334 6.755353888299149 9.0071385177322
0 75.732421875 14.518229166666666 6.444919458600731 8.593225944800976
0 78.173828125 12.890625 6.072921369058959 8.097228492078614
0 77.001953125 14.518229166666666 6.444919458600731 8.593225944800976
0 82.177734375 13.736979166666666 6.269115778861736 8.358821038482315
0 80.76171875 14.908854166666666 6.531046923532928 8.708062564710572
0 79.78515625 16.2109375 6.810276368536802 9.080368491382403
0 78.80859375 17.447916666666664 7.065330140863174 9.420440187817565
0 78.173828125 18.424479166666664 7.2603620931215325 9.680482790828709
0 72.94921875 20.5078125 7.659851317145468 10.21313508952729
0 67.3828125 23.697916666666664 8.234092750996119 10.978790334661493
0 75.87890625 21.614583333333336 7.863829789260941 10.485106385681254
0 77.001953125 20.768229166666664 7.708331872750909 10.277775830334546
0 78.173828125 22.981770833333336 8.108722079825698 10.811629439767596
0 80.810546875 22.8515625 8.085718566584333 10.780958088779109
0 82.958984375 26.692708333333332 8.738904457566134 11.651872610088178
0 75.732421875 27.278645833333332 8.83429859993294 11.779064799910586
0 72.900390625 31.184895833333332 9.445671106287941 12.594228141717254
0 73.92578125 26.3671875 8.685454999241765 11.580606665655687
0 80.56640625 38.28125 10.46534924284805 13.953798990464069
0 92.1875 50.260416666666664 11.991505556877746 15.988674075836995
0 94.287109375 41.47135416666667 10.892680845687712 14.523574460916949
0 98.681640625 39.90885416666667 10.685511108405517 14.24734814454069
0 86.23046875 34.1796875 9.888825528576445 13.185100704768596
0 82.861328125 15.4296875 6.644147051109997 8.858862734813329
0 82.03125 18.098958333333336 7.195938795502683 9.594585060670244
0 87.01171875 17.122395833333336 6.9991119025755095 9.332149203434014
0 85.64453125 18.229166666666664 7.221777078979024 9.629036105305365
0 84.375 19.986979166666664 7.561957820656658 10.08261042754221
0 86.9140625 22.200520833333336 7.969705113037473 10.626273484049964
0 89.84375 17.3828125 7.052136235529384 9.40284831403918
0 91.30859375 17.252604166666664 7.025674092542321 9.367565456723094
0 97.94921875 17.7734375 7.130933499479933 9.50791133263991
0 96.77734375 18.619791666666664 7.298743129334349 9.731657505779133
0 95.5078125 18.9453125 7.3622668956389274 9.816355860851903
0 93.115234375 17.578125 7.091644310682526 9.455525747576702
0 90.91796875 19.140625 7.400119417103358 9.866825889471144
0 92.724609375 21.354166666666664 7.816313766397521 10.421751688530028
0 91.748046875 21.614583333333336 7.863829789260941 10.485106385681254
0 90.33203125 22.981770833333336 8.108722079825698 10.811629439767596
0 98.583984375 20.768229166666664 7.708331872750909 10.277775830334546
0 95.556640625 22.330729166666664 7.993042513249997 10.657390017666662
0 97.0703125 26.953125 8.78142979122202 11.708573054962693
0 100.1953125 28.580729166666668 9.042683343523592 12.056911124698123
0 90.185546875 26.5625 8.717563999686098 11.62341866624813
0 92.48046875 28.125 8.970299351012615 11.960399134683486
0 89.208984375 28.776041666666668 9.073528288158268 12.098037717544358
0 98.4375 31.184895833333332 9.445671106287941 12.594228141717254
