0 96.97265625 22.591145833333336 8.039514082226251 10.719352109635
0 74.560546875 19.3359375 7.437779301119349 9.917039068159132
0 93.017578125 19.3359375 7.437779301119349 9.917039068159132
0 63.330078125 15.755208333333334 6.7138671875 8.951822916666668
0 88.4765625 19.3359375 7.437779301119349 9.917039068159132
0 82.12890625 18.1640625 7.208869513560617 9.611826018080823
0 58.203125 14.127604166666666 6.3576253222655215 8.476833763020695
0 46.337890625 22.200520833333336 7.969705113037473 10.626273484049964
0 63.330078125 25.0 8.457279333832409 11.276372445109878
0 41.50390625 15.755208333333334 6.7138671875 8.951822916666668
0 35.7421875 17.7734375 7.130933499479933 9.50791133263991
0 19.091796875 22.591145833333336 8.039514082226251 10.719352109635
0 9.716796875 23.4375 8.188725503539269 10.918300671385692
0 25.146484375 16.145833333333336 6.796587356970242 9.062116475960323
0 6.689453125 18.5546875 7.28597191547444 9.714629220632586
0 4.833984375 78.77604166666666 15.012663423155326 20.016884564207103
0 8.203125 74.28385416666666 14.578333633418197 19.43777817789093
0 15.4296875 57.356770833333336 12.810114661752536 17.080152882336716
0 40.625 47.65625 11.676712933171991 15.568950577562655
0 62.109375 44.79166666666667 11.320335077509403 15.093780103345871
0 85.44921875 47.265625 11.628759084019562 15.505012112026082
0 96.044921875 57.356770833333336 12.810114661752536 17.080152882336716
0 29.1015625 56.119791666666664 12.67122771730145 16.894970289735266
0 52.099609375 20.963541666666664 7.7444931277157725 10.325990836954363
0 74.560546875 30.6640625 9.366460725843998 12.48861430112533
0 66.943359375 32.29166666666667 9.611826018080825 12.815768024107768
0 94.53125 31.0546875 9.425930915210266 12.567907886947022
0 23.92578125 24.609375 8.39094670707246 11.187928942763282
0 86.669921875 33.52864583333333 9.794193442310311 13.05892458974708
0 57.861328125 22.591145833333336 8.039514082226251 10.719352109635
0 29.98046875 24.21875 8.324085508414218 11.098780677885625
