0 2.880859375 19.205729166666664 7.412693970636669 9.883591960848893
0 1.708984375 21.809895833333336 7.8992792392241125 10.532372318965482
0 1.513671875 17.838541666666664 7.143981879101334 9.525309172135112
0 1.318359375 18.684895833333336 7.311492035346033 9.748656047128044
0 1.318359375 19.596354166666664 7.487697843252746 9.983597124336994
0 5.908203125 18.684895833333336 7.311492035346033 9.748656047128044
0 5.419921875 19.791666666666664 7.524919437217989 10.033225916290652
0 4.248046875 20.052083333333336 7.574263699945591 10.099018266594122
0 5.517578125 22.330729166666664 7.993042513249997 10.657390017666662
0 3.466796875 22.721354166666664 8.062649422377262 10.75019922983635
0 1.07421875 22.721354166666664 8.062649422377262 10.75019922983635
0 2.587890625 25.5859375 8.555814067917595 11.407752090556793
0 6.103515625 24.4140625 8.357582969744357 11.143443959659143
0 7.861328125 27.34375 8.84483443981289 11.793112586417188
0 11.083984375 22.65625 8.051090062422436 10.734786749896582
0 12.841796875 21.484375 7.840107775064166 10.453477033418888
0 10.7421875 26.236979166666668 8.66398288975732 11.551977186343091
0 8.251953125 20.247395833333336 7.611061958825638 10.148082611767517
0 16.50390625 17.96875 7.170007400189656 9.56000986691954
0 17.28515625 17.447916666666664 7.065330140863174 9.420440187817565
0 20.556640625 16.341145833333336 6.837572174807153 9.116762899742872
0 20.458984375 18.619791666666664 7.298743129334349 9.731657505779133
0 17.138671875 20.052083333333336 7.574263699945591 10.099018266594122
0 18.359375 22.0703125 7.946299173761924 10.595065565015899
0 20.5078125 22.65625 8.051090062422436 10.734786749896582
0 23.2421875 22.916666666666664 8.097228492078614 10.796304656104818
0 21.97265625 16.666666666666664 6.905339660024879 9.207119546699838
0 23.73046875 16.861979166666664 6.945682786096826 9.260910381462436
0 25.1953125 17.7734375 7.130933499479933 9.50791133263991
0 24.4140625 19.53125 7.475249459177179 9.966999278902906
0 26.26953125 19.986979166666664 7.561957820656658 10.08261042754221
0 30.95703125 17.7734375 7.130933499479933 9.50791133263991
0 32.666015625 17.7734375 7.130933499479933 9.50791133263991
0 33.056640625 19.596354166666664 7.487697843252746 9.983597124336994
0 31.298828125 20.833333333333336 7.720404443770458 10.293872591693944
0 35.888671875 19.270833333333336 7.425247229367944 9.900329639157258
0 37.646484375 19.401041666666664 7.450290292806215 9.933720390408286
0 34.66796875 21.744791666666664 7.887480458569388 10.51664061142585
0 36.81640625 21.419270833333336 7.828219811023351 10.437626414697803
0 21.97265625 33.72395833333333 9.82267879603948 13.096905061385971
0 45.3125 50.1953125 11.983736521039955 15.978315361386604
0 47.94921875 46.484375 11.532253190729483 15.376337587639311
0 52.05078125 51.302083333333336 12.115132593554204 16.153510124738936
0 56.93359375 54.166666666666664 12.448778109357384 16.598370812476514
0 68.017578125 55.533854166666664 12.604905046425404 16.80654006190054
0 64.111328125 68.75 14.024811148774486 18.69974819836598
0 71.484375 53.776041666666664 12.403809468323715 16.53841262443162
0 40.33203125 17.252604166666664 7.025674092542321 9.367565456723094
0 42.138671875 18.880208333333336 7.349606066157407 9.799474754876544
0 43.505859375 22.981770833333336 8.108722079825698 10.811629439767596
0 45.703125 26.041666666666668 8.631674575031099 11.508899433374797
0 46.09375 17.122395833333336 6.9991119025755095 9.332149203434014
0 48.2421875 19.270833333333336 7.425247229367944 9.900329639157258
0 50.732421875 18.815104166666664 7.336923388776433 9.782564518368577
0 52.197265625 19.205729166666664 7.412693970636669 9.883591960848893
0 54.58984375 18.294270833333336 7.234661615679748 9.646215487572997
0 57.03125 21.223958333333336 7.792447103762027 10.389929471682702
0 49.12109375 20.638020833333336 7.684129829110212 10.245506438813615
0 48.779296875 24.348958333333336 8.346432086900233 11.128576115866979
0 51.318359375 23.307291666666664 8.165947363439729 10.88792981791964
0 53.759765625 26.692708333333332 8.738904457566134 11.651872610088178
0 57.080078125 25.390625 8.523095729839442 11.364127639785922
0 60.25390625 27.34375 8.84483443981289 11.793112586417188
0 56.787109375 34.375 9.91703906815913 13.222718757545508
0 62.841796875 38.54166666666667 10.500885335745396 14.001180447660527
0 70.3125 42.44791666666667 11.020184378215204 14.693579170953605
0 72.802734375 36.84895833333333 10.267702539831983 13.690270053109312
0 76.26953125 38.93229166666667 10.553965128046011 14.07195350406135
0 79.345703125 44.921875 11.336777112430854 15.11570281657447
0 73.92578125 47.00520833333333 11.5966796875 15.462239583333334
0 57.177734375 16.276041666666664 6.823937919616058 9.09858389282141
0 96.484375 40.10416666666667 10.711626449453275 14.282168599271033
0 97.8515625 33.3984375 9.775157091093119 13.033542788124159
0 94.970703125 32.87760416666667 9.698638050580264 12.931517400773687
0 93.65234375 34.04947916666667 9.869971697263324 13.159962263017766
0 90.4296875 34.89583333333333 9.991885707852113 13.322514277136149
0 93.017578125 21.158854166666664 7.780486318348366 10.373981757797822
0 98.291015625 29.622395833333332 9.205995562132786 12.274660749510382
0 88.818359375 31.380208333333332 9.475204282385269 12.633605709847027
0 89.794921875 27.083333333333332 8.802615418613255 11.736820558151006
0 86.962890625 26.171875 8.653226854710587 11.537635806280782
0 86.376953125 27.083333333333332 8.802615418613255 11.736820558151006
0 84.326171875 28.190104166666668 8.980675640601907 11.974234187469209
0 79.1015625 26.7578125 8.749555167743805 11.66607355699174
0 76.171875 25.651041666666668 8.566692411876344 11.422256549168457
0 90.91796875 18.684895833333336 7.311492035346033 9.748656047128044
0 91.11328125 19.986979166666664 7.561957820656658 10.08261042754221
0 90.087890625 19.791666666666664 7.524919437217989 10.033225916290652
0 89.35546875 21.158854166666664 7.780486318348366 10.373981757797822
0 91.69921875 22.8515625 8.085718566584333 10.780958088779109
0 87.353515625 18.424479166666664 7.2603620931215325 9.680482790828709
0 87.40234375 22.4609375 8.016311973000304 10.688415964000404
0 85.05859375 18.684895833333336 7.311492035346033 9.748656047128044
0 83.154296875 19.53125 7.475249459177179 9.966999278902906
0 82.080078125 18.359375 7.247523246483103 9.663364328644137
0 82.470703125 20.638020833333336 7.684129829110212 10.245506438813615
0 79.8828125 17.252604166666664 7.025674092542321 9.367565456723094
0 80.078125 19.596354166666664 7.487697843252746 9.983597124336994
0 80.029296875 22.135416666666664 7.958010748538389 10.610680998051187
0 77.9296875 18.359375 7.247523246483103 9.663364328644137
0 77.685546875 20.052083333333336 7.574263699945591 10.099018266594122
0 74.31640625 19.53125 7.475249459177179 9.966999278902906
0 60.205078125 18.880208333333336 7.349606066157407 9.799474754876544
0 55.46875 15.8203125 6.72772451325946 8.970299351012613
0 94.384765625 21.223958333333336 7.792447103762027 10.389929471682702
0 98.14453125 22.981770833333336 8.108722079825698 10.811629439767596
0 97.216796875 25.911458333333332 8.610068346964042 11.480091129285388
0 95.849609375 29.817708333333332 9.236295135755345 12.315060181007127
0 87.939453125 39.58333333333333 10.641843123878598 14.189124165171464
0 99.21875 31.575520833333332 9.50464569238125 12.672860923174998
0 72.8515625 31.380208333333332 9.475204282385269 12.633605709847027
0 86.962890625 32.55208333333333 9.650505554713073 12.86734073961743
0 71.630859375 28.385416666666668 9.011732824849489 12.015643766465985
0 92.578125 27.5390625 8.876366926421502 11.835155901895336
0 83.59375 49.08854166666667 11.850883690763915 15.801178254351885
0 75.87890625 64.90885416666666 13.627388648538883 18.169851531385177
0 52.197265625 61.9140625 13.309303275974441 17.745737701299255
0 46.38671875 41.27604166666667 10.867000619363317 14.489334159151088
0 30.224609375 45.96354166666667 11.467464738803672 15.289952985071562
0 4.150390625 75.06510416666666 14.654793949637412 19.53972526618322
0 22.4609375 27.278645833333332 8.83429859993294 11.779064799910586
0 39.599609375 26.106770833333332 8.642457433170346 11.52327657756046
0 65.283203125 15.234375 6.60196156395994 8.802615418613254
0 72.265625 15.950520833333334 6.755353888299149 9.0071385177322
0 68.5546875 21.809895833333336 7.8992792392241125 10.532372318965482
0 75.048828125 17.7734375 7.130933499479933 9.50791133263991
0 77.392578125 15.364583333333334 6.6301150458985685 8.840153394531425
0 84.765625 16.927083333333336 6.959078522333606 9.278771363111476
0 60.693359375 15.625 6.686066375795484 8.914755167727312
0 62.59765625 16.276041666666664 6.823937919616058 9.09858389282141
0 45.263671875 14.322916666666666 6.401421192444773 8.53522825659303
0 43.701171875 14.322916666666666 6.401421192444773 8.53522825659303
0 41.357421875 15.8203125 6.72772451325946 8.970299351012613
0 47.216796875 16.276041666666664 6.823937919616058 9.09858389282141
0 38.76953125 15.494791666666666 6.658149484030587 8.877532645374115
0 36.5234375 16.2109375 6.810276368536802 9.080368491382403
0 34.619140625 16.341145833333336 6.837572174807153 9.116762899742872
0 32.861328125 15.234375 6.60196156395994 8.802615418613254
0 31.93359375 13.932291666666666 6.313525654778199 8.418034206370931
0 29.443359375 16.015625 6.7691262856502785 9.025501714200372
0 28.564453125 15.625 6.686066375795484 8.914755167727312
0 17.28515625 15.0390625 6.559504779115197 8.746006372153596
0 11.71875 18.684895833333336 7.311492035346033 9.748656047128044
0 7.421875 18.033854166666664 7.182984799767957 9.577313066357275
0 3.90625 17.447916666666664 7.065330140863174 9.420440187817565
0 9.5703125 18.5546875 7.28597191547444 9.714629220632586
0 14.892578125 23.4375 8.188725503539269 10.918300671385692
0 3.02734375 35.22135416666667 10.038381471800859 13.384508629067811
0 0.29296875 26.822916666666668 8.760192928715409 11.680257238287211
0 0.29296875 18.294270833333336 7.234661615679748 9.646215487572997
