0 92.578125 86.65364583333334 15.745414232805702 20.993885643740935
0 66.943359375 60.221354166666664 13.126106669681741 17.501475559575656
0 46.240234375 76.62760416666666 14.8065301156106 19.742040154147467
0 36.42578125 64.38802083333334 13.572604954795583 18.09680660639411
0 12.939453125 81.38020833333334 15.2587890625 20.345052083333336
0 0.634765625 53.190104166666664 12.336049152470542 16.44806553662739
0 15.625 42.3828125 11.01173007365034 14.682306764867118
0 32.421875 47.00520833333333 11.5966796875 15.462239583333334
0 21.044921875 40.8203125 10.806842779312605 14.40912370575014
0 12.744140625 38.80208333333333 10.536301575703167 14.048402100937555
0 1.171875 43.29427083333333 11.129505937994672 14.839341250659563
0 5.615234375 30.208333333333332 9.296598029619028 12.395464039492039
0 18.310546875 30.598958333333332 9.35651227829339 12.475349704391189
0 11.328125 28.450520833333332 9.02206146184966 12.029415282466214
0 3.759765625 25.0 8.457279333832409 11.276372445109878
0 11.669921875 19.7265625 7.512532730158185 10.01671030687758
0 4.00390625 19.856770833333336 7.537285788103314 10.049714384137753
0 13.818359375 22.721354166666664 8.062649422377262 10.75019922983635
0 20.068359375 28.90625 9.094033462982996 12.125377950643994
0 24.0234375 36.26302083333333 10.185741740892722 13.580988987856962
0 32.763671875 35.80729166666667 10.121535615098267 13.495380820131023
0 36.669921875 42.3828125 11.01173007365034 14.682306764867118
0 0.537109375 18.424479166666664 7.2603620931215325 9.680482790828709
0 7.03125 21.549479166666664 7.85197774064246 10.469303654189947
0 20.361328125 17.708333333333336 7.117861199762329 9.490481599683106
0 7.861328125 19.140625 7.400119417103358 9.866825889471144
0 31.34765625 29.166666666666668 9.134905729428569 12.17987430590476
0 8.935546875 16.861979166666664 6.945682786096826 9.260910381462436
0 26.708984375 23.763020833333336 8.245395560367612 10.993860747156816
0 19.384765625 21.2890625 7.804389558437758 10.405852744583676
0 15.625 15.950520833333334 6.755353888299149 9.0071385177322
0 34.619140625 25.911458333333332 8.610068346964042 11.480091129285388
0 17.138671875 19.010416666666664 7.37490598974278 9.833207986323707
0 28.759765625 19.596354166666664 7.487697843252746 9.983597124336994
0 18.115234375 16.276041666666664 6.823937919616058 9.09858389282141
0 24.90234375 14.518229166666666 6.444919458600731 8.593225944800976
0 31.494140625 20.572916666666664 7.672000176987631 10.229333569316841
0 99.560546875 48.76302083333333 11.811524951393816 15.748699935191754
0 99.70703125 58.528645833333336 12.940316801217158 17.25375573495621
0 86.767578125 61.067708333333336 13.218022355778636 17.624029807704847
0 70.361328125 55.598958333333336 12.612291454938857 16.816388606585143
0 57.568359375 44.7265625 11.312105098175438 15.082806797567253
0 52.9296875 46.41927083333333 11.524174553527347 15.365566071369797
0 47.65625 39.12760416666667 10.580405165624827 14.107206887499771
0 43.5546875 31.901041666666668 9.55351308746248 12.738017449949975
0 41.796875 24.609375 8.39094670707246 11.187928942763282
0 49.8046875 35.22135416666667 10.038381471800859 13.384508629067811
0 50.341796875 27.9296875 8.939098215256843 11.918797620342456
0 41.6015625 21.875 7.911060422861158 10.548080563814876
0 29.443359375 16.536458333333336 6.878312786611722 9.171083715482297
0 35.009765625 19.7265625 7.512532730158185 10.01671030687758
0 42.7734375 19.401041666666664 7.450290292806215 9.933720390408286
0 33.203125 16.9921875 6.972448522214271 9.296598029619028
0 48.73046875 22.4609375 8.016311973000304 10.688415964000404
0 36.865234375 17.252604166666664 7.025674092542321 9.367565456723094
0 44.189453125 16.9921875 6.972448522214271 9.296598029619028
0 37.40234375 14.127604166666666 6.3576253222655215 8.476833763020695
0 50.537109375 19.986979166666664 7.561957820656658 10.08261042754221
0 39.453125 14.388020833333334 6.415953381844678 8.554604509126236
0 52.392578125 17.708333333333336 7.117861199762329 9.490481599683106
0 40.72265625 16.536458333333336 6.878312786611722 9.171083715482297
0 47.94921875 19.010416666666664 7.37490598974278 9.833207986323707
0 40.869140625 19.7265625 7.512532730158185 10.01671030687758
0 45.80078125 16.536458333333336 6.878312786611722 9.171083715482297
0 53.90625 15.234375 6.60196156395994 8.802615418613254
0 59.1796875 32.8125 9.689030680168178 12.918707573557572
0 65.52734375 37.82552083333333 10.40286898746296 13.870491983283944
0 62.841796875 28.645833333333332 9.052976668817948 12.07063555842393
0 61.865234375 35.09114583333333 10.019809057239993 13.359745409653323
0 69.7265625 35.9375 10.139921707663666 13.51989561021822
0 79.296875 37.82552083333333 10.40286898746296 13.870491983283944
0 85.25390625 44.01041666666667 11.221176947540428 14.961569263387236
0 91.162109375 38.80208333333333 10.536301575703167 14.048402100937555
0 75.0 31.510416666666668 9.494842032534208 12.659789376712277
0 90.33203125 34.375 9.91703906815913 13.222718757545508
0 74.90234375 27.734375 8.907787792557633 11.877050390076842
0 52.490234375 24.869791666666664 8.435226416678011 11.246968555570682
0 61.767578125 24.479166666666664 8.36871899463018 11.15829199284024
0 54.638671875 22.591145833333336 8.039514082226251 10.719352109635
0 65.625 21.549479166666664 7.85197774064246 10.469303654189947
0 58.642578125 24.739583333333336 8.413115693414442 11.217487591219255
0 74.560546875 24.283854166666664 8.33526628646708 11.113688381956106
0 60.693359375 18.098958333333336 7.195938795502683 9.594585060670244
0 56.591796875 13.411458333333334 6.194391824397107 8.259189099196142
0 71.240234375 21.549479166666664 7.85197774064246 10.469303654189947
0 61.5234375 13.932291666666666 6.313525654778199 8.418034206370931
0 67.236328125 24.0234375 8.290452702152177 11.053936936202902
0 63.818359375 16.536458333333336 6.878312786611722 9.171083715482297
0 63.818359375 13.541666666666666 6.224389054678692 8.299185406238257
0 59.716796875 15.559895833333334 6.672122530845778 8.896163374461038
0 70.361328125 17.96875 7.170007400189656 9.56000986691954
0 80.810546875 23.567708333333336 8.211440458419013 10.948587277892017
0 89.111328125 26.171875 8.653226854710587 11.537635806280782
0 87.060546875 33.07291666666667 9.727403229070575 12.9698709720941
0 74.0234375 13.671875 6.254242410864013 8.338989881152017
0 86.767578125 24.0234375 8.290452702152177 11.053936936202902
0 89.892578125 30.794270833333332 9.386325988299376 12.515101317732501
0 98.92578125 32.8125 9.689030680168178 12.918707573557572
0 92.333984375 27.734375 8.907787792557633 11.877050390076842
0 77.294921875 21.2890625 7.804389558437758 10.405852744583676
0 72.119140625 13.932291666666666 6.313525654778199 8.418034206370931
0 78.369140625 19.270833333333336 7.425247229367944 9.900329639157258
0 94.189453125 22.135416666666664 7.958010748538389 10.610680998051187
0 99.462890625 41.9921875 10.960867307170393 14.614489742893857
0 74.169921875 17.122395833333336 6.9991119025755095 9.332149203434014
0 84.27734375 19.986979166666664 7.561957820656658 10.08261042754221
0 77.490234375 15.8203125 6.72772451325946 8.970299351012613
0 86.083984375 18.5546875 7.28597191547444 9.714629220632586
0 80.2734375 15.4296875 6.644147051109997 8.858862734813329
0 90.625 18.5546875 7.28597191547444 9.714629220632586
0 81.34765625 18.5546875 7.28597191547444 9.714629220632586
0 89.453125 20.572916666666664 7.672000176987631 10.229333569316841
0 96.6796875 19.140625 7.400119417103358 9.866825889471144
0 97.412109375 27.473958333333332 8.865868558553435 11.821158078071248
0 92.041015625 23.177083333333336 8.143105507889608 10.857474010519478
0 98.583984375 23.4375 8.188725503539269 10.918300671385692
0 95.068359375 19.596354166666664 7.487697843252746 9.983597124336994
0 94.62890625 24.609375 8.39094670707246 11.187928942763282
0 99.365234375 20.442708333333336 7.647683158045451 10.196910877393934
0 96.142578125 23.177083333333336 8.143105507889608 10.857474010519478
0 55.517578125 16.276041666666664 6.823937919616058 9.09858389282141
0 59.375 21.875 7.911060422861158 10.548080563814876
0 98.583984375 30.078125 9.276540621075844 12.368720828101127
0 26.611328125 18.5546875 7.28597191547444 9.714629220632586
