0 76.46484375 90.625 16.10218012484487 21.469573499793164
0 84.423828125 30.338541666666668 9.316612257369233 12.42214967649231
0 61.474609375 27.1484375 8.81318913463968 11.750918846186241
0 102.880859375 26.171875 8.653226854710587 11.537635806280782
0 90.478515625 29.296875 9.1552734375 12.20703125
0 60.107421875 21.354166666666664 7.816313766397521 10.421751688530028
0 87.060546875 42.64322916666667 11.045508466097326 14.7273446214631
0 72.119140625 17.3828125 7.052136235529384 9.40284831403918
0 63.330078125 15.559895833333334 6.672122530845778 8.896163374461038
0 87.01171875 20.3125 7.62328857226367 10.164384763018226
0 90.625 20.8984375 7.732458166088822 10.309944221451763
0 95.21484375 124.73958333333333 18.891342212575882 25.18845628343451
0 82.03125 100.71614583333333 16.97501707174485 22.6333560956598
0 85.83984375 22.330729166666664 7.993042513249997 10.657390017666662
0 81.591796875 129.296875 19.23333893626554 25.64445191502072
0 71.2890625 18.229166666666664 7.221777078979024 9.629036105305365
0 86.9140625 22.330729166666664 7.993042513249997 10.657390017666662
0 95.703125 24.4140625 8.357582969744357 11.143443959659143
0 95.166015625 20.5078125 7.659851317145468 10.21313508952729
0 89.6484375 31.380208333333332 9.475204282385269 12.633605709847027
0 92.431640625 33.984375 9.860531263063667 13.147375017418222
0 92.529296875 28.3203125 9.001392336274797 12.001856448366395
0 69.921875 30.338541666666668 9.316612257369233 12.42214967649231
0 72.216796875 28.059895833333332 8.959911044862793 11.946548059817056
