0 76.806640625 80.98958333333334 15.222123917651276 20.296165223535034
0 50.5859375 93.81510416666666 16.383136635094665 21.844182180126218
0 17.48046875 86.45833333333334 15.727659578521882 20.970212771362508
0 1.416015625 83.7890625 15.48297228267312 20.643963043564163
0 16.69921875 78.7109375 15.006458560967099 20.0086114146228
0 1.806640625 59.375 13.033542788124159 17.37805705083221
0 9.5703125 40.234375 10.72900136184506 14.305335149126746
0 17.48046875 42.51302083333333 11.02863220189981 14.704842935866417
0 5.517578125 42.31770833333333 11.00326927326657 14.671025697688759
0 1.26953125 41.47135416666667 10.892680845687712 14.523574460916949
0 60.44921875 43.75 11.187928942763282 14.917238590351042
0 61.9140625 47.265625 11.628759084019562 15.505012112026082
0 51.07421875 57.8125 12.860905460025315 17.14787394670042
0 93.115234375 41.796875 10.935347208965403 14.580462945287206
0 80.322265625 36.71875 10.24954566879069 13.66606089172092
0 91.650390625 37.04427083333333 10.29487780360901 13.726503738145347
0 71.630859375 27.734375 8.907787792557633 11.877050390076842
0 85.498046875 33.72395833333333 9.82267879603948 13.096905061385971
0 58.203125 23.567708333333336 8.211440458419013 10.948587277892017
0 19.189453125 22.65625 8.051090062422436 10.734786749896582
0 39.892578125 16.666666666666664 6.905339660024879 9.207119546699838
0 9.08203125 19.3359375 7.437779301119349 9.917039068159132
0 3.80859375 20.377604166666664 7.635495607419925 10.180660809893233
0 27.490234375 18.619791666666664 7.298743129334349 9.731657505779133
0 68.896484375 28.450520833333332 9.02206146184966 12.029415282466214
0 43.994140625 16.861979166666664 6.945682786096826 9.260910381462436
0 45.947265625 16.341145833333336 6.837572174807153 9.116762899742872
0 36.328125 16.015625 6.7691262856502785 9.025501714200372
0 36.865234375 18.098958333333336 7.195938795502683 9.594585060670244
0 51.611328125 13.671875 6.254242410864013 8.338989881152017
0 64.2578125 24.934895833333336 8.446260072691679 11.26168009692224
0 83.88671875 28.450520833333332 9.02206146184966 12.029415282466214
0 67.431640625 19.140625 7.400119417103358 9.866825889471144
0 77.44140625 22.330729166666664 7.993042513249997 10.657390017666662
0 95.60546875 24.609375 8.39094670707246 11.187928942763282
0 95.21484375 32.29166666666667 9.611826018080825 12.815768024107768
0 74.951171875 34.24479166666667 9.898238977189243 13.197651969585658
0 88.623046875 31.25 9.4555257475767 12.607367663435602
0 87.98828125 28.841145833333332 9.083786661460703 12.11171554861427
0 83.642578125 28.255208333333332 8.991039955234518 11.988053273646026
0 76.904296875 16.861979166666664 6.945682786096826 9.260910381462436
0 51.220703125 72.39583333333334 14.391877591005366 19.18917012134049
0 63.623046875 13.671875 6.254242410864013 8.338989881152017
0 98.2421875 25.455729166666668 8.53401578009617 11.378687706794894
0 98.92578125 23.372395833333336 8.177344364608315 10.903125819477753
0 90.771484375 24.4140625 8.357582969744357 11.143443959659143
0 93.896484375 22.8515625 8.085718566584333 10.780958088779109
0 93.896484375 22.981770833333336 8.108722079825698 10.811629439767596
0 95.8984375 22.135416666666664 7.958010748538389 10.610680998051187
0 88.76953125 23.177083333333336 8.143105507889608 10.857474010519478
0 91.552734375 20.8984375 7.732458166088822 10.309944221451763
0 86.1328125 21.809895833333336 7.8992792392241125 10.532372318965482
0 86.1328125 22.135416666666664 7.958010748538389 10.610680998051187
0 84.27734375 22.65625 8.051090062422436 10.734786749896582
0 85.595703125 19.3359375 7.437779301119349 9.917039068159132
0 79.443359375 20.8984375 7.732458166088822 10.309944221451763
0 79.296875 21.419270833333336 7.828219811023351 10.437626414697803
0 81.93359375 18.9453125 7.3622668956389274 9.816355860851903
0 77.44140625 17.7734375 7.130933499479933 9.50791133263991
0 73.876953125 17.1875 7.012405574387241 9.349874099182989
0 70.60546875 15.4296875 6.644147051109997 8.858862734813329
0 68.212890625 15.4296875 6.644147051109997 8.858862734813329
0 63.232421875 17.3828125 7.052136235529384 9.40284831403918
0 59.912109375 16.666666666666664 6.905339660024879 9.207119546699838
0 16.552734375 60.611979166666664 13.16860901513148 17.55814535350864
0 15.13671875 36.19791666666667 10.17659423860661 13.568792318142146
0 15.91796875 17.3828125 7.052136235529384 9.40284831403918
0 17.48046875 18.294270833333336 7.234661615679748 9.646215487572997
0 21.19140625 17.7734375 7.130933499479933 9.50791133263991
0 22.216796875 20.052083333333336 7.574263699945591 10.099018266594122
0 29.736328125 20.8984375 7.732458166088822 10.309944221451763
0 33.447265625 18.294270833333336 7.234661615679748 9.646215487572997
0 41.89453125 18.098958333333336 7.195938795502683 9.594585060670244
0 55.95703125 15.4296875 6.644147051109997 8.858862734813329
0 73.876953125 40.0390625 10.70292841598522 14.270571221313624
0 87.98828125 18.098958333333336 7.195938795502683 9.594585060670244
0 97.998046875 34.44010416666667 9.926425761285763 13.235234348381017
