0 1.3671875 19.3359375 7.437779301119349 9.917039068159132
0 5.615234375 18.1640625 7.208869513560617 9.611826018080823
0 8.984375 17.708333333333336 7.117861199762329 9.490481599683106
0 12.255859375 16.796875 6.932261164306974 9.243014885742634
0 17.28515625 16.015625 6.7691262856502785 9.025501714200372
0 20.751953125 16.015625 6.7691262856502785 9.025501714200372
0 24.4140625 15.169270833333334 6.587839704871492 8.783786273161988
0 29.19921875 15.690104166666666 6.699981201202437 8.933308268269917
0 33.7890625 15.4296875 6.644147051109997 8.858862734813329
0 37.6953125 15.950520833333334 6.755353888299149 9.0071385177322
0 42.529296875 15.690104166666666 6.699981201202437 8.933308268269917
0 46.337890625 15.299479166666666 6.61605328023645 8.821404373648601
0 51.123046875 11.002604166666668 5.610588473770214 7.480784631693618
0 55.517578125 15.0390625 6.559504779115197 8.746006372153596
0 59.033203125 13.997395833333334 6.328259690346595 8.437679587128793
0 61.42578125 18.098958333333336 7.195938795502683 9.594585060670244
0 64.84375 15.755208333333334 6.7138671875 8.951822916666668
0 3.80859375 18.75 7.32421875 9.765625
0 3.955078125 24.153645833333336 8.312889692307273 11.083852923076364
0 7.8125 21.354166666666664 7.816313766397521 10.421751688530028
0 15.4296875 19.205729166666664 7.412693970636669 9.883591960848893
0 10.595703125 21.809895833333336 7.8992792392241125 10.532372318965482
0 17.431640625 20.833333333333336 7.720404443770458 10.293872591693944
0 13.76953125 17.903645833333336 7.157006469457137 9.542675292609516
0 2.63671875 18.424479166666664 7.2603620931215325 9.680482790828709
0 22.705078125 18.619791666666664 7.298743129334349 9.731657505779133
0 19.580078125 21.354166666666664 7.816313766397521 10.421751688530028
0 22.0703125 15.885416666666666 6.741553355216833 8.988737806955777
0 19.140625 15.950520833333334 6.755353888299149 9.0071385177322
0 11.03515625 17.3828125 7.052136235529384 9.40284831403918
0 25.5859375 18.229166666666664 7.221777078979024 9.629036105305365
0 26.66015625 22.916666666666664 8.097228492078614 10.796304656104818
0 21.2890625 29.427083333333332 9.175595934065496 12.234127912087327
0 22.265625 35.67708333333333 10.103116062772735 13.470821417030313
0 10.44921875 37.109375 10.30392029793343 13.738560397244573
0 4.541015625 41.34114583333333 10.87556743237638 14.500756576501841
0 8.251953125 28.255208333333332 8.991039955234518 11.988053273646026
0 30.126953125 21.614583333333336 7.863829789260941 10.485106385681254
0 32.51953125 26.822916666666668 8.760192928715409 11.680257238287211
0 39.892578125 24.088541666666664 8.301678777304348 11.068905036405797
0 37.890625 20.3125 7.62328857226367 10.164384763018226
0 32.2265625 18.424479166666664 7.2603620931215325 9.680482790828709
0 35.498046875 18.880208333333336 7.349606066157407 9.799474754876544
0 39.599609375 17.122395833333336 6.9991119025755095 9.332149203434014
0 48.14453125 17.643229166666664 7.104764847914316 9.473019797219088
0 46.38671875 22.8515625 8.085718566584333 10.780958088779109
0 47.0703125 16.927083333333336 6.959078522333606 9.278771363111476
0 57.080078125 18.619791666666664 7.298743129334349 9.731657505779133
0 58.88671875 22.65625 8.051090062422436 10.734786749896582
0 56.640625 25.846354166666668 8.59924487524742 11.465659833663226
0 49.853515625 28.776041666666668 9.073528288158268 12.098037717544358
0 45.41015625 33.13802083333333 9.736972737758677 12.982630317011571
0 39.599609375 35.15625 10.029099563693228 13.372132751590971
0 40.8203125 43.03385416666667 11.095983253599758 14.794644338133011
0 23.92578125 54.1015625 12.441294623193059 16.58839283092408
0 40.625 65.36458333333334 13.675144349614307 18.233525799485744
0 47.607421875 56.25 12.685919000748614 16.914558667664817
0 55.908203125 54.557291666666664 12.49358489407881 16.658113192105077
0 54.052734375 66.796875 13.824159732551422 18.43221297673523
0 43.994140625 82.03125 15.319702634290936 20.42627017905458
0 61.5234375 51.822916666666664 12.176475429235841 16.235300572314458
0 59.228515625 41.2109375 10.85842704752026 14.477902730027015
0 70.3125 37.3046875 10.331000292853245 13.77466705713766
0 55.419921875 33.46354166666667 9.784679896167846 13.046239861557126
0 59.86328125 32.68229166666667 9.669787303317175 12.893049737756234
0 65.185546875 27.473958333333332 8.865868558553435 11.821158078071248
0 65.52734375 23.046875 8.120199399200482 10.82693253226731
0 70.1171875 22.200520833333336 7.969705113037473 10.626273484049964
0 72.65625 19.856770833333336 7.537285788103314 10.049714384137753
0 69.189453125 16.276041666666664 6.823937919616058 9.09858389282141
0 73.291015625 15.690104166666666 6.699981201202437 8.933308268269917
0 76.806640625 16.796875 6.932261164306974 9.243014885742634
0 80.76171875 18.75 7.32421875 9.765625
0 78.90625 26.497395833333332 8.706874156303165 11.609165541737553
0 84.716796875 31.770833333333332 9.53399618640949 12.711994915212655
0 84.08203125 36.58854166666667 10.231356576074347 13.641808768099132
0 87.841796875 41.53645833333333 10.901227477717134 14.53496997028951
0 95.947265625 36.78385416666667 10.258628121320564 13.678170828427419
0 87.20703125 36.78385416666667 10.258628121320564 13.678170828427419
0 88.8671875 30.2734375 9.306610523667546 12.408814031556727
0 92.431640625 30.143229166666668 9.286574740419274 12.382099653892366
0 85.986328125 26.7578125 8.749555167743805 11.66607355699174
0 89.111328125 24.8046875 8.424178309229896 11.23223774563986
0 93.359375 24.088541666666664 8.301678777304348 11.068905036405797
0 84.521484375 23.828125 8.256682897014576 11.008910529352768
0 84.619140625 19.401041666666664 7.450290292806215 9.933720390408286
0 87.98828125 20.638020833333336 7.684129829110212 10.245506438813615
0 93.1640625 21.2890625 7.804389558437758 10.405852744583676
0 98.193359375 22.395833333333336 8.00468569861084 10.672914264814453
0 98.33984375 28.3203125 9.001392336274797 12.001856448366395
0 98.095703125 32.94270833333333 9.708235913444133 12.944314551258843
0 95.8984375 52.083333333333336 12.20703125 16.276041666666664
0 97.75390625 69.3359375 14.0844491689628 18.779265558617066
0 87.451171875 81.8359375 15.301454024318451 20.401938699091268
0 77.24609375 67.3828125 13.884659626559234 18.51287950207898
0 75.87890625 49.67447916666667 11.92140196815467 15.895202624206226
0 73.046875 34.63541666666667 9.954532733337459 13.272710311116612
0 74.90234375 28.255208333333332 8.991039955234518 11.988053273646026
0 76.025390625 24.283854166666664 8.33526628646708 11.113688381956106
0 70.361328125 19.140625 7.400119417103358 9.866825889471144
0 66.259765625 16.731770833333336 6.9188135063199665 9.225084675093289
0 78.662109375 17.447916666666664 7.065330140863174 9.420440187817565
0 83.447265625 18.359375 7.247523246483103 9.663364328644137
0 44.873046875 14.192708333333334 6.372257390692475 8.496343187589966
0 39.111328125 15.0390625 6.559504779115197 8.746006372153596
0 83.0078125 46.41927083333333 11.524174553527347 15.365566071369797
0 78.61328125 46.22395833333333 11.499904590708478 15.33320612094464
0 92.08984375 56.315104166666664 12.693258266043348 16.924344354724465
0 98.6328125 51.7578125 12.168824485703665 16.225099314271553
0 64.111328125 55.338541666666664 12.582719804741396 16.776959739655194
0 68.798828125 42.70833333333333 11.053936936202902 14.738582581603868
0 62.060546875 44.66145833333333 11.303869126862875 15.071825502483835
0 42.87109375 49.15364583333333 11.85873976301602 15.811653017354693
0 26.66015625 57.552083333333336 12.831906763689355 17.10920901825247
0 44.921875 47.72135416666667 11.684686107834867 15.579581477113155
0 22.998046875 41.92708333333333 10.952367214920875 14.603156286561166
0 40.33203125 28.190104166666668 8.980675640601907 11.974234187469209
0 29.58984375 26.953125 8.78142979122202 11.708573054962693
0 27.783203125 26.106770833333332 8.642457433170346 11.52327657756046
0 20.3125 24.0234375 8.290452702152177 11.053936936202902
0 4.58984375 27.799479166666668 8.918236814088415 11.890982418784553
0 5.56640625 27.083333333333332 8.802615418613255 11.736820558151006
0 9.619140625 31.380208333333332 9.475204282385269 12.633605709847027
0 47.509765625 26.302083333333332 8.674725588105405 11.56630078414054
0 46.142578125 25.520833333333332 8.544921875 11.393229166666668
0 50.09765625 22.395833333333336 8.00468569861084 10.672914264814453
0 56.298828125 23.307291666666664 8.165947363439729 10.88792981791964
0 68.26171875 23.111979166666664 8.131660519088275 10.842214025451032
0 72.16796875 25.390625 8.523095729839442 11.364127639785922
0 68.798828125 27.473958333333332 8.865868558553435 11.821158078071248
0 76.5625 25.716145833333332 8.57755695956738 11.436742612756506
0 83.056640625 26.236979166666668 8.66398288975732 11.551977186343091
0 94.384765625 41.2109375 10.85842704752026 14.477902730027015
0 92.626953125 34.70052083333333 9.963884104806219 13.28517880640829
0 49.90234375 31.4453125 9.485028239697298 12.646704319596397
0 56.0546875 27.994791666666668 8.94951068030712 11.932680907076158
0 51.7578125 19.401041666666664 7.450290292806215 9.933720390408286
0 65.478515625 31.184895833333332 9.445671106287941 12.594228141717254
0 95.01953125 26.953125 8.78142979122202 11.708573054962693
0 50.439453125 17.1875 7.012405574387241 9.349874099182989
0 53.3203125 16.927083333333336 6.959078522333606 9.278771363111476
0 27.9296875 17.1875 7.012405574387241 9.349874099182989
0 36.42578125 15.885416666666666 6.741553355216833 8.988737806955777
0 90.185546875 20.442708333333336 7.647683158045451 10.196910877393934
0 67.96875 15.885416666666666 6.741553355216833 8.988737806955777
0 82.421875 17.513020833333336 7.0784994535786145 9.437999271438152
0 96.2890625 22.200520833333336 7.969705113037473 10.626273484049964
0 90.4296875 23.502604166666664 8.200090846279542 10.933454461706056
0 80.56640625 21.940104166666664 7.92282408798045 10.5637654506406
0 76.416015625 21.2890625 7.804389558437758 10.405852744583676
0 78.564453125 21.09375 7.768507117527988 10.358009490037318
0 2.5390625 73.30729166666666 14.48219057336996 19.309587431159947
0 0.634765625 59.895833333333336 13.090582635209483 17.45411018027931
0 19.384765625 28.7109375 9.063258303782652 12.084344405043536
0 13.8671875 25.5859375 8.555814067917595 11.407752090556793
0 32.32421875 15.494791666666666 6.658149484030587 8.877532645374115
