0 86.1328125 72.00520833333334 14.352998066778378 19.137330755704504
0 93.701171875 92.64322916666666 16.280491538512134 21.70732205134951
0 44.970703125 82.55208333333334 15.368259658220424 20.49101287762723
0 54.6875 70.05208333333334 14.156998907157229 18.875998542876303
0 38.8671875 61.588541666666664 13.274269513508024 17.6990260180107
0 10.546875 80.46875 15.173099236640688 20.230798982187583
0 7.763671875 53.125 12.32849723921152 16.437996318948695
0 28.3203125 47.33072916666667 11.63676511531837 15.515686820424493
0 50.390625 54.557291666666664 12.49358489407881 16.658113192105077
0 70.3125 56.184895833333336 12.678575486963496 16.90476731595133
0 24.462890625 40.16927083333333 10.720317425689878 14.293756567586504
0 40.52734375 38.54166666666667 10.500885335745396 14.001180447660527
0 65.72265625 40.16927083333333 10.720317425689878 14.293756567586504
0 83.88671875 47.52604166666667 11.660750228602783 15.547666971470377
0 71.97265625 48.30729166666667 11.756201345372451 15.674935127163266
0 51.953125 34.04947916666667 9.869971697263324 13.159962263017766
0 58.7890625 29.1015625 9.124704826492952 12.166273101990603
0 76.904296875 33.7890625 9.832155574699105 13.109540766265473
0 27.83203125 24.8046875 8.424178309229896 11.23223774563986
0 18.45703125 33.26822916666667 9.756083595670033 13.008111460893376
0 31.201171875 36.00260416666667 10.149102263376399 13.53213635116853
0 48.2421875 29.752604166666668 9.22620633412535 12.301608445500468
0 63.0859375 25.455729166666668 8.53401578009617 11.378687706794894
0 82.32421875 34.5703125 9.945172568847854 13.26023009179714
0 93.9453125 32.03125 9.572990198582838 12.763986931443785
0 12.20703125 36.328125 10.194881035455362 13.593174713940485
0 5.37109375 29.622395833333332 9.205995562132786 12.274660749510382
0 12.353515625 20.5078125 7.659851317145468 10.21313508952729
0 34.765625 20.3125 7.62328857226367 10.164384763018226
0 43.1640625 29.752604166666668 9.22620633412535 12.301608445500468
0 33.59375 29.427083333333332 9.175595934065496 12.234127912087327
