0 84.130859375 63.606770833333336 13.49001227130148 17.986683028401973
0 92.67578125 64.97395833333334 13.634221132622484 18.17896151016331
0 94.7265625 85.15625 15.608779116875516 20.811705489167352
0 66.50390625 62.6953125 13.393010411066705 17.857347214755606
0 76.513671875 54.231770833333336 12.456257099584077 16.608342799445435
0 36.181640625 64.0625 13.538252571300557 18.051003428400744
0 25.1953125 51.497395833333336 12.138172486176355 16.184229981568475
0 11.962890625 66.66666666666666 13.810679320049758 18.414239093399676
0 2.1484375 69.07552083333334 14.057974617042262 18.74396615605635
0 50.732421875 50.390625 12.007028547916262 16.00937139722168
0 66.357421875 43.75 11.187928942763282 14.917238590351042
0 61.181640625 35.28645833333333 10.047654805392046 13.39687307385606
0 48.291015625 36.97916666666667 10.285827359834423 13.714436479779232
0 35.205078125 42.96875 11.087586745962493 14.783448994616657
0 32.080078125 36.39322916666667 10.204012144348443 13.605349525797925
0 5.908203125 39.38802083333333 10.615556110184379 14.154074813579173
0 16.259765625 27.669270833333332 8.897326499702912 11.863101999603883
0 21.6796875 29.231770833333332 9.145095253766906 12.193460338355873
0 31.15234375 29.4921875 9.185740321833748 12.247653762444997
0 37.158203125 29.4921875 9.185740321833748 12.247653762444997
0 49.951171875 28.971354166666668 9.104268731797058 12.139024975729411
0 45.556640625 29.166666666666668 9.134905729428569 12.17987430590476
0 49.658203125 19.661458333333336 7.500125566067204 10.00016742142294
0 55.6640625 17.96875 7.170007400189656 9.56000986691954
0 61.083984375 19.661458333333336 7.500125566067204 10.00016742142294
0 59.814453125 25.1953125 8.490251308132054 11.320335077509403
0 67.822265625 19.7265625 7.512532730158185 10.01671030687758
0 74.0234375 32.421875 9.631185203893738 12.84158027185832
0 72.216796875 27.1484375 8.81318913463968 11.750918846186241
0 79.736328125 24.544270833333336 8.379840220792225 11.173120294389632
0 87.158203125 32.421875 9.631185203893738 12.84158027185832
