0 85.9375 51.692708333333336 12.161168728742233 16.214891638322978
0 79.345703125 63.997395833333336 13.531371629269632 18.041828839026174
0 39.94140625 64.84375 13.620552737073607 18.16073698276481
0 50.68359375 72.13541666666666 14.365969599535914 19.15462613271455
0 20.41015625 95.44270833333334 16.524641565772562 22.032855421030085
0 31.591796875 48.6328125 11.795744683891412 15.727659578521882
0 12.939453125 38.02083333333333 10.429692071920813 13.906256095894417
0 57.275390625 42.25260416666667 10.994801962067763 14.659735949423682
0 58.447265625 52.018229166666664 12.199399469791677 16.265865959722237
0 69.7265625 40.36458333333333 10.746348182164922 14.328464242886563
0 85.791015625 37.82552083333333 10.40286898746296 13.870491983283944
0 74.90234375 32.94270833333333 9.708235913444133 12.944314551258843
0 64.013671875 27.34375 8.84483443981289 11.793112586417188
0 52.587890625 27.018229166666668 8.792028986137655 11.722705314850208
0 30.56640625 29.557291666666668 9.195873518871684 12.261164691828911
0 37.5 31.770833333333332 9.53399618640949 12.711994915212655
0 43.45703125 23.111979166666664 8.131660519088275 10.842214025451032
0 22.94921875 25.0 8.457279333832409 11.276372445109878
0 9.130859375 26.3671875 8.685454999241765 11.580606665655687
0 14.697265625 21.484375 7.840107775064166 10.453477033418888
0 8.88671875 20.963541666666664 7.7444931277157725 10.325990836954363
0 2.44140625 20.247395833333336 7.611061958825638 10.148082611767517
0 62.841796875 22.981770833333336 8.108722079825698 10.811629439767596
0 45.01953125 19.075520833333336 7.3875234600282 9.850031280037602
0 20.01953125 23.828125 8.256682897014576 11.008910529352768
0 11.42578125 22.786458333333336 8.074192233473482 10.765589644631309
0 1.416015625 23.6328125 8.222774405094897 10.963699206793196
0 18.75 18.229166666666664 7.221777078979024 9.629036105305365
0 4.345703125 18.9453125 7.3622668956389274 9.816355860851903
0 34.619140625 18.75 7.32421875 9.765625
0 56.54296875 20.1171875 7.586549618320344 10.115399491093791
0 32.71484375 17.057291666666664 6.985792933508055 9.31439057801074
0 40.0390625 16.861979166666664 6.945682786096826 9.260910381462436
0 59.5703125 13.020833333333334 6.103515625 8.138020833333332
0 85.400390625 30.078125 9.276540621075844 12.368720828101127
0 95.947265625 36.328125 10.194881035455362 13.593174713940485
0 8.642578125 16.2109375 6.810276368536802 9.080368491382403
0 1.025390625 18.229166666666664 7.221777078979024 9.629036105305365
0 6.982421875 18.424479166666664 7.2603620931215325 9.680482790828709
0 2.685546875 17.252604166666664 7.025674092542321 9.367565456723094
0 0.29296875 17.578125 7.091644310682526 9.455525747576702
0 71.58203125 20.247395833333336 7.611061958825638 10.148082611767517
0 80.95703125 27.5390625 8.876366926421502 11.835155901895336
0 78.955078125 25.1953125 8.490251308132054 11.320335077509403
0 97.4609375 27.5390625 8.876366926421502 11.835155901895336
0 100.0 32.09635416666667 9.58271390875707 12.77695187834276
0 25.0 16.861979166666664 6.945682786096826 9.260910381462436
0 91.259765625 27.734375 8.907787792557633 11.877050390076842
0 89.208984375 23.502604166666664 8.200090846279542 10.933454461706056
0 86.03515625 25.325520833333332 8.512161670520847 11.349548894027794
0 8.251953125 16.536458333333336 6.878312786611722 9.171083715482297
0 13.4765625 16.731770833333336 6.9188135063199665 9.225084675093289
0 12.20703125 16.015625 6.7691262856502785 9.025501714200372
0 25.9765625 14.388020833333334 6.415953381844678 8.554604509126236
0 40.4296875 16.536458333333336 6.878312786611722 9.171083715482297
0 45.1171875 13.8671875 6.298757153488249 8.398342871317666
0 28.515625 15.559895833333334 6.672122530845778 8.896163374461038
0 30.322265625 15.885416666666666 6.741553355216833 8.988737806955777
0 82.763671875 18.229166666666664 7.221777078979024 9.629036105305365
0 43.75 90.0390625 16.050041250371958 21.400055000495943
0 3.955078125 55.924479166666664 12.649158798866397 16.865545065155196
0 44.482421875 31.4453125 9.485028239697298 12.646704319596397
0 39.94140625 37.5 10.358009490037318 13.810679320049758
0 58.935546875 60.481770833333336 13.154456825105168 17.53927576680689
0 76.416015625 54.557291666666664 12.49358489407881 16.658113192105077
0 85.400390625 60.15625 13.119009558230394 17.492012744307193
0 96.826171875 41.40625 10.884127502518925 14.512170003358568
0 80.859375 44.59635416666667 11.295627150464934 15.060836200619912
0 90.33203125 33.59375 9.803697756475225 13.071597008633635
0 66.40625 24.8046875 8.424178309229896 11.23223774563986
0 62.5 43.22916666666667 11.121134740166381 14.828179653555177
0 55.37109375 34.30989583333333 9.907643481901811 13.210191309202415
0 52.587890625 35.28645833333333 10.047654805392046 13.39687307385606
0 70.3125 25.325520833333332 8.512161670520847 11.349548894027794
0 54.8828125 25.1953125 8.490251308132054 11.320335077509403
0 29.150390625 21.09375 7.768507117527988 10.358009490037318
0 15.966796875 28.059895833333332 8.959911044862793 11.946548059817056
0 25.9765625 23.958333333333336 8.279211405182211 11.038948540242949
0 37.255859375 21.09375 7.768507117527988 10.358009490037318
0 4.1015625 24.674479166666664 8.402038511923953 11.202718015898604
0 50.1953125 21.809895833333336 7.8992792392241125 10.532372318965482
0 23.73046875 20.768229166666664 7.708331872750909 10.277775830334546
0 46.38671875 23.307291666666664 8.165947363439729 10.88792981791964
0 34.86328125 20.768229166666664 7.708331872750909 10.277775830334546
0 50.9765625 19.270833333333336 7.425247229367944 9.900329639157258
0 32.2265625 22.65625 8.051090062422436 10.734786749896582
0 68.1640625 18.9453125 7.3622668956389274 9.816355860851903
0 50.1953125 17.057291666666664 6.985792933508055 9.31439057801074
0 15.869140625 17.578125 7.091644310682526 9.455525747576702
0 51.07421875 13.541666666666666 6.224389054678692 8.299185406238257
0 70.60546875 22.265625 7.981382342908947 10.641843123878598
0 98.583984375 24.153645833333336 8.312889692307273 11.083852923076364
0 92.7734375 20.963541666666664 7.7444931277157725 10.325990836954363
0 79.19921875 29.557291666666668 9.195873518871684 12.261164691828911
0 93.505859375 28.385416666666668 9.011732824849489 12.015643766465985
0 66.259765625 20.768229166666664 7.708331872750909 10.277775830334546
0 80.078125 19.270833333333336 7.425247229367944 9.900329639157258
0 6.73828125 22.4609375 8.016311973000304 10.688415964000404
0 37.890625 18.5546875 7.28597191547444 9.714629220632586
0 26.611328125 20.768229166666664 7.708331872750909 10.277775830334546
0 55.37109375 14.84375 6.516771394062079 8.689028525416106
0 70.458984375 15.0390625 6.559504779115197 8.746006372153596
0 63.76953125 14.192708333333334 6.372257390692475 8.496343187589966
0 48.046875 15.0390625 6.559504779115197 8.746006372153596
0 34.375 15.0390625 6.559504779115197 8.746006372153596
0 75.0 16.2109375 6.810276368536802 9.080368491382403
0 67.529296875 14.518229166666666 6.444919458600731 8.593225944800976
0 88.720703125 18.424479166666664 7.2603620931215325 9.680482790828709
0 97.94921875 20.638020833333336 7.684129829110212 10.245506438813615
0 84.912109375 17.708333333333336 7.117861199762329 9.490481599683106
0 94.53125 20.638020833333336 7.684129829110212 10.245506438813615
0 60.693359375 14.84375 6.516771394062079 8.689028525416106
0 61.71875 17.3828125 7.052136235529384 9.40284831403918
0 42.08984375 15.885416666666666 6.741553355216833 8.988737806955777
0 20.556640625 15.690104166666666 6.699981201202437 8.933308268269917
0 22.94921875 15.364583333333334 6.6301150458985685 8.840153394531425
0 23.583984375 16.861979166666664 6.945682786096826 9.260910381462436
0 25.244140625 33.59375 9.803697756475225 13.071597008633635
0 23.095703125 31.901041666666668 9.55351308746248 12.738017449949975
0 58.544921875 35.15625 10.029099563693228 13.372132751590971
0 74.51171875 36.84895833333333 10.267702539831983 13.690270053109312
