0 94.677734375 56.25 12.685919000748614 16.914558667664817
0 60.05859375 38.671875 10.518608361580863 14.024811148774482
0 40.33203125 35.41666666666667 10.066175843793117 13.421567791724156
0 23.2421875 38.02083333333333 10.429692071920813 13.906256095894417
0 12.060546875 34.24479166666667 9.898238977189243 13.197651969585658
0 8.251953125 43.9453125 11.212874188765769 14.950498918354358
0 32.861328125 62.109375 13.3302793382822 17.77370578437627
0 46.484375 69.53125 14.104272471058769 18.80569662807836
0 45.703125 86.97916666666666 15.774960917138776 21.0332812228517
0 5.2734375 75.32552083333334 14.680192225104607 19.57358963347281
0 0.29296875 58.333333333333336 12.918707573557572 17.224943431410097
0 8.447265625 30.46875 9.336583582018038 12.448778109357384
0 11.279296875 22.0703125 7.946299173761924 10.595065565015899
0 33.447265625 22.8515625 8.085718566584333 10.780958088779109
0 62.40234375 13.932291666666666 6.313525654778199 8.418034206370931
0 58.49609375 34.375 9.91703906815913 13.222718757545508
0 45.703125 33.07291666666667 9.727403229070575 12.9698709720941
0 40.91796875 45.37760416666667 11.394137391720257 15.192183188960342
0 24.4140625 55.924479166666664 12.649158798866397 16.865545065155196
0 22.94921875 49.54427083333333 11.905767335895483 15.874356447860643
0 62.890625 52.278645833333336 12.229898016060718 16.306530688080954
0 76.611328125 51.627604166666664 12.153508149255297 16.204677532340394
0 79.1015625 44.59635416666667 11.295627150464934 15.060836200619912
0 71.435546875 42.64322916666667 11.045508466097326 14.7273446214631
0 83.7890625 39.84375 10.676791799643494 14.235722399524658
0 77.099609375 31.770833333333332 9.53399618640949 12.711994915212655
0 66.89453125 31.25 9.4555257475767 12.607367663435602
0 65.33203125 24.8046875 8.424178309229896 11.23223774563986
0 58.203125 23.372395833333336 8.177344364608315 10.903125819477753
0 76.806640625 24.283854166666664 8.33526628646708 11.113688381956106
0 88.0859375 44.85677083333333 11.328559077923941 15.104745437231923
0 94.580078125 39.19270833333333 10.589203840879804 14.118938454506406
0 74.560546875 37.76041666666667 10.393912576859377 13.85855010247917
0 61.03515625 45.37760416666667 11.394137391720257 15.192183188960342
0 45.01953125 46.80989583333333 11.572561783360925 15.430082377814566
0 50.927734375 31.119791666666668 9.4358061729372 12.5810748972496
0 39.74609375 26.497395833333332 8.706874156303165 11.609165541737553
0 45.41015625 18.033854166666664 7.182984799767957 9.577313066357275
0 18.26171875 20.5078125 7.659851317145468 10.21313508952729
0 7.958984375 18.684895833333336 7.311492035346033 9.748656047128044
0 1.5625 21.158854166666664 7.780486318348366 10.373981757797822
0 4.19921875 27.018229166666668 8.792028986137655 11.722705314850208
0 10.888671875 24.8046875 8.424178309229896 11.23223774563986
0 16.2109375 21.419270833333336 7.828219811023351 10.437626414697803
0 36.572265625 18.294270833333336 7.234661615679748 9.646215487572997
0 56.103515625 16.080729166666664 6.782870718656271 9.043827624875028
0 47.705078125 26.106770833333332 8.642457433170346 11.52327657756046
0 57.6171875 27.278645833333332 8.83429859993294 11.779064799910586
0 74.072265625 17.252604166666664 7.025674092542321 9.367565456723094
0 87.6953125 30.598958333333332 9.35651227829339 12.475349704391189
0 98.486328125 34.765625 9.973226707988399 13.297635610651199
0 97.705078125 65.36458333333334 13.675144349614307 18.233525799485744
0 45.21484375 55.794270833333336 12.634424770803498 16.845899694404665
0 29.345703125 31.901041666666668 9.55351308746248 12.738017449949975
0 21.38671875 27.799479166666668 8.918236814088415 11.890982418784553
0 17.96875 14.6484375 6.473755931273323 8.631674575031097
0 9.326171875 18.424479166666664 7.2603620931215325 9.680482790828709
0 4.19921875 20.768229166666664 7.708331872750909 10.277775830334546
0 64.2578125 16.080729166666664 6.782870718656271 9.043827624875028
0 70.654296875 24.4140625 8.357582969744357 11.143443959659143
0 60.83984375 19.205729166666664 7.412693970636669 9.883591960848893
0 49.267578125 21.549479166666664 7.85197774064246 10.469303654189947
0 45.1171875 25.325520833333332 8.512161670520847 11.349548894027794
0 40.4296875 22.0703125 7.946299173761924 10.595065565015899
0 31.005859375 23.2421875 8.154534433525017 10.872712578033356
0 51.708984375 19.596354166666664 7.487697843252746 9.983597124336994
0 90.869140625 24.283854166666664 8.33526628646708 11.113688381956106
0 79.4921875 20.247395833333336 7.611061958825638 10.148082611767517
0 98.193359375 22.330729166666664 7.993042513249997 10.657390017666662
0 91.748046875 20.1171875 7.586549618320344 10.115399491093791
0 99.8046875 30.989583333333332 9.416045300623482 12.554727067497975
0 89.599609375 27.408854166666668 8.855357744474432 11.807143659299243
0 78.90625 27.5390625 8.876366926421502 11.835155901895336
0 71.728515625 21.2890625 7.804389558437758 10.405852744583676
0 65.0390625 20.377604166666664 7.635495607419925 10.180660809893233
0 41.89453125 16.861979166666664 6.945682786096826 9.260910381462436
0 27.294921875 18.1640625 7.208869513560617 9.611826018080823
0 26.07421875 24.8046875 8.424178309229896 11.23223774563986
0 20.21484375 18.9453125 7.3622668956389274 9.816355860851903
0 2.05078125 19.205729166666664 7.412693970636669 9.883591960848893
0 28.369140625 22.591145833333336 8.039514082226251 10.719352109635
0 20.01953125 22.4609375 8.016311973000304 10.688415964000404
0 30.029296875 17.3828125 7.052136235529384 9.40284831403918
0 22.36328125 17.513020833333336 7.0784994535786145 9.437999271438152
0 52.001953125 17.122395833333336 6.9991119025755095 9.332149203434014
0 18.359375 17.252604166666664 7.025674092542321 9.367565456723094
0 62.79296875 18.684895833333336 7.311492035346033 9.748656047128044
0 70.751953125 16.471354166666664 6.864759447755123 9.15301259700683
0 28.271484375 16.731770833333336 6.9188135063199665 9.225084675093289
0 84.375 24.283854166666664 8.33526628646708 11.113688381956106
0 90.576171875 32.16145833333333 9.592427762147041 12.789903682862722
0 98.876953125 24.8046875 8.424178309229896 11.23223774563986
0 90.380859375 20.8984375 7.732458166088822 10.309944221451763
0 76.904296875 18.424479166666664 7.2603620931215325 9.680482790828709
0 66.796875 17.122395833333336 6.9991119025755095 9.332149203434014
0 85.546875 35.41666666666667 10.066175843793117 13.421567791724156
0 85.9375 28.515625 9.03237828793258 12.043171050576774
0 93.994140625 25.716145833333332 8.57755695956738 11.436742612756506
0 81.0546875 23.763020833333336 8.245395560367612 10.993860747156816
0 93.994140625 22.8515625 8.085718566584333 10.780958088779109
0 86.1328125 19.3359375 7.437779301119349 9.917039068159132
0 92.919921875 20.8984375 7.732458166088822 10.309944221451763
0 59.375 17.3828125 7.052136235529384 9.40284831403918
0 56.396484375 22.200520833333336 7.969705113037473 10.626273484049964
0 58.10546875 20.638020833333336 7.684129829110212 10.245506438813615
0 24.70703125 17.513020833333336 7.0784994535786145 9.437999271438152
