0 81.103515625 82.48697916666666 15.362198423648948 20.482931231531932
0 99.267578125 50.260416666666664 11.991505556877746 15.988674075836995
0 88.330078125 38.54166666666667 10.500885335745396 14.001180447660527
0 60.888671875 43.22916666666667 11.121134740166381 14.828179653555177
0 60.15625 33.26822916666667 9.756083595670033 13.008111460893376
0 26.5625 42.90364583333333 11.079183874921476 14.772245166561968
0 7.568359375 25.911458333333332 8.610068346964042 11.480091129285388
0 26.07421875 23.6328125 8.222774405094897 10.963699206793196
0 37.353515625 24.153645833333336 8.312889692307273 11.083852923076364
0 46.77734375 21.6796875 7.875664001809045 10.500885335745393
0 36.767578125 29.166666666666668 9.134905729428569 12.17987430590476
0 28.90625 20.5078125 7.659851317145468 10.21313508952729
0 18.115234375 18.424479166666664 7.2603620931215325 9.680482790828709
0 9.27734375 18.098958333333336 7.195938795502683 9.594585060670244
0 79.8828125 23.6328125 8.222774405094897 10.963699206793196
0 58.935546875 17.903645833333336 7.157006469457137 9.542675292609516
0 81.982421875 20.182291666666664 7.598815672600545 10.13175423013406
0 12.59765625 17.7734375 7.130933499479933 9.50791133263991
0 5.37109375 19.205729166666664 7.412693970636669 9.883591960848893
0 22.900390625 19.401041666666664 7.450290292806215 9.933720390408286
0 30.37109375 17.903645833333336 7.157006469457137 9.542675292609516
0 48.6328125 16.471354166666664 6.864759447755123 9.15301259700683
0 34.912109375 18.098958333333336 7.195938795502683 9.594585060670244
0 69.23828125 18.229166666666664 7.221777078979024 9.629036105305365
0 75.48828125 17.578125 7.091644310682526 9.455525747576702
0 89.794921875 24.8046875 8.424178309229896 11.23223774563986
0 93.603515625 19.205729166666664 7.412693970636669 9.883591960848893
0 21.77734375 16.6015625 6.891839471823862 9.189119295765149
0 87.744140625 17.447916666666664 7.065330140863174 9.420440187817565
0 91.162109375 30.6640625 9.366460725843998 12.48861430112533
0 85.888671875 29.817708333333332 9.236295135755345 12.315060181007127
