0 38.916015625 29.1015625 9.124704826492952 12.166273101990603
0 56.34765625 31.119791666666668 9.4358061729372 12.5810748972496
0 23.046875 16.796875 6.932261164306974 9.243014885742634
0 10.44921875 19.661458333333336 7.500125566067204 10.00016742142294
0 39.501953125 17.447916666666664 7.065330140863174 9.420440187817565
0 13.427734375 16.796875 6.932261164306974 9.243014885742634
0 3.7109375 17.96875 7.170007400189656 9.56000986691954
0 78.22265625 19.661458333333336 7.500125566067204 10.00016742142294
0 95.947265625 26.432291666666668 8.696171172348027 11.594894896464037
0 85.44921875 18.9453125 7.3622668956389274 9.816355860851903
0 73.583984375 15.8203125 6.72772451325946 8.970299351012613
0 98.92578125 22.265625 7.981382342908947 10.641843123878598
0 88.18359375 17.317708333333336 7.038917599286375 9.385223465715166
0 81.298828125 17.7734375 7.130933499479933 9.50791133263991
0 58.251953125 15.299479166666666 6.61605328023645 8.821404373648601
0 56.591796875 14.453125 6.430452730012657 8.57393697335021
0 82.421875 21.484375 7.840107775064166 10.453477033418888
0 91.455078125 22.786458333333336 8.074192233473482 10.765589644631309
0 77.197265625 15.494791666666666 6.658149484030587 8.877532645374115
