0 50.439453125 49.21875 11.866590634291736 15.822120845722315
0 65.13671875 63.411458333333336 13.469284967476753 17.959046623302335
0 54.736328125 48.89322916666667 11.82728416447516 15.76971221930021
0 67.87109375 60.546875 13.161534822294815 17.548713096393087
0 89.453125 64.90885416666666 13.627388648538883 18.169851531385177
0 92.626953125 55.208333333333336 12.567907886947022 16.757210515929362
0 82.763671875 47.0703125 11.604707850238979 15.472943800318639
0 91.015625 34.5703125 9.945172568847854 13.26023009179714
0 83.0078125 43.1640625 11.112757236348344 14.817009648464458
0 94.189453125 32.03125 9.572990198582838 12.763986931443785
0 66.6015625 33.3984375 9.775157091093119 13.033542788124159
0 92.3828125 30.6640625 9.366460725843998 12.48861430112533
0 63.232421875 30.533854166666668 9.346553241646458 12.462070988861944
0 68.84765625 24.609375 8.39094670707246 11.187928942763282
0 87.3046875 23.111979166666664 8.131660519088275 10.842214025451032
0 65.91796875 23.893229166666664 8.267954824306681 11.023939765742242
0 73.291015625 19.466145833333336 7.462780310447684 9.950373747263578
0 22.16796875 27.018229166666668 8.792028986137655 11.722705314850208
0 49.51171875 39.38802083333333 10.615556110184379 14.154074813579173
0 67.87109375 21.744791666666664 7.887480458569388 10.51664061142585
0 51.904296875 37.56510416666667 10.366996918617573 13.822662558156765
0 69.091796875 20.572916666666664 7.672000176987631 10.229333569316841
0 81.982421875 25.1953125 8.490251308132054 11.320335077509403
0 73.828125 33.203125 9.746532850751532 12.995377134335376
0 92.28515625 23.4375 8.188725503539269 10.918300671385692
0 76.46484375 29.166666666666668 9.134905729428569 12.17987430590476
0 87.646484375 20.1171875 7.586549618320344 10.115399491093791
0 74.4140625 30.924479166666668 9.406149296522488 12.541532395363317
0 61.083984375 20.833333333333336 7.720404443770458 10.293872591693944
0 52.1484375 19.791666666666664 7.524919437217989 10.033225916290652
0 42.96875 24.479166666666664 8.36871899463018 11.15829199284024
0 76.318359375 55.6640625 12.619673540121662 16.826231386828884
0 32.568359375 33.984375 9.860531263063667 13.147375017418222
0 34.033203125 21.614583333333336 7.863829789260941 10.485106385681254
0 55.419921875 16.145833333333336 6.796587356970242 9.062116475960323
0 36.962890625 16.6015625 6.891839471823862 9.189119295765149
0 81.787109375 18.424479166666664 7.2603620931215325 9.680482790828709
0 50.9765625 16.145833333333336 6.796587356970242 9.062116475960323
0 41.357421875 20.572916666666664 7.672000176987631 10.229333569316841
0 82.421875 22.0703125 7.946299173761924 10.595065565015899
0 2.685546875 20.572916666666664 7.672000176987631 10.229333569316841
0 16.943359375 19.791666666666664 7.524919437217989 10.033225916290652
0 62.890625 17.96875 7.170007400189656 9.56000986691954
0 59.130859375 17.96875 7.170007400189656 9.56000986691954
0 22.94921875 54.4921875 12.486128262621328 16.648171016828435
0 43.310546875 20.247395833333336 7.611061958825638 10.148082611767517
0 50.87890625 10.286458333333332 5.424923350412347 7.233231133883129
0 18.505859375 11.783854166666668 5.806365231457656 7.741820308610207
0 8.69140625 25.065104166666668 8.468284256293707 11.291045675058275
0 20.654296875 13.020833333333334 6.103515625 8.138020833333332
0 11.865234375 20.1171875 7.586549618320344 10.115399491093791
0 19.43359375 13.606770833333334 6.2393335877260965 8.319111450301463
0 13.671875 14.518229166666666 6.444919458600731 8.593225944800976
0 3.125 28.059895833333332 8.959911044862793 11.946548059817056
0 9.912109375 16.6015625 6.891839471823862 9.189119295765149
0 7.32421875 34.24479166666667 9.898238977189243 13.197651969585658
0 6.982421875 16.471354166666664 6.864759447755123 9.15301259700683
0 18.06640625 31.8359375 9.543759625922785 12.725012834563712
0 4.39453125 15.4296875 6.644147051109997 8.858862734813329
0 23.14453125 22.786458333333336 8.074192233473482 10.765589644631309
0 1.318359375 15.885416666666666 6.741553355216833 8.988737806955777
0 17.87109375 16.015625 6.7691262856502785 9.025501714200372
0 5.95703125 15.104166666666666 6.573687508709111 8.764916678278816
0 19.3359375 18.424479166666664 7.2603620931215325 9.680482790828709
0 2.9296875 17.708333333333336 7.117861199762329 9.490481599683106
0 26.66015625 19.791666666666664 7.524919437217989 10.033225916290652
0 5.615234375 20.247395833333336 7.611061958825638 10.148082611767517
0 21.337890625 16.145833333333336 6.796587356970242 9.062116475960323
0 11.181640625 14.518229166666666 6.444919458600731 8.593225944800976
0 22.705078125 14.0625 6.342959500374307 8.457279333832409
0 39.013671875 11.783854166666668 5.806365231457656 7.741820308610207
0 2.783203125 15.104166666666666 6.573687508709111 8.764916678278816
0 40.478515625 12.565104166666666 5.995752778438873 7.9943370379184975
0 23.73046875 12.239583333333332 5.917577950947668 7.8901039345968895
0 42.1875 12.239583333333332 5.917577950947668 7.8901039345968895
0 25.29296875 11.653645833333332 5.7741967555006415 7.698929007334189
0 43.994140625 12.565104166666666 5.995752778438873 7.9943370379184975
0 24.853515625 14.388020833333334 6.415953381844678 8.554604509126236
0 38.232421875 14.192708333333334 6.372257390692475 8.496343187589966
0 26.904296875 11.979166666666668 5.854286527481347 7.805715369975129
0 28.369140625 24.739583333333336 8.413115693414442 11.217487591219255
0 28.80859375 11.979166666666668 5.854286527481347 7.805715369975129
0 38.76953125 21.2890625 7.804389558437758 10.405852744583676
0 31.103515625 12.239583333333332 5.917577950947668 7.8901039345968895
0 46.240234375 12.434895833333332 5.964605800076924 7.952807733435899
0 33.0078125 14.6484375 6.473755931273323 8.631674575031097
0 47.802734375 14.0625 6.342959500374307 8.457279333832409
0 35.498046875 12.239583333333332 5.917577950947668 7.8901039345968895
0 50.9765625 13.020833333333334 6.103515625 8.138020833333332
0 26.318359375 15.885416666666666 6.741553355216833 8.988737806955777
0 49.658203125 16.015625 6.7691262856502785 9.025501714200372
0 28.466796875 15.104166666666666 6.573687508709111 8.764916678278816
0 48.046875 18.880208333333336 7.349606066157407 9.799474754876544
0 31.201171875 20.572916666666664 7.672000176987631 10.229333569316841
0 43.06640625 16.796875 6.932261164306974 9.243014885742634
0 29.39453125 16.145833333333336 6.796587356970242 9.062116475960323
0 40.234375 16.796875 6.932261164306974 9.243014885742634
0 15.13671875 15.690104166666666 6.699981201202437 8.933308268269917
0 33.69140625 12.239583333333332 5.917577950947668 7.8901039345968895
0 14.794921875 13.28125 6.16424861960576 8.218998159474348
0 44.189453125 15.4296875 6.644147051109997 8.858862734813329
0 35.595703125 19.3359375 7.437779301119349 9.917039068159132
0 44.53125 29.8828125 9.24637292940864 12.32849723921152
0 35.7421875 28.385416666666668 9.011732824849489 12.015643766465985
0 49.31640625 26.888020833333332 8.770817787597604 11.694423716796805
0 32.91015625 29.427083333333332 9.175595934065496 12.234127912087327
0 27.685546875 34.89583333333333 9.991885707852113 13.322514277136149
0 55.2734375 13.4765625 6.209408553886659 8.279211405182211
0 58.349609375 25.846354166666668 8.59924487524742 11.465659833663226
0 55.615234375 10.7421875 5.543793372981247 7.391724497308329
0 77.587890625 12.239583333333332 5.917577950947668 7.8901039345968895
0 57.080078125 11.328125 5.692980379082528 7.590640505443372
0 78.7109375 14.0625 6.342959500374307 8.457279333832409
0 58.447265625 12.565104166666666 5.995752778438873 7.9943370379184975
0 76.220703125 13.736979166666666 6.269115778861736 8.358821038482315
0 56.884765625 17.057291666666664 6.985792933508055 9.31439057801074
0 72.94921875 11.328125 5.692980379082528 7.590640505443372
0 63.671875 12.109375 5.886017310176364 7.848023080235151
0 63.57421875 26.106770833333332 8.642457433170346 11.52327657756046
0 61.083984375 11.783854166666668 5.806365231457656 7.741820308610207
0 81.201171875 14.6484375 6.473755931273323 8.631674575031097
0 60.83984375 16.015625 6.7691262856502785 9.025501714200372
0 69.677734375 11.653645833333332 5.7741967555006415 7.698929007334189
0 83.0078125 15.4296875 6.644147051109997 8.858862734813329
0 65.13671875 13.4765625 6.209408553886659 8.279211405182211
0 75.9765625 22.0703125 7.946299173761924 10.595065565015899
0 71.826171875 15.559895833333334 6.672122530845778 8.896163374461038
0 73.14453125 27.34375 8.84483443981289 11.793112586417188
0 67.96875 16.341145833333336 6.837572174807153 9.116762899742872
0 79.4921875 25.390625 8.523095729839442 11.364127639785922
0 65.478515625 17.3828125 7.052136235529384 9.40284831403918
0 52.34375 24.609375 8.39094670707246 11.187928942763282
0 48.73046875 34.11458333333333 9.87940311049722 13.17253748066296
0 65.234375 21.028645833333336 7.756509415978292 10.342012554637723
0 75.634765625 16.796875 6.932261164306974 9.243014885742634
0 86.962890625 15.559895833333334 6.672122530845778 8.896163374461038
0 79.931640625 37.43489583333333 10.349014256477766 13.798685675303688
0 85.25390625 16.927083333333336 6.959078522333606 9.278771363111476
0 86.71875 37.109375 10.30392029793343 13.738560397244573
0 83.69140625 19.791666666666664 7.524919437217989 10.033225916290652
0 92.529296875 49.93489583333333 11.952609880106287 15.936813173475048
0 78.955078125 21.484375 7.840107775064166 10.453477033418888
0 89.35546875 17.708333333333336 7.117861199762329 9.490481599683106
0 82.763671875 29.8828125 9.24637292940864 12.32849723921152
0 90.91796875 16.6015625 6.891839471823862 9.189119295765149
0 75.87890625 51.041666666666664 12.084344405043538 16.112459206724715
0 92.626953125 17.513020833333336 7.0784994535786145 9.437999271438152
0 60.400390625 32.74739583333333 9.679413773897526 12.905885031863368
0 95.654296875 17.3828125 7.052136235529384 9.40284831403918
0 87.890625 30.6640625 9.366460725843998 12.48861430112533
0 98.291015625 18.424479166666664 7.2603620931215325 9.680482790828709
0 63.8671875 40.16927083333333 10.720317425689878 14.293756567586504
0 92.724609375 20.247395833333336 7.611061958825638 10.148082611767517
0 64.453125 55.208333333333336 12.567907886947022 16.757210515929362
0 89.697265625 20.572916666666664 7.672000176987631 10.229333569316841
0 52.44140625 43.03385416666667 11.095983253599758 14.794644338133011
0 90.478515625 22.786458333333336 8.074192233473482 10.765589644631309
0 46.240234375 66.9921875 13.844355740007025 18.459140986676033
0 89.111328125 25.1953125 8.490251308132054 11.320335077509403
0 95.99609375 22.0703125 7.946299173761924 10.595065565015899
0 40.234375 57.2265625 12.795565974875872 17.06075463316783
0 97.802734375 25.520833333333332 8.544921875 11.393229166666668
0 34.130859375 39.38802083333333 10.615556110184379 14.154074813579173
0 92.626953125 27.799479166666668 8.918236814088415 11.890982418784553
0 29.736328125 44.85677083333333 11.328559077923941 15.104745437231923
0 98.486328125 29.622395833333332 9.205995562132786 12.274660749510382
0 22.607421875 47.8515625 11.700616157642099 15.600821543522796
0 10.7421875 67.44791666666666 13.891365572193653 18.52182076292487
0 1.806640625 55.859375 12.641793931401354 16.855725241868473
0 86.71875 60.221354166666664 13.126106669681741 17.501475559575656
0 98.974609375 41.53645833333333 10.901227477717134 14.53496997028951
0 73.974609375 13.606770833333334 6.2393335877260965 8.319111450301463
0 67.87109375 13.151041666666666 6.133957288281793 8.178609717709058
0 36.083984375 14.518229166666666 6.444919458600731 8.593225944800976
0 99.31640625 21.484375 7.840107775064166 10.453477033418888
0 8.251953125 15.559895833333334 6.672122530845778 8.896163374461038
0 85.9375 20.377604166666664 7.635495607419925 10.180660809893233
