0 0.439453125 19.010416666666664 7.37490598974278 9.833207986323707
0 11.376953125 30.598958333333332 9.35651227829339 12.475349704391189
0 2.001953125 19.3359375 7.437779301119349 9.917039068159132
0 29.150390625 29.4921875 9.185740321833748 12.247653762444997
0 5.029296875 18.489583333333336 7.273178276253042 9.697571035004056
0 24.4140625 17.903645833333336 7.157006469457137 9.542675292609516
0 6.787109375 19.010416666666664 7.37490598974278 9.833207986323707
0 15.33203125 25.455729166666668 8.53401578009617 11.378687706794894
0 8.59375 19.7265625 7.512532730158185 10.01671030687758
0 54.248046875 20.247395833333336 7.611061958825638 10.148082611767517
0 45.41015625 17.3828125 7.052136235529384 9.40284831403918
0 51.46484375 15.8203125 6.72772451325946 8.970299351012613
0 56.54296875 14.973958333333334 6.545291317604741 8.727055090139656
0 65.13671875 22.200520833333336 7.969705113037473 10.626273484049964
0 64.2578125 16.666666666666664 6.905339660024879 9.207119546699838
0 70.01953125 15.104166666666666 6.573687508709111 8.764916678278816
0 65.869140625 17.513020833333336 7.0784994535786145 9.437999271438152
0 71.923828125 15.299479166666666 6.61605328023645 8.821404373648601
0 74.70703125 21.940104166666664 7.92282408798045 10.5637654506406
0 79.296875 23.046875 8.120199399200482 10.82693253226731
0 88.037109375 29.752604166666668 9.22620633412535 12.301608445500468
0 98.291015625 31.510416666666668 9.494842032534208 12.659789376712277
0 82.03125 18.033854166666664 7.182984799767957 9.577313066357275
0 85.693359375 23.307291666666664 8.165947363439729 10.88792981791964
0 81.93359375 21.09375 7.768507117527988 10.358009490037318
0 86.376953125 18.489583333333336 7.273178276253042 9.697571035004056
0 93.359375 22.65625 8.051090062422436 10.734786749896582
0 88.4765625 18.229166666666664 7.221777078979024 9.629036105305365
0 90.478515625 24.739583333333336 8.413115693414442 11.217487591219255
0 99.51171875 21.2890625 7.804389558437758 10.405852744583676
