0 82.71484375 22.0703125 7.946299173761924 10.595065565015899
0 76.611328125 24.348958333333336 8.346432086900233 11.128576115866979
0 77.734375 16.9921875 6.972448522214271 9.296598029619028
0 65.0390625 16.015625 6.7691262856502785 9.025501714200372
0 80.37109375 19.075520833333336 7.3875234600282 9.850031280037602
0 90.283203125 18.9453125 7.3622668956389274 9.816355860851903
0 83.203125 16.9921875 6.972448522214271 9.296598029619028
0 57.51953125 15.690104166666666 6.699981201202437 8.933308268269917
0 38.76953125 15.885416666666666 6.741553355216833 8.988737806955777
0 45.1171875 15.559895833333334 6.672122530845778 8.896163374461038
0 23.828125 15.234375 6.60196156395994 8.802615418613254
0 9.27734375 18.880208333333336 7.349606066157407 9.799474754876544
0 86.42578125 18.098958333333336 7.195938795502683 9.594585060670244
0 95.1171875 20.963541666666664 7.7444931277157725 10.325990836954363
0 98.291015625 20.703125 7.6962403643301345 10.261653819106845
0 79.052734375 17.1875 7.012405574387241 9.349874099182989
0 28.61328125 16.40625 6.8511792970714245 9.134905729428567
0 5.37109375 18.424479166666664 7.2603620931215325 9.680482790828709
0 34.228515625 16.731770833333336 6.9188135063199665 9.225084675093289
0 2.978515625 19.270833333333336 7.425247229367944 9.900329639157258
0 30.078125 16.861979166666664 6.945682786096826 9.260910381462436
0 0.341796875 18.1640625 7.208869513560617 9.611826018080823
0 2.44140625 18.294270833333336 7.234661615679748 9.646215487572997
0 3.90625 18.9453125 7.3622668956389274 9.816355860851903
