0 86.279296875 77.734375 14.913075833582296 19.884101111443062
0 86.767578125 61.588541666666664 13.274269513508024 17.6990260180107
0 66.552734375 60.026041666666664 13.104803804677667 17.473071739570223
0 76.220703125 52.669270833333336 12.275503760448466 16.36733834726462
0 91.6015625 51.822916666666664 12.176475429235841 16.235300572314458
0 95.068359375 41.27604166666667 10.867000619363317 14.489334159151088
0 79.58984375 38.671875 10.518608361580863 14.024811148774482
0 86.376953125 35.28645833333333 10.047654805392046 13.39687307385606
0 95.80078125 26.3671875 8.685454999241765 11.580606665655687
0 89.6484375 33.65885416666667 9.813192865486773 13.084257153982362
0 73.6328125 33.65885416666667 9.813192865486773 13.084257153982362
0 63.8671875 41.27604166666667 10.867000619363317 14.489334159151088
0 49.70703125 49.34895833333333 11.882276815143912 15.843035753525218
0 35.25390625 64.97395833333334 13.634221132622484 18.17896151016331
0 15.087890625 79.75260416666666 15.10543050630442 20.140574008405896
0 22.900390625 50.325520833333336 11.999269562583924 15.99902608344523
0 32.763671875 41.9921875 10.960867307170393 14.614489742893857
0 29.58984375 34.89583333333333 9.991885707852113 13.322514277136149
0 14.501953125 39.12760416666667 10.580405165624827 14.107206887499771
0 3.7109375 29.6875 9.216106488367615 12.288141984490153
0 9.5703125 27.734375 8.907787792557633 11.877050390076842
0 17.28515625 28.125 8.970299351012615 11.960399134683486
0 5.95703125 24.609375 8.39094670707246 11.187928942763282
0 21.484375 25.260416666666668 8.501213548086012 11.334951397448016
0 10.302734375 21.875 7.911060422861158 10.548080563814876
0 1.025390625 17.317708333333336 7.038917599286375 9.385223465715166
0 11.71875 15.169270833333334 6.587839704871492 8.783786273161988
0 22.705078125 19.921875 7.549631882844837 10.066175843793117
0 27.44140625 22.65625 8.051090062422436 10.734786749896582
0 19.82421875 20.052083333333336 7.574263699945591 10.099018266594122
0 31.4453125 21.2890625 7.804389558437758 10.405852744583676
0 18.701171875 16.276041666666664 6.823937919616058 9.09858389282141
0 12.353515625 18.1640625 7.208869513560617 9.611826018080823
0 30.810546875 14.713541666666666 6.488126106405426 8.650834808540568
0 25.48828125 14.192708333333334 6.372257390692475 8.496343187589966
0 38.330078125 17.057291666666664 6.985792933508055 9.31439057801074
0 21.58203125 14.0625 6.342959500374307 8.457279333832409
0 28.02734375 15.0390625 6.559504779115197 8.746006372153596
0 32.861328125 27.734375 8.907787792557633 11.877050390076842
0 44.580078125 29.817708333333332 9.236295135755345 12.315060181007127
0 36.962890625 27.734375 8.907787792557633 11.877050390076842
0 25.048828125 18.5546875 7.28597191547444 9.714629220632586
0 18.06640625 18.294270833333336 7.234661615679748 9.646215487572997
0 41.69921875 20.8984375 7.732458166088822 10.309944221451763
0 14.599609375 15.950520833333334 6.755353888299149 9.0071385177322
0 7.71484375 17.903645833333336 7.157006469457137 9.542675292609516
0 16.943359375 13.932291666666666 6.313525654778199 8.418034206370931
0 5.17578125 16.536458333333336 6.878312786611722 9.171083715482297
0 31.005859375 19.53125 7.475249459177179 9.966999278902906
0 42.333984375 18.684895833333336 7.311492035346033 9.748656047128044
0 46.435546875 36.78385416666667 10.258628121320564 13.678170828427419
0 35.83984375 18.815104166666664 7.336923388776433 9.782564518368577
0 43.017578125 15.169270833333334 6.587839704871492 8.783786273161988
0 48.193359375 21.875 7.911060422861158 10.548080563814876
0 40.576171875 15.299479166666666 6.61605328023645 8.821404373648601
0 48.876953125 18.684895833333336 7.311492035346033 9.748656047128044
0 50.341796875 28.450520833333332 9.02206146184966 12.029415282466214
0 49.90234375 17.7734375 7.130933499479933 9.50791133263991
0 51.7578125 39.77864583333333 10.668065364348472 14.224087152464628
0 51.5625 16.40625 6.8511792970714245 9.134905729428567
0 57.71484375 20.247395833333336 7.611061958825638 10.148082611767517
0 61.23046875 35.02604166666667 10.010509928501419 13.347346571335224
0 59.5703125 23.111979166666664 8.131660519088275 10.842214025451032
0 55.56640625 15.559895833333334 6.672122530845778 8.896163374461038
0 61.42578125 30.338541666666668 9.316612257369233 12.42214967649231
0 59.47265625 18.294270833333336 7.234661615679748 9.646215487572997
0 65.91796875 24.869791666666664 8.435226416678011 11.246968555570682
0 60.693359375 15.950520833333334 6.755353888299149 9.0071385177322
0 66.845703125 18.294270833333336 7.234661615679748 9.646215487572997
0 61.71875 13.802083333333334 6.283953943473511 8.378605257964681
0 68.994140625 13.0859375 6.118755388111396 8.15834051748186
0 63.671875 13.802083333333334 6.283953943473511 8.378605257964681
0 71.484375 17.447916666666664 7.065330140863174 9.420440187817565
0 73.6328125 27.734375 8.907787792557633 11.877050390076842
0 71.77734375 21.2890625 7.804389558437758 10.405852744583676
0 75.87890625 13.932291666666666 6.313525654778199 8.418034206370931
0 76.904296875 21.614583333333336 7.863829789260941 10.485106385681254
0 82.275390625 15.169270833333334 6.587839704871492 8.783786273161988
0 86.474609375 18.5546875 7.28597191547444 9.714629220632586
0 78.662109375 15.559895833333334 6.672122530845778 8.896163374461038
0 79.78515625 28.580729166666668 9.042683343523592 12.056911124698123
0 76.416015625 21.028645833333336 7.756509415978292 10.342012554637723
0 83.984375 19.921875 7.549631882844837 10.066175843793117
0 76.416015625 18.1640625 7.208869513560617 9.611826018080823
0 89.2578125 27.994791666666668 8.94951068030712 11.932680907076158
0 94.580078125 18.5546875 7.28597191547444 9.714629220632586
0 80.419921875 24.739583333333336 8.413115693414442 11.217487591219255
0 91.9921875 23.111979166666664 8.131660519088275 10.842214025451032
