0 0.68359375 16.080729166666664 6.782870718656271 9.043827624875028
0 0.68359375 35.02604166666667 10.010509928501419 13.347346571335224
0 0.5859375 20.703125 7.6962403643301345 10.261653819106845
0 2.392578125 20.703125 7.6962403643301345 10.261653819106845
0 2.1484375 17.7734375 7.130933499479933 9.50791133263991
0 4.443359375 17.252604166666664 7.025674092542321 9.367565456723094
0 6.103515625 17.7734375 7.130933499479933 9.50791133263991
0 7.568359375 15.690104166666666 6.699981201202437 8.933308268269917
0 8.49609375 17.057291666666664 6.985792933508055 9.31439057801074
0 9.9609375 15.8203125 6.72772451325946 8.970299351012613
0 11.23046875 14.973958333333334 6.545291317604741 8.727055090139656
0 12.890625 16.536458333333336 6.878312786611722 9.171083715482297
0 15.185546875 14.713541666666666 6.488126106405426 8.650834808540568
0 15.478515625 17.252604166666664 7.025674092542321 9.367565456723094
0 7.568359375 21.809895833333336 7.8992792392241125 10.532372318965482
0 5.517578125 25.390625 8.523095729839442 11.364127639785922
0 11.1328125 26.822916666666668 8.760192928715409 11.680257238287211
0 12.98828125 21.809895833333336 7.8992792392241125 10.532372318965482
0 16.015625 19.856770833333336 7.537285788103314 10.049714384137753
0 19.43359375 12.890625 6.072921369058959 8.097228492078614
0 18.017578125 16.080729166666664 6.782870718656271 9.043827624875028
0 20.5078125 17.7734375 7.130933499479933 9.50791133263991
0 22.55859375 16.927083333333336 6.959078522333606 9.278771363111476
0 22.36328125 14.713541666666666 6.488126106405426 8.650834808540568
0 23.095703125 13.4765625 6.209408553886659 8.279211405182211
0 24.658203125 13.606770833333334 6.2393335877260965 8.319111450301463
0 26.7578125 14.84375 6.516771394062079 8.689028525416106
0 24.853515625 16.536458333333336 6.878312786611722 9.171083715482297
0 28.61328125 14.192708333333334 6.372257390692475 8.496343187589966
0 30.2734375 13.8671875 6.298757153488249 8.398342871317666
0 31.34765625 14.322916666666666 6.401421192444773 8.53522825659303
0 33.740234375 14.713541666666666 6.488126106405426 8.650834808540568
0 37.060546875 13.997395833333334 6.328259690346595 8.437679587128793
0 40.185546875 13.606770833333334 6.2393335877260965 8.319111450301463
0 42.1875 12.890625 6.072921369058959 8.097228492078614
0 43.505859375 14.583333333333334 6.459353786778786 8.612471715705048
0 44.970703125 13.8671875 6.298757153488249 8.398342871317666
0 46.142578125 13.606770833333334 6.2393335877260965 8.319111450301463
0 48.73046875 13.216145833333334 6.149121606326259 8.198828808435012
0 50.5859375 13.0859375 6.118755388111396 8.15834051748186
0 28.80859375 16.40625 6.8511792970714245 9.134905729428567
0 27.783203125 19.596354166666664 7.487697843252746 9.983597124336994
0 31.34765625 20.442708333333336 7.647683158045451 10.196910877393934
0 33.10546875 19.010416666666664 7.37490598974278 9.833207986323707
0 31.34765625 17.057291666666664 6.985792933508055 9.31439057801074
0 34.5703125 24.153645833333336 8.312889692307273 11.083852923076364
0 28.3203125 26.953125 8.78142979122202 11.708573054962693
0 26.85546875 25.130208333333332 8.479274895904423 11.305699861205897
0 21.728515625 27.213541666666668 8.823750179932228 11.765000239909636
0 15.91796875 32.74739583333333 9.679413773897526 12.905885031863368
0 22.998046875 33.07291666666667 9.727403229070575 12.9698709720941
0 23.73046875 43.359375 11.137870844051916 14.850494458735888
0 32.8125 73.6328125 14.514309021721331 19.352412028961773
0 35.498046875 19.140625 7.400119417103358 9.866825889471144
0 38.330078125 21.419270833333336 7.828219811023351 10.437626414697803
0 38.330078125 16.666666666666664 6.905339660024879 9.207119546699838
0 40.478515625 17.513020833333336 7.0784994535786145 9.437999271438152
0 41.748046875 22.0703125 7.946299173761924 10.595065565015899
0 42.7734375 24.609375 8.39094670707246 11.187928942763282
0 41.650390625 30.143229166666668 9.286574740419274 12.382099653892366
0 40.72265625 41.66666666666667 10.918300671385692 14.557734228514258
0 48.193359375 29.8828125 9.24637292940864 12.32849723921152
0 44.140625 16.796875 6.932261164306974 9.243014885742634
0 45.80078125 20.833333333333336 7.720404443770458 10.293872591693944
0 46.337890625 16.927083333333336 6.959078522333606 9.278771363111476
0 48.6328125 17.513020833333336 7.0784994535786145 9.437999271438152
0 51.416015625 19.3359375 7.437779301119349 9.917039068159132
0 51.318359375 15.950520833333334 6.755353888299149 9.0071385177322
0 52.392578125 11.653645833333332 5.7741967555006415 7.698929007334189
0 54.6875 13.346354166666666 6.179338602086361 8.239118136115147
0 56.640625 13.997395833333334 6.328259690346595 8.437679587128793
0 54.345703125 16.276041666666664 6.823937919616058 9.09858389282141
0 58.3984375 13.0859375 6.118755388111396 8.15834051748186
0 60.9375 13.606770833333334 6.2393335877260965 8.319111450301463
0 62.158203125 12.630208333333334 6.011265748166568 8.015020997555423
0 63.18359375 13.997395833333334 6.328259690346595 8.437679587128793
0 64.74609375 14.583333333333334 6.459353786778786 8.612471715705048
0 62.158203125 17.252604166666664 7.025674092542321 9.367565456723094
0 60.05859375 18.1640625 7.208869513560617 9.611826018080823
0 57.177734375 20.442708333333336 7.647683158045451 10.196910877393934
0 64.0625 18.359375 7.247523246483103 9.663364328644137
0 51.5625 28.450520833333332 9.02206146184966 12.029415282466214
0 54.052734375 27.083333333333332 8.802615418613255 11.736820558151006
0 59.765625 24.869791666666664 8.435226416678011 11.246968555570682
0 58.10546875 35.15625 10.029099563693228 13.372132751590971
0 60.205078125 30.6640625 9.366460725843998 12.48861430112533
0 63.623046875 30.989583333333332 9.416045300623482 12.554727067497975
0 63.330078125 25.130208333333332 8.479274895904423 11.305699861205897
0 68.017578125 23.177083333333336 8.143105507889608 10.857474010519478
0 68.115234375 29.036458333333332 9.114492506755418 12.15265667567389
0 63.916015625 51.3671875 12.122817423120853 16.16375656416114
0 75.68359375 49.15364583333333 11.85873976301602 15.811653017354693
0 66.552734375 14.973958333333334 6.545291317604741 8.727055090139656
0 68.310546875 15.950520833333334 6.755353888299149 9.0071385177322
0 69.677734375 13.216145833333334 6.149121606326259 8.198828808435012
0 70.3125 16.276041666666664 6.823937919616058 9.09858389282141
0 72.0703125 12.760416666666666 6.042172202521769 8.056229603362357
0 73.291015625 15.559895833333334 6.672122530845778 8.896163374461038
0 71.875 19.986979166666664 7.561957820656658 10.08261042754221
0 74.365234375 20.247395833333336 7.611061958825638 10.148082611767517
0 75.29296875 16.40625 6.8511792970714245 9.134905729428567
0 76.7578125 14.713541666666666 6.488126106405426 8.650834808540568
0 78.125 13.997395833333334 6.328259690346595 8.437679587128793
0 77.1484375 18.1640625 7.208869513560617 9.611826018080823
0 80.17578125 17.7734375 7.130933499479933 9.50791133263991
0 80.712890625 14.973958333333334 6.545291317604741 8.727055090139656
0 82.470703125 18.75 7.32421875 9.765625
0 83.10546875 15.950520833333334 6.755353888299149 9.0071385177322
0 84.5703125 16.080729166666664 6.782870718656271 9.043827624875028
0 85.595703125 17.903645833333336 7.157006469457137 9.542675292609516
0 87.158203125 18.1640625 7.208869513560617 9.611826018080823
0 89.55078125 19.856770833333336 7.537285788103314 10.049714384137753
0 90.8203125 17.7734375 7.130933499479933 9.50791133263991
0 92.87109375 18.033854166666664 7.182984799767957 9.577313066357275
0 93.603515625 19.466145833333336 7.462780310447684 9.950373747263578
0 95.5078125 20.442708333333336 7.647683158045451 10.196910877393934
0 96.533203125 19.3359375 7.437779301119349 9.917039068159132
0 97.900390625 20.572916666666664 7.672000176987631 10.229333569316841
0 93.212890625 27.473958333333332 8.865868558553435 11.821158078071248
0 98.828125 18.489583333333336 7.273178276253042 9.697571035004056
0 81.34765625 33.46354166666667 9.784679896167846 13.046239861557126
0 99.658203125 21.223958333333336 7.792447103762027 10.389929471682702
0 77.880859375 26.106770833333332 8.642457433170346 11.52327657756046
0 82.373046875 21.809895833333336 7.8992792392241125 10.532372318965482
0 86.03515625 30.143229166666668 9.286574740419274 12.382099653892366
0 78.7109375 22.526041666666664 8.027921409891299 10.703895213188398
0 92.3828125 40.29947916666667 10.737678274999501 14.316904366666003
0 96.630859375 33.07291666666667 9.727403229070575 12.9698709720941
0 89.2578125 25.9765625 8.620878229873984 11.494504306498644
0 99.462890625 32.2265625 9.60213178866716 12.802842384889546
0 97.998046875 25.5859375 8.555814067917595 11.407752090556793
0 85.791015625 25.130208333333332 8.479274895904423 11.305699861205897
0 98.828125 59.1796875 13.012088382158108 17.34945117621081
0 76.5625 33.33333333333333 9.765625 13.020833333333334
0 92.87109375 33.46354166666667 9.784679896167846 13.046239861557126
0 93.603515625 22.786458333333336 8.074192233473482 10.765589644631309
