0 80.17578125 60.9375 13.203923127919884 17.60523083722651
0 99.462890625 78.58072916666666 14.99404113346954 19.992054844626054
0 97.021484375 58.59375 12.947511862546646 17.263349150062194
0 83.349609375 49.08854166666667 11.850883690763915 15.801178254351885
0 82.2265625 39.71354166666667 10.65933178501769 14.212442380023585
0 72.802734375 50.78125 12.053477574543152 16.0713034327242
0 64.990234375 53.90625 12.418817107773318 16.558422810364423
0 57.568359375 55.46875 12.597514306976498 16.796685742635333
0 41.50390625 44.921875 11.336777112430854 15.11570281657447
0 58.69140625 36.65364583333333 10.240455160865794 13.653940214487726
0 59.228515625 29.296875 9.1552734375 12.20703125
0 64.6484375 26.432291666666668 8.696171172348027 11.594894896464037
0 78.61328125 28.515625 9.03237828793258 12.043171050576774
0 76.416015625 24.8046875 8.424178309229896 11.23223774563986
0 86.474609375 33.13802083333333 9.736972737758677 12.982630317011571
0 89.990234375 28.971354166666668 9.104268731797058 12.139024975729411
0 90.13671875 24.283854166666664 8.33526628646708 11.113688381956106
0 86.865234375 26.7578125 8.749555167743805 11.66607355699174
0 98.583984375 24.739583333333336 8.413115693414442 11.217487591219255
0 99.31640625 31.315104166666668 9.465370128949479 12.62049350526597
0 5.17578125 39.19270833333333 10.589203840879804 14.118938454506406
0 0.9765625 57.6171875 12.83916257810219 17.118883437469588
0 31.591796875 37.82552083333333 10.40286898746296 13.870491983283944
0 29.443359375 28.515625 9.03237828793258 12.043171050576774
0 20.5078125 26.497395833333332 8.706874156303165 11.609165541737553
0 16.259765625 27.9296875 8.939098215256843 11.918797620342456
0 10.25390625 31.4453125 9.485028239697298 12.646704319596397
0 9.130859375 25.9765625 8.620878229873984 11.494504306498644
0 6.689453125 21.940104166666664 7.92282408798045 10.5637654506406
0 3.22265625 25.260416666666668 8.501213548086012 11.334951397448016
0 1.07421875 20.052083333333336 7.574263699945591 10.099018266594122
0 48.4375 26.302083333333332 8.674725588105405 11.56630078414054
0 41.40625 29.622395833333332 9.205995562132786 12.274660749510382
0 36.767578125 26.106770833333332 8.642457433170346 11.52327657756046
0 34.228515625 20.052083333333336 7.574263699945591 10.099018266594122
0 39.013671875 15.950520833333334 6.755353888299149 9.0071385177322
0 41.89453125 19.466145833333336 7.462780310447684 9.950373747263578
0 58.0078125 23.2421875 8.154534433525017 10.872712578033356
0 52.05078125 18.098958333333336 7.195938795502683 9.594585060670244
0 27.978515625 17.447916666666664 7.065330140863174 9.420440187817565
0 25.537109375 22.916666666666664 8.097228492078614 10.796304656104818
0 21.6796875 19.466145833333336 7.462780310447684 9.950373747263578
0 16.650390625 20.572916666666664 7.672000176987631 10.229333569316841
0 10.400390625 19.466145833333336 7.462780310447684 9.950373747263578
0 13.720703125 22.395833333333336 8.00468569861084 10.672914264814453
0 95.01953125 21.614583333333336 7.863829789260941 10.485106385681254
0 88.134765625 20.442708333333336 7.647683158045451 10.196910877393934
0 83.740234375 21.484375 7.840107775064166 10.453477033418888
0 77.5390625 16.731770833333336 6.9188135063199665 9.225084675093289
0 72.65625 20.247395833333336 7.611061958825638 10.148082611767517
0 70.751953125 25.130208333333332 8.479274895904423 11.305699861205897
0 85.400390625 19.596354166666664 7.487697843252746 9.983597124336994
0 61.71875 17.3828125 7.052136235529384 9.40284831403918
0 55.17578125 14.0625 6.342959500374307 8.457279333832409
0 37.158203125 16.080729166666664 6.782870718656271 9.043827624875028
0 26.953125 15.364583333333334 6.6301150458985685 8.840153394531425
0 6.201171875 18.424479166666664 7.2603620931215325 9.680482790828709
0 13.134765625 17.252604166666664 7.025674092542321 9.367565456723094
0 29.345703125 16.2109375 6.810276368536802 9.080368491382403
0 80.46875 21.419270833333336 7.828219811023351 10.437626414697803
0 93.017578125 19.596354166666664 7.487697843252746 9.983597124336994
0 64.404296875 15.364583333333334 6.6301150458985685 8.840153394531425
0 59.765625 15.234375 6.60196156395994 8.802615418613254
0 47.65625 17.7734375 7.130933499479933 9.50791133263991
0 44.140625 21.940104166666664 7.92282408798045 10.5637654506406
0 54.443359375 17.3828125 7.052136235529384 9.40284831403918
0 81.25 18.75 7.32421875 9.765625
0 85.64453125 17.252604166666664 7.025674092542321 9.367565456723094
0 92.236328125 18.294270833333336 7.234661615679748 9.646215487572997
0 43.1640625 16.40625 6.8511792970714245 9.134905729428567
0 32.470703125 17.903645833333336 7.157006469457137 9.542675292609516
0 20.41015625 16.536458333333336 6.878312786611722 9.171083715482297
0 8.447265625 18.75 7.32421875 9.765625
0 3.076171875 18.75 7.32421875 9.765625
0 23.193359375 16.796875 6.932261164306974 9.243014885742634
0 66.748046875 16.2109375 6.810276368536802 9.080368491382403
0 45.068359375 15.4296875 6.644147051109997 8.858862734813329
0 36.1328125 17.578125 7.091644310682526 9.455525747576702
0 31.689453125 15.755208333333334 6.7138671875 8.951822916666668
0 40.380859375 15.885416666666666 6.741553355216833 8.988737806955777
0 30.224609375 15.755208333333334 6.7138671875 8.951822916666668
0 25.1953125 15.4296875 6.644147051109997 8.858862734813329
0 75.537109375 15.625 6.686066375795484 8.914755167727312
0 67.919921875 15.234375 6.60196156395994 8.802615418613254
0 19.677734375 14.713541666666666 6.488126106405426 8.650834808540568
0 83.740234375 17.3828125 7.052136235529384 9.40284831403918
0 79.98046875 16.796875 6.932261164306974 9.243014885742634
0 73.14453125 14.908854166666666 6.531046923532928 8.708062564710572
0 99.169921875 19.7265625 7.512532730158185 10.01671030687758
0 57.32421875 15.104166666666666 6.573687508709111 8.764916678278816
0 47.314453125 14.713541666666666 6.488126106405426 8.650834808540568
0 77.587890625 18.75 7.32421875 9.765625
0 14.16015625 17.122395833333336 6.9991119025755095 9.332149203434014
