0 8.88671875 63.541666666666664 13.483106710433667 17.977475613911555
0 33.837890625 55.859375 12.641793931401354 16.855725241868473
0 42.48046875 55.2734375 12.575316026633615 16.767088035511488
0 72.900390625 61.263020833333336 13.239143044118567 17.652190725491423
0 83.251953125 52.864583333333336 12.298243212652517 16.397657616870024
0 95.849609375 50.5859375 12.03027547877626 16.040367305035012
0 99.21875 44.59635416666667 11.295627150464934 15.060836200619912
0 98.486328125 39.32291666666667 10.606779295033428 14.142372393377903
0 97.55859375 30.6640625 9.366460725843998 12.48861430112533
0 84.326171875 38.60677083333333 10.509750584547465 14.01300077939662
0 77.880859375 38.8671875 10.545137050275265 14.060182733700355
0 65.234375 42.90364583333333 11.079183874921476 14.772245166561968
0 58.30078125 44.20572916666667 11.24604844524431 14.994731260325747
0 55.908203125 38.21614583333333 10.456446349494515 13.941928465992687
0 39.2578125 44.140625 11.237764062208234 14.983685416277645
0 19.873046875 37.890625 10.411817693623036 13.88242359149738
0 13.134765625 38.02083333333333 10.429692071920813 13.906256095894417
0 27.1484375 31.510416666666668 9.494842032534208 12.659789376712277
0 20.068359375 27.669270833333332 8.897326499702912 11.863101999603883
0 16.9921875 23.111979166666664 8.131660519088275 10.842214025451032
0 7.8125 29.947916666666668 9.25643975103949 12.341919668052654
0 12.841796875 22.8515625 8.085718566584333 10.780958088779109
0 11.1328125 16.861979166666664 6.945682786096826 9.260910381462436
0 20.068359375 16.40625 6.8511792970714245 9.134905729428567
0 23.583984375 20.703125 7.6962403643301345 10.261653819106845
0 30.322265625 21.09375 7.768507117527988 10.358009490037318
0 36.62109375 25.78125 8.588407763348565 11.451210351131419
0 25.439453125 19.7265625 7.512532730158185 10.01671030687758
0 43.84765625 28.971354166666668 9.104268731797058 12.139024975729411
0 55.712890625 31.380208333333332 9.475204282385269 12.633605709847027
0 54.19921875 23.111979166666664 8.131660519088275 10.842214025451032
0 59.326171875 18.684895833333336 7.311492035346033 9.748656047128044
0 65.966796875 16.40625 6.8511792970714245 9.134905729428567
0 77.24609375 16.861979166666664 6.945682786096826 9.260910381462436
0 75.439453125 23.372395833333336 8.177344364608315 10.903125819477753
0 76.513671875 29.622395833333332 9.205995562132786 12.274660749510382
0 69.384765625 24.544270833333336 8.379840220792225 11.173120294389632
0 64.013671875 26.236979166666668 8.66398288975732 11.551977186343091
0 58.935546875 28.125 8.970299351012615 11.960399134683486
0 80.029296875 26.953125 8.78142979122202 11.708573054962693
0 86.962890625 26.3671875 8.685454999241765 11.580606665655687
0 90.91796875 24.21875 8.324085508414218 11.098780677885625
0 95.5078125 22.395833333333336 8.00468569861084 10.672914264814453
0 88.916015625 20.377604166666664 7.635495607419925 10.180660809893233
0 78.662109375 23.111979166666664 8.131660519088275 10.842214025451032
0 85.498046875 18.880208333333336 7.349606066157407 9.799474754876544
0 98.486328125 22.65625 8.051090062422436 10.734786749896582
0 92.1875 20.1171875 7.586549618320344 10.115399491093791
0 80.6640625 18.1640625 7.208869513560617 9.611826018080823
0 61.1328125 15.299479166666666 6.61605328023645 8.821404373648601
0 49.755859375 16.536458333333336 6.878312786611722 9.171083715482297
0 48.046875 22.8515625 8.085718566584333 10.780958088779109
0 43.84765625 20.1171875 7.586549618320344 10.115399491093791
0 38.330078125 19.010416666666664 7.37490598974278 9.833207986323707
0 33.3984375 19.010416666666664 7.37490598974278 9.833207986323707
0 27.63671875 17.122395833333336 6.9991119025755095 9.332149203434014
0 21.38671875 17.317708333333336 7.038917599286375 9.385223465715166
0 6.982421875 20.442708333333336 7.647683158045451 10.196910877393934
0 2.490234375 27.083333333333332 8.802615418613255 11.736820558151006
0 8.984375 18.684895833333336 7.311492035346033 9.748656047128044
0 23.291015625 16.6015625 6.891839471823862 9.189119295765149
0 28.80859375 15.559895833333334 6.672122530845778 8.896163374461038
0 35.7421875 18.1640625 7.208869513560617 9.611826018080823
0 36.42578125 16.861979166666664 6.945682786096826 9.260910381462436
0 37.451171875 16.40625 6.8511792970714245 9.134905729428567
0 32.32421875 14.583333333333334 6.459353786778786 8.612471715705048
0 31.298828125 17.578125 7.091644310682526 9.455525747576702
0 17.822265625 19.140625 7.400119417103358 9.866825889471144
0 4.052734375 22.526041666666664 8.027921409891299 10.703895213188398
0 1.85546875 20.1171875 7.586549618320344 10.115399491093791
0 51.416015625 20.377604166666664 7.635495607419925 10.180660809893233
0 40.673828125 16.40625 6.8511792970714245 9.134905729428567
0 38.76953125 15.559895833333334 6.672122530845778 8.896163374461038
0 41.748046875 15.885416666666666 6.741553355216833 8.988737806955777
0 43.65234375 17.708333333333336 7.117861199762329 9.490481599683106
0 45.80078125 16.015625 6.7691262856502785 9.025501714200372
0 43.84765625 14.973958333333334 6.545291317604741 8.727055090139656
0 43.994140625 13.411458333333334 6.194391824397107 8.259189099196142
0 55.615234375 18.5546875 7.28597191547444 9.714629220632586
0 57.6171875 21.2890625 7.804389558437758 10.405852744583676
0 59.47265625 13.8671875 6.298757153488249 8.398342871317666
0 57.958984375 15.169270833333334 6.587839704871492 8.783786273161988
0 56.4453125 14.127604166666666 6.3576253222655215 8.476833763020695
0 67.7734375 15.299479166666666 6.61605328023645 8.821404373648601
0 69.384765625 14.84375 6.516771394062079 8.689028525416106
0 72.55859375 14.2578125 6.386855937639267 8.515807916852356
0 79.1015625 17.122395833333336 6.9991119025755095 9.332149203434014
0 65.234375 21.6796875 7.875664001809045 10.500885335745393
0 85.693359375 35.09114583333333 10.019809057239993 13.359745409653323
0 64.990234375 33.52864583333333 9.794193442310311 13.05892458974708
0 70.3125 33.33333333333333 9.765625 13.020833333333334
