0 43.408203125 86.5234375 15.733580022766407 20.97810669702188
0 36.767578125 63.997395833333336 13.531371629269632 18.041828839026174
0 1.708984375 60.221354166666664 13.126106669681741 17.501475559575656
0 7.51953125 42.25260416666667 10.994801962067763 14.659735949423682
0 3.80859375 31.770833333333332 9.53399618640949 12.711994915212655
0 22.75390625 50.390625 12.007028547916262 16.00937139722168
0 34.66796875 42.83854166666667 11.070774625986973 14.761032834649296
0 52.197265625 48.828125 11.819407184470878 15.759209579294502
0 68.017578125 60.807291666666664 13.18980882871967 17.586411771626228
0 86.9140625 65.29947916666666 13.668332322118342 18.224443096157792
0 94.140625 95.1171875 16.49643768522898 21.995250246971974
0 78.564453125 55.143229166666664 12.560495377964282 16.74732717061904
0 96.435546875 54.296875 12.463731601966636 16.61830880262218
0 98.388671875 41.47135416666667 10.892680845687712 14.523574460916949
0 97.94921875 29.817708333333332 9.236295135755345 12.315060181007127
0 88.76953125 32.94270833333333 9.708235913444133 12.944314551258843
0 85.7421875 36.97916666666667 10.285827359834423 13.714436479779232
0 80.2734375 38.8671875 10.545137050275265 14.060182733700355
0 65.478515625 42.83854166666667 11.070774625986973 14.761032834649296
0 59.66796875 35.546875 10.084662867345157 13.44621715646021
0 49.8046875 36.97916666666667 10.285827359834423 13.714436479779232
0 41.943359375 32.6171875 9.660151239834237 12.880201653112316
0 33.30078125 34.5703125 9.945172568847854 13.26023009179714
0 17.333984375 32.74739583333333 9.679413773897526 12.905885031863368
0 8.88671875 26.888020833333332 8.770817787597604 11.694423716796805
0 12.353515625 20.052083333333336 7.574263699945591 10.099018266594122
0 3.759765625 25.065104166666668 8.468284256293707 11.291045675058275
0 2.490234375 16.341145833333336 6.837572174807153 9.116762899742872
0 4.4921875 21.09375 7.768507117527988 10.358009490037318
0 8.3984375 19.53125 7.475249459177179 9.966999278902906
0 2.734375 19.791666666666664 7.524919437217989 10.033225916290652
0 48.876953125 29.231770833333332 9.145095253766906 12.193460338355873
0 41.845703125 25.455729166666668 8.53401578009617 11.378687706794894
0 32.421875 29.622395833333332 9.205995562132786 12.274660749510382
0 27.685546875 24.479166666666664 8.36871899463018 11.15829199284024
0 22.021484375 26.5625 8.717563999686098 11.62341866624813
0 20.41015625 20.963541666666664 7.7444931277157725 10.325990836954363
0 16.259765625 20.5078125 7.659851317145468 10.21313508952729
0 28.90625 13.216145833333334 6.149121606326259 8.198828808435012
0 40.869140625 21.614583333333336 7.863829789260941 10.485106385681254
0 47.265625 22.981770833333336 8.108722079825698 10.811629439767596
0 50.048828125 19.7265625 7.512532730158185 10.01671030687758
0 47.265625 17.838541666666664 7.143981879101334 9.525309172135112
0 53.759765625 13.932291666666666 6.313525654778199 8.418034206370931
0 56.15234375 16.341145833333336 6.837572174807153 9.116762899742872
0 60.400390625 21.6796875 7.875664001809045 10.500885335745393
0 58.935546875 25.78125 8.588407763348565 11.451210351131419
0 66.455078125 24.479166666666664 8.36871899463018 11.15829199284024
0 73.92578125 27.864583333333332 8.928673607377803 11.904898143170405
0 74.658203125 33.13802083333333 9.736972737758677 12.982630317011571
0 89.404296875 27.083333333333332 8.802615418613255 11.736820558151006
0 79.052734375 28.450520833333332 9.02206146184966 12.029415282466214
0 81.0546875 24.544270833333336 8.379840220792225 11.173120294389632
0 76.806640625 22.265625 7.981382342908947 10.641843123878598
0 78.955078125 17.578125 7.091644310682526 9.455525747576702
0 82.421875 18.815104166666664 7.336923388776433 9.782564518368577
0 86.1328125 16.666666666666664 6.905339660024879 9.207119546699838
0 86.767578125 22.591145833333336 8.039514082226251 10.719352109635
0 93.1640625 23.958333333333336 8.279211405182211 11.038948540242949
0 96.728515625 23.828125 8.256682897014576 11.008910529352768
0 95.263671875 20.377604166666664 7.635495607419925 10.180660809893233
0 91.015625 23.958333333333336 8.279211405182211 11.038948540242949
0 84.228515625 20.638020833333336 7.684129829110212 10.245506438813615
0 69.970703125 18.880208333333336 7.349606066157407 9.799474754876544
0 71.58203125 22.591145833333336 8.039514082226251 10.719352109635
0 63.232421875 17.513020833333336 7.0784994535786145 9.437999271438152
0 59.1796875 19.53125 7.475249459177179 9.966999278902906
0 41.50390625 16.861979166666664 6.945682786096826 9.260910381462436
0 36.9140625 17.1875 7.012405574387241 9.349874099182989
0 34.27734375 13.802083333333334 6.283953943473511 8.378605257964681
0 30.76171875 13.8671875 6.298757153488249 8.398342871317666
0 17.822265625 13.932291666666666 6.313525654778199 8.418034206370931
0 22.4609375 16.6015625 6.891839471823862 9.189119295765149
0 18.310546875 18.75 7.32421875 9.765625
0 26.3671875 14.84375 6.516771394062079 8.689028525416106
0 26.708984375 19.596354166666664 7.487697843252746 9.983597124336994
0 30.37109375 19.205729166666664 7.412693970636669 9.883591960848893
0 10.888671875 17.708333333333336 7.117861199762329 9.490481599683106
0 4.296875 16.731770833333336 6.9188135063199665 9.225084675093289
0 66.69921875 17.057291666666664 6.985792933508055 9.31439057801074
0 69.775390625 13.541666666666666 6.224389054678692 8.299185406238257
0 84.765625 15.690104166666666 6.699981201202437 8.933308268269917
0 92.333984375 21.2890625 7.804389558437758 10.405852744583676
0 88.28125 20.052083333333336 7.574263699945591 10.099018266594122
0 99.31640625 32.03125 9.572990198582838 12.763986931443785
0 98.876953125 27.994791666666668 8.94951068030712 11.932680907076158
0 99.12109375 20.638020833333336 7.684129829110212 10.245506438813615
0 93.359375 18.815104166666664 7.336923388776433 9.782564518368577
0 58.154296875 13.4765625 6.209408553886659 8.279211405182211
0 47.900390625 15.364583333333334 6.6301150458985685 8.840153394531425
0 50.9765625 17.708333333333336 7.117861199762329 9.490481599683106
0 42.041015625 14.0625 6.342959500374307 8.457279333832409
0 24.4140625 15.950520833333334 6.755353888299149 9.0071385177322
0 18.798828125 16.276041666666664 6.823937919616058 9.09858389282141
0 14.794921875 17.903645833333336 7.157006469457137 9.542675292609516
0 9.814453125 20.963541666666664 7.7444931277157725 10.325990836954363
0 6.8359375 17.903645833333336 7.157006469457137 9.542675292609516
0 31.494140625 21.614583333333336 7.863829789260941 10.485106385681254
0 32.2265625 15.8203125 6.72772451325946 8.970299351012613
0 29.541015625 16.666666666666664 6.905339660024879 9.207119546699838
0 45.068359375 15.364583333333334 6.6301150458985685 8.840153394531425
0 65.234375 15.299479166666666 6.61605328023645 8.821404373648601
0 91.748046875 30.989583333333332 9.416045300623482 12.554727067497975
0 35.693359375 15.299479166666666 6.61605328023645 8.821404373648601
0 43.408203125 15.0390625 6.559504779115197 8.746006372153596
0 60.83984375 17.252604166666664 7.025674092542321 9.367565456723094
0 78.125 15.950520833333334 6.755353888299149 9.0071385177322
0 59.716796875 13.8671875 6.298757153488249 8.398342871317666
0 96.19140625 19.205729166666664 7.412693970636669 9.883591960848893
0 82.32421875 16.861979166666664 6.945682786096826 9.260910381462436
0 0.732421875 19.270833333333336 7.425247229367944 9.900329639157258
0 28.22265625 15.690104166666666 6.699981201202437 8.933308268269917
0 61.083984375 30.533854166666668 9.346553241646458 12.462070988861944
0 80.908203125 22.330729166666664 7.993042513249997 10.657390017666662
0 6.396484375 21.484375 7.840107775064166 10.453477033418888
0 20.41015625 18.229166666666664 7.221777078979024 9.629036105305365
0 27.9296875 17.96875 7.170007400189656 9.56000986691954
0 8.642578125 17.578125 7.091644310682526 9.455525747576702
