0 74.51171875 64.84375 13.620552737073607 18.16073698276481
0 76.220703125 49.73958333333333 11.929211600153849 15.905615466871797
0 96.337890625 68.1640625 13.96491844317328 18.619891257564372
0 92.1875 57.161458333333336 12.788285424656348 17.05104723287513
0 89.111328125 46.15885416666667 11.491803212745808 15.322404283661076
0 94.53125 39.51822916666667 10.633088006704314 14.177450675605751
0 88.0859375 37.109375 10.30392029793343 13.738560397244573
0 82.080078125 38.28125 10.46534924284805 13.953798990464069
0 70.99609375 41.73177083333333 10.926827264384862 14.569103019179815
0 61.62109375 53.971354166666664 12.426314130555623 16.568418840740833
0 98.974609375 35.546875 10.084662867345157 13.44621715646021
0 98.046875 26.692708333333332 8.738904457566134 11.651872610088178
0 90.380859375 32.55208333333333 9.650505554713073 12.86734073961743
0 97.94921875 30.46875 9.336583582018038 12.448778109357384
0 99.169921875 22.4609375 8.016311973000304 10.688415964000404
0 85.595703125 32.55208333333333 9.650505554713073 12.86734073961743
0 96.826171875 23.372395833333336 8.177344364608315 10.903125819477753
0 82.91015625 29.817708333333332 9.236295135755345 12.315060181007127
0 82.91015625 29.817708333333332 9.236295135755345 12.315060181007127
0 89.453125 27.734375 8.907787792557633 11.877050390076842
0 75.1953125 31.380208333333332 9.475204282385269 12.633605709847027
0 94.873046875 20.963541666666664 7.7444931277157725 10.325990836954363
0 72.802734375 36.328125 10.194881035455362 13.593174713940485
0 93.212890625 21.09375 7.768507117527988 10.358009490037318
0 75.87890625 23.958333333333336 8.279211405182211 11.038948540242949
0 94.091796875 24.739583333333336 8.413115693414442 11.217487591219255
0 79.150390625 27.408854166666668 8.855357744474432 11.807143659299243
0 91.69921875 25.455729166666668 8.53401578009617 11.378687706794894
0 85.7421875 28.059895833333332 8.959911044862793 11.946548059817056
0 76.220703125 17.057291666666664 6.985792933508055 9.31439057801074
0 91.259765625 21.549479166666664 7.85197774064246 10.469303654189947
0 78.80859375 16.861979166666664 6.945682786096826 9.260910381462436
0 70.458984375 23.177083333333336 8.143105507889608 10.857474010519478
0 85.400390625 18.684895833333336 7.311492035346033 9.748656047128044
0 73.6328125 19.596354166666664 7.487697843252746 9.983597124336994
0 86.5234375 21.09375 7.768507117527988 10.358009490037318
0 73.388671875 16.6015625 6.891839471823862 9.189119295765149
0 80.2734375 19.140625 7.400119417103358 9.866825889471144
0 69.43359375 20.5078125 7.659851317145468 10.21313508952729
0 84.228515625 21.223958333333336 7.792447103762027 10.389929471682702
0 65.576171875 20.768229166666664 7.708331872750909 10.277775830334546
0 80.95703125 23.958333333333336 8.279211405182211 11.038948540242949
0 66.259765625 25.911458333333332 8.610068346964042 11.480091129285388
0 78.125 21.223958333333336 7.792447103762027 10.389929471682702
0 65.13671875 29.557291666666668 9.195873518871684 12.261164691828911
0 88.76953125 23.372395833333336 8.177344364608315 10.903125819477753
0 64.794921875 16.6015625 6.891839471823862 9.189119295765149
0 87.890625 25.78125 8.588407763348565 11.451210351131419
0 67.96875 16.40625 6.8511792970714245 9.134905729428567
0 89.55078125 21.09375 7.768507117527988 10.358009490037318
0 66.162109375 15.494791666666666 6.658149484030587 8.877532645374115
0 57.32421875 26.3671875 8.685454999241765 11.580606665655687
0 61.865234375 13.411458333333334 6.194391824397107 8.259189099196142
0 58.447265625 22.4609375 8.016311973000304 10.688415964000404
0 55.76171875 14.127604166666666 6.3576253222655215 8.476833763020695
0 62.3046875 18.229166666666664 7.221777078979024 9.629036105305365
0 49.658203125 15.690104166666666 6.699981201202437 8.933308268269917
0 56.54296875 20.052083333333336 7.574263699945591 10.099018266594122
0 48.828125 20.768229166666664 7.708331872750909 10.277775830334546
0 60.15625 16.861979166666664 6.945682786096826 9.260910381462436
0 51.66015625 19.270833333333336 7.425247229367944 9.900329639157258
0 51.46484375 30.924479166666668 9.406149296522488 12.541532395363317
0 54.4921875 17.903645833333336 7.157006469457137 9.542675292609516
0 46.337890625 25.651041666666668 8.566692411876344 11.422256549168457
0 52.685546875 15.0390625 6.559504779115197 8.746006372153596
0 62.060546875 42.96875 11.087586745962493 14.783448994616657
0 43.65234375 15.950520833333334 6.755353888299149 9.0071385177322
0 39.794921875 26.497395833333332 8.706874156303165 11.609165541737553
0 47.509765625 17.643229166666664 7.104764847914316 9.473019797219088
0 43.06640625 31.8359375 9.543759625922785 12.725012834563712
0 44.189453125 17.903645833333336 7.157006469457137 9.542675292609516
0 39.013671875 37.56510416666667 10.366996918617573 13.822662558156765
0 46.142578125 16.40625 6.8511792970714245 9.134905729428567
0 41.943359375 23.502604166666664 8.200090846279542 10.933454461706056
0 34.814453125 22.786458333333336 8.074192233473482 10.765589644631309
0 41.50390625 16.145833333333336 6.796587356970242 9.062116475960323
0 29.052734375 26.692708333333332 8.738904457566134 11.651872610088178
0 39.35546875 19.921875 7.549631882844837 10.066175843793117
0 31.54296875 31.510416666666668 9.494842032534208 12.659789376712277
0 39.697265625 16.40625 6.8511792970714245 9.134905729428567
0 20.80078125 29.231770833333332 9.145095253766906 12.193460338355873
0 37.890625 17.057291666666664 6.985792933508055 9.31439057801074
0 26.5625 24.869791666666664 8.435226416678011 11.246968555570682
0 35.7421875 17.1875 7.012405574387241 9.349874099182989
0 30.615234375 22.786458333333336 8.074192233473482 10.765589644631309
0 18.06640625 17.317708333333336 7.038917599286375 9.385223465715166
0 32.91015625 15.8203125 6.72772451325946 8.970299351012613
0 19.775390625 18.229166666666664 7.221777078979024 9.629036105305365
0 34.228515625 18.359375 7.247523246483103 9.663364328644137
0 20.8984375 15.8203125 6.72772451325946 8.970299351012613
0 31.640625 19.140625 7.400119417103358 9.866825889471144
0 15.91796875 15.234375 6.60196156395994 8.802615418613254
0 29.296875 16.6015625 6.891839471823862 9.189119295765149
0 14.55078125 17.1875 7.012405574387241 9.349874099182989
0 27.783203125 16.145833333333336 6.796587356970242 9.062116475960323
0 20.01953125 23.6328125 8.222774405094897 10.963699206793196
0 23.828125 16.276041666666664 6.823937919616058 9.09858389282141
0 14.892578125 25.325520833333332 8.512161670520847 11.349548894027794
0 22.021484375 16.861979166666664 6.945682786096826 9.260910381462436
0 16.943359375 23.046875 8.120199399200482 10.82693253226731
0 23.388671875 19.921875 7.549631882844837 10.066175843793117
0 12.646484375 22.786458333333336 8.074192233473482 10.765589644631309
0 25.78125 19.921875 7.549631882844837 10.066175843793117
0 11.279296875 16.6015625 6.891839471823862 9.189119295765149
0 29.150390625 21.549479166666664 7.85197774064246 10.469303654189947
0 11.083984375 20.5078125 7.659851317145468 10.21313508952729
0 11.279296875 33.13802083333333 9.736972737758677 12.982630317011571
0 8.69140625 16.731770833333336 6.9188135063199665 9.225084675093289
0 22.802734375 38.15104166666667 10.447535869521296 13.930047826028394
0 8.7890625 28.3203125 9.001392336274797 12.001856448366395
0 6.787109375 17.903645833333336 7.157006469457137 9.542675292609516
0 4.296875 26.953125 8.78142979122202 11.708573054962693
0 2.24609375 18.684895833333336 7.311492035346033 9.748656047128044
0 8.10546875 22.330729166666664 7.993042513249997 10.657390017666662
0 1.46484375 34.83072916666667 9.982560567502519 13.310080756670025
0 4.58984375 22.786458333333336 8.074192233473482 10.765589644631309
0 2.24609375 53.255208333333336 12.343596445408132 16.45812859387751
0 5.76171875 20.768229166666664 7.708331872750909 10.277775830334546
0 4.4921875 33.13802083333333 9.736972737758677 12.982630317011571
0 1.5625 24.4140625 8.357582969744357 11.143443959659143
0 23.974609375 55.208333333333336 12.567907886947022 16.757210515929362
0 5.17578125 74.8046875 14.629351579842387 19.505802106456514
0 28.955078125 64.0625 13.538252571300557 18.051003428400744
0 43.408203125 67.25260416666666 13.871238009476944 18.494984012635925
0 44.775390625 58.528645833333336 12.940316801217158 17.25375573495621
0 41.6015625 45.703125 11.434932858395506 15.24657714452734
0 55.17578125 33.13802083333333 9.736972737758677 12.982630317011571
0 59.033203125 38.60677083333333 10.509750584547465 14.01300077939662
0 19.53125 21.09375 7.768507117527988 10.358009490037318
0 59.47265625 19.921875 7.549631882844837 10.066175843793117
0 58.447265625 15.690104166666666 6.699981201202437 8.933308268269917
0 69.873046875 16.276041666666664 6.823937919616058 9.09858389282141
0 4.736328125 17.7734375 7.130933499479933 9.50791133263991
0 84.912109375 24.283854166666664 8.33526628646708 11.113688381956106
0 81.298828125 17.903645833333336 7.157006469457137 9.542675292609516
