0 39.6484375 22.135416666666664 7.958010748538389 10.610680998051187
0 16.69921875 19.270833333333336 7.425247229367944 9.900329639157258
0 77.5390625 21.09375 7.768507117527988 10.358009490037318
0 58.59375 15.299479166666666 6.61605328023645 8.821404373648601
0 19.677734375 17.317708333333336 7.038917599286375 9.385223465715166
0 8.203125 19.921875 7.549631882844837 10.066175843793117
0 67.041015625 15.8203125 6.72772451325946 8.970299351012613
0 55.46875 13.997395833333334 6.328259690346595 8.437679587128793
0 11.71875 18.424479166666664 7.2603620931215325 9.680482790828709
0 3.7109375 18.619791666666664 7.298743129334349 9.731657505779133
0 95.60546875 27.408854166666668 8.855357744474432 11.807143659299243
0 83.3984375 19.791666666666664 7.524919437217989 10.033225916290652
0 98.876953125 21.419270833333336 7.828219811023351 10.437626414697803
0 84.912109375 18.619791666666664 7.298743129334349 9.731657505779133
0 61.572265625 14.6484375 6.473755931273323 8.631674575031097
0 28.173828125 16.796875 6.932261164306974 9.243014885742634
