0 46.240234375 85.61197916666666 15.650489996286726 20.86731999504897
0 47.0703125 69.66145833333334 14.117472541772921 18.823296722363896
0 8.203125 72.65625 14.417739027121234 19.223652036161646
0 22.0703125 60.026041666666664 13.104803804677667 17.473071739570223
0 27.5390625 49.15364583333333 11.85873976301602 15.811653017354693
0 42.236328125 46.41927083333333 11.524174553527347 15.365566071369797
0 60.693359375 52.9296875 12.305813692416963 16.407751589889283
0 79.052734375 51.3671875 12.122817423120853 16.16375656416114
0 60.3515625 42.51302083333333 11.02863220189981 14.704842935866417
0 48.486328125 37.109375 10.30392029793343 13.738560397244573
0 41.50390625 35.67708333333333 10.103116062772735 13.470821417030313
0 21.142578125 40.88541666666667 10.81545724284018 14.42060965712024
0 12.5 34.5703125 9.945172568847854 13.26023009179714
0 3.61328125 26.888020833333332 8.770817787597604 11.694423716796805
0 26.46484375 31.901041666666668 9.55351308746248 12.738017449949975
0 35.25390625 24.0234375 8.290452702152177 11.053936936202902
0 43.994140625 26.692708333333332 8.738904457566134 11.651872610088178
0 71.58203125 41.86197916666667 10.943860520654974 14.591814027539964
0 87.5 45.18229166666667 11.36958984997385 15.159453133298467
0 94.23828125 56.575520833333336 12.722572989304096 16.96343065240546
0 98.046875 68.5546875 14.004875373027058 18.673167164036077
0 83.10546875 40.625 10.780958088779109 14.374610785038813
0 95.068359375 42.1875 10.986328125 14.6484375
0 81.54296875 31.25 9.4555257475767 12.607367663435602
0 68.65234375 30.794270833333332 9.386325988299376 12.515101317732501
0 58.349609375 33.203125 9.746532850751532 12.995377134335376
0 53.22265625 18.815104166666664 7.336923388776433 9.782564518368577
0 59.27734375 13.606770833333334 6.2393335877260965 8.319111450301463
0 80.029296875 24.153645833333336 8.312889692307273 11.083852923076364
0 91.748046875 29.361979166666668 9.16544031840894 12.220587091211922
0 53.125 30.013020833333332 9.266495636406846 12.35532751520913
0 19.23828125 24.8046875 8.424178309229896 11.23223774563986
0 13.330078125 23.2421875 8.154534433525017 10.872712578033356
0 31.201171875 17.838541666666664 7.143981879101334 9.525309172135112
0 17.333984375 15.169270833333334 6.587839704871492 8.783786273161988
0 8.59375 21.158854166666664 7.780486318348366 10.373981757797822
0 27.5390625 24.934895833333336 8.446260072691679 11.26168009692224
0 9.765625 29.361979166666668 9.16544031840894 12.220587091211922
0 40.185546875 22.4609375 8.016311973000304 10.688415964000404
0 56.689453125 20.377604166666664 7.635495607419925 10.180660809893233
0 66.9921875 20.703125 7.6962403643301345 10.261653819106845
0 75.146484375 30.6640625 9.366460725843998 12.48861430112533
0 65.33203125 25.911458333333332 8.610068346964042 11.480091129285388
0 75.390625 24.348958333333336 8.346432086900233 11.128576115866979
0 87.353515625 18.489583333333336 7.273178276253042 9.697571035004056
0 97.55859375 21.940104166666664 7.92282408798045 10.5637654506406
0 78.369140625 27.669270833333332 8.897326499702912 11.863101999603883
0 86.669921875 36.00260416666667 10.149102263376399 13.53213635116853
0 87.5 22.916666666666664 8.097228492078614 10.796304656104818
0 91.162109375 32.35677083333333 9.621510480001493 12.828680640001991
0 78.125 21.940104166666664 7.92282408798045 10.5637654506406
0 71.728515625 21.158854166666664 7.780486318348366 10.373981757797822
0 59.423828125 16.731770833333336 6.9188135063199665 9.225084675093289
0 50.732421875 25.911458333333332 8.610068346964042 11.480091129285388
0 44.140625 16.6015625 6.891839471823862 9.189119295765149
0 34.27734375 16.40625 6.8511792970714245 9.134905729428567
0 27.294921875 15.494791666666666 6.658149484030587 8.877532645374115
0 25.048828125 18.1640625 7.208869513560617 9.611826018080823
0 41.748046875 15.494791666666666 6.658149484030587 8.877532645374115
0 47.314453125 21.028645833333336 7.756509415978292 10.342012554637723
0 59.033203125 24.479166666666664 8.36871899463018 11.15829199284024
0 72.802734375 37.109375 10.30392029793343 13.738560397244573
0 57.6171875 27.34375 8.84483443981289 11.793112586417188
0 69.482421875 25.260416666666668 8.501213548086012 11.334951397448016
0 64.2578125 21.354166666666664 7.816313766397521 10.421751688530028
0 83.447265625 22.591145833333336 8.039514082226251 10.719352109635
0 76.46484375 17.838541666666664 7.143981879101334 9.525309172135112
0 93.505859375 22.916666666666664 8.097228492078614 10.796304656104818
0 31.4453125 31.770833333333332 9.53399618640949 12.711994915212655
0 16.015625 21.158854166666664 7.780486318348366 10.373981757797822
0 3.369140625 18.619791666666664 7.298743129334349 9.731657505779133
0 51.806640625 16.276041666666664 6.823937919616058 9.09858389282141
0 60.009765625 20.703125 7.6962403643301345 10.261653819106845
0 79.443359375 19.270833333333336 7.425247229367944 9.900329639157258
0 96.142578125 27.34375 8.84483443981289 11.793112586417188
0 64.16015625 29.8828125 9.24637292940864 12.32849723921152
0 31.298828125 23.372395833333336 8.177344364608315 10.903125819477753
0 27.392578125 22.591145833333336 8.039514082226251 10.719352109635
0 13.76953125 20.052083333333336 7.574263699945591 10.099018266594122
0 20.41015625 16.6015625 6.891839471823862 9.189119295765149
0 22.412109375 17.708333333333336 7.117861199762329 9.490481599683106
0 38.427734375 27.34375 8.84483443981289 11.793112586417188
0 82.6171875 19.140625 7.400119417103358 9.866825889471144
0 68.896484375 17.1875 7.012405574387241 9.349874099182989
0 65.576171875 17.1875 7.012405574387241 9.349874099182989
0 2.197265625 55.794270833333336 12.634424770803498 16.845899694404665
0 60.9375 37.3046875 10.331000292853245 13.77466705713766
0 48.73046875 29.557291666666668 9.195873518871684 12.261164691828911
0 70.556640625 15.625 6.686066375795484 8.914755167727312
0 90.087890625 19.7265625 7.512532730158185 10.01671030687758
0 96.728515625 34.30989583333333 9.907643481901811 13.210191309202415
0 34.521484375 19.7265625 7.512532730158185 10.01671030687758
0 23.388671875 20.703125 7.6962403643301345 10.261653819106845
0 17.919921875 18.489583333333336 7.273178276253042 9.697571035004056
0 10.595703125 19.270833333333336 7.425247229367944 9.900329639157258
0 12.01171875 17.1875 7.012405574387241 9.349874099182989
0 14.2578125 18.294270833333336 7.234661615679748 9.646215487572997
0 28.22265625 19.596354166666664 7.487697843252746 9.983597124336994
0 51.123046875 19.7265625 7.512532730158185 10.01671030687758
0 94.921875 21.809895833333336 7.8992792392241125 10.532372318965482
