0 84.27734375 68.359375 13.984911178454102 18.646548237938802
0 98.681640625 44.140625 11.237764062208234 14.983685416277645
0 62.158203125 34.11458333333333 9.87940311049722 13.17253748066296
0 86.23046875 28.190104166666668 8.980675640601907 11.974234187469209
0 73.681640625 22.0703125 7.946299173761924 10.595065565015899
0 52.099609375 25.716145833333332 8.57755695956738 11.436742612756506
0 46.728515625 29.361979166666668 9.16544031840894 12.220587091211922
0 23.193359375 33.33333333333333 9.765625 13.020833333333334
0 15.673828125 15.8203125 6.72772451325946 8.970299351012613
0 2.44140625 30.598958333333332 9.35651227829339 12.475349704391189
0 58.69140625 21.2890625 7.804389558437758 10.405852744583676
0 54.736328125 15.364583333333334 6.6301150458985685 8.840153394531425
0 35.888671875 19.466145833333336 7.462780310447684 9.950373747263578
0 78.90625 22.65625 8.051090062422436 10.734786749896582
0 91.943359375 28.90625 9.094033462982996 12.125377950643994
0 99.560546875 32.74739583333333 9.679413773897526 12.905885031863368
0 81.884765625 18.424479166666664 7.2603620931215325 9.680482790828709
0 60.302734375 15.0390625 6.559504779115197 8.746006372153596
0 95.01953125 24.0234375 8.290452702152177 11.053936936202902
0 88.525390625 19.466145833333336 7.462780310447684 9.950373747263578
0 63.037109375 16.6015625 6.891839471823862 9.189119295765149
0 86.81640625 19.010416666666664 7.37490598974278 9.833207986323707
0 51.26953125 21.028645833333336 7.756509415978292 10.342012554637723
0 66.455078125 17.838541666666664 7.143981879101334 9.525309172135112
0 99.0234375 23.567708333333336 8.211440458419013 10.948587277892017
0 73.4375 14.583333333333334 6.459353786778786 8.612471715705048
0 56.298828125 13.997395833333334 6.328259690346595 8.437679587128793
0 19.3359375 20.833333333333336 7.720404443770458 10.293872591693944
0 6.640625 22.0703125 7.946299173761924 10.595065565015899
0 22.65625 15.950520833333334 6.755353888299149 9.0071385177322
0 42.822265625 16.927083333333336 6.959078522333606 9.278771363111476
0 37.6953125 15.950520833333334 6.755353888299149 9.0071385177322
0 26.26953125 14.453125 6.430452730012657 8.57393697335021
0 10.791015625 16.40625 6.8511792970714245 9.134905729428567
0 47.65625 14.778645833333334 6.502464524127966 8.669952698837287
0 77.783203125 18.098958333333336 7.195938795502683 9.594585060670244
0 97.75390625 19.205729166666664 7.412693970636669 9.883591960848893
0 70.80078125 13.216145833333334 6.149121606326259 8.198828808435012
0 85.888671875 17.057291666666664 6.985792933508055 9.31439057801074
0 95.1171875 19.205729166666664 7.412693970636669 9.883591960848893
0 39.74609375 14.127604166666666 6.3576253222655215 8.476833763020695
0 32.666015625 17.3828125 7.052136235529384 9.40284831403918
0 0.927734375 15.364583333333334 6.6301150458985685 8.840153394531425
0 29.931640625 14.583333333333334 6.459353786778786 8.612471715705048
0 44.580078125 15.234375 6.60196156395994 8.802615418613254
0 33.69140625 13.411458333333334 6.194391824397107 8.259189099196142
0 19.091796875 13.671875 6.254242410864013 8.338989881152017
0 35.64453125 15.690104166666666 6.699981201202437 8.933308268269917
0 30.078125 20.247395833333336 7.611061958825638 10.148082611767517
0 14.892578125 20.1171875 7.586549618320344 10.115399491093791
0 5.95703125 14.583333333333334 6.459353786778786 8.612471715705048
0 49.560546875 12.760416666666666 6.042172202521769 8.056229603362357
0 66.015625 12.630208333333334 6.011265748166568 8.015020997555423
0 88.37890625 14.908854166666666 6.531046923532928 8.708062564710572
0 89.208984375 23.567708333333336 8.211440458419013 10.948587277892017
0 75.927734375 19.010416666666664 7.37490598974278 9.833207986323707
0 67.96875 14.453125 6.430452730012657 8.57393697335021
0 59.27734375 13.8671875 6.298757153488249 8.398342871317666
0 21.484375 13.541666666666666 6.224389054678692 8.299185406238257
0 61.328125 11.393229166666668 5.7093160808928545 7.612421441190473
0 64.208984375 13.0859375 6.118755388111396 8.15834051748186
