0 30.419921875 42.51302083333333 11.02863220189981 14.704842935866417
0 3.515625 23.372395833333336 8.177344364608315 10.903125819477753
0 57.177734375 36.39322916666667 10.204012144348443 13.605349525797925
0 37.939453125 25.455729166666668 8.53401578009617 11.378687706794894
0 76.123046875 35.80729166666667 10.121535615098267 13.495380820131023
0 28.173828125 21.940104166666664 7.92282408798045 10.5637654506406
0 62.40234375 24.609375 8.39094670707246 11.187928942763282
0 78.125 27.408854166666668 8.855357744474432 11.807143659299243
0 4.58984375 20.182291666666664 7.598815672600545 10.13175423013406
0 22.509765625 17.057291666666664 6.985792933508055 9.31439057801074
0 0.87890625 18.815104166666664 7.336923388776433 9.782564518368577
0 12.890625 16.861979166666664 6.945682786096826 9.260910381462436
0 25.0 20.182291666666664 7.598815672600545 10.13175423013406
0 8.154296875 18.098958333333336 7.195938795502683 9.594585060670244
0 17.48046875 15.8203125 6.72772451325946 8.970299351012613
0 10.888671875 17.1875 7.012405574387241 9.349874099182989
0 5.908203125 18.294270833333336 7.234661615679748 9.646215487572997
0 26.708984375 20.572916666666664 7.672000176987631 10.229333569316841
0 27.783203125 15.8203125 6.72772451325946 8.970299351012613
0 23.828125 15.299479166666666 6.61605328023645 8.821404373648601
0 25.68359375 14.908854166666666 6.531046923532928 8.708062564710572
0 33.154296875 16.145833333333336 6.796587356970242 9.062116475960323
0 47.412109375 20.572916666666664 7.672000176987631 10.229333569316841
0 98.388671875 31.966145833333332 9.56325660155786 12.751008802077147
0 86.81640625 25.651041666666668 8.566692411876344 11.422256549168457
0 69.140625 21.809895833333336 7.8992792392241125 10.532372318965482
0 54.931640625 18.9453125 7.3622668956389274 9.816355860851903
0 36.865234375 18.815104166666664 7.336923388776433 9.782564518368577
0 51.904296875 16.015625 6.7691262856502785 9.025501714200372
0 40.4296875 15.8203125 6.72772451325946 8.970299351012613
0 58.740234375 14.583333333333334 6.459353786778786 8.612471715705048
0 45.80078125 15.299479166666666 6.61605328023645 8.821404373648601
0 75.1953125 20.182291666666664 7.598815672600545 10.13175423013406
0 41.748046875 15.104166666666666 6.573687508709111 8.764916678278816
0 56.103515625 14.0625 6.342959500374307 8.457279333832409
0 42.28515625 15.625 6.686066375795484 8.914755167727312
0 64.2578125 15.8203125 6.72772451325946 8.970299351012613
0 95.1171875 23.177083333333336 8.143105507889608 10.857474010519478
0 81.15234375 22.8515625 8.085718566584333 10.780958088779109
0 98.53515625 19.53125 7.475249459177179 9.966999278902906
0 77.05078125 20.182291666666664 7.598815672600545 10.13175423013406
0 91.015625 21.614583333333336 7.863829789260941 10.485106385681254
0 67.041015625 16.015625 6.7691262856502785 9.025501714200372
0 86.81640625 19.661458333333336 7.500125566067204 10.00016742142294
0 73.2421875 15.299479166666666 6.61605328023645 8.821404373648601
0 94.189453125 20.572916666666664 7.672000176987631 10.229333569316841
0 84.9609375 18.294270833333336 7.234661615679748 9.646215487572997
0 81.15234375 18.294270833333336 7.234661615679748 9.646215487572997
0 78.22265625 14.388020833333334 6.415953381844678 8.554604509126236
0 78.515625 17.057291666666664 6.985792933508055 9.31439057801074
0 74.267578125 18.619791666666664 7.298743129334349 9.731657505779133
0 81.25 18.098958333333336 7.195938795502683 9.594585060670244
0 69.384765625 15.104166666666666 6.573687508709111 8.764916678278816
0 65.869140625 16.145833333333336 6.796587356970242 9.062116475960323
0 67.28515625 15.8203125 6.72772451325946 8.970299351012613
0 83.10546875 20.182291666666664 7.598815672600545 10.13175423013406
0 78.515625 16.666666666666664 6.905339660024879 9.207119546699838
