0 59.716796875 33.26822916666667 9.756083595670033 13.008111460893376
0 43.75 13.997395833333334 6.328259690346595 8.437679587128793
0 55.859375 23.763020833333336 8.245395560367612 10.993860747156816
0 95.947265625 23.307291666666664 8.165947363439729 10.88792981791964
0 84.66796875 19.791666666666664 7.524919437217989 10.033225916290652
0 97.55859375 19.791666666666664 7.524919437217989 10.033225916290652
0 26.025390625 18.294270833333336 7.234661615679748 9.646215487572997
0 7.568359375 17.122395833333336 6.9991119025755095 9.332149203434014
0 29.296875 14.973958333333334 6.545291317604741 8.727055090139656
0 12.20703125 18.619791666666664 7.298743129334349 9.731657505779133
0 57.373046875 17.96875 7.170007400189656 9.56000986691954
0 78.076171875 17.317708333333336 7.038917599286375 9.385223465715166
0 92.28515625 18.1640625 7.208869513560617 9.611826018080823
0 56.982421875 13.997395833333334 6.328259690346595 8.437679587128793
0 75.341796875 14.6484375 6.473755931273323 8.631674575031097
0 88.18359375 18.815104166666664 7.336923388776433 9.782564518368577
0 3.564453125 19.661458333333336 7.500125566067204 10.00016742142294
0 38.525390625 16.145833333333336 6.796587356970242 9.062116475960323
0 66.6015625 14.973958333333334 6.545291317604741 8.727055090139656
0 81.201171875 19.140625 7.400119417103358 9.866825889471144
0 46.875 14.778645833333334 6.502464524127966 8.669952698837287
0 1.5625 16.666666666666664 6.905339660024879 9.207119546699838
0 62.841796875 14.322916666666666 6.401421192444773 8.53522825659303
0 39.013671875 14.6484375 6.473755931273323 8.631674575031097
0 11.572265625 16.276041666666664 6.823937919616058 9.09858389282141
0 69.482421875 16.145833333333336 6.796587356970242 9.062116475960323
