0 0.927734375 51.822916666666664 12.176475429235841 16.235300572314458
0 28.662109375 58.723958333333336 12.9618900034151 17.28252000455347
0 27.001953125 60.15625 13.119009558230394 17.492012744307193
0 2.34375 58.463541666666664 12.93311773707098 17.244156982761304
0 18.359375 38.28125 10.46534924284805 13.953798990464069
0 18.26171875 40.8203125 10.806842779312605 14.40912370575014
0 39.013671875 47.98177083333333 11.716524548616007 15.622032731488009
0 90.625 43.1640625 11.112757236348344 14.817009648464458
0 89.599609375 45.76822916666667 11.443074499055587 15.25743266540745
0 93.310546875 57.486979166666664 12.824646844147154 17.099529125529536
0 87.98828125 35.09114583333333 10.019809057239993 13.359745409653323
0 84.47265625 28.3203125 9.001392336274797 12.001856448366395
0 82.080078125 25.78125 8.588407763348565 11.451210351131419
0 74.31640625 24.153645833333336 8.312889692307273 11.083852923076364
0 63.76953125 21.484375 7.840107775064166 10.453477033418888
0 61.376953125 34.44010416666667 9.926425761285763 13.235234348381017
0 24.951171875 19.7265625 7.512532730158185 10.01671030687758
0 0.537109375 20.833333333333336 7.720404443770458 10.293872591693944
0 1.66015625 19.53125 7.475249459177179 9.966999278902906
0 3.515625 19.3359375 7.437779301119349 9.917039068159132
0 6.25 20.703125 7.6962403643301345 10.261653819106845
0 2.685546875 25.1953125 8.490251308132054 11.320335077509403
0 8.837890625 18.5546875 7.28597191547444 9.714629220632586
0 10.400390625 19.140625 7.400119417103358 9.866825889471144
0 12.060546875 18.9453125 7.3622668956389274 9.816355860851903
0 17.67578125 15.950520833333334 6.755353888299149 9.0071385177322
0 13.671875 18.229166666666664 7.221777078979024 9.629036105305365
0 22.16796875 15.950520833333334 6.755353888299149 9.0071385177322
0 21.19140625 15.625 6.686066375795484 8.914755167727312
0 20.361328125 18.098958333333336 7.195938795502683 9.594585060670244
0 23.33984375 17.252604166666664 7.025674092542321 9.367565456723094
0 23.193359375 18.684895833333336 7.311492035346033 9.748656047128044
0 16.357421875 18.489583333333336 7.273178276253042 9.697571035004056
0 18.115234375 18.5546875 7.28597191547444 9.714629220632586
0 18.9453125 21.940104166666664 7.92282408798045 10.5637654506406
0 15.380859375 23.372395833333336 8.177344364608315 10.903125819477753
0 12.6953125 23.893229166666664 8.267954824306681 11.023939765742242
0 7.666015625 27.994791666666668 8.94951068030712 11.932680907076158
0 9.912109375 33.33333333333333 9.765625 13.020833333333334
0 2.880859375 71.875 14.340014800379311 19.12001973383908
0 24.4140625 15.299479166666666 6.61605328023645 8.821404373648601
0 26.66015625 16.927083333333336 6.959078522333606 9.278771363111476
0 28.369140625 17.057291666666664 6.985792933508055 9.31439057801074
0 29.4921875 16.080729166666664 6.782870718656271 9.043827624875028
0 30.76171875 16.40625 6.8511792970714245 9.134905729428567
0 31.54296875 16.145833333333336 6.796587356970242 9.062116475960323
0 31.8359375 17.252604166666664 7.025674092542321 9.367565456723094
0 27.63671875 19.3359375 7.437779301119349 9.917039068159132
0 30.224609375 20.703125 7.6962403643301345 10.261653819106845
0 25.87890625 23.2421875 8.154534433525017 10.872712578033356
0 29.443359375 26.822916666666668 8.760192928715409 11.680257238287211
0 24.658203125 29.231770833333332 9.145095253766906 12.193460338355873
0 20.8984375 28.125 8.970299351012615 11.960399134683486
0 21.875 35.09114583333333 10.019809057239993 13.359745409653323
0 25.927734375 43.42447916666667 11.146229472503464 14.861639296671287
0 23.33984375 54.8828125 12.530801493925663 16.707735325234218
0 33.203125 16.536458333333336 6.878312786611722 9.171083715482297
0 33.984375 19.791666666666664 7.524919437217989 10.033225916290652
0 35.302734375 17.057291666666664 6.985792933508055 9.31439057801074
0 36.5234375 16.276041666666664 6.823937919616058 9.09858389282141
0 37.841796875 16.6015625 6.891839471823862 9.189119295765149
0 39.94140625 15.0390625 6.559504779115197 8.746006372153596
0 40.234375 17.447916666666664 7.065330140863174 9.420440187817565
0 38.818359375 20.052083333333336 7.574263699945591 10.099018266594122
0 41.259765625 21.223958333333336 7.792447103762027 10.389929471682702
0 40.380859375 26.432291666666668 8.696171172348027 11.594894896464037
0 42.67578125 15.494791666666666 6.658149484030587 8.877532645374115
0 44.580078125 16.40625 6.8511792970714245 9.134905729428567
0 46.38671875 16.536458333333336 6.878312786611722 9.171083715482297
0 52.001953125 14.192708333333334 6.372257390692475 8.496343187589966
0 54.1015625 17.708333333333336 7.117861199762329 9.490481599683106
0 52.1484375 17.838541666666664 7.143981879101334 9.525309172135112
0 48.828125 19.856770833333336 7.537285788103314 10.049714384137753
0 46.19140625 22.591145833333336 8.039514082226251 10.719352109635
0 44.23828125 25.5859375 8.555814067917595 11.407752090556793
0 42.822265625 30.533854166666668 9.346553241646458 12.462070988861944
0 49.609375 27.799479166666668 8.918236814088415 11.890982418784553
0 41.2109375 34.765625 9.973226707988399 13.297635610651199
0 41.650390625 44.53125 11.287379155826983 15.049838874435977
0 44.82421875 56.510416666666664 12.715250644531043 16.95366752604139
0 56.005859375 65.10416666666666 13.647875839232116 18.19716778564282
0 43.75 83.26822916666666 15.434776143068593 20.57970152409146
0 54.638671875 14.908854166666666 6.531046923532928 8.708062564710572
0 56.884765625 14.84375 6.516771394062079 8.689028525416106
0 57.51953125 15.4296875 6.644147051109997 8.858862734813329
0 59.228515625 14.6484375 6.473755931273323 8.631674575031097
0 59.423828125 16.796875 6.932261164306974 9.243014885742634
0 58.935546875 21.940104166666664 7.92282408798045 10.5637654506406
0 56.982421875 19.53125 7.475249459177179 9.966999278902906
0 60.107421875 20.182291666666664 7.598815672600545 10.13175423013406
0 56.201171875 24.479166666666664 8.36871899463018 11.15829199284024
0 59.130859375 31.380208333333332 9.475204282385269 12.633605709847027
0 56.25 36.5234375 10.22224989284926 13.629666523799013
0 61.03515625 41.14583333333333 10.849846700824694 14.466462267766259
0 61.865234375 51.7578125 12.168824485703665 16.225099314271553
0 63.671875 18.5546875 7.28597191547444 9.714629220632586
0 65.087890625 16.341145833333336 6.837572174807153 9.116762899742872
0 66.357421875 17.252604166666664 7.025674092542321 9.367565456723094
0 65.4296875 19.401041666666664 7.450290292806215 9.933720390408286
0 69.775390625 19.856770833333336 7.537285788103314 10.049714384137753
0 70.60546875 22.395833333333336 8.00468569861084 10.672914264814453
0 66.748046875 23.4375 8.188725503539269 10.918300671385692
0 65.4296875 27.1484375 8.81318913463968 11.750918846186241
0 74.12109375 18.75 7.32421875 9.765625
0 76.3671875 17.3828125 7.052136235529384 9.40284831403918
0 78.173828125 16.341145833333336 6.837572174807153 9.116762899742872
0 80.37109375 18.5546875 7.28597191547444 9.714629220632586
0 78.369140625 20.442708333333336 7.647683158045451 10.196910877393934
0 76.513671875 22.786458333333336 8.074192233473482 10.765589644631309
0 81.005859375 22.005208333333336 7.9345703125 10.579427083333332
0 79.1015625 24.674479166666664 8.402038511923953 11.202718015898604
0 75.78125 28.971354166666668 9.104268731797058 12.139024975729411
0 72.4609375 34.5703125 9.945172568847854 13.26023009179714
0 70.068359375 39.58333333333333 10.641843123878598 14.189124165171464
0 79.98046875 34.04947916666667 9.869971697263324 13.159962263017766
0 77.197265625 48.37239583333333 11.764120646604239 15.68549419547232
0 84.716796875 23.697916666666664 8.234092750996119 10.978790334661493
0 86.669921875 21.6796875 7.875664001809045 10.500885335745393
0 87.20703125 19.53125 7.475249459177179 9.966999278902906
0 91.357421875 20.377604166666664 7.635495607419925 10.180660809893233
0 92.96875 21.223958333333336 7.792447103762027 10.389929471682702
0 91.2109375 23.828125 8.256682897014576 11.008910529352768
0 88.525390625 25.0 8.457279333832409 11.276372445109878
0 89.94140625 27.734375 8.907787792557633 11.877050390076842
0 86.81640625 27.278645833333332 8.83429859993294 11.779064799910586
0 85.693359375 31.640625 9.51443925056146 12.685919000748614
0 90.576171875 32.2265625 9.60213178866716 12.802842384889546
0 86.865234375 36.97916666666667 10.285827359834423 13.714436479779232
0 96.533203125 38.671875 10.518608361580863 14.024811148774482
0 94.140625 41.86197916666667 10.943860520654974 14.591814027539964
0 94.970703125 24.348958333333336 8.346432086900233 11.128576115866979
0 97.65625 23.177083333333336 8.143105507889608 10.857474010519478
0 99.658203125 23.828125 8.256682897014576 11.008910529352768
0 96.435546875 28.841145833333332 9.083786661460703 12.11171554861427
0 97.65625 29.427083333333332 9.175595934065496 12.234127912087327
0 98.33984375 32.2265625 9.60213178866716 12.802842384889546
0 99.560546875 35.09114583333333 10.019809057239993 13.359745409653323
0 96.044921875 54.361979166666664 12.47120162457431 16.628268832765748
0 85.25390625 18.489583333333336 7.273178276253042 9.697571035004056
