0 98.046875 64.38802083333334 13.572604954795583 18.09680660639411
0 98.4375 39.2578125 10.597995211294762 14.130660281726351
0 98.4375 30.208333333333332 9.296598029619028 12.395464039492039
0 97.412109375 22.981770833333336 8.108722079825698 10.811629439767596
0 99.267578125 23.567708333333336 8.211440458419013 10.948587277892017
0 99.365234375 20.963541666666664 7.7444931277157725 10.325990836954363
0 97.65625 20.3125 7.62328857226367 10.164384763018226
0 95.41015625 18.229166666666664 7.221777078979024 9.629036105305365
0 94.580078125 22.200520833333336 7.969705113037473 10.626273484049964
0 93.359375 25.9765625 8.620878229873984 11.494504306498644
0 92.041015625 22.330729166666664 7.993042513249997 10.657390017666662
0 91.015625 27.473958333333332 8.865868558553435 11.821158078071248
0 87.890625 27.213541666666668 8.823750179932228 11.765000239909636
0 89.306640625 25.325520833333332 8.512161670520847 11.349548894027794
0 91.650390625 20.3125 7.62328857226367 10.164384763018226
0 89.404296875 20.703125 7.6962403643301345 10.261653819106845
0 92.48046875 18.9453125 7.3622668956389274 9.816355860851903
0 87.060546875 20.833333333333336 7.720404443770458 10.293872591693944
0 85.64453125 17.057291666666664 6.985792933508055 9.31439057801074
0 85.25390625 20.833333333333336 7.720404443770458 10.293872591693944
0 83.69140625 21.484375 7.840107775064166 10.453477033418888
0 81.982421875 22.981770833333336 8.108722079825698 10.811629439767596
0 80.6640625 24.21875 8.324085508414218 11.098780677885625
0 80.2734375 26.236979166666668 8.66398288975732 11.551977186343091
0 85.83984375 29.1015625 9.124704826492952 12.166273101990603
0 76.806640625 22.330729166666664 7.993042513249997 10.657390017666662
0 79.248046875 20.182291666666664 7.598815672600545 10.13175423013406
0 81.34765625 18.5546875 7.28597191547444 9.714629220632586
0 83.30078125 17.447916666666664 7.065330140863174 9.420440187817565
0 79.150390625 15.4296875 6.644147051109997 8.858862734813329
0 77.9296875 16.6015625 6.891839471823862 9.189119295765149
0 75.87890625 16.2109375 6.810276368536802 9.080368491382403
0 75.146484375 13.151041666666666 6.133957288281793 8.178609717709058
0 73.6328125 14.973958333333334 6.545291317604741 8.727055090139656
0 73.6328125 18.424479166666664 7.2603620931215325 9.680482790828709
0 71.923828125 20.3125 7.62328857226367 10.164384763018226
0 70.3125 19.205729166666664 7.412693970636669 9.883591960848893
0 69.580078125 16.6015625 6.891839471823862 9.189119295765149
0 69.775390625 14.322916666666666 6.401421192444773 8.53522825659303
0 67.626953125 14.0625 6.342959500374307 8.457279333832409
0 66.845703125 16.927083333333336 6.959078522333606 9.278771363111476
0 64.794921875 15.169270833333334 6.587839704871492 8.783786273161988
0 72.021484375 14.84375 6.516771394062079 8.689028525416106
0 78.02734375 19.466145833333336 7.462780310447684 9.950373747263578
0 80.859375 16.927083333333336 6.959078522333606 9.278771363111476
0 85.546875 19.075520833333336 7.3875234600282 9.850031280037602
0 88.28125 17.578125 7.091644310682526 9.455525747576702
0 97.94921875 21.484375 7.840107775064166 10.453477033418888
0 91.552734375 32.6171875 9.660151239834237 12.880201653112316
0 86.376953125 32.87760416666667 9.698638050580264 12.931517400773687
0 82.8125 35.3515625 10.056919588186085 13.409226117581447
0 77.001953125 36.1328125 10.167438506443897 13.556584675258529
0 77.001953125 29.622395833333332 9.205995562132786 12.274660749510382
0 73.2421875 31.966145833333332 9.56325660155786 12.751008802077147
0 73.6328125 27.213541666666668 8.823750179932228 11.765000239909636
0 71.826171875 24.739583333333336 8.413115693414442 11.217487591219255
0 70.703125 21.2890625 7.804389558437758 10.405852744583676
0 67.7734375 24.739583333333336 8.413115693414442 11.217487591219255
0 65.8203125 20.052083333333336 7.574263699945591 10.099018266594122
0 64.990234375 21.6796875 7.875664001809045 10.500885335745393
0 63.671875 24.609375 8.39094670707246 11.187928942763282
0 60.302734375 21.354166666666664 7.816313766397521 10.421751688530028
0 59.423828125 18.9453125 7.3622668956389274 9.816355860851903
0 61.5234375 17.708333333333336 7.117861199762329 9.490481599683106
0 59.08203125 14.322916666666666 6.401421192444773 8.53522825659303
0 62.255859375 14.192708333333334 6.372257390692475 8.496343187589966
0 60.546875 12.955729166666666 6.088237714617921 8.117650286157229
0 60.15625 17.1875 7.012405574387241 9.349874099182989
0 56.25 15.950520833333334 6.755353888299149 9.0071385177322
0 55.859375 13.541666666666666 6.224389054678692 8.299185406238257
0 54.638671875 14.0625 6.342959500374307 8.457279333832409
0 57.275390625 14.583333333333334 6.459353786778786 8.612471715705048
0 53.22265625 15.8203125 6.72772451325946 8.970299351012613
0 53.3203125 11.653645833333332 5.7741967555006415 7.698929007334189
0 51.171875 13.671875 6.254242410864013 8.338989881152017
0 49.462890625 13.932291666666666 6.313525654778199 8.418034206370931
0 52.490234375 18.229166666666664 7.221777078979024 9.629036105305365
0 52.001953125 20.572916666666664 7.672000176987631 10.229333569316841
0 49.755859375 20.182291666666664 7.598815672600545 10.13175423013406
0 48.046875 20.052083333333336 7.574263699945591 10.099018266594122
0 54.19921875 23.307291666666664 8.165947363439729 10.88792981791964
0 57.373046875 22.916666666666664 8.097228492078614 10.796304656104818
0 58.7890625 24.609375 8.39094670707246 11.187928942763282
0 62.255859375 29.817708333333332 9.236295135755345 12.315060181007127
0 61.03515625 32.74739583333333 9.679413773897526 12.905885031863368
0 55.6640625 31.966145833333332 9.56325660155786 12.751008802077147
0 49.853515625 27.473958333333332 8.865868558553435 11.821158078071248
0 47.705078125 21.809895833333336 7.8992792392241125 10.532372318965482
0 46.484375 22.200520833333336 7.969705113037473 10.626273484049964
0 45.99609375 18.229166666666664 7.221777078979024 9.629036105305365
0 47.802734375 14.973958333333334 6.545291317604741 8.727055090139656
0 44.873046875 16.471354166666664 6.864759447755123 9.15301259700683
0 42.431640625 20.442708333333336 7.647683158045451 10.196910877393934
0 40.478515625 24.544270833333336 8.379840220792225 11.173120294389632
0 39.16015625 21.809895833333336 7.8992792392241125 10.532372318965482
0 39.2578125 18.684895833333336 7.311492035346033 9.748656047128044
0 36.71875 19.7265625 7.512532730158185 10.01671030687758
0 33.7890625 15.8203125 6.72772451325946 8.970299351012613
0 32.666015625 13.932291666666666 6.313525654778199 8.418034206370931
0 30.95703125 15.559895833333334 6.672122530845778 8.896163374461038
0 30.224609375 13.671875 6.254242410864013 8.338989881152017
0 28.271484375 16.796875 6.932261164306974 9.243014885742634
0 25.439453125 15.950520833333334 6.755353888299149 9.0071385177322
0 23.4375 17.317708333333336 7.038917599286375 9.385223465715166
0 27.587890625 16.40625 6.8511792970714245 9.134905729428567
0 27.197265625 19.075520833333336 7.3875234600282 9.850031280037602
0 28.41796875 20.052083333333336 7.574263699945591 10.099018266594122
0 30.029296875 19.075520833333336 7.3875234600282 9.850031280037602
0 32.080078125 19.075520833333336 7.3875234600282 9.850031280037602
0 32.470703125 22.330729166666664 7.993042513249997 10.657390017666662
0 27.05078125 24.21875 8.324085508414218 11.098780677885625
0 21.58203125 18.229166666666664 7.221777078979024 9.629036105305365
0 19.873046875 14.84375 6.516771394062079 8.689028525416106
0 18.359375 19.075520833333336 7.3875234600282 9.850031280037602
0 16.40625 21.354166666666664 7.816313766397521 10.421751688530028
0 16.50390625 16.927083333333336 6.959078522333606 9.278771363111476
0 13.18359375 21.809895833333336 7.8992792392241125 10.532372318965482
0 11.962890625 18.9453125 7.3622668956389274 9.816355860851903
0 10.400390625 20.052083333333336 7.574263699945591 10.099018266594122
0 9.912109375 16.796875 6.932261164306974 9.243014885742634
0 7.470703125 19.7265625 7.512532730158185 10.01671030687758
0 5.029296875 19.7265625 7.512532730158185 10.01671030687758
0 5.712890625 16.796875 6.932261164306974 9.243014885742634
0 6.640625 20.703125 7.6962403643301345 10.261653819106845
0 7.373046875 22.4609375 8.016311973000304 10.688415964000404
0 5.126953125 29.1015625 9.124704826492952 12.166273101990603
0 1.07421875 27.864583333333332 8.928673607377803 11.904898143170405
0 1.66015625 23.307291666666664 8.165947363439729 10.88792981791964
0 3.80859375 19.466145833333336 7.462780310447684 9.950373747263578
0 1.3671875 19.466145833333336 7.462780310447684 9.950373747263578
0 10.83984375 27.083333333333332 8.802615418613255 11.736820558151006
0 18.75 26.236979166666668 8.66398288975732 11.551977186343091
0 21.58203125 26.236979166666668 8.66398288975732 11.551977186343091
0 21.728515625 21.6796875 7.875664001809045 10.500885335745393
0 16.6015625 27.604166666666668 8.886852892188134 11.849137189584178
0 19.677734375 36.45833333333333 10.21313508952729 13.617513452703053
0 11.81640625 38.8671875 10.545137050275265 14.060182733700355
0 28.271484375 31.575520833333332 9.50464569238125 12.672860923174998
0 28.22265625 38.0859375 10.438617783500408 13.918157044667211
0 8.69140625 58.528645833333336 12.940316801217158 17.25375573495621
0 3.271484375 55.143229166666664 12.560495377964282 16.74732717061904
0 0.9765625 44.140625 11.237764062208234 14.983685416277645
0 32.861328125 33.07291666666667 9.727403229070575 12.9698709720941
0 31.25 29.817708333333332 9.236295135755345 12.315060181007127
0 35.595703125 27.34375 8.84483443981289 11.793112586417188
0 43.994140625 29.1015625 9.124704826492952 12.166273101990603
0 43.75 34.24479166666667 9.898238977189243 13.197651969585658
0 48.73046875 35.61197916666667 10.093893681970965 13.458524909294619
0 47.021484375 45.1171875 11.361395549918386 15.148527399891181
0 33.49609375 45.1171875 11.361395549918386 15.148527399891181
0 43.26171875 55.794270833333336 12.634424770803498 16.845899694404665
0 53.22265625 70.18229166666666 14.170149861137574 18.89353314818343
0 54.1015625 91.34114583333334 16.16567704852176 21.554236064695683
0 58.49609375 93.48958333333334 16.35468872921663 21.806251638955505
0 56.25 47.39583333333333 11.644765642296699 15.526354189728933
0 61.865234375 49.54427083333333 11.905767335895483 15.874356447860643
0 65.4296875 38.99739583333333 10.562785827561513 14.083714436748682
0 71.728515625 36.97916666666667 10.285827359834423 13.714436479779232
0 72.216796875 63.541666666666664 13.483106710433667 17.977475613911555
0 76.171875 58.3984375 12.925914663420027 17.234552884560035
0 90.625 43.88020833333333 11.2045652775182 14.939420370024267
0 82.373046875 44.53125 11.287379155826983 15.049838874435977
