0 63.232421875 60.091145833333336 13.111908605310568 17.482544807080757
0 52.197265625 50.716145833333336 12.045748508295013 16.06099801106002
0 46.97265625 38.4765625 10.492012596234792 13.989350128313058
0 87.79296875 65.8203125 13.722733859812692 18.296978479750255
0 76.904296875 55.859375 12.641793931401354 16.855725241868473
0 31.787109375 34.765625 9.973226707988399 13.297635610651199
0 60.791015625 35.3515625 10.056919588186085 13.409226117581447
0 90.869140625 32.74739583333333 9.679413773897526 12.905885031863368
0 75.68359375 32.48697916666667 9.640850219074288 12.854466958765718
0 22.900390625 26.3671875 8.685454999241765 11.580606665655687
0 68.75 24.739583333333336 8.413115693414442 11.217487591219255
0 53.90625 30.6640625 9.366460725843998 12.48861430112533
0 41.30859375 24.934895833333336 8.446260072691679 11.26168009692224
0 27.63671875 24.934895833333336 8.446260072691679 11.26168009692224
0 93.896484375 55.598958333333336 12.612291454938857 16.816388606585143
0 81.494140625 75.26041666666666 14.673846777552866 19.565129036737154
0 41.943359375 77.27864583333334 14.869296527197061 19.825728702929414
0 39.794921875 57.877604166666664 12.868144923283701 17.157526564378266
0 21.533203125 49.08854166666667 11.850883690763915 15.801178254351885
0 2.197265625 77.27864583333334 14.869296527197061 19.825728702929414
0 7.275390625 34.375 9.91703906815913 13.222718757545508
0 18.603515625 30.46875 9.336583582018038 12.448778109357384
0 61.23046875 52.5390625 12.260320694946696 16.347094259928927
0 75.48828125 49.86979166666667 11.944815546130936 15.92642072817458
0 95.751953125 81.18489583333334 15.240467516093473 20.320623354791298
0 86.71875 56.640625 12.729891122201057 16.97318816293474
0 92.822265625 48.2421875 11.748276705883885 15.664368941178514
0 74.267578125 27.604166666666668 8.886852892188134 11.849137189584178
0 68.896484375 42.70833333333333 11.053936936202902 14.738582581603868
0 61.083984375 29.036458333333332 9.114492506755418 12.15265667567389
0 52.978515625 41.34114583333333 10.87556743237638 14.500756576501841
0 39.013671875 40.69010416666667 10.789593218788873 14.386124291718497
0 34.423828125 34.765625 9.973226707988399 13.297635610651199
0 16.015625 28.450520833333332 9.02206146184966 12.029415282466214
0 8.642578125 27.994791666666668 8.94951068030712 11.932680907076158
0 52.197265625 26.171875 8.653226854710587 11.537635806280782
0 36.083984375 28.190104166666668 8.980675640601907 11.974234187469209
0 49.90234375 33.33333333333333 9.765625 13.020833333333334
0 33.642578125 25.130208333333332 8.479274895904423 11.305699861205897
