0 95.5078125 65.36458333333334 13.675144349614307 18.233525799485744
0 96.630859375 53.059895833333336 12.320940697135223 16.427920929513633
0 90.13671875 46.22395833333333 11.499904590708478 15.33320612094464
0 53.22265625 48.89322916666667 11.82728416447516 15.76971221930021
0 24.31640625 53.385416666666664 12.358677204172722 16.478236272230294
0 4.345703125 59.375 13.033542788124159 17.37805705083221
0 1.953125 47.0703125 11.604707850238979 15.472943800318639
0 32.51953125 36.06770833333333 10.158274522151634 13.544366029535512
0 52.490234375 37.76041666666667 10.393912576859377 13.85855010247917
0 43.115234375 22.786458333333336 8.074192233473482 10.765589644631309
0 70.068359375 29.752604166666668 9.22620633412535 12.301608445500468
0 80.908203125 32.74739583333333 9.679413773897526 12.905885031863368
0 94.140625 45.05208333333333 11.353195335533615 15.137593780711486
0 6.103515625 31.4453125 9.485028239697298 12.646704319596397
0 52.34375 27.734375 8.907787792557633 11.877050390076842
0 30.517578125 23.307291666666664 8.165947363439729 10.88792981791964
0 58.837890625 22.916666666666664 8.097228492078614 10.796304656104818
0 95.1171875 24.609375 8.39094670707246 11.187928942763282
0 92.626953125 80.6640625 15.191502032047904 20.25533604273054
0 87.40234375 93.29427083333334 16.337596208891814 21.78346161185575
0 57.568359375 79.4921875 15.080748413825484 20.107664551767314
0 42.236328125 80.46875 15.173099236640688 20.230798982187583
0 29.39453125 55.859375 12.641793931401354 16.855725241868473
0 23.681640625 46.35416666666667 11.516090249092533 15.354786998790045
0 2.978515625 74.67447916666666 14.616613787631893 19.48881838350919
0 61.572265625 58.0078125 12.882611645022848 17.17681552669713
0 56.8359375 42.90364583333333 11.079183874921476 14.772245166561968
0 77.05078125 51.236979166666664 12.107442886277694 16.14325718170359
0 86.9140625 36.71875 10.24954566879069 13.66606089172092
0 75.927734375 27.734375 8.907787792557633 11.877050390076842
0 61.71875 29.231770833333332 9.145095253766906 12.193460338355873
0 49.12109375 34.24479166666667 9.898238977189243 13.197651969585658
0 40.869140625 27.734375 8.907787792557633 11.877050390076842
0 37.98828125 39.71354166666667 10.65933178501769 14.212442380023585
0 28.02734375 29.752604166666668 9.22620633412535 12.301608445500468
0 12.3046875 23.6328125 8.222774405094897 10.963699206793196
0 3.076171875 29.1015625 9.124704826492952 12.166273101990603
0 46.97265625 23.763020833333336 8.245395560367612 10.993860747156816
0 64.453125 38.54166666666667 10.500885335745396 14.001180447660527
0 72.412109375 24.609375 8.39094670707246 11.187928942763282
0 88.8671875 26.236979166666668 8.66398288975732 11.551977186343091
0 20.166015625 23.763020833333336 8.245395560367612 10.993860747156816
0 74.4140625 20.3125 7.62328857226367 10.164384763018226
0 67.041015625 22.916666666666664 8.097228492078614 10.796304656104818
0 93.115234375 28.580729166666668 9.042683343523592 12.056911124698123
0 54.19921875 45.703125 11.434932858395506 15.24657714452734
0 55.46875 21.940104166666664 7.92282408798045 10.5637654506406
0 36.5234375 24.283854166666664 8.33526628646708 11.113688381956106
0 11.083984375 37.23958333333333 10.321981521782082 13.762642029042777
0 25.68359375 21.419270833333336 7.828219811023351 10.437626414697803
0 79.150390625 23.763020833333336 8.245395560367612 10.993860747156816
0 22.94921875 29.231770833333332 9.145095253766906 12.193460338355873
