0 97.607421875 31.510416666666668 9.494842032534208 12.659789376712277
0 76.953125 23.958333333333336 8.279211405182211 11.038948540242949
0 33.984375 33.52864583333333 9.794193442310311 13.05892458974708
0 51.3671875 21.09375 7.768507117527988 10.358009490037318
0 71.826171875 20.247395833333336 7.611061958825638 10.148082611767517
0 98.33984375 25.325520833333332 8.512161670520847 11.349548894027794
0 87.3046875 22.0703125 7.946299173761924 10.595065565015899
0 78.02734375 20.8984375 7.732458166088822 10.309944221451763
0 94.580078125 22.65625 8.051090062422436 10.734786749896582
0 75.48828125 17.057291666666664 6.985792933508055 9.31439057801074
0 91.69921875 19.205729166666664 7.412693970636669 9.883591960848893
0 79.736328125 18.229166666666664 7.221777078979024 9.629036105305365
0 99.21875 20.3125 7.62328857226367 10.164384763018226
0 85.15625 19.401041666666664 7.450290292806215 9.933720390408286
0 94.677734375 19.596354166666664 7.487697843252746 9.983597124336994
0 66.9921875 17.447916666666664 7.065330140863174 9.420440187817565
0 24.755859375 19.466145833333336 7.462780310447684 9.950373747263578
0 7.6171875 21.2890625 7.804389558437758 10.405852744583676
0 28.564453125 17.1875 7.012405574387241 9.349874099182989
0 1.611328125 20.052083333333336 7.574263699945591 10.099018266594122
0 15.185546875 16.861979166666664 6.945682786096826 9.260910381462436
0 0.5859375 17.903645833333336 7.157006469457137 9.542675292609516
0 16.89453125 16.080729166666664 6.782870718656271 9.043827624875028
0 34.86328125 16.9921875 6.972448522214271 9.296598029619028
0 19.189453125 16.471354166666664 6.864759447755123 9.15301259700683
0 38.427734375 17.1875 7.012405574387241 9.349874099182989
0 42.041015625 16.796875 6.932261164306974 9.243014885742634
0 22.021484375 16.276041666666664 6.823937919616058 9.09858389282141
0 43.994140625 19.856770833333336 7.537285788103314 10.049714384137753
0 23.291015625 15.559895833333334 6.672122530845778 8.896163374461038
0 47.314453125 20.1171875 7.586549618320344 10.115399491093791
0 26.171875 16.2109375 6.810276368536802 9.080368491382403
0 50.048828125 19.401041666666664 7.450290292806215 9.933720390408286
0 31.396484375 16.2109375 6.810276368536802 9.080368491382403
0 62.890625 16.666666666666664 6.905339660024879 9.207119546699838
0 64.697265625 17.1875 7.012405574387241 9.349874099182989
0 60.3515625 15.234375 6.60196156395994 8.802615418613254
0 33.056640625 16.666666666666664 6.905339660024879 9.207119546699838
0 58.10546875 16.471354166666664 6.864759447755123 9.15301259700683
0 36.62109375 16.861979166666664 6.945682786096826 9.260910381462436
0 68.994140625 16.2109375 6.810276368536802 9.080368491382403
0 88.916015625 18.294270833333336 7.234661615679748 9.646215487572997
