0 97.705078125 39.90885416666667 10.685511108405517 14.24734814454069
0 90.478515625 52.864583333333336 12.298243212652517 16.397657616870024
0 85.888671875 64.38802083333334 13.572604954795583 18.09680660639411
0 76.953125 51.953125 12.191762912254749 16.25568388300633
0 61.03515625 74.47916666666666 14.597486258668699 19.463315011558265
0 67.578125 58.984375 12.990598543574682 17.320798058099577
0 47.16796875 21.875 7.911060422861158 10.548080563814876
0 23.14453125 16.145833333333336 6.796587356970242 9.062116475960323
0 33.837890625 22.916666666666664 8.097228492078614 10.796304656104818
0 0.341796875 23.958333333333336 8.279211405182211 11.038948540242949
0 2.44140625 19.270833333333336 7.425247229367944 9.900329639157258
0 7.2265625 17.3828125 7.052136235529384 9.40284831403918
0 1.171875 14.322916666666666 6.401421192444773 8.53522825659303
0 5.859375 23.2421875 8.154534433525017 10.872712578033356
0 1.953125 16.6015625 6.891839471823862 9.189119295765149
0 8.154296875 27.994791666666668 8.94951068030712 11.932680907076158
0 4.6875 16.927083333333336 6.959078522333606 9.278771363111476
0 3.90625 31.4453125 9.485028239697298 12.646704319596397
0 8.69140625 15.559895833333334 6.672122530845778 8.896163374461038
0 11.376953125 20.963541666666664 7.7444931277157725 10.325990836954363
0 11.572265625 13.28125 6.16424861960576 8.218998159474348
0 15.234375 22.135416666666664 7.958010748538389 10.610680998051187
0 12.646484375 15.104166666666666 6.573687508709111 8.764916678278816
0 12.646484375 36.97916666666667 10.285827359834423 13.714436479779232
0 20.556640625 37.3046875 10.331000292853245 13.77466705713766
0 20.166015625 28.255208333333332 8.991039955234518 11.988053273646026
0 19.482421875 22.916666666666664 8.097228492078614 10.796304656104818
0 2.392578125 45.05208333333333 11.353195335533615 15.137593780711486
0 15.966796875 58.984375 12.990598543574682 17.320798058099577
0 22.705078125 46.61458333333333 11.548393511001283 15.397858014668378
0 36.62109375 42.1875 10.986328125 14.6484375
0 33.056640625 36.65364583333333 10.240455160865794 13.653940214487726
0 32.03125 29.036458333333332 9.114492506755418 12.15265667567389
0 28.41796875 23.828125 8.256682897014576 11.008910529352768
0 32.2265625 20.572916666666664 7.672000176987631 10.229333569316841
0 25.78125 19.075520833333336 7.3875234600282 9.850031280037602
0 25.68359375 13.606770833333334 6.2393335877260965 8.319111450301463
0 31.4453125 15.4296875 6.644147051109997 8.858862734813329
0 27.392578125 15.234375 6.60196156395994 8.802615418613254
0 35.546875 19.661458333333336 7.500125566067204 10.00016742142294
0 39.2578125 23.046875 8.120199399200482 10.82693253226731
0 36.23046875 12.6953125 6.026738787271576 8.0356517163621
0 42.08984375 22.916666666666664 8.097228492078614 10.796304656104818
0 44.04296875 30.989583333333332 9.416045300623482 12.554727067497975
0 46.240234375 25.651041666666668 8.566692411876344 11.422256549168457
0 51.85546875 28.385416666666668 9.011732824849489 12.015643766465985
0 50.0 18.359375 7.247523246483103 9.663364328644137
0 46.826171875 12.630208333333334 6.011265748166568 8.015020997555423
0 60.546875 23.177083333333336 8.143105507889608 10.857474010519478
0 56.54296875 13.997395833333334 6.328259690346595 8.437679587128793
0 62.939453125 12.955729166666666 6.088237714617921 8.117650286157229
0 68.359375 12.6953125 6.026738787271576 8.0356517163621
0 75.927734375 13.0859375 6.118755388111396 8.15834051748186
0 45.21484375 17.252604166666664 7.025674092542321 9.367565456723094
0 79.833984375 13.411458333333334 6.194391824397107 8.259189099196142
0 42.7734375 19.661458333333336 7.500125566067204 10.00016742142294
0 81.982421875 14.973958333333334 6.545291317604741 8.727055090139656
0 40.8203125 16.341145833333336 6.837572174807153 9.116762899742872
0 85.205078125 15.299479166666666 6.61605328023645 8.821404373648601
0 31.103515625 19.401041666666664 7.450290292806215 9.933720390408286
0 88.525390625 19.205729166666664 7.412693970636669 9.883591960848893
0 29.6875 17.252604166666664 7.025674092542321 9.367565456723094
0 98.876953125 25.846354166666668 8.59924487524742 11.465659833663226
0 34.66796875 14.322916666666666 6.401421192444773 8.53522825659303
0 98.14453125 30.6640625 9.366460725843998 12.48861430112533
0 93.115234375 27.473958333333332 8.865868558553435 11.821158078071248
0 92.431640625 21.354166666666664 7.816313766397521 10.421751688530028
0 80.859375 25.065104166666668 8.468284256293707 11.291045675058275
0 85.986328125 21.809895833333336 7.8992792392241125 10.532372318965482
0 77.63671875 18.489583333333336 7.273178276253042 9.697571035004056
0 71.337890625 22.591145833333336 8.039514082226251 10.719352109635
0 77.44140625 22.4609375 8.016311973000304 10.688415964000404
0 77.294921875 28.580729166666668 9.042683343523592 12.056911124698123
0 73.388671875 33.26822916666667 9.756083595670033 13.008111460893376
0 67.578125 23.958333333333336 8.279211405182211 11.038948540242949
0 67.08984375 32.35677083333333 9.621510480001493 12.828680640001991
0 62.646484375 30.078125 9.276540621075844 12.368720828101127
0 60.302734375 35.87239583333333 10.130732832457173 13.507643776609566
0 66.552734375 40.95052083333333 10.824064850444458 14.432086467259278
0 54.6875 41.14583333333333 10.849846700824694 14.466462267766259
0 49.31640625 36.39322916666667 10.204012144348443 13.605349525797925
0 49.4140625 51.627604166666664 12.153508149255297 16.204677532340394
0 39.453125 62.5 13.372132751590971 17.829510335454625
0 90.283203125 42.7734375 11.062358984614171 14.74981197948556
0 89.013671875 33.72395833333333 9.82267879603948 13.096905061385971
0 77.783203125 38.54166666666667 10.500885335745396 14.001180447660527
0 87.158203125 32.421875 9.631185203893738 12.84158027185832
0 89.2578125 27.34375 8.84483443981289 11.793112586417188
0 69.482421875 18.294270833333336 7.234661615679748 9.646215487572997
0 63.916015625 18.489583333333336 7.273178276253042 9.697571035004056
0 65.72265625 12.369791666666668 5.948971157720314 7.931961543627086
0 72.119140625 17.578125 7.091644310682526 9.455525747576702
0 51.025390625 15.104166666666666 6.573687508709111 8.764916678278816
0 44.7265625 13.411458333333334 6.194391824397107 8.259189099196142
0 19.189453125 15.885416666666666 6.741553355216833 8.988737806955777
0 23.193359375 26.106770833333332 8.642457433170346 11.52327657756046
0 20.8984375 14.192708333333334 6.372257390692475 8.496343187589966
0 95.41015625 23.6328125 8.222774405094897 10.963699206793196
0 91.50390625 18.489583333333336 7.273178276253042 9.697571035004056
0 85.693359375 17.513020833333336 7.0784994535786145 9.437999271438152
0 96.77734375 20.3125 7.62328857226367 10.164384763018226
0 60.64453125 18.1640625 7.208869513560617 9.611826018080823
0 1.708984375 60.546875 13.161534822294815 17.548713096393087
