0 58.88671875 14.84375 6.516771394062079 8.689028525416106
0 57.2265625 15.0390625 6.559504779115197 8.746006372153596
0 64.453125 16.145833333333336 6.796587356970242 9.062116475960323
0 65.380859375 16.276041666666664 6.823937919616058 9.09858389282141
0 66.69921875 15.690104166666666 6.699981201202437 8.933308268269917
0 68.017578125 15.169270833333334 6.587839704871492 8.783786273161988
0 75.0 15.494791666666666 6.658149484030587 8.877532645374115
0 39.6484375 15.8203125 6.72772451325946 8.970299351012613
0 34.326171875 16.276041666666664 6.823937919616058 9.09858389282141
0 31.591796875 15.494791666666666 6.658149484030587 8.877532645374115
0 4.736328125 18.489583333333336 7.273178276253042 9.697571035004056
0 9.375 19.010416666666664 7.37490598974278 9.833207986323707
0 46.533203125 15.169270833333334 6.587839704871492 8.783786273161988
0 6.54296875 19.270833333333336 7.425247229367944 9.900329639157258
0 41.650390625 16.145833333333336 6.796587356970242 9.062116475960323
0 56.15234375 15.494791666666666 6.658149484030587 8.877532645374115
0 71.6796875 15.494791666666666 6.658149484030587 8.877532645374115
0 70.99609375 15.169270833333334 6.587839704871492 8.783786273161988
0 70.01953125 15.8203125 6.72772451325946 8.970299351012613
0 82.373046875 18.033854166666664 7.182984799767957 9.577313066357275
0 79.052734375 17.252604166666664 7.025674092542321 9.367565456723094
