0 71.19140625 41.53645833333333 10.901227477717134 14.53496997028951
0 66.796875 26.7578125 8.749555167743805 11.66607355699174
0 58.203125 20.768229166666664 7.708331872750909 10.277775830334546
0 46.630859375 17.96875 7.170007400189656 9.56000986691954
0 35.15625 20.1171875 7.586549618320344 10.115399491093791
0 98.2421875 21.614583333333336 7.863829789260941 10.485106385681254
0 76.66015625 22.135416666666664 7.958010748538389 10.610680998051187
0 90.52734375 20.638020833333336 7.684129829110212 10.245506438813615
0 72.412109375 17.317708333333336 7.038917599286375 9.385223465715166
0 39.013671875 15.299479166666666 6.61605328023645 8.821404373648601
0 21.533203125 16.796875 6.932261164306974 9.243014885742634
0 11.083984375 17.447916666666664 7.065330140863174 9.420440187817565
0 56.591796875 14.453125 6.430452730012657 8.57393697335021
0 67.578125 14.973958333333334 6.545291317604741 8.727055090139656
0 85.15625 18.294270833333336 7.234661615679748 9.646215487572997
0 59.716796875 15.299479166666666 6.61605328023645 8.821404373648601
0 81.54296875 21.614583333333336 7.863829789260941 10.485106385681254
0 64.697265625 14.973958333333334 6.545291317604741 8.727055090139656
0 64.0625 17.447916666666664 7.065330140863174 9.420440187817565
0 78.41796875 17.317708333333336 7.038917599286375 9.385223465715166
0 79.150390625 16.796875 6.932261164306974 9.243014885742634
0 87.01171875 18.098958333333336 7.195938795502683 9.594585060670244
0 74.0234375 15.8203125 6.72772451325946 8.970299351012613
0 34.521484375 16.796875 6.932261164306974 9.243014885742634
0 8.10546875 18.619791666666664 7.298743129334349 9.731657505779133
