0 13.427734375 21.484375 7.840107775064166 10.453477033418888
0 22.65625 21.09375 7.768507117527988 10.358009490037318
0 41.11328125 22.135416666666664 7.958010748538389 10.610680998051187
0 40.4296875 15.104166666666666 6.573687508709111 8.764916678278816
0 53.22265625 18.880208333333336 7.349606066157407 9.799474754876544
0 58.0078125 15.494791666666666 6.658149484030587 8.877532645374115
0 66.552734375 15.625 6.686066375795484 8.914755167727312
0 75.1953125 18.229166666666664 7.221777078979024 9.629036105305365
0 82.861328125 22.526041666666664 8.027921409891299 10.703895213188398
0 74.21875 15.755208333333334 6.7138671875 8.951822916666668
0 98.291015625 23.046875 8.120199399200482 10.82693253226731
0 76.46484375 16.40625 6.8511792970714245 9.134905729428567
0 85.7421875 18.359375 7.247523246483103 9.663364328644137
0 93.26171875 20.3125 7.62328857226367 10.164384763018226
0 82.470703125 17.838541666666664 7.143981879101334 9.525309172135112
