0 44.873046875 83.07291666666666 15.416663745501818 20.555551660669092
0 37.40234375 64.77864583333334 13.613713393063637 18.15161785741818
0 51.26953125 50.390625 12.007028547916262 16.00937139722168
0 65.380859375 41.86197916666667 10.943860520654974 14.591814027539964
0 87.109375 64.77864583333334 13.613713393063637 18.15161785741818
0 81.8359375 39.6484375 10.650591044076627 14.200788058768838
0 87.939453125 33.203125 9.746532850751532 12.995377134335376
0 73.388671875 33.72395833333333 9.82267879603948 13.096905061385971
0 76.025390625 27.278645833333332 8.83429859993294 11.779064799910586
0 82.568359375 26.3671875 8.685454999241765 11.580606665655687
0 33.935546875 44.85677083333333 11.328559077923941 15.104745437231923
0 21.728515625 49.4140625 11.89011214525034 15.853482860333786
0 30.615234375 36.1328125 10.167438506443897 13.556584675258529
0 22.314453125 27.083333333333332 8.802615418613255 11.736820558151006
0 17.1875 33.72395833333333 9.82267879603948 13.096905061385971
0 31.8359375 27.669270833333332 8.897326499702912 11.863101999603883
0 42.3828125 33.203125 9.746532850751532 12.995377134335376
0 49.31640625 38.15104166666667 10.447535869521296 13.930047826028394
0 61.474609375 34.30989583333333 9.907643481901811 13.210191309202415
0 63.134765625 29.4921875 9.185740321833748 12.247653762444997
0 66.6015625 23.958333333333336 8.279211405182211 11.038948540242949
0 71.875 21.940104166666664 7.92282408798045 10.5637654506406
0 60.400390625 21.354166666666664 7.816313766397521 10.421751688530028
0 62.744140625 19.3359375 7.437779301119349 9.917039068159132
0 48.046875 28.971354166666668 9.104268731797058 12.139024975729411
0 45.556640625 22.4609375 8.016311973000304 10.688415964000404
0 40.0390625 53.515625 12.37373958295489 16.498319443939856
0 27.83203125 23.2421875 8.154534433525017 10.872712578033356
0 19.091796875 21.940104166666664 7.92282408798045 10.5637654506406
0 14.2578125 22.8515625 8.085718566584333 10.780958088779109
0 16.6015625 18.619791666666664 7.298743129334349 9.731657505779133
0 68.26171875 60.7421875 13.18274601224071 17.57699468298761
0 79.345703125 53.90625 12.418817107773318 16.558422810364423
