0 0.341796875 19.986979166666664 7.561957820656658 10.08261042754221
0 1.708984375 18.880208333333336 7.349606066157407 9.799474754876544
0 3.125 18.880208333333336 7.349606066157407 9.799474754876544
0 6.396484375 18.815104166666664 7.336923388776433 9.782564518368577
0 8.0078125 18.229166666666664 7.221777078979024 9.629036105305365
0 10.107421875 20.442708333333336 7.647683158045451 10.196910877393934
0 3.662109375 23.6328125 8.222774405094897 10.963699206793196
0 7.91015625 26.171875 8.653226854710587 11.537635806280782
0 9.86328125 33.85416666666667 9.841623227903504 13.122164303871338
0 7.080078125 38.99739583333333 10.562785827561513 14.083714436748682
0 3.515625 52.473958333333336 12.25272210686324 16.336962809150986
0 4.4921875 75.06510416666666 14.654793949637412 19.53972526618322
0 11.1328125 18.1640625 7.208869513560617 9.611826018080823
0 13.57421875 18.033854166666664 7.182984799767957 9.577313066357275
0 16.9921875 16.9921875 6.972448522214271 9.296598029619028
0 18.408203125 15.234375 6.60196156395994 8.802615418613254
0 20.60546875 18.294270833333336 7.234661615679748 9.646215487572997
0 16.9921875 20.638020833333336 7.684129829110212 10.245506438813615
0 18.65234375 21.2890625 7.804389558437758 10.405852744583676
0 22.314453125 16.731770833333336 6.9188135063199665 9.225084675093289
0 23.92578125 18.294270833333336 7.234661615679748 9.646215487572997
0 22.55859375 20.768229166666664 7.708331872750909 10.277775830334546
0 21.826171875 24.544270833333336 8.379840220792225 11.173120294389632
0 23.681640625 27.799479166666668 8.918236814088415 11.890982418784553
0 29.833984375 29.4921875 9.185740321833748 12.247653762444997
0 25.439453125 36.71875 10.24954566879069 13.66606089172092
0 28.80859375 41.27604166666667 10.867000619363317 14.489334159151088
0 25.9765625 54.296875 12.463731601966636 16.61830880262218
0 43.5546875 56.901041666666664 12.75912167991142 17.012162239881892
0 46.630859375 63.606770833333336 13.49001227130148 17.986683028401973
0 40.52734375 80.40364583333334 15.166960009508273 20.22261334601103
0 25.244140625 16.731770833333336 6.9188135063199665 9.225084675093289
0 26.953125 15.8203125 6.72772451325946 8.970299351012613
0 28.3203125 16.9921875 6.972448522214271 9.296598029619028
0 29.6875 17.513020833333336 7.0784994535786145 9.437999271438152
0 31.591796875 17.1875 7.012405574387241 9.349874099182989
0 27.685546875 19.921875 7.549631882844837 10.066175843793117
0 30.6640625 21.09375 7.768507117527988 10.358009490037318
0 33.88671875 15.625 6.686066375795484 8.914755167727312
0 34.1796875 18.424479166666664 7.2603620931215325 9.680482790828709
0 35.498046875 19.7265625 7.512532730158185 10.01671030687758
0 36.962890625 16.2109375 6.810276368536802 9.080368491382403
0 38.134765625 15.8203125 6.72772451325946 8.970299351012613
0 40.380859375 16.927083333333336 6.959078522333606 9.278771363111476
0 38.427734375 18.815104166666664 7.336923388776433 9.782564518368577
0 39.453125 21.6796875 7.875664001809045 10.500885335745393
0 39.0625 24.348958333333336 8.346432086900233 11.128576115866979
0 41.845703125 16.276041666666664 6.823937919616058 9.09858389282141
0 43.84765625 16.080729166666664 6.782870718656271 9.043827624875028
0 45.458984375 15.559895833333334 6.672122530845778 8.896163374461038
0 46.728515625 15.559895833333334 6.672122530845778 8.896163374461038
0 45.654296875 17.7734375 7.130933499479933 9.50791133263991
0 49.0234375 17.578125 7.091644310682526 9.455525747576702
0 47.0703125 19.466145833333336 7.462780310447684 9.950373747263578
0 45.263671875 21.744791666666664 7.887480458569388 10.51664061142585
0 48.095703125 25.130208333333332 8.479274895904423 11.305699861205897
0 50.1953125 27.604166666666668 8.886852892188134 11.849137189584178
0 48.193359375 30.598958333333332 9.35651227829339 12.475349704391189
0 42.333984375 35.61197916666667 10.093893681970965 13.458524909294619
0 56.005859375 37.109375 10.30392029793343 13.738560397244573
0 60.888671875 43.1640625 11.112757236348344 14.817009648464458
0 65.33203125 52.9296875 12.305813692416963 16.407751589889283
0 77.001953125 65.55989583333334 13.695560102732468 18.26074680364329
0 77.490234375 49.21875 11.866590634291736 15.822120845722315
0 94.140625 42.578125 11.037073559585647 14.716098079447528
0 97.998046875 54.622395833333336 12.501037077797877 16.668049437063836
0 99.31640625 66.40625 13.783678943647724 18.378238591530298
0 53.271484375 16.341145833333336 6.837572174807153 9.116762899742872
0 55.37109375 16.2109375 6.810276368536802 9.080368491382403
0 59.47265625 14.778645833333334 6.502464524127966 8.669952698837287
0 55.908203125 18.229166666666664 7.221777078979024 9.629036105305365
0 57.51953125 19.53125 7.475249459177179 9.966999278902906
0 56.640625 24.739583333333336 8.413115693414442 11.217487591219255
0 63.37890625 13.411458333333334 6.194391824397107 8.259189099196142
0 66.11328125 15.4296875 6.644147051109997 8.858862734813329
0 67.7734375 17.643229166666664 7.104764847914316 9.473019797219088
0 64.697265625 19.466145833333336 7.462780310447684 9.950373747263578
0 65.91796875 21.940104166666664 7.92282408798045 10.5637654506406
0 70.99609375 22.0703125 7.946299173761924 10.595065565015899
0 69.04296875 23.4375 8.188725503539269 10.918300671385692
0 66.748046875 28.255208333333332 8.991039955234518 11.988053273646026
0 64.697265625 32.94270833333333 9.708235913444133 12.944314551258843
0 71.142578125 36.9140625 10.276768945607138 13.702358594142853
0 73.14453125 32.68229166666667 9.669787303317175 12.893049737756234
0 76.708984375 29.231770833333332 9.145095253766906 12.193460338355873
0 74.70703125 16.2109375 6.810276368536802 9.080368491382403
0 76.806640625 16.927083333333336 6.959078522333606 9.278771363111476
0 79.1015625 16.666666666666664 6.905339660024879 9.207119546699838
0 77.685546875 21.09375 7.768507117527988 10.358009490037318
0 80.615234375 21.6796875 7.875664001809045 10.500885335745393
0 79.248046875 25.846354166666668 8.59924487524742 11.465659833663226
0 85.107421875 22.200520833333336 7.969705113037473 10.626273484049964
0 86.62109375 26.692708333333332 8.738904457566134 11.651872610088178
0 84.9609375 32.35677083333333 9.621510480001493 12.828680640001991
0 89.599609375 24.479166666666664 8.36871899463018 11.15829199284024
0 91.69921875 24.088541666666664 8.301678777304348 11.068905036405797
0 92.28515625 30.078125 9.276540621075844 12.368720828101127
0 88.916015625 28.255208333333332 8.991039955234518 11.988053273646026
0 96.875 30.403645833333332 9.326603265341873 12.43547102045583
0 96.09375 35.80729166666667 10.121535615098267 13.495380820131023
0 99.0234375 28.255208333333332 8.991039955234518 11.988053273646026
0 97.314453125 23.6328125 8.222774405094897 10.963699206793196
0 93.603515625 21.940104166666664 7.92282408798045 10.5637654506406
0 88.37890625 19.921875 7.549631882844837 10.066175843793117
0 6.0546875 20.768229166666664 7.708331872750909 10.277775830334546
0 6.0546875 25.1953125 8.490251308132054 11.320335077509403
0 11.767578125 20.1171875 7.586549618320344 10.115399491093791
0 12.109375 21.484375 7.840107775064166 10.453477033418888
0 8.642578125 30.143229166666668 9.286574740419274 12.382099653892366
0 1.513671875 57.421875 12.8173828125 17.08984375
0 8.740234375 69.59635416666666 14.110874049922964 18.814498733230618
0 11.181640625 72.4609375 14.398347304791809 19.197796406389077
0 20.458984375 41.2109375 10.85842704752026 14.477902730027015
0 35.498046875 45.05208333333333 11.353195335533615 15.137593780711486
0 38.818359375 46.15885416666667 11.491803212745808 15.322404283661076
0 42.236328125 45.703125 11.434932858395506 15.24657714452734
0 44.970703125 88.54166666666666 15.916021497076779 21.221361996102374
0 95.068359375 55.989583333333336 12.65651938069319 16.875359174257586
0 92.431640625 39.2578125 10.597995211294762 14.130660281726351
0 92.333984375 41.86197916666667 10.943860520654974 14.591814027539964
0 91.50390625 43.75 11.187928942763282 14.917238590351042
0 83.251953125 36.39322916666667 10.204012144348443 13.605349525797925
0 74.755859375 51.5625 12.145842738117919 16.194456984157227
0 73.291015625 41.40625 10.884127502518925 14.512170003358568
0 60.25390625 32.94270833333333 9.708235913444133 12.944314551258843
0 43.84765625 29.752604166666668 9.22620633412535 12.301608445500468
0 43.359375 33.13802083333333 9.736972737758677 12.982630317011571
0 49.658203125 19.270833333333336 7.425247229367944 9.900329639157258
0 48.53515625 20.8984375 7.732458166088822 10.309944221451763
0 49.853515625 21.549479166666664 7.85197774064246 10.469303654189947
0 46.728515625 23.6328125 8.222774405094897 10.963699206793196
0 53.955078125 18.9453125 7.3622668956389274 9.816355860851903
0 58.49609375 27.604166666666668 8.886852892188134 11.849137189584178
0 57.51953125 25.651041666666668 8.566692411876344 11.422256549168457
0 59.27734375 17.513020833333336 7.0784994535786145 9.437999271438152
0 60.400390625 17.96875 7.170007400189656 9.56000986691954
0 58.935546875 19.986979166666664 7.561957820656658 10.08261042754221
0 61.181640625 19.921875 7.549631882844837 10.066175843793117
0 59.9609375 23.6328125 8.222774405094897 10.963699206793196
0 58.49609375 24.0234375 8.290452702152177 11.053936936202902
0 63.330078125 26.171875 8.653226854710587 11.537635806280782
0 67.724609375 25.390625 8.523095729839442 11.364127639785922
0 67.626953125 27.083333333333332 8.802615418613255 11.736820558151006
0 71.826171875 18.489583333333336 7.273178276253042 9.697571035004056
0 70.21484375 18.815104166666664 7.336923388776433 9.782564518368577
0 74.12109375 23.828125 8.256682897014576 11.008910529352768
0 76.513671875 22.721354166666664 8.062649422377262 10.75019922983635
0 74.755859375 29.6875 9.216106488367615 12.288141984490153
0 75.390625 31.380208333333332 9.475204282385269 12.633605709847027
0 81.103515625 24.153645833333336 8.312889692307273 11.083852923076364
0 88.916015625 31.184895833333332 9.445671106287941 12.594228141717254
0 88.134765625 22.721354166666664 8.062649422377262 10.75019922983635
0 87.939453125 25.0 8.457279333832409 11.276372445109878
0 94.775390625 26.302083333333332 8.674725588105405 11.56630078414054
0 99.51171875 36.39322916666667 10.204012144348443 13.605349525797925
0 51.806640625 19.791666666666664 7.524919437217989 10.033225916290652
0 43.505859375 18.815104166666664 7.336923388776433 9.782564518368577
0 40.869140625 21.875 7.911060422861158 10.548080563814876
0 40.771484375 27.34375 8.84483443981289 11.793112586417188
0 31.4453125 24.0234375 8.290452702152177 11.053936936202902
0 28.662109375 24.153645833333336 8.312889692307273 11.083852923076364
0 29.052734375 21.028645833333336 7.756509415978292 10.342012554637723
0 28.173828125 22.526041666666664 8.027921409891299 10.703895213188398
0 25.9765625 25.130208333333332 8.479274895904423 11.305699861205897
0 26.220703125 18.684895833333336 7.311492035346033 9.748656047128044
0 16.50390625 23.177083333333336 8.143105507889608 10.857474010519478
0 6.103515625 22.981770833333336 8.108722079825698 10.811629439767596
