0 63.671875 87.63020833333334 15.833888880704158 21.11185184093888
0 46.630859375 81.8359375 15.301454024318451 20.401938699091268
0 9.423828125 63.0859375 13.434668397860802 17.912891197147736
0 20.068359375 48.69791666666667 11.803637454720285 15.738183272960379
0 34.912109375 38.60677083333333 10.509750584547465 14.01300077939662
0 36.865234375 29.8828125 9.24637292940864 12.32849723921152
0 47.119140625 36.19791666666667 10.17659423860661 13.568792318142146
0 67.28515625 42.578125 11.037073559585647 14.716098079447528
0 71.826171875 39.58333333333333 10.641843123878598 14.189124165171464
0 61.328125 59.895833333333336 13.090582635209483 17.45411018027931
0 75.68359375 51.236979166666664 12.107442886277694 16.14325718170359
0 85.302734375 67.578125 13.904767761101706 18.539690348135608
0 94.62890625 50.455729166666664 12.01478252260103 16.019710030134707
0 89.84375 37.6953125 10.38494844187839 13.84659792250452
0 88.720703125 32.421875 9.631185203893738 12.84158027185832
0 71.923828125 27.083333333333332 8.802615418613255 11.736820558151006
0 69.921875 22.0703125 7.946299173761924 10.595065565015899
0 67.041015625 17.578125 7.091644310682526 9.455525747576702
0 57.32421875 18.684895833333336 7.311492035346033 9.748656047128044
0 52.1484375 17.513020833333336 7.0784994535786145 9.437999271438152
0 48.291015625 21.875 7.911060422861158 10.548080563814876
0 45.263671875 24.869791666666664 8.435226416678011 11.246968555570682
0 43.65234375 30.208333333333332 9.296598029619028 12.395464039492039
0 33.59375 26.041666666666668 8.631674575031099 11.508899433374797
0 28.466796875 29.427083333333332 9.175595934065496 12.234127912087327
0 28.02734375 20.833333333333336 7.720404443770458 10.293872591693944
0 21.728515625 24.544270833333336 8.379840220792225 11.173120294389632
0 18.994140625 11.848958333333332 5.8223828211483495 7.763177094864466
0 23.974609375 14.192708333333334 6.372257390692475 8.496343187589966
0 27.83203125 12.890625 6.072921369058959 8.097228492078614
0 21.19140625 13.671875 6.254242410864013 8.338989881152017
0 68.06640625 62.955729166666664 13.420796769589858 17.89439569278648
0 64.6484375 34.44010416666667 9.926425761285763 13.235234348381017
0 60.205078125 34.70052083333333 9.963884104806219 13.28517880640829
0 49.8046875 27.213541666666668 8.823750179932228 11.765000239909636
0 90.576171875 42.70833333333333 11.053936936202902 14.738582581603868
0 90.966796875 62.955729166666664 13.420796769589858 17.89439569278648
0 89.697265625 49.4140625 11.89011214525034 15.853482860333786
