0 5.56640625 76.5625 14.800238834206716 19.73365177894229
0 2.490234375 58.463541666666664 12.93311773707098 17.244156982761304
0 21.77734375 49.21875 11.866590634291736 15.822120845722315
0 36.474609375 60.416666666666664 13.147375017418222 17.52983335655763
0 42.08984375 83.7890625 15.48297228267312 20.643963043564163
0 93.017578125 92.51302083333334 16.2690465518333 21.692062069111063
0 86.767578125 63.932291666666664 13.52448718637716 18.032649581836214
0 71.38671875 60.091145833333336 13.111908605310568 17.482544807080757
0 52.783203125 47.33072916666667 11.63676511531837 15.515686820424493
0 76.46484375 51.106770833333336 12.092048801366547 16.122731735155398
0 96.6796875 52.083333333333336 12.20703125 16.276041666666664
0 80.6640625 46.09375 11.48369611952318 15.311594826030909
0 80.46875 38.4765625 10.492012596234792 13.989350128313058
0 86.572265625 37.23958333333333 10.321981521782082 13.762642029042777
0 65.380859375 41.34114583333333 10.87556743237638 14.500756576501841
0 61.9140625 34.70052083333333 9.963884104806219 13.28517880640829
0 49.755859375 38.21614583333333 10.456446349494515 13.941928465992687
0 41.9921875 32.74739583333333 9.679413773897526 12.905885031863368
0 51.26953125 29.231770833333332 9.145095253766906 12.193460338355873
0 63.037109375 30.013020833333332 9.266495636406846 12.35532751520913
0 51.46484375 24.0234375 8.290452702152177 11.053936936202902
0 63.134765625 25.390625 8.523095729839442 11.364127639785922
0 73.193359375 32.09635416666667 9.58271390875707 12.77695187834276
0 86.376953125 33.07291666666667 9.727403229070575 12.9698709720941
0 98.2421875 41.9921875 10.960867307170393 14.614489742893857
0 99.31640625 36.19791666666667 10.17659423860661 13.568792318142146
0 94.3359375 31.510416666666668 9.494842032534208 12.659789376712277
0 1.26953125 45.1171875 11.361395549918386 15.148527399891181
0 6.591796875 40.625 10.780958088779109 14.374610785038813
0 17.3828125 32.48697916666667 9.640850219074288 12.854466958765718
0 21.77734375 27.083333333333332 8.802615418613255 11.736820558151006
0 11.279296875 27.213541666666668 8.823750179932228 11.765000239909636
0 4.052734375 32.35677083333333 9.621510480001493 12.828680640001991
0 4.150390625 24.348958333333336 8.346432086900233 11.128576115866979
0 19.82421875 21.484375 7.840107775064166 10.453477033418888
0 11.767578125 21.744791666666664 7.887480458569388 10.51664061142585
0 27.9296875 24.348958333333336 8.346432086900233 11.128576115866979
0 35.64453125 19.140625 7.400119417103358 9.866825889471144
0 27.490234375 18.489583333333336 7.273178276253042 9.697571035004056
0 41.162109375 13.606770833333334 6.2393335877260965 8.319111450301463
0 32.275390625 28.7109375 9.063258303782652 12.084344405043536
0 33.544921875 42.31770833333333 11.00326927326657 14.671025697688759
0 30.76171875 35.7421875 10.11233003282525 13.483106710433667
0 37.6953125 27.864583333333332 8.928673607377803 11.904898143170405
0 42.28515625 25.520833333333332 8.544921875 11.393229166666668
0 47.314453125 23.502604166666664 8.200090846279542 10.933454461706056
0 41.259765625 21.354166666666664 7.816313766397521 10.421751688530028
0 31.15234375 21.484375 7.840107775064166 10.453477033418888
0 30.029296875 19.596354166666664 7.487697843252746 9.983597124336994
0 22.216796875 14.388020833333334 6.415953381844678 8.554604509126236
0 23.291015625 14.973958333333334 6.545291317604741 8.727055090139656
0 24.21875 14.778645833333334 6.502464524127966 8.669952698837287
0 25.87890625 14.2578125 6.386855937639267 8.515807916852356
0 28.80859375 15.104166666666666 6.573687508709111 8.764916678278816
0 30.76171875 15.234375 6.60196156395994 8.802615418613254
0 35.15625 15.234375 6.60196156395994 8.802615418613254
0 34.033203125 15.494791666666666 6.658149484030587 8.877532645374115
0 32.177734375 16.731770833333336 6.9188135063199665 9.225084675093289
0 20.166015625 18.359375 7.247523246483103 9.663364328644137
0 22.314453125 16.471354166666664 6.864759447755123 9.15301259700683
0 12.59765625 20.377604166666664 7.635495607419925 10.180660809893233
0 13.818359375 19.596354166666664 7.487697843252746 9.983597124336994
0 13.525390625 18.229166666666664 7.221777078979024 9.629036105305365
0 14.35546875 17.96875 7.170007400189656 9.56000986691954
0 13.720703125 17.122395833333336 6.9991119025755095 9.332149203434014
0 13.330078125 16.276041666666664 6.823937919616058 9.09858389282141
0 7.8125 16.6015625 6.891839471823862 9.189119295765149
0 6.396484375 18.75 7.32421875 9.765625
0 6.787109375 20.8984375 7.732458166088822 10.309944221451763
0 4.150390625 15.885416666666666 6.741553355216833 8.988737806955777
0 2.9296875 16.9921875 6.972448522214271 9.296598029619028
0 3.125 20.5078125 7.659851317145468 10.21313508952729
0 5.46875 17.96875 7.170007400189656 9.56000986691954
0 1.46484375 18.489583333333336 7.273178276253042 9.697571035004056
0 37.109375 16.731770833333336 6.9188135063199665 9.225084675093289
0 52.197265625 15.494791666666666 6.658149484030587 8.877532645374115
0 60.888671875 12.890625 6.072921369058959 8.097228492078614
0 52.685546875 11.1328125 5.6436895779134915 7.524919437217989
0 40.869140625 17.122395833333336 6.9991119025755095 9.332149203434014
0 45.068359375 16.40625 6.8511792970714245 9.134905729428567
0 46.58203125 15.234375 6.60196156395994 8.802615418613254
0 47.705078125 15.625 6.686066375795484 8.914755167727312
0 56.494140625 16.145833333333336 6.796587356970242 9.062116475960323
0 49.951171875 19.270833333333336 7.425247229367944 9.900329639157258
0 59.765625 25.846354166666668 8.59924487524742 11.465659833663226
0 74.462890625 27.083333333333332 8.802615418613255 11.736820558151006
0 80.17578125 25.0 8.457279333832409 11.276372445109878
0 66.162109375 24.088541666666664 8.301678777304348 11.068905036405797
0 71.58203125 23.372395833333336 8.177344364608315 10.903125819477753
0 89.111328125 27.864583333333332 8.928673607377803 11.904898143170405
0 60.7421875 22.005208333333336 7.9345703125 10.579427083333332
0 58.544921875 19.140625 7.400119417103358 9.866825889471144
0 62.98828125 13.151041666666666 6.133957288281793 8.178609717709058
0 71.58203125 19.596354166666664 7.487697843252746 9.983597124336994
0 60.986328125 17.643229166666664 7.104764847914316 9.473019797219088
0 79.150390625 16.861979166666664 6.945682786096826 9.260910381462436
0 85.888671875 21.744791666666664 7.887480458569388 10.51664061142585
0 95.99609375 23.111979166666664 8.131660519088275 10.842214025451032
0 89.94140625 16.471354166666664 6.864759447755123 9.15301259700683
0 98.828125 19.140625 7.400119417103358 9.866825889471144
0 85.888671875 16.145833333333336 6.796587356970242 9.062116475960323
0 76.806640625 21.875 7.911060422861158 10.548080563814876
0 93.84765625 20.247395833333336 7.611061958825638 10.148082611767517
0 91.40625 25.130208333333332 8.479274895904423 11.305699861205897
0 83.837890625 18.229166666666664 7.221777078979024 9.629036105305365
0 81.787109375 18.489583333333336 7.273178276253042 9.697571035004056
0 66.259765625 17.122395833333336 6.9991119025755095 9.332149203434014
