0 98.2421875 38.02083333333333 10.429692071920813 13.906256095894417
0 84.423828125 39.77864583333333 10.668065364348472 14.224087152464628
0 56.787109375 41.08072916666667 10.841259563190683 14.45501275092091
0 73.974609375 31.4453125 9.485028239697298 12.646704319596397
0 89.84375 31.4453125 9.485028239697298 12.646704319596397
0 97.65625 30.338541666666668 9.316612257369233 12.42214967649231
0 86.474609375 26.171875 8.653226854710587 11.537635806280782
0 77.34375 28.059895833333332 8.959911044862793 11.946548059817056
0 87.890625 22.916666666666664 8.097228492078614 10.796304656104818
0 79.345703125 23.567708333333336 8.211440458419013 10.948587277892017
0 70.1171875 23.4375 8.188725503539269 10.918300671385692
0 75.9765625 22.005208333333336 7.9345703125 10.579427083333332
0 66.9921875 31.575520833333332 9.50464569238125 12.672860923174998
0 55.908203125 25.846354166666668 8.59924487524742 11.465659833663226
0 64.599609375 25.520833333333332 8.544921875 11.393229166666668
0 29.98046875 38.4765625 10.492012596234792 13.989350128313058
0 1.85546875 22.005208333333336 7.9345703125 10.579427083333332
0 19.53125 24.088541666666664 8.301678777304348 11.068905036405797
0 5.6640625 22.65625 8.051090062422436 10.734786749896582
0 27.099609375 23.567708333333336 8.211440458419013 10.948587277892017
0 38.134765625 22.786458333333336 8.074192233473482 10.765589644631309
0 46.533203125 22.4609375 8.016311973000304 10.688415964000404
0 57.958984375 19.596354166666664 7.487697843252746 9.983597124336994
0 66.40625 21.158854166666664 7.780486318348366 10.373981757797822
0 80.56640625 21.158854166666664 7.780486318348366 10.373981757797822
0 0.634765625 18.619791666666664 7.298743129334349 9.731657505779133
0 3.271484375 17.513020833333336 7.0784994535786145 9.437999271438152
0 4.736328125 18.294270833333336 7.234661615679748 9.646215487572997
0 6.15234375 17.643229166666664 7.104764847914316 9.473019797219088
0 9.033203125 18.619791666666664 7.298743129334349 9.731657505779133
0 10.498046875 19.921875 7.549631882844837 10.066175843793117
0 10.498046875 15.755208333333334 6.7138671875 8.951822916666668
0 12.40234375 16.9921875 6.972448522214271 9.296598029619028
0 13.4765625 16.666666666666664 6.905339660024879 9.207119546699838
0 14.208984375 17.838541666666664 7.143981879101334 9.525309172135112
0 15.91796875 17.838541666666664 7.143981879101334 9.525309172135112
0 18.310546875 19.401041666666664 7.450290292806215 9.933720390408286
0 18.310546875 16.2109375 6.810276368536802 9.080368491382403
0 19.970703125 14.778645833333334 6.502464524127966 8.669952698837287
0 23.33984375 14.583333333333334 6.459353786778786 8.612471715705048
0 25.048828125 14.583333333333334 6.459353786778786 8.612471715705048
0 26.708984375 15.755208333333334 6.7138671875 8.951822916666668
0 27.44140625 14.127604166666666 6.3576253222655215 8.476833763020695
0 24.560546875 20.052083333333336 7.574263699945591 10.099018266594122
0 28.515625 15.559895833333334 6.672122530845778 8.896163374461038
0 30.6640625 15.559895833333334 6.672122530845778 8.896163374461038
0 32.03125 16.080729166666664 6.782870718656271 9.043827624875028
0 33.349609375 15.4296875 6.644147051109997 8.858862734813329
0 34.423828125 15.559895833333334 6.672122530845778 8.896163374461038
0 35.986328125 15.885416666666666 6.741553355216833 8.988737806955777
0 35.83984375 14.322916666666666 6.401421192444773 8.53522825659303
0 37.646484375 15.104166666666666 6.573687508709111 8.764916678278816
0 38.8671875 14.583333333333334 6.459353786778786 8.612471715705048
0 39.35546875 16.40625 6.8511792970714245 9.134905729428567
0 40.0390625 15.234375 6.60196156395994 8.802615418613254
0 43.1640625 15.755208333333334 6.7138671875 8.951822916666668
0 44.62890625 15.4296875 6.644147051109997 8.858862734813329
0 45.947265625 14.583333333333334 6.459353786778786 8.612471715705048
0 47.021484375 14.322916666666666 6.401421192444773 8.53522825659303
0 46.09375 17.838541666666664 7.143981879101334 9.525309172135112
0 48.33984375 19.270833333333336 7.425247229367944 9.900329639157258
0 49.21875 16.9921875 6.972448522214271 9.296598029619028
0 52.099609375 13.997395833333334 6.328259690346595 8.437679587128793
0 53.515625 16.9921875 6.972448522214271 9.296598029619028
0 56.15234375 15.559895833333334 6.672122530845778 8.896163374461038
0 57.12890625 15.234375 6.60196156395994 8.802615418613254
0 59.1796875 14.322916666666666 6.401421192444773 8.53522825659303
0 60.15625 15.234375 6.60196156395994 8.802615418613254
0 60.986328125 16.666666666666664 6.905339660024879 9.207119546699838
0 62.158203125 14.583333333333334 6.459353786778786 8.612471715705048
0 64.35546875 15.4296875 6.644147051109997 8.858862734813329
0 66.162109375 15.885416666666666 6.741553355216833 8.988737806955777
0 67.578125 14.778645833333334 6.502464524127966 8.669952698837287
0 69.140625 14.583333333333334 6.459353786778786 8.612471715705048
0 71.19140625 14.908854166666666 6.531046923532928 8.708062564710572
0 72.509765625 15.4296875 6.644147051109997 8.858862734813329
0 73.974609375 15.104166666666666 6.573687508709111 8.764916678278816
0 76.85546875 16.080729166666664 6.782870718656271 9.043827624875028
0 74.8046875 18.619791666666664 7.298743129334349 9.731657505779133
0 78.41796875 17.838541666666664 7.143981879101334 9.525309172135112
0 79.833984375 16.2109375 6.810276368536802 9.080368491382403
0 80.56640625 18.1640625 7.208869513560617 9.611826018080823
0 82.6171875 17.643229166666664 7.104764847914316 9.473019797219088
0 85.498046875 18.294270833333336 7.234661615679748 9.646215487572997
0 84.033203125 22.005208333333336 7.9345703125 10.579427083333332
0 88.720703125 19.596354166666664 7.487697843252746 9.983597124336994
0 89.84375 18.75 7.32421875 9.765625
0 91.015625 17.317708333333336 7.038917599286375 9.385223465715166
0 91.162109375 20.572916666666664 7.672000176987631 10.229333569316841
0 93.310546875 19.075520833333336 7.3875234600282 9.850031280037602
0 93.798828125 20.572916666666664 7.672000176987631 10.229333569316841
0 94.873046875 20.377604166666664 7.635495607419925 10.180660809893233
0 94.384765625 23.2421875 8.154534433525017 10.872712578033356
0 97.16796875 20.377604166666664 7.635495607419925 10.180660809893233
0 96.923828125 23.893229166666664 8.267954824306681 11.023939765742242
0 99.072265625 20.377604166666664 7.635495607419925 10.180660809893233
0 97.65625 21.809895833333336 7.8992792392241125 10.532372318965482
0 64.84375 18.619791666666664 7.298743129334349 9.731657505779133
0 37.40234375 18.9453125 7.3622668956389274 9.816355860851903
0 50.537109375 19.921875 7.549631882844837 10.066175843793117
0 30.322265625 20.377604166666664 7.635495607419925 10.180660809893233
