0 58.7890625 19.53125 7.475249459177179 9.966999278902906
0 44.775390625 15.755208333333334 6.7138671875 8.951822916666668
0 57.2265625 14.84375 6.516771394062079 8.689028525416106
0 74.70703125 17.578125 7.091644310682526 9.455525747576702
0 45.751953125 19.791666666666664 7.524919437217989 10.033225916290652
0 6.34765625 20.833333333333336 7.720404443770458 10.293872591693944
0 65.966796875 15.755208333333334 6.7138671875 8.951822916666668
0 80.126953125 18.880208333333336 7.349606066157407 9.799474754876544
0 97.998046875 19.791666666666664 7.524919437217989 10.033225916290652
0 83.837890625 21.614583333333336 7.863829789260941 10.485106385681254
0 75.78125 15.625 6.686066375795484 8.914755167727312
0 36.62109375 21.354166666666664 7.816313766397521 10.421751688530028
0 9.9609375 18.75 7.32421875 9.765625
0 78.369140625 15.234375 6.60196156395994 8.802615418613254
0 84.912109375 19.010416666666664 7.37490598974278 9.833207986323707
0 78.173828125 18.489583333333336 7.273178276253042 9.697571035004056
0 73.046875 15.494791666666666 6.658149484030587 8.877532645374115
0 55.6640625 15.104166666666666 6.573687508709111 8.764916678278816
0 84.814453125 17.057291666666664 6.985792933508055 9.31439057801074
0 12.744140625 18.75 7.32421875 9.765625
0 3.22265625 18.229166666666664 7.221777078979024 9.629036105305365
