0 1.513671875 17.252604166666664 7.025674092542321 9.367565456723094
0 2.490234375 15.950520833333334 6.755353888299149 9.0071385177322
0 5.078125 17.057291666666664 6.985792933508055 9.31439057801074
0 7.91015625 18.229166666666664 7.221777078979024 9.629036105305365
0 10.546875 16.276041666666664 6.823937919616058 9.09858389282141
0 9.619140625 18.424479166666664 7.2603620931215325 9.680482790828709
0 3.466796875 19.075520833333336 7.3875234600282 9.850031280037602
0 8.544921875 20.377604166666664 7.635495607419925 10.180660809893233
0 3.955078125 26.302083333333332 8.674725588105405 11.56630078414054
0 9.033203125 28.776041666666668 9.073528288158268 12.098037717544358
0 2.83203125 32.421875 9.631185203893738 12.84158027185832
0 3.125 59.114583333333336 13.004929048255931 17.339905397674574
0 11.71875 17.3828125 7.052136235529384 9.40284831403918
0 13.232421875 16.6015625 6.891839471823862 9.189119295765149
0 12.353515625 18.880208333333336 7.349606066157407 9.799474754876544
0 14.111328125 18.424479166666664 7.2603620931215325 9.680482790828709
0 12.548828125 21.354166666666664 7.816313766397521 10.421751688530028
0 14.453125 22.005208333333336 7.9345703125 10.579427083333332
0 18.701171875 15.299479166666666 6.61605328023645 8.821404373648601
0 22.802734375 14.192708333333334 6.372257390692475 8.496343187589966
0 25.244140625 12.6953125 6.026738787271576 8.0356517163621
0 28.7109375 13.606770833333334 6.2393335877260965 8.319111450301463
0 24.0234375 15.625 6.686066375795484 8.914755167727312
0 21.19140625 17.057291666666664 6.985792933508055 9.31439057801074
0 18.017578125 18.9453125 7.3622668956389274 9.816355860851903
0 21.2890625 20.8984375 7.732458166088822 10.309944221451763
0 32.861328125 13.606770833333334 6.2393335877260965 8.319111450301463
0 31.54296875 14.453125 6.430452730012657 8.57393697335021
0 30.322265625 15.234375 6.60196156395994 8.802615418613254
0 32.51953125 16.145833333333336 6.796587356970242 9.062116475960323
0 27.05078125 15.950520833333334 6.755353888299149 9.0071385177322
0 24.4140625 18.489583333333336 7.273178276253042 9.697571035004056
0 26.416015625 18.294270833333336 7.234661615679748 9.646215487572997
0 28.22265625 18.489583333333336 7.273178276253042 9.697571035004056
0 29.98046875 19.401041666666664 7.450290292806215 9.933720390408286
0 31.73828125 21.744791666666664 7.887480458569388 10.51664061142585
0 27.099609375 22.526041666666664 8.027921409891299 10.703895213188398
0 22.802734375 25.846354166666668 8.59924487524742 11.465659833663226
0 20.263671875 32.94270833333333 9.708235913444133 12.944314551258843
0 32.373046875 29.231770833333332 9.145095253766906 12.193460338355873
0 32.080078125 35.22135416666667 10.038381471800859 13.384508629067811
0 20.41015625 48.4375 11.772034620352729 15.696046160470303
0 31.0546875 48.76302083333333 11.811524951393816 15.748699935191754
0 35.9375 42.51302083333333 11.02863220189981 14.704842935866417
0 37.744140625 63.671875 13.496914299008777 17.995885732011704
0 43.359375 81.57552083333334 15.277088636210726 20.369451514947635
0 35.64453125 16.927083333333336 6.959078522333606 9.278771363111476
0 37.255859375 17.3828125 7.052136235529384 9.40284831403918
0 39.35546875 15.234375 6.60196156395994 8.802615418613254
0 41.2109375 16.276041666666664 6.823937919616058 9.09858389282141
0 40.576171875 18.75 7.32421875 9.765625
0 41.259765625 21.09375 7.768507117527988 10.358009490037318
0 41.357421875 24.674479166666664 8.402038511923953 11.202718015898604
0 45.556640625 16.080729166666664 6.782870718656271 9.043827624875028
0 46.2890625 15.299479166666666 6.61605328023645 8.821404373648601
0 47.802734375 14.6484375 6.473755931273323 8.631674575031097
0 51.26953125 16.927083333333336 6.959078522333606 9.278771363111476
0 48.828125 17.578125 7.091644310682526 9.455525747576702
0 49.951171875 19.986979166666664 7.561957820656658 10.08261042754221
0 45.947265625 22.395833333333336 8.00468569861084 10.672914264814453
0 49.12109375 29.296875 9.1552734375 12.20703125
0 41.943359375 32.09635416666667 9.58271390875707 12.77695187834276
0 48.486328125 37.04427083333333 10.29487780360901 13.726503738145347
0 51.3671875 48.828125 11.819407184470878 15.759209579294502
0 63.37890625 57.356770833333336 12.810114661752536 17.080152882336716
0 81.54296875 63.28125 13.455449026518924 17.94059870202523
0 97.900390625 53.971354166666664 12.426314130555623 16.568418840740833
0 54.833984375 14.453125 6.430452730012657 8.57393697335021
0 56.591796875 15.885416666666666 6.741553355216833 8.988737806955777
0 59.033203125 14.583333333333334 6.459353786778786 8.612471715705048
0 60.595703125 15.494791666666666 6.658149484030587 8.877532645374115
0 59.66796875 17.578125 7.091644310682526 9.455525747576702
0 61.376953125 21.223958333333336 7.792447103762027 10.389929471682702
0 58.30078125 24.479166666666664 8.36871899463018 11.15829199284024
0 61.71875 30.533854166666668 9.346553241646458 12.462070988861944
0 58.642578125 35.87239583333333 10.130732832457173 13.507643776609566
0 66.11328125 40.8203125 10.806842779312605 14.40912370575014
0 77.392578125 51.7578125 12.168824485703665 16.225099314271553
0 63.671875 14.908854166666666 6.531046923532928 8.708062564710572
0 66.357421875 16.40625 6.8511792970714245 9.134905729428567
0 63.818359375 17.838541666666664 7.143981879101334 9.525309172135112
0 70.068359375 14.192708333333334 6.372257390692475 8.496343187589966
0 70.3125 18.5546875 7.28597191547444 9.714629220632586
0 70.556640625 21.744791666666664 7.887480458569388 10.51664061142585
0 67.236328125 23.2421875 8.154534433525017 10.872712578033356
0 75.5859375 27.669270833333332 8.897326499702912 11.863101999603883
0 74.31640625 32.87760416666667 9.698638050580264 12.931517400773687
0 79.638671875 36.58854166666667 10.231356576074347 13.641808768099132
0 79.19921875 16.145833333333336 6.796587356970242 9.062116475960323
0 76.220703125 20.8984375 7.732458166088822 10.309944221451763
0 82.8125 17.708333333333336 7.117861199762329 9.490481599683106
0 86.23046875 21.875 7.911060422861158 10.548080563814876
0 82.51953125 22.395833333333336 8.00468569861084 10.672914264814453
0 79.736328125 25.0 8.457279333832409 11.276372445109878
0 88.96484375 17.578125 7.091644310682526 9.455525747576702
0 91.064453125 18.424479166666664 7.2603620931215325 9.680482790828709
0 91.845703125 21.028645833333336 7.756509415978292 10.342012554637723
0 94.921875 20.703125 7.6962403643301345 10.261653819106845
0 97.16796875 24.674479166666664 8.402038511923953 11.202718015898604
0 93.5546875 23.697916666666664 8.234092750996119 10.978790334661493
0 89.6484375 25.325520833333332 8.512161670520847 11.349548894027794
0 88.623046875 28.841145833333332 9.083786661460703 12.11171554861427
0 91.943359375 29.947916666666668 9.25643975103949 12.341919668052654
0 88.671875 33.984375 9.860531263063667 13.147375017418222
0 98.14453125 28.841145833333332 9.083786661460703 12.11171554861427
0 98.828125 30.989583333333332 9.416045300623482 12.554727067497975
0 98.486328125 42.1875 10.986328125 14.6484375
0 82.568359375 19.791666666666664 7.524919437217989 10.033225916290652
0 84.27734375 18.294270833333336 7.234661615679748 9.646215487572997
0 93.1640625 94.40104166666666 16.43421877177278 21.91229169569704
0 95.3125 22.8515625 8.085718566584333 10.780958088779109
