0 1.123046875 18.294270833333336 7.234661615679748 9.646215487572997
0 1.3671875 16.276041666666664 6.823937919616058 9.09858389282141
0 3.125 17.708333333333336 7.117861199762329 9.490481599683106
0 5.078125 16.2109375 6.810276368536802 9.080368491382403
0 4.345703125 17.96875 7.170007400189656 9.56000986691954
0 5.322265625 20.638020833333336 7.684129829110212 10.245506438813615
0 2.9296875 23.893229166666664 8.267954824306681 11.023939765742242
0 5.46875 27.278645833333332 8.83429859993294 11.779064799910586
0 2.734375 39.38802083333333 10.615556110184379 14.154074813579173
0 7.666015625 15.364583333333334 6.6301150458985685 8.840153394531425
0 9.9609375 15.755208333333334 6.7138671875 8.951822916666668
0 11.376953125 16.015625 6.7691262856502785 9.025501714200372
0 12.939453125 15.104166666666666 6.573687508709111 8.764916678278816
0 8.251953125 19.791666666666664 7.524919437217989 10.033225916290652
0 9.765625 18.359375 7.247523246483103 9.663364328644137
0 12.5 19.140625 7.400119417103358 9.866825889471144
0 10.107421875 22.4609375 8.016311973000304 10.688415964000404
0 10.44921875 30.013020833333332 9.266495636406846 12.35532751520913
0 13.4765625 26.041666666666668 8.631674575031099 11.508899433374797
0 13.525390625 34.89583333333333 9.991885707852113 13.322514277136149
0 12.01171875 51.888020833333336 12.184121568406452 16.245495424541936
0 16.162109375 15.625 6.686066375795484 8.914755167727312
0 15.478515625 20.377604166666664 7.635495607419925 10.180660809893233
0 17.48046875 13.932291666666666 6.313525654778199 8.418034206370931
0 19.23828125 13.346354166666666 6.179338602086361 8.239118136115147
0 20.068359375 14.322916666666666 6.401421192444773 8.53522825659303
0 20.21484375 19.270833333333336 7.425247229367944 9.900329639157258
0 23.73046875 13.411458333333334 6.194391824397107 8.259189099196142
0 25.1953125 12.890625 6.072921369058959 8.097228492078614
0 26.318359375 13.0859375 6.118755388111396 8.15834051748186
0 22.900390625 14.322916666666666 6.401421192444773 8.53522825659303
0 23.73046875 17.96875 7.170007400189656 9.56000986691954
0 22.509765625 21.875 7.911060422861158 10.548080563814876
0 20.751953125 28.450520833333332 9.02206146184966 12.029415282466214
0 24.853515625 21.419270833333336 7.828219811023351 10.437626414697803
0 25.29296875 23.763020833333336 8.245395560367612 10.993860747156816
0 24.4140625 29.361979166666668 9.16544031840894 12.220587091211922
0 20.41015625 35.15625 10.029099563693228 13.372132751590971
0 22.509765625 42.70833333333333 11.053936936202902 14.738582581603868
0 25.634765625 17.057291666666664 6.985792933508055 9.31439057801074
0 27.734375 17.708333333333336 7.117861199762329 9.490481599683106
0 26.953125 21.484375 7.840107775064166 10.453477033418888
0 28.125 13.8671875 6.298757153488249 8.398342871317666
0 28.3203125 12.760416666666666 6.042172202521769 8.056229603362357
0 29.638671875 15.169270833333334 6.587839704871492 8.783786273161988
0 30.46875 12.825520833333334 6.057566296777102 8.076755062369468
0 31.494140625 13.736979166666666 6.269115778861736 8.358821038482315
0 33.251953125 13.020833333333334 6.103515625 8.138020833333332
0 32.6171875 14.6484375 6.473755931273323 8.631674575031097
0 34.033203125 14.0625 6.342959500374307 8.457279333832409
0 31.93359375 18.9453125 7.3622668956389274 9.816355860851903
0 34.326171875 19.466145833333336 7.462780310447684 9.950373747263578
0 31.103515625 25.390625 8.523095729839442 11.364127639785922
0 32.470703125 31.705729166666668 9.524222738236839 12.698963650982451
0 34.326171875 26.432291666666668 8.696171172348027 11.594894896464037
0 35.83984375 37.36979166666667 10.340011197569225 13.786681596758967
0 35.546875 17.057291666666664 6.985792933508055 9.31439057801074
0 36.1328125 14.518229166666666 6.444919458600731 8.593225944800976
0 37.40234375 13.736979166666666 6.269115778861736 8.358821038482315
0 38.0859375 14.583333333333334 6.459353786778786 8.612471715705048
0 39.111328125 13.346354166666666 6.179338602086361 8.239118136115147
0 39.794921875 16.666666666666664 6.905339660024879 9.207119546699838
0 41.69921875 12.630208333333334 6.011265748166568 8.015020997555423
0 41.845703125 15.234375 6.60196156395994 8.802615418613254
0 43.75 14.583333333333334 6.459353786778786 8.612471715705048
0 45.068359375 15.104166666666666 6.573687508709111 8.764916678278816
0 45.849609375 13.020833333333334 6.103515625 8.138020833333332
0 47.509765625 13.216145833333334 6.149121606326259 8.198828808435012
0 52.24609375 9.440104166666668 5.196956288429687 6.929275051239584
0 38.330078125 20.1171875 7.586549618320344 10.115399491093791
0 40.771484375 19.791666666666664 7.524919437217989 10.033225916290652
0 39.990234375 22.981770833333336 8.108722079825698 10.811629439767596
0 40.72265625 28.450520833333332 9.02206146184966 12.029415282466214
0 42.48046875 39.2578125 10.597995211294762 14.130660281726351
0 52.83203125 13.736979166666666 6.269115778861736 8.358821038482315
0 51.708984375 16.015625 6.7691262856502785 9.025501714200372
0 48.291015625 16.2109375 6.810276368536802 9.080368491382403
0 50.87890625 18.815104166666664 7.336923388776433 9.782564518368577
0 47.265625 19.596354166666664 7.487697843252746 9.983597124336994
0 48.14453125 25.5859375 8.555814067917595 11.407752090556793
0 47.802734375 33.3984375 9.775157091093119 13.033542788124159
0 45.751953125 20.572916666666664 7.672000176987631 10.229333569316841
0 55.712890625 14.2578125 6.386855937639267 8.515807916852356
0 57.275390625 13.932291666666666 6.313525654778199 8.418034206370931
0 59.5703125 13.8671875 6.298757153488249 8.398342871317666
0 60.83984375 10.7421875 5.543793372981247 7.391724497308329
0 56.54296875 12.434895833333332 5.964605800076924 7.952807733435899
0 56.494140625 17.447916666666664 7.065330140863174 9.420440187817565
0 58.544921875 19.7265625 7.512532730158185 10.01671030687758
0 62.6953125 12.239583333333332 5.917577950947668 7.8901039345968895
0 62.353515625 14.322916666666666 6.401421192444773 8.53522825659303
0 62.59765625 15.950520833333334 6.755353888299149 9.0071385177322
0 62.79296875 18.359375 7.247523246483103 9.663364328644137
0 60.25390625 20.572916666666664 7.672000176987631 10.229333569316841
0 62.060546875 20.8984375 7.732458166088822 10.309944221451763
0 60.107421875 23.893229166666664 8.267954824306681 11.023939765742242
0 61.328125 26.3671875 8.685454999241765 11.580606665655687
0 59.228515625 31.380208333333332 9.475204282385269 12.633605709847027
0 60.05859375 40.10416666666667 10.711626449453275 14.282168599271033
0 57.03125 51.171875 12.099748291991583 16.132997722655443
0 35.498046875 74.15364583333334 14.565551225319487 19.42073496709265
0 66.357421875 14.583333333333334 6.459353786778786 8.612471715705048
0 67.919921875 14.0625 6.342959500374307 8.457279333832409
0 70.41015625 13.736979166666666 6.269115778861736 8.358821038482315
0 70.1171875 16.2109375 6.810276368536802 9.080368491382403
0 68.359375 15.234375 6.60196156395994 8.802615418613254
0 68.115234375 18.815104166666664 7.336923388776433 9.782564518368577
0 70.751953125 20.638020833333336 7.684129829110212 10.245506438813615
0 67.3828125 23.763020833333336 8.245395560367612 10.993860747156816
0 63.96484375 26.3671875 8.685454999241765 11.580606665655687
0 65.52734375 32.2265625 9.60213178866716 12.802842384889546
0 72.65625 13.4765625 6.209408553886659 8.279211405182211
0 73.4375 14.6484375 6.473755931273323 8.631674575031097
0 74.755859375 14.0625 6.342959500374307 8.457279333832409
0 75.048828125 16.40625 6.8511792970714245 9.134905729428567
0 77.294921875 14.192708333333334 6.372257390692475 8.496343187589966
0 78.125 17.447916666666664 7.065330140863174 9.420440187817565
0 79.19921875 17.057291666666664 6.985792933508055 9.31439057801074
0 81.591796875 16.276041666666664 6.823937919616058 9.09858389282141
0 81.201171875 19.53125 7.475249459177179 9.966999278902906
0 79.39453125 23.046875 8.120199399200482 10.82693253226731
0 73.92578125 22.4609375 8.016311973000304 10.688415964000404
0 74.31640625 26.822916666666668 8.760192928715409 11.680257238287211
0 76.318359375 30.013020833333332 9.266495636406846 12.35532751520913
0 75.87890625 37.82552083333333 10.40286898746296 13.870491983283944
0 84.130859375 15.625 6.686066375795484 8.914755167727312
0 83.544921875 18.619791666666664 7.298743129334349 9.731657505779133
0 86.083984375 18.815104166666664 7.336923388776433 9.782564518368577
0 88.232421875 15.950520833333334 6.755353888299149 9.0071385177322
0 88.37890625 16.796875 6.932261164306974 9.243014885742634
0 88.720703125 19.140625 7.400119417103358 9.866825889471144
0 83.984375 23.177083333333336 8.143105507889608 10.857474010519478
0 81.201171875 31.0546875 9.425930915210266 12.567907886947022
0 83.88671875 27.799479166666668 8.918236814088415 11.890982418784553
0 86.328125 29.6875 9.216106488367615 12.288141984490153
0 81.298828125 45.96354166666667 11.467464738803672 15.289952985071562
0 87.59765625 23.567708333333336 8.211440458419013 10.948587277892017
0 89.6484375 22.135416666666664 7.958010748538389 10.610680998051187
0 90.478515625 20.833333333333336 7.720404443770458 10.293872591693944
0 90.673828125 24.609375 8.39094670707246 11.187928942763282
0 92.67578125 27.083333333333332 8.802615418613255 11.736820558151006
0 89.892578125 30.859375 9.396242870080965 12.52832382677462
0 91.943359375 35.3515625 10.056919588186085 13.409226117581447
0 95.3125 38.28125 10.46534924284805 13.953798990464069
0 91.064453125 42.64322916666667 11.045508466097326 14.7273446214631
0 92.626953125 16.927083333333336 6.959078522333606 9.278771363111476
0 94.873046875 18.294270833333336 7.234661615679748 9.646215487572997
0 92.28515625 18.424479166666664 7.2603620931215325 9.680482790828709
0 91.845703125 20.833333333333336 7.720404443770458 10.293872591693944
0 92.87109375 22.005208333333336 7.9345703125 10.579427083333332
0 94.970703125 22.200520833333336 7.969705113037473 10.626273484049964
0 97.216796875 19.53125 7.475249459177179 9.966999278902906
0 98.486328125 21.2890625 7.804389558437758 10.405852744583676
0 98.73046875 23.567708333333336 8.211440458419013 10.948587277892017
0 98.974609375 28.190104166666668 8.980675640601907 11.974234187469209
0 96.97265625 28.125 8.970299351012615 11.960399134683486
0 99.609375 32.6171875 9.660151239834237 12.880201653112316
0 99.12109375 77.40885416666666 14.881818042281017 19.84242405637469
0 76.318359375 20.638020833333336 7.684129829110212 10.245506438813615
0 73.095703125 19.596354166666664 7.487697843252746 9.983597124336994
0 65.52734375 17.252604166666664 7.025674092542321 9.367565456723094
