0 19.43359375 31.119791666666668 9.4358061729372 12.5810748972496
0 23.2421875 26.106770833333332 8.642457433170346 11.52327657756046
0 27.5390625 23.828125 8.256682897014576 11.008910529352768
0 32.373046875 28.841145833333332 9.083786661460703 12.11171554861427
0 32.373046875 35.15625 10.029099563693228 13.372132751590971
0 34.814453125 41.66666666666667 10.918300671385692 14.557734228514258
0 23.2421875 49.21875 11.866590634291736 15.822120845722315
0 10.7421875 38.02083333333333 10.429692071920813 13.906256095894417
0 8.740234375 27.799479166666668 8.918236814088415 11.890982418784553
0 2.5390625 31.510416666666668 9.494842032534208 12.659789376712277
0 34.9609375 63.0859375 13.434668397860802 17.912891197147736
0 31.73828125 76.04166666666666 14.74981197948556 19.666415972647414
0 51.5625 49.67447916666667 11.92140196815467 15.895202624206226
0 66.552734375 59.830729166666664 13.083466253800058 17.444621671733408
0 77.24609375 53.190104166666664 12.336049152470542 16.44806553662739
0 84.814453125 64.12760416666666 13.545130017805265 18.060173357073687
0 97.36328125 53.385416666666664 12.358677204172722 16.478236272230294
0 89.94140625 38.34635416666667 10.474244568927316 13.965659425236424
0 88.8671875 31.380208333333332 9.475204282385269 12.633605709847027
0 85.400390625 37.17447916666667 10.31295486371814 13.75060648495752
0 80.6640625 39.12760416666667 10.580405165624827 14.107206887499771
0 73.095703125 33.33333333333333 9.765625 13.020833333333334
0 65.234375 42.51302083333333 11.02863220189981 14.704842935866417
0 60.9375 34.5703125 9.945172568847854 13.26023009179714
0 61.62109375 29.752604166666668 9.22620633412535 12.301608445500468
0 58.984375 25.455729166666668 8.53401578009617 11.378687706794894
0 67.96875 18.229166666666664 7.221777078979024 9.629036105305365
0 71.19140625 21.2890625 7.804389558437758 10.405852744583676
0 89.55078125 20.5078125 7.659851317145468 10.21313508952729
0 79.98046875 16.6015625 6.891839471823862 9.189119295765149
0 77.24609375 21.744791666666664 7.887480458569388 10.51664061142585
0 74.70703125 27.604166666666668 8.886852892188134 11.849137189584178
0 50.0 28.450520833333332 9.02206146184966 12.029415282466214
0 43.1640625 32.09635416666667 9.58271390875707 12.77695187834276
0 48.974609375 37.890625 10.411817693623036 13.88242359149738
0 42.431640625 25.455729166666668 8.53401578009617 11.378687706794894
0 3.61328125 74.0234375 14.55275758980269 19.403676786403587
0 1.26953125 59.049479166666664 12.99776577090262 17.330354361203494
0 1.025390625 44.140625 11.237764062208234 14.983685416277645
0 4.931640625 24.544270833333336 8.379840220792225 11.173120294389632
0 11.865234375 21.484375 7.840107775064166 10.453477033418888
0 20.1171875 21.028645833333336 7.756509415978292 10.342012554637723
0 31.298828125 21.484375 7.840107775064166 10.453477033418888
0 26.025390625 16.015625 6.7691262856502785 9.025501714200372
0 20.1171875 16.927083333333336 6.959078522333606 9.278771363111476
0 41.89453125 21.940104166666664 7.92282408798045 10.5637654506406
0 36.083984375 19.3359375 7.437779301119349 9.917039068159132
0 47.900390625 22.721354166666664 8.062649422377262 10.75019922983635
0 46.484375 15.494791666666666 6.658149484030587 8.877532645374115
0 56.54296875 16.080729166666664 6.782870718656271 9.043827624875028
0 80.224609375 25.0 8.457279333832409 11.276372445109878
0 86.71875 21.940104166666664 7.92282408798045 10.5637654506406
0 82.91015625 18.880208333333336 7.349606066157407 9.799474754876544
0 96.826171875 23.6328125 8.222774405094897 10.963699206793196
0 91.69921875 24.739583333333336 8.413115693414442 11.217487591219255
0 49.951171875 20.182291666666664 7.598815672600545 10.13175423013406
0 17.7734375 18.75 7.32421875 9.765625
0 40.13671875 19.856770833333336 7.537285788103314 10.049714384137753
0 83.056640625 22.8515625 8.085718566584333 10.780958088779109
0 86.474609375 18.229166666666664 7.221777078979024 9.629036105305365
0 51.26953125 16.6015625 6.891839471823862 9.189119295765149
0 29.541015625 19.661458333333336 7.500125566067204 10.00016742142294
0 41.552734375 17.513020833333336 7.0784994535786145 9.437999271438152
0 22.55859375 16.9921875 6.972448522214271 9.296598029619028
0 12.40234375 19.075520833333336 7.3875234600282 9.850031280037602
0 60.595703125 21.614583333333336 7.863829789260941 10.485106385681254
0 99.4140625 40.95052083333333 10.824064850444458 14.432086467259278
0 91.845703125 20.5078125 7.659851317145468 10.21313508952729
0 60.9375 17.513020833333336 7.0784994535786145 9.437999271438152
