0 93.5546875 93.9453125 16.394501975785268 21.85933596771369
0 86.328125 65.4296875 13.68195298551019 18.242603980680254
0 35.009765625 62.239583333333336 13.344245061691556 17.792326748922076
0 5.322265625 71.02864583333334 14.2553353443929 19.007113792523867
0 3.41796875 58.528645833333336 12.940316801217158 17.25375573495621
0 19.287109375 48.56770833333333 11.787846628312968 15.717128837750623
0 50.87890625 48.76302083333333 11.811524951393816 15.748699935191754
0 66.748046875 57.552083333333336 12.831906763689355 17.10920901825247
0 78.271484375 53.255208333333336 12.343596445408132 16.45812859387751
0 96.77734375 53.059895833333336 12.320940697135223 16.427920929513633
0 96.19140625 45.83333333333333 11.45121035113142 15.268280468175227
0 80.078125 39.453125 10.624325674761481 14.165767566348642
0 66.162109375 41.40625 10.884127502518925 14.512170003358568
0 38.623046875 42.64322916666667 11.045508466097326 14.7273446214631
0 8.935546875 40.234375 10.72900136184506 14.305335149126746
0 18.65234375 30.989583333333332 9.416045300623482 12.554727067497975
0 6.15234375 30.6640625 9.366460725843998 12.48861430112533
0 0.9765625 47.13541666666667 11.612730462915312 15.483640617220415
0 32.2265625 35.28645833333333 10.047654805392046 13.39687307385606
0 23.73046875 27.083333333333332 8.802615418613255 11.736820558151006
0 9.765625 28.255208333333332 8.991039955234518 11.988053273646026
0 4.345703125 24.544270833333336 8.379840220792225 11.173120294389632
0 1.953125 15.885416666666666 6.741553355216833 8.988737806955777
0 13.623046875 20.572916666666664 7.672000176987631 10.229333569316841
0 7.861328125 20.572916666666664 7.672000176987631 10.229333569316841
0 15.91796875 15.885416666666666 6.741553355216833 8.988737806955777
0 4.248046875 19.7265625 7.512532730158185 10.01671030687758
0 8.10546875 17.317708333333336 7.038917599286375 9.385223465715166
0 6.15234375 16.666666666666664 6.905339660024879 9.207119546699838
0 20.1171875 21.158854166666664 7.780486318348366 10.373981757797822
0 31.787109375 28.385416666666668 9.011732824849489 12.015643766465985
0 41.162109375 25.325520833333332 8.512161670520847 11.349548894027794
0 43.896484375 32.09635416666667 9.58271390875707 12.77695187834276
0 50.87890625 36.58854166666667 10.231356576074347 13.641808768099132
0 61.083984375 35.7421875 10.11233003282525 13.483106710433667
0 50.87890625 29.036458333333332 9.114492506755418 12.15265667567389
0 61.71875 29.6875 9.216106488367615 12.288141984490153
0 73.974609375 32.09635416666667 9.58271390875707 12.77695187834276
0 88.8671875 33.33333333333333 9.765625 13.020833333333334
0 99.4140625 37.6953125 10.38494844187839 13.84659792250452
0 89.453125 28.385416666666668 9.011732824849489 12.015643766465985
0 99.31640625 31.770833333333332 9.53399618640949 12.711994915212655
0 93.06640625 30.143229166666668 9.286574740419274 12.382099653892366
0 77.197265625 28.059895833333332 8.959911044862793 11.946548059817056
0 67.724609375 24.544270833333336 8.379840220792225 11.173120294389632
0 66.9921875 18.75 7.32421875 9.765625
0 59.765625 24.544270833333336 8.379840220792225 11.173120294389632
0 47.509765625 22.916666666666664 8.097228492078614 10.796304656104818
0 40.52734375 21.6796875 7.875664001809045 10.500885335745393
0 31.787109375 21.158854166666664 7.780486318348366 10.373981757797822
0 17.333984375 19.270833333333336 7.425247229367944 9.900329639157258
0 11.572265625 18.75 7.32421875 9.765625
0 14.453125 17.513020833333336 7.0784994535786145 9.437999271438152
0 19.7265625 17.513020833333336 7.0784994535786145 9.437999271438152
0 18.06640625 15.885416666666666 6.741553355216833 8.988737806955777
0 22.412109375 16.080729166666664 6.782870718656271 9.043827624875028
0 24.31640625 15.4296875 6.644147051109997 8.858862734813329
0 26.123046875 16.2109375 6.810276368536802 9.080368491382403
0 28.02734375 13.4765625 6.209408553886659 8.279211405182211
0 29.833984375 13.4765625 6.209408553886659 8.279211405182211
0 29.833984375 16.9921875 6.972448522214271 9.296598029619028
0 28.02734375 18.489583333333336 7.273178276253042 9.697571035004056
0 36.71875 14.322916666666666 6.401421192444773 8.53522825659303
0 44.873046875 14.778645833333334 6.502464524127966 8.669952698837287
0 29.98046875 19.596354166666664 7.487697843252746 9.983597124336994
0 40.673828125 16.2109375 6.810276368536802 9.080368491382403
0 27.5390625 23.2421875 8.154534433525017 10.872712578033356
0 35.009765625 17.1875 7.012405574387241 9.349874099182989
0 50.537109375 17.1875 7.012405574387241 9.349874099182989
0 50.87890625 19.7265625 7.512532730158185 10.01671030687758
0 57.12890625 11.9140625 5.838356466585996 7.784475288781327
0 48.2421875 17.96875 7.170007400189656 9.56000986691954
0 61.572265625 22.005208333333336 7.9345703125 10.579427083333332
0 60.15625 18.75 7.32421875 9.765625
0 62.548828125 17.96875 7.170007400189656 9.56000986691954
0 55.078125 14.453125 6.430452730012657 8.57393697335021
0 70.458984375 22.330729166666664 7.993042513249997 10.657390017666662
0 57.03125 15.885416666666666 6.741553355216833 8.988737806955777
0 69.287109375 13.802083333333334 6.283953943473511 8.378605257964681
0 68.798828125 11.9140625 5.838356466585996 7.784475288781327
0 59.033203125 13.020833333333334 6.103515625 8.138020833333332
0 61.328125 12.6953125 6.026738787271576 8.0356517163621
0 73.486328125 16.666666666666664 6.905339660024879 9.207119546699838
0 83.349609375 15.104166666666666 6.573687508709111 8.764916678278816
0 95.458984375 20.247395833333336 7.611061958825638 10.148082611767517
0 78.759765625 15.559895833333334 6.672122530845778 8.896163374461038
0 91.50390625 20.052083333333336 7.574263699945591 10.099018266594122
0 80.908203125 17.96875 7.170007400189656 9.56000986691954
0 96.77734375 22.4609375 8.016311973000304 10.688415964000404
0 70.703125 18.489583333333336 7.273178276253042 9.697571035004056
0 86.71875 22.005208333333336 7.9345703125 10.579427083333332
0 65.673828125 15.104166666666666 6.573687508709111 8.764916678278816
0 88.720703125 20.052083333333336 7.574263699945591 10.099018266594122
0 76.953125 21.484375 7.840107775064166 10.453477033418888
0 92.822265625 23.567708333333336 8.211440458419013 10.948587277892017
0 79.4921875 24.544270833333336 8.379840220792225 11.173120294389632
0 90.283203125 26.171875 8.653226854710587 11.537635806280782
0 82.861328125 22.4609375 8.016311973000304 10.688415964000404
0 89.697265625 24.4140625 8.357582969744357 11.143443959659143
0 99.4140625 41.86197916666667 10.943860520654974 14.591814027539964
