0 14.55078125 25.78125 8.588407763348565 11.451210351131419
0 9.9609375 39.51822916666667 10.633088006704314 14.177450675605751
0 6.494140625 71.54947916666666 14.307505090003714 19.076673453338287
0 51.806640625 36.84895833333333 10.267702539831983 13.690270053109312
0 67.08984375 32.2265625 9.60213178866716 12.802842384889546
0 71.044921875 63.802083333333336 13.510707776598299 18.0142770354644
0 84.521484375 42.31770833333333 11.00326927326657 14.671025697688759
0 88.037109375 34.1796875 9.888825528576445 13.185100704768596
0 75.146484375 27.604166666666668 8.886852892188134 11.849137189584178
0 61.23046875 10.7421875 5.543793372981247 7.391724497308329
0 45.5078125 14.713541666666666 6.488126106405426 8.650834808540568
0 52.83203125 16.341145833333336 6.837572174807153 9.116762899742872
0 46.728515625 27.604166666666668 8.886852892188134 11.849137189584178
0 31.73828125 26.627604166666668 8.728240750778255 11.637654334371007
0 25.439453125 33.52864583333333 9.794193442310311 13.05892458974708
0 22.216796875 17.317708333333336 7.038917599286375 9.385223465715166
0 11.572265625 14.84375 6.516771394062079 8.689028525416106
0 1.171875 23.307291666666664 8.165947363439729 10.88792981791964
0 19.970703125 11.9140625 5.838356466585996 7.784475288781327
0 75.9765625 18.684895833333336 7.311492035346033 9.748656047128044
0 64.35546875 14.84375 6.516771394062079 8.689028525416106
0 52.197265625 22.135416666666664 7.958010748538389 10.610680998051187
0 43.798828125 30.729166666666668 9.376398618003673 12.501864824004896
0 64.84375 40.95052083333333 10.824064850444458 14.432086467259278
0 90.234375 50.1953125 11.983736521039955 15.978315361386604
0 97.802734375 63.28125 13.455449026518924 17.94059870202523
0 88.525390625 62.760416666666664 13.399962402404874 17.866616536539834
0 67.1875 58.984375 12.990598543574682 17.320798058099577
0 98.53515625 78.97135416666666 15.031262641631777 20.041683522175703
0 91.357421875 82.29166666666666 15.344000353975263 20.458667138633682
0 99.560546875 38.34635416666667 10.474244568927316 13.965659425236424
0 93.359375 32.35677083333333 9.621510480001493 12.828680640001991
0 94.091796875 45.1171875 11.361395549918386 15.148527399891181
0 99.560546875 41.66666666666667 10.918300671385692 14.557734228514258
0 99.0234375 29.557291666666668 9.195873518871684 12.261164691828911
0 89.501953125 28.059895833333332 8.959911044862793 11.946548059817056
0 86.9140625 21.809895833333336 7.8992792392241125 10.532372318965482
0 80.224609375 25.130208333333332 8.479274895904423 11.305699861205897
0 67.822265625 23.958333333333336 8.279211405182211 11.038948540242949
0 60.498046875 24.609375 8.39094670707246 11.187928942763282
0 62.353515625 35.3515625 10.056919588186085 13.409226117581447
0 45.263671875 35.87239583333333 10.130732832457173 13.507643776609566
0 51.708984375 48.2421875 11.748276705883885 15.664368941178514
0 36.962890625 64.2578125 13.55887444550968 18.078499260679575
0 20.99609375 52.018229166666664 12.199399469791677 16.265865959722237
0 0.634765625 58.463541666666664 12.93311773707098 17.244156982761304
0 4.4921875 31.705729166666668 9.524222738236839 12.698963650982451
0 9.814453125 28.90625 9.094033462982996 12.125377950643994
0 31.884765625 36.5234375 10.22224989284926 13.629666523799013
0 36.81640625 43.29427083333333 11.129505937994672 14.839341250659563
0 21.728515625 27.408854166666668 8.855357744474432 11.807143659299243
0 18.115234375 13.736979166666666 6.269115778861736 8.358821038482315
0 27.685546875 23.958333333333336 8.279211405182211 11.038948540242949
0 26.5625 11.588541666666668 5.758045124546267 7.677393499395023
0 42.041015625 23.958333333333336 8.279211405182211 11.038948540242949
0 58.544921875 12.565104166666666 5.995752778438873 7.9943370379184975
0 72.509765625 22.005208333333336 7.9345703125 10.579427083333332
0 60.64453125 21.158854166666664 7.780486318348366 10.373981757797822
0 42.1875 13.8671875 6.298757153488249 8.398342871317666
0 1.26953125 16.666666666666664 6.905339660024879 9.207119546699838
0 32.12890625 20.963541666666664 7.7444931277157725 10.325990836954363
0 74.51171875 33.3984375 9.775157091093119 13.033542788124159
0 60.986328125 30.208333333333332 9.296598029619028 12.395464039492039
0 71.38671875 17.708333333333336 7.117861199762329 9.490481599683106
0 82.080078125 21.484375 7.840107775064166 10.453477033418888
0 95.458984375 20.182291666666664 7.598815672600545 10.13175423013406
0 77.734375 14.84375 6.516771394062079 8.689028525416106
0 53.076171875 11.263020833333332 5.676597667766807 7.568796890355743
0 47.8515625 15.885416666666666 6.741553355216833 8.988737806955777
0 67.822265625 20.3125 7.62328857226367 10.164384763018226
0 51.953125 27.083333333333332 8.802615418613255 11.736820558151006
0 92.578125 18.489583333333336 7.273178276253042 9.697571035004056
0 99.4140625 21.158854166666664 7.780486318348366 10.373981757797822
0 92.48046875 23.307291666666664 8.165947363439729 10.88792981791964
0 84.521484375 18.815104166666664 7.336923388776433 9.782564518368577
0 89.599609375 25.260416666666668 8.501213548086012 11.334951397448016
0 79.6875 38.4765625 10.492012596234792 13.989350128313058
0 96.19140625 26.627604166666668 8.728240750778255 11.637654334371007
0 77.24609375 25.5859375 8.555814067917595 11.407752090556793
0 94.970703125 24.479166666666664 8.36871899463018 11.15829199284024
0 87.01171875 16.2109375 6.810276368536802 9.080368491382403
0 80.56640625 15.0390625 6.559504779115197 8.746006372153596
0 77.83203125 22.005208333333336 7.9345703125 10.579427083333332
0 74.51171875 13.541666666666666 6.224389054678692 8.299185406238257
0 65.087890625 13.736979166666666 6.269115778861736 8.358821038482315
0 50.341796875 18.684895833333336 7.311492035346033 9.748656047128044
0 64.84375 17.1875 7.012405574387241 9.349874099182989
0 49.609375 11.393229166666668 5.7093160808928545 7.612421441190473
0 61.376953125 15.690104166666666 6.699981201202437 8.933308268269917
0 37.451171875 12.890625 6.072921369058959 8.097228492078614
0 31.25 13.216145833333334 6.149121606326259 8.198828808435012
0 26.66015625 18.033854166666664 7.182984799767957 9.577313066357275
0 39.453125 12.890625 6.072921369058959 8.097228492078614
0 29.638671875 13.020833333333334 6.103515625 8.138020833333332
0 20.1171875 21.158854166666664 7.780486318348366 10.373981757797822
0 6.34765625 19.140625 7.400119417103358 9.866825889471144
0 69.53125 13.216145833333334 6.149121606326259 8.198828808435012
0 96.435546875 23.307291666666664 8.165947363439729 10.88792981791964
0 67.08984375 15.559895833333334 6.672122530845778 8.896163374461038
0 56.93359375 16.015625 6.7691262856502785 9.025501714200372
0 35.44921875 13.020833333333334 6.103515625 8.138020833333332
0 46.97265625 11.71875 5.790303332827843 7.720404443770458
0 38.330078125 17.317708333333336 7.038917599286375 9.385223465715166
0 29.8828125 19.140625 7.400119417103358 9.866825889471144
0 48.2421875 22.330729166666664 7.993042513249997 10.657390017666662
0 24.21875 13.216145833333334 6.149121606326259 8.198828808435012
0 15.283203125 13.736979166666666 6.269115778861736 8.358821038482315
0 21.484375 12.890625 6.072921369058959 8.097228492078614
0 9.5703125 22.4609375 8.016311973000304 10.688415964000404
0 7.470703125 14.388020833333334 6.415953381844678 8.554604509126236
0 17.626953125 18.1640625 7.208869513560617 9.611826018080823
0 5.224609375 24.479166666666664 8.36871899463018 11.15829199284024
0 4.248046875 16.341145833333336 6.837572174807153 9.116762899742872
0 33.10546875 14.0625 6.342959500374307 8.457279333832409
0 2.63671875 15.690104166666666 6.699981201202437 8.933308268269917
0 14.306640625 17.513020833333336 7.0784994535786145 9.437999271438152
0 3.759765625 18.815104166666664 7.336923388776433 9.782564518368577
0 19.873046875 16.861979166666664 6.945682786096826 9.260910381462436
0 7.861328125 16.341145833333336 6.837572174807153 9.116762899742872
0 35.44921875 16.536458333333336 6.878312786611722 9.171083715482297
0 43.505859375 18.033854166666664 7.182984799767957 9.577313066357275
0 67.822265625 14.0625 6.342959500374307 8.457279333832409
0 79.58984375 22.135416666666664 7.958010748538389 10.610680998051187
0 42.431640625 20.833333333333336 7.720404443770458 10.293872591693944
0 55.56640625 13.216145833333334 6.149121606326259 8.198828808435012
