0 46.728515625 80.2734375 15.154674094159102 20.20623212554547
0 85.64453125 71.6796875 14.32051783038338 19.09402377384451
0 85.986328125 58.7890625 12.969073096237658 17.29209746165021
0 63.76953125 52.473958333333336 12.25272210686324 16.336962809150986
0 77.24609375 52.083333333333336 12.20703125 16.276041666666664
0 95.21484375 49.21875 11.866590634291736 15.822120845722315
0 92.236328125 43.75 11.187928942763282 14.917238590351042
0 96.337890625 43.42447916666667 11.146229472503464 14.861639296671287
0 44.873046875 54.166666666666664 12.448778109357384 16.598370812476514
0 20.1171875 50.5859375 12.03027547877626 16.040367305035012
0 0.68359375 69.07552083333334 14.057974617042262 18.74396615605635
0 12.5 36.97916666666667 10.285827359834423 13.714436479779232
0 10.44921875 31.119791666666668 9.4358061729372 12.5810748972496
0 17.529296875 30.013020833333332 9.266495636406846 12.35532751520913
0 32.666015625 37.17447916666667 10.31295486371814 13.75060648495752
0 42.08984375 38.93229166666667 10.553965128046011 14.07195350406135
0 52.880859375 43.5546875 11.162927952985768 14.883903937314358
0 61.23046875 41.14583333333333 10.849846700824694 14.466462267766259
0 32.763671875 30.143229166666668 9.286574740419274 12.382099653892366
0 27.294921875 26.302083333333332 8.674725588105405 11.56630078414054
0 22.265625 24.153645833333336 8.312889692307273 11.083852923076364
0 8.935546875 24.0234375 8.290452702152177 11.053936936202902
0 3.076171875 20.442708333333336 7.647683158045451 10.196910877393934
0 0.29296875 27.669270833333332 8.897326499702912 11.863101999603883
0 6.15234375 18.9453125 7.3622668956389274 9.816355860851903
0 65.8203125 39.19270833333333 10.589203840879804 14.118938454506406
0 75.1953125 36.84895833333333 10.267702539831983 13.690270053109312
0 81.8359375 33.984375 9.860531263063667 13.147375017418222
0 88.623046875 35.22135416666667 10.038381471800859 13.384508629067811
0 91.943359375 28.645833333333332 9.052976668817948 12.07063555842393
0 73.53515625 30.013020833333332 9.266495636406846 12.35532751520913
0 67.87109375 32.09635416666667 9.58271390875707 12.77695187834276
0 62.841796875 28.385416666666668 9.011732824849489 12.015643766465985
0 49.609375 28.776041666666668 9.073528288158268 12.098037717544358
0 45.8984375 33.203125 9.746532850751532 12.995377134335376
0 43.310546875 27.669270833333332 8.897326499702912 11.863101999603883
0 42.3828125 22.786458333333336 8.074192233473482 10.765589644631309
0 48.779296875 20.833333333333336 7.720404443770458 10.293872591693944
0 40.4296875 18.229166666666664 7.221777078979024 9.629036105305365
0 32.958984375 20.703125 7.6962403643301345 10.261653819106845
0 27.197265625 20.572916666666664 7.672000176987631 10.229333569316841
0 21.240234375 18.229166666666664 7.221777078979024 9.629036105305365
0 7.666015625 16.6015625 6.891839471823862 9.189119295765149
0 5.322265625 15.104166666666666 6.573687508709111 8.764916678278816
0 7.861328125 14.388020833333334 6.415953381844678 8.554604509126236
0 2.24609375 17.317708333333336 7.038917599286375 9.385223465715166
0 4.1015625 15.885416666666666 6.741553355216833 8.988737806955777
0 0.68359375 16.080729166666664 6.782870718656271 9.043827624875028
0 10.05859375 15.234375 6.60196156395994 8.802615418613254
0 11.376953125 15.755208333333334 6.7138671875 8.951822916666668
0 13.037109375 13.997395833333334 6.328259690346595 8.437679587128793
0 14.2578125 15.364583333333334 6.6301150458985685 8.840153394531425
0 12.6953125 16.6015625 6.891839471823862 9.189119295765149
0 18.994140625 13.28125 6.16424861960576 8.218998159474348
0 14.990234375 14.713541666666666 6.488126106405426 8.650834808540568
0 3.173828125 15.234375 6.60196156395994 8.802615418613254
0 18.994140625 17.838541666666664 7.143981879101334 9.525309172135112
0 24.31640625 19.466145833333336 7.462780310447684 9.950373747263578
0 20.5078125 15.755208333333334 6.7138671875 8.951822916666668
0 17.626953125 16.341145833333336 6.837572174807153 9.116762899742872
0 23.828125 15.104166666666666 6.573687508709111 8.764916678278816
0 27.83203125 16.861979166666664 6.945682786096826 9.260910381462436
0 28.3203125 14.518229166666666 6.444919458600731 8.593225944800976
0 21.044921875 12.890625 6.072921369058959 8.097228492078614
0 31.494140625 13.28125 6.16424861960576 8.218998159474348
0 30.46875 17.447916666666664 7.065330140863174 9.420440187817565
0 24.755859375 11.9140625 5.838356466585996 7.784475288781327
0 23.388671875 12.369791666666668 5.948971157720314 7.931961543627086
0 36.669921875 14.84375 6.516771394062079 8.689028525416106
0 41.259765625 15.494791666666666 6.658149484030587 8.877532645374115
0 40.576171875 13.606770833333334 6.2393335877260965 8.319111450301463
0 32.763671875 14.84375 6.516771394062079 8.689028525416106
0 34.1796875 14.518229166666666 6.444919458600731 8.593225944800976
0 27.83203125 12.5 5.980199567341744 7.973599423122326
0 37.890625 12.5 5.980199567341744 7.973599423122326
0 32.51953125 12.5 5.980199567341744 7.973599423122326
0 30.46875 12.5 5.980199567341744 7.973599423122326
0 34.375 12.760416666666666 6.042172202521769 8.056229603362357
0 38.818359375 12.890625 6.072921369058959 8.097228492078614
0 40.771484375 11.9140625 5.838356466585996 7.784475288781327
0 42.28515625 13.28125 6.16424861960576 8.218998159474348
0 44.482421875 14.127604166666666 6.3576253222655215 8.476833763020695
0 45.60546875 12.630208333333334 6.011265748166568 8.015020997555423
0 47.314453125 13.28125 6.16424861960576 8.218998159474348
0 48.388671875 11.653645833333332 5.7741967555006415 7.698929007334189
0 48.486328125 16.471354166666664 6.864759447755123 9.15301259700683
0 48.974609375 13.997395833333334 6.328259690346595 8.437679587128793
0 51.025390625 14.127604166666666 6.3576253222655215 8.476833763020695
0 55.224609375 11.5234375 5.74184805976159 7.6557974130154545
0 58.251953125 12.5 5.980199567341744 7.973599423122326
0 56.396484375 13.4765625 6.209408553886659 8.279211405182211
0 56.298828125 16.731770833333336 6.9188135063199665 9.225084675093289
0 56.689453125 22.916666666666664 8.097228492078614 10.796304656104818
0 50.830078125 23.307291666666664 8.165947363439729 10.88792981791964
0 61.328125 11.002604166666668 5.610588473770214 7.480784631693618
0 61.9140625 15.234375 6.60196156395994 8.802615418613254
0 60.693359375 18.489583333333336 7.273178276253042 9.697571035004056
0 64.208984375 13.28125 6.16424861960576 8.218998159474348
0 68.408203125 21.2890625 7.804389558437758 10.405852744583676
0 67.041015625 18.489583333333336 7.273178276253042 9.697571035004056
0 71.484375 18.229166666666664 7.221777078979024 9.629036105305365
0 68.212890625 15.755208333333334 6.7138671875 8.951822916666668
0 72.119140625 15.364583333333334 6.6301150458985685 8.840153394531425
0 72.216796875 12.5 5.980199567341744 7.973599423122326
0 70.263671875 12.5 5.980199567341744 7.973599423122326
0 70.166015625 13.8671875 6.298757153488249 8.398342871317666
0 67.7734375 13.28125 6.16424861960576 8.218998159474348
0 66.552734375 12.369791666666668 5.948971157720314 7.931961543627086
0 75.68359375 16.6015625 6.891839471823862 9.189119295765149
0 77.34375 14.388020833333334 6.415953381844678 8.554604509126236
0 74.853515625 13.8671875 6.298757153488249 8.398342871317666
0 78.173828125 11.9140625 5.838356466585996 7.784475288781327
0 75.87890625 14.388020833333334 6.415953381844678 8.554604509126236
0 74.560546875 23.828125 8.256682897014576 11.008910529352768
0 78.076171875 25.065104166666668 8.468284256293707 11.291045675058275
0 79.296875 20.703125 7.6962403643301345 10.261653819106845
0 79.39453125 18.489583333333336 7.273178276253042 9.697571035004056
0 81.640625 25.911458333333332 8.610068346964042 11.480091129285388
0 85.986328125 19.466145833333336 7.462780310447684 9.950373747263578
0 89.35546875 24.8046875 8.424178309229896 11.23223774563986
0 88.330078125 28.515625 9.03237828793258 12.043171050576774
0 79.8828125 16.9921875 6.972448522214271 9.296598029619028
0 82.666015625 15.755208333333334 6.7138671875 8.951822916666668
0 80.322265625 13.997395833333334 6.328259690346595 8.437679587128793
0 84.033203125 15.104166666666666 6.573687508709111 8.764916678278816
0 86.572265625 16.080729166666664 6.782870718656271 9.043827624875028
0 87.939453125 16.2109375 6.810276368536802 9.080368491382403
0 88.623046875 18.098958333333336 7.195938795502683 9.594585060670244
0 91.015625 17.317708333333336 7.038917599286375 9.385223465715166
0 93.06640625 16.861979166666664 6.945682786096826 9.260910381462436
0 91.943359375 19.075520833333336 7.3875234600282 9.850031280037602
0 91.50390625 23.177083333333336 8.143105507889608 10.857474010519478
0 93.26171875 21.6796875 7.875664001809045 10.500885335745393
0 95.1171875 18.229166666666664 7.221777078979024 9.629036105305365
0 97.55859375 21.809895833333336 7.8992792392241125 10.532372318965482
0 99.51171875 28.385416666666668 9.011732824849489 12.015643766465985
0 98.486328125 27.1484375 8.81318913463968 11.750918846186241
0 4.00390625 31.640625 9.51443925056146 12.685919000748614
0 2.9296875 24.674479166666664 8.402038511923953 11.202718015898604
0 1.220703125 30.143229166666668 9.286574740419274 12.382099653892366
0 5.95703125 24.0234375 8.290452702152177 11.053936936202902
0 12.59765625 18.815104166666664 7.336923388776433 9.782564518368577
0 12.20703125 22.330729166666664 7.993042513249997 10.657390017666662
0 19.82421875 25.260416666666668 8.501213548086012 11.334951397448016
0 16.69921875 20.182291666666664 7.598815672600545 10.13175423013406
0 19.482421875 20.442708333333336 7.647683158045451 10.196910877393934
0 14.2578125 17.447916666666664 7.065330140863174 9.420440187817565
0 8.935546875 18.9453125 7.3622668956389274 9.816355860851903
0 30.2734375 23.177083333333336 8.143105507889608 10.857474010519478
0 28.955078125 34.5703125 9.945172568847854 13.26023009179714
0 31.201171875 32.48697916666667 9.640850219074288 12.854466958765718
0 39.111328125 23.828125 8.256682897014576 11.008910529352768
0 28.955078125 20.572916666666664 7.672000176987631 10.229333569316841
0 26.171875 17.317708333333336 7.038917599286375 9.385223465715166
0 30.810546875 19.075520833333336 7.3875234600282 9.850031280037602
0 21.875 14.84375 6.516771394062079 8.689028525416106
0 29.443359375 15.885416666666666 6.741553355216833 8.988737806955777
0 26.26953125 13.606770833333334 6.2393335877260965 8.319111450301463
0 29.345703125 13.606770833333334 6.2393335877260965 8.319111450301463
0 36.962890625 18.489583333333336 7.273178276253042 9.697571035004056
0 45.703125 37.17447916666667 10.31295486371814 13.75060648495752
0 48.046875 37.82552083333333 10.40286898746296 13.870491983283944
0 42.919921875 17.122395833333336 6.9991119025755095 9.332149203434014
0 48.388671875 22.786458333333336 8.074192233473482 10.765589644631309
0 52.05078125 27.669270833333332 8.897326499702912 11.863101999603883
0 38.0859375 15.364583333333334 6.6301150458985685 8.840153394531425
0 39.208984375 14.2578125 6.386855937639267 8.515807916852356
0 46.826171875 15.104166666666666 6.573687508709111 8.764916678278816
0 51.66015625 16.341145833333336 6.837572174807153 9.116762899742872
0 50.29296875 15.885416666666666 6.741553355216833 8.988737806955777
0 53.3203125 19.3359375 7.437779301119349 9.917039068159132
0 50.439453125 19.856770833333336 7.537285788103314 10.049714384137753
0 50.830078125 49.609375 11.913587216762167 15.884782955682889
0 55.37109375 51.822916666666664 12.176475429235841 16.235300572314458
0 2.63671875 60.872395833333336 13.196867865258577 17.59582382034477
0 0.5859375 47.98177083333333 11.716524548616007 15.622032731488009
0 65.52734375 60.15625 13.119009558230394 17.492012744307193
0 88.427734375 63.020833333333336 13.427734375 17.903645833333336
0 81.8359375 39.77864583333333 10.668065364348472 14.224087152464628
0 83.30078125 40.4296875 10.755011100284483 14.340014800379311
0 91.11328125 31.966145833333332 9.56325660155786 12.751008802077147
0 95.5078125 29.622395833333332 9.205995562132786 12.274660749510382
0 99.755859375 33.46354166666667 9.784679896167846 13.046239861557126
0 94.921875 26.302083333333332 8.674725588105405 11.56630078414054
0 92.96875 25.651041666666668 8.566692411876344 11.422256549168457
0 87.109375 25.260416666666668 8.501213548086012 11.334951397448016
0 60.302734375 36.328125 10.194881035455362 13.593174713940485
0 61.328125 30.143229166666668 9.286574740419274 12.382099653892366
0 72.998046875 34.5703125 9.945172568847854 13.26023009179714
0 73.53515625 32.6171875 9.660151239834237 12.880201653112316
0 72.216796875 26.302083333333332 8.674725588105405 11.56630078414054
0 65.4296875 22.4609375 8.016311973000304 10.688415964000404
0 62.744140625 21.6796875 7.875664001809045 10.500885335745393
0 65.625 14.713541666666666 6.488126106405426 8.650834808540568
0 62.744140625 12.369791666666668 5.948971157720314 7.931961543627086
0 71.77734375 21.6796875 7.875664001809045 10.500885335745393
0 72.802734375 18.359375 7.247523246483103 9.663364328644137
0 81.73828125 21.419270833333336 7.828219811023351 10.437626414697803
0 76.416015625 21.940104166666664 7.92282408798045 10.5637654506406
0 75.87890625 27.408854166666668 8.855357744474432 11.807143659299243
0 81.54296875 17.708333333333336 7.117861199762329 9.490481599683106
0 78.759765625 15.755208333333334 6.7138671875 8.951822916666668
0 83.3984375 18.9453125 7.3622668956389274 9.816355860851903
0 95.41015625 23.307291666666664 8.165947363439729 10.88792981791964
0 95.947265625 21.549479166666664 7.85197774064246 10.469303654189947
0 90.185546875 20.963541666666664 7.7444931277157725 10.325990836954363
0 99.51171875 19.466145833333336 7.462780310447684 9.950373747263578
0 99.51171875 24.8046875 8.424178309229896 11.23223774563986
0 59.47265625 20.703125 7.6962403643301345 10.261653819106845
0 60.400390625 25.911458333333332 8.610068346964042 11.480091129285388
0 58.544921875 25.260416666666668 8.501213548086012 11.334951397448016
