0 86.03515625 30.924479166666668 9.406149296522488 12.541532395363317
0 40.234375 20.8984375 7.732458166088822 10.309944221451763
0 22.607421875 19.986979166666664 7.561957820656658 10.08261042754221
0 10.44921875 19.986979166666664 7.561957820656658 10.08261042754221
0 19.482421875 16.2109375 6.810276368536802 9.080368491382403
0 5.46875 18.359375 7.247523246483103 9.663364328644137
0 17.529296875 13.802083333333334 6.283953943473511 8.378605257964681
0 32.91015625 15.4296875 6.644147051109997 8.858862734813329
0 58.447265625 15.0390625 6.559504779115197 8.746006372153596
0 76.806640625 19.661458333333336 7.500125566067204 10.00016742142294
0 85.15625 19.466145833333336 7.462780310447684 9.950373747263578
0 76.806640625 16.015625 6.7691262856502785 9.025501714200372
0 67.822265625 15.559895833333334 6.672122530845778 8.896163374461038
0 82.177734375 21.354166666666664 7.816313766397521 10.421751688530028
0 85.15625 18.9453125 7.3622668956389274 9.816355860851903
0 86.279296875 17.317708333333336 7.038917599286375 9.385223465715166
