0 52.34375 35.28645833333333 10.047654805392046 13.39687307385606
0 76.7578125 44.79166666666667 11.320335077509403 15.093780103345871
0 52.685546875 60.807291666666664 13.18980882871967 17.586411771626228
0 9.814453125 59.895833333333336 13.090582635209483 17.45411018027931
0 36.42578125 27.9296875 8.939098215256843 11.918797620342456
0 51.46484375 48.828125 11.819407184470878 15.759209579294502
0 66.650390625 29.557291666666668 9.195873518871684 12.261164691828911
0 30.908203125 43.48958333333333 11.154581837461587 14.872775783282115
0 44.970703125 62.760416666666664 13.399962402404874 17.866616536539834
0 64.84375 53.3203125 12.351139126494179 16.468185501992238
0 78.955078125 88.15104166666666 15.880873817453232 21.174498423270975
0 90.478515625 38.02083333333333 10.429692071920813 13.906256095894417
0 64.501953125 25.520833333333332 8.544921875 11.393229166666668
0 47.021484375 61.1328125 13.225066333020294 17.633421777360393
0 31.494140625 40.75520833333333 10.79822144345345 14.397628591271266
0 28.369140625 51.822916666666664 12.176475429235841 16.235300572314458
0 15.13671875 29.8828125 9.24637292940864 12.32849723921152
0 39.94140625 90.36458333333334 16.079028164452502 21.43870421927
0 44.970703125 30.794270833333332 9.386325988299376 12.515101317732501
0 57.373046875 58.919270833333336 12.983427359730621 17.311236479640826
0 60.25390625 34.83072916666667 9.982560567502519 13.310080756670025
