0 84.228515625 73.89322916666666 14.539952697230952 19.386603596307936
0 76.318359375 64.453125 13.579465003226924 18.105953337635896
0 97.75390625 64.84375 13.620552737073607 18.16073698276481
0 94.482421875 53.385416666666664 12.358677204172722 16.478236272230294
0 89.6484375 44.20572916666667 11.24604844524431 14.994731260325747
0 76.220703125 48.95833333333333 11.835155901895336 15.780207869193779
0 70.80078125 41.2109375 10.85842704752026 14.477902730027015
0 60.107421875 55.2734375 12.575316026633615 16.767088035511488
0 60.3515625 43.09895833333333 11.10437341226822 14.805831216357626
0 72.216796875 34.89583333333333 9.991885707852113 13.322514277136149
0 64.74609375 31.901041666666668 9.55351308746248 12.738017449949975
0 58.69140625 32.68229166666667 9.669787303317175 12.893049737756234
0 57.568359375 24.609375 8.39094670707246 11.187928942763282
0 64.013671875 20.963541666666664 7.7444931277157725 10.325990836954363
0 77.783203125 33.13802083333333 9.736972737758677 12.982630317011571
0 83.30078125 37.23958333333333 10.321981521782082 13.762642029042777
0 65.869140625 25.455729166666668 8.53401578009617 11.378687706794894
0 75.29296875 29.296875 9.1552734375 12.20703125
0 85.44921875 33.0078125 9.717824296930333 12.957099062573777
0 90.380859375 31.315104166666668 9.465370128949479 12.62049350526597
0 98.095703125 32.421875 9.631185203893738 12.84158027185832
0 94.677734375 39.38802083333333 10.615556110184379 14.154074813579173
0 69.775390625 23.4375 8.188725503539269 10.918300671385692
0 81.0546875 28.7109375 9.063258303782652 12.084344405043536
0 91.69921875 27.9296875 8.939098215256843 11.918797620342456
0 79.00390625 27.083333333333332 8.802615418613255 11.736820558151006
0 97.36328125 29.6875 9.216106488367615 12.288141984490153
0 76.220703125 23.567708333333336 8.211440458419013 10.948587277892017
0 99.609375 36.5234375 10.22224989284926 13.629666523799013
0 80.517578125 23.697916666666664 8.234092750996119 10.978790334661493
0 85.64453125 27.083333333333332 8.802615418613255 11.736820558151006
0 93.994140625 25.5859375 8.555814067917595 11.407752090556793
0 88.037109375 26.953125 8.78142979122202 11.708573054962693
0 98.095703125 25.1953125 8.490251308132054 11.320335077509403
0 90.478515625 23.2421875 8.154534433525017 10.872712578033356
0 99.8046875 28.90625 9.094033462982996 12.125377950643994
0 96.533203125 23.4375 8.188725503539269 10.918300671385692
0 87.59765625 22.4609375 8.016311973000304 10.688415964000404
0 94.921875 22.8515625 8.085718566584333 10.780958088779109
0 93.65234375 22.8515625 8.085718566584333 10.780958088779109
0 84.423828125 24.348958333333336 8.346432086900233 11.128576115866979
0 80.859375 20.703125 7.6962403643301345 10.261653819106845
0 84.765625 19.856770833333336 7.537285788103314 10.049714384137753
0 77.34375 19.596354166666664 7.487697843252746 9.983597124336994
0 76.5625 17.122395833333336 6.9991119025755095 9.332149203434014
0 77.44140625 17.96875 7.170007400189656 9.56000986691954
0 78.61328125 18.229166666666664 7.221777078979024 9.629036105305365
0 80.029296875 18.098958333333336 7.195938795502683 9.594585060670244
0 81.15234375 18.75 7.32421875 9.765625
0 90.673828125 19.986979166666664 7.561957820656658 10.08261042754221
0 91.845703125 20.963541666666664 7.7444931277157725 10.325990836954363
0 85.3515625 22.0703125 7.946299173761924 10.595065565015899
0 99.12109375 23.2421875 8.154534433525017 10.872712578033356
0 68.9453125 20.1171875 7.586549618320344 10.115399491093791
0 56.25 19.986979166666664 7.561957820656658 10.08261042754221
0 48.33984375 20.703125 7.6962403643301345 10.261653819106845
0 73.14453125 16.40625 6.8511792970714245 9.134905729428567
0 70.8984375 16.40625 6.8511792970714245 9.134905729428567
0 71.630859375 18.75 7.32421875 9.765625
0 68.115234375 17.3828125 7.052136235529384 9.40284831403918
0 66.162109375 16.731770833333336 6.9188135063199665 9.225084675093289
0 64.453125 17.122395833333336 6.9991119025755095 9.332149203434014
0 61.279296875 18.489583333333336 7.273178276253042 9.697571035004056
0 60.25390625 16.731770833333336 6.9188135063199665 9.225084675093289
0 58.3984375 16.145833333333336 6.796587356970242 9.062116475960323
0 56.005859375 15.494791666666666 6.658149484030587 8.877532645374115
0 54.39453125 15.494791666666666 6.658149484030587 8.877532645374115
0 52.34375 15.234375 6.60196156395994 8.802615418613254
0 50.87890625 18.098958333333336 7.195938795502683 9.594585060670244
0 46.09375 16.731770833333336 6.9188135063199665 9.225084675093289
0 44.62890625 16.731770833333336 6.9188135063199665 9.225084675093289
0 43.310546875 16.40625 6.8511792970714245 9.134905729428567
0 41.748046875 17.122395833333336 6.9991119025755095 9.332149203434014
0 40.13671875 15.885416666666666 6.741553355216833 8.988737806955777
0 41.259765625 20.1171875 7.586549618320344 10.115399491093791
0 37.451171875 20.5078125 7.659851317145468 10.21313508952729
0 35.498046875 16.731770833333336 6.9188135063199665 9.225084675093289
0 36.962890625 16.861979166666664 6.945682786096826 9.260910381462436
0 31.8359375 18.229166666666664 7.221777078979024 9.629036105305365
0 33.88671875 19.010416666666664 7.37490598974278 9.833207986323707
0 29.58984375 16.40625 6.8511792970714245 9.134905729428567
0 27.392578125 16.40625 6.8511792970714245 9.134905729428567
0 27.5390625 18.359375 7.247523246483103 9.663364328644137
0 21.337890625 16.731770833333336 6.9188135063199665 9.225084675093289
0 17.7734375 16.145833333333336 6.796587356970242 9.062116475960323
0 19.091796875 17.7734375 7.130933499479933 9.50791133263991
0 13.96484375 17.513020833333336 7.0784994535786145 9.437999271438152
0 12.01171875 18.098958333333336 7.195938795502683 9.594585060670244
0 10.05859375 18.880208333333336 7.349606066157407 9.799474754876544
0 9.1796875 17.96875 7.170007400189656 9.56000986691954
0 8.544921875 19.466145833333336 7.462780310447684 9.950373747263578
0 6.298828125 18.359375 7.247523246483103 9.663364328644137
0 3.80859375 18.229166666666664 7.221777078979024 9.629036105305365
0 3.3203125 19.010416666666664 7.37490598974278 9.833207986323707
0 0.634765625 19.3359375 7.437779301119349 9.917039068159132
0 4.931640625 18.880208333333336 7.349606066157407 9.799474754876544
0 50.5859375 15.755208333333334 6.7138671875 8.951822916666668
0 47.509765625 16.276041666666664 6.823937919616058 9.09858389282141
