0 78.173828125 46.02864583333333 11.475583298927713 15.300777731903617
0 55.712890625 64.58333333333334 13.593174713940485 18.124232951920646
0 72.998046875 31.380208333333332 9.475204282385269 12.633605709847027
0 64.74609375 43.5546875 11.162927952985768 14.883903937314358
0 81.4453125 29.231770833333332 9.145095253766906 12.193460338355873
0 86.865234375 32.48697916666667 9.640850219074288 12.854466958765718
0 83.642578125 19.010416666666664 7.37490598974278 9.833207986323707
0 91.40625 15.299479166666666 6.61605328023645 8.821404373648601
0 85.25390625 62.760416666666664 13.399962402404874 17.866616536539834
0 93.1640625 50.390625 12.007028547916262 16.00937139722168
0 97.998046875 44.20572916666667 11.24604844524431 14.994731260325747
