0 23.486328125 38.54166666666667 10.500885335745396 14.001180447660527
0 51.171875 33.33333333333333 9.765625 13.020833333333334
0 38.4765625 16.40625 6.8511792970714245 9.134905729428567
0 21.6796875 17.578125 7.091644310682526 9.455525747576702
0 11.5234375 22.135416666666664 7.958010748538389 10.610680998051187
0 14.111328125 27.9296875 8.939098215256843 11.918797620342456
0 8.30078125 19.270833333333336 7.425247229367944 9.900329639157258
0 43.994140625 15.559895833333334 6.672122530845778 8.896163374461038
0 6.884765625 22.4609375 8.016311973000304 10.688415964000404
0 90.52734375 30.924479166666668 9.406149296522488 12.541532395363317
0 85.546875 20.572916666666664 7.672000176987631 10.229333569316841
0 90.869140625 22.8515625 8.085718566584333 10.780958088779109
0 84.814453125 19.010416666666664 7.37490598974278 9.833207986323707
0 77.587890625 17.838541666666664 7.143981879101334 9.525309172135112
0 65.087890625 16.666666666666664 6.905339660024879 9.207119546699838
0 51.708984375 16.276041666666664 6.823937919616058 9.09858389282141
0 47.119140625 17.252604166666664 7.025674092542321 9.367565456723094
0 81.25 17.708333333333336 7.117861199762329 9.490481599683106
0 96.142578125 21.419270833333336 7.828219811023351 10.437626414697803
0 61.767578125 17.578125 7.091644310682526 9.455525747576702
0 85.986328125 60.221354166666664 13.126106669681741 17.501475559575656
0 91.796875 58.528645833333336 12.940316801217158 17.25375573495621
0 87.40234375 43.5546875 11.162927952985768 14.883903937314358
0 80.517578125 40.10416666666667 10.711626449453275 14.282168599271033
0 89.990234375 42.12239583333333 10.977847746951262 14.63713032926835
0 72.75390625 49.47916666666667 11.897942315440629 15.863923087254172
0 72.216796875 65.4296875 13.68195298551019 18.242603980680254
0 77.685546875 69.01041666666666 14.051348185084642 18.735130913446188
0 67.138671875 45.703125 11.434932858395506 15.24657714452734
0 58.935546875 61.5234375 13.267251659719333 17.689668879625778
0 45.166015625 74.47916666666666 14.597486258668699 19.463315011558265
0 24.267578125 73.89322916666666 14.539952697230952 19.386603596307936
0 12.59765625 60.807291666666664 13.18980882871967 17.586411771626228
0 17.041015625 39.12760416666667 10.580405165624827 14.107206887499771
0 17.67578125 26.041666666666668 8.631674575031099 11.508899433374797
0 6.15234375 26.041666666666668 8.631674575031099 11.508899433374797
0 1.513671875 23.893229166666664 8.267954824306681 11.023939765742242
0 21.97265625 22.135416666666664 7.958010748538389 10.610680998051187
0 5.078125 21.158854166666664 7.780486318348366 10.373981757797822
0 27.05078125 21.549479166666664 7.85197774064246 10.469303654189947
0 31.884765625 25.0 8.457279333832409 11.276372445109878
0 41.943359375 33.91927083333333 9.851081781963485 13.134775709284646
0 37.5 24.283854166666664 8.33526628646708 11.113688381956106
0 3.466796875 18.880208333333336 7.349606066157407 9.799474754876544
0 16.69921875 16.666666666666664 6.905339660024879 9.207119546699838
0 10.25390625 19.010416666666664 7.37490598974278 9.833207986323707
0 0.341796875 19.7265625 7.512532730158185 10.01671030687758
0 18.75 18.294270833333336 7.234661615679748 9.646215487572997
0 25.341796875 18.294270833333336 7.234661615679748 9.646215487572997
0 20.263671875 16.145833333333336 6.796587356970242 9.062116475960323
0 33.642578125 21.2890625 7.804389558437758 10.405852744583676
0 42.67578125 20.1171875 7.586549618320344 10.115399491093791
0 50.9765625 22.591145833333336 8.039514082226251 10.719352109635
0 60.986328125 22.265625 7.981382342908947 10.641843123878598
0 51.513671875 28.450520833333332 9.02206146184966 12.029415282466214
0 62.20703125 35.9375 10.139921707663666 13.51989561021822
0 43.65234375 30.794270833333332 9.386325988299376 12.515101317732501
0 65.72265625 23.177083333333336 8.143105507889608 10.857474010519478
0 48.73046875 21.028645833333336 7.756509415978292 10.342012554637723
0 49.462890625 11.653645833333332 5.7741967555006415 7.698929007334189
0 44.921875 22.591145833333336 8.039514082226251 10.719352109635
0 56.15234375 18.880208333333336 7.349606066157407 9.799474754876544
0 74.267578125 19.270833333333336 7.425247229367944 9.900329639157258
0 82.32421875 24.283854166666664 8.33526628646708 11.113688381956106
0 88.037109375 25.0 8.457279333832409 11.276372445109878
0 95.703125 30.338541666666668 9.316612257369233 12.42214967649231
0 91.162109375 25.716145833333332 8.57755695956738 11.436742612756506
0 96.435546875 24.153645833333336 8.312889692307273 11.083852923076364
0 80.712890625 21.2890625 7.804389558437758 10.405852744583676
0 68.212890625 15.690104166666666 6.699981201202437 8.933308268269917
0 58.203125 16.145833333333336 6.796587356970242 9.062116475960323
0 42.333984375 16.9921875 6.972448522214271 9.296598029619028
0 36.865234375 17.96875 7.170007400189656 9.56000986691954
0 31.34765625 19.010416666666664 7.37490598974278 9.833207986323707
0 14.35546875 22.4609375 8.016311973000304 10.688415964000404
0 29.443359375 18.5546875 7.28597191547444 9.714629220632586
0 13.37890625 19.596354166666664 7.487697843252746 9.983597124336994
0 34.375 18.5546875 7.28597191547444 9.714629220632586
0 26.953125 17.708333333333336 7.117861199762329 9.490481599683106
0 35.25390625 17.122395833333336 6.9991119025755095 9.332149203434014
0 54.1015625 16.536458333333336 6.878312786611722 9.171083715482297
0 62.939453125 21.028645833333336 7.756509415978292 10.342012554637723
0 77.587890625 20.703125 7.6962403643301345 10.261653819106845
0 89.208984375 19.010416666666664 7.37490598974278 9.833207986323707
0 83.203125 20.833333333333336 7.720404443770458 10.293872591693944
0 75.09765625 17.3828125 7.052136235529384 9.40284831403918
0 51.953125 19.986979166666664 7.561957820656658 10.08261042754221
0 31.34765625 16.145833333333336 6.796587356970242 9.062116475960323
0 23.828125 17.838541666666664 7.143981879101334 9.525309172135112
0 2.294921875 19.856770833333336 7.537285788103314 10.049714384137753
0 98.73046875 23.307291666666664 8.165947363439729 10.88792981791964
0 92.67578125 20.3125 7.62328857226367 10.164384763018226
0 72.314453125 15.8203125 6.72772451325946 8.970299351012613
0 79.638671875 18.5546875 7.28597191547444 9.714629220632586
0 99.70703125 32.35677083333333 9.621510480001493 12.828680640001991
0 93.84765625 23.893229166666664 8.267954824306681 11.023939765742242
0 74.8046875 15.4296875 6.644147051109997 8.858862734813329
0 66.943359375 16.40625 6.8511792970714245 9.134905729428567
0 60.15625 16.276041666666664 6.823937919616058 9.09858389282141
0 47.509765625 15.559895833333334 6.672122530845778 8.896163374461038
0 28.22265625 16.9921875 6.972448522214271 9.296598029619028
0 12.20703125 17.122395833333336 6.9991119025755095 9.332149203434014
0 4.736328125 18.424479166666664 7.2603620931215325 9.680482790828709
0 68.115234375 25.1953125 8.490251308132054 11.320335077509403
0 85.986328125 27.213541666666668 8.823750179932228 11.765000239909636
0 96.77734375 28.190104166666668 8.980675640601907 11.974234187469209
0 40.33203125 17.122395833333336 6.9991119025755095 9.332149203434014
0 89.892578125 21.744791666666664 7.887480458569388 10.51664061142585
0 94.287109375 21.549479166666664 7.85197774064246 10.469303654189947
0 33.544921875 15.950520833333334 6.755353888299149 9.0071385177322
0 8.935546875 16.9921875 6.972448522214271 9.296598029619028
0 3.564453125 22.721354166666664 8.062649422377262 10.75019922983635
0 80.078125 16.40625 6.8511792970714245 9.134905729428567
0 97.75390625 25.5859375 8.555814067917595 11.407752090556793
