0 0.09765625 17.057291666666664 6.985792933508055 9.31439057801074
0 5.17578125 16.927083333333336 6.959078522333606 9.278771363111476
0 1.318359375 19.270833333333336 7.425247229367944 9.900329639157258
0 7.666015625 20.8984375 7.732458166088822 10.309944221451763
0 3.369140625 17.1875 7.012405574387241 9.349874099182989
0 10.546875 28.776041666666668 9.073528288158268 12.098037717544358
0 13.232421875 16.276041666666664 6.823937919616058 9.09858389282141
0 13.232421875 22.591145833333336 8.039514082226251 10.719352109635
0 17.919921875 20.1171875 7.586549618320344 10.115399491093791
0 13.037109375 18.815104166666664 7.336923388776433 9.782564518368577
0 21.826171875 17.057291666666664 6.985792933508055 9.31439057801074
0 26.123046875 24.0234375 8.290452702152177 11.053936936202902
0 25.5859375 14.6484375 6.473755931273323 8.631674575031097
0 31.640625 21.419270833333336 7.828219811023351 10.437626414697803
0 26.025390625 19.075520833333336 7.3875234600282 9.850031280037602
0 28.564453125 15.494791666666666 6.658149484030587 8.877532645374115
0 32.51953125 16.080729166666664 6.782870718656271 9.043827624875028
0 36.71875 16.341145833333336 6.837572174807153 9.116762899742872
0 41.162109375 25.260416666666668 8.501213548086012 11.334951397448016
0 34.619140625 16.341145833333336 6.837572174807153 9.116762899742872
0 42.236328125 14.388020833333334 6.415953381844678 8.554604509126236
0 46.337890625 13.671875 6.254242410864013 8.338989881152017
0 58.30078125 14.388020833333334 6.415953381844678 8.554604509126236
0 51.708984375 17.122395833333336 6.9991119025755095 9.332149203434014
0 50.5859375 29.622395833333332 9.205995562132786 12.274660749510382
0 49.365234375 18.1640625 7.208869513560617 9.611826018080823
0 47.509765625 23.111979166666664 8.131660519088275 10.842214025451032
0 50.09765625 20.3125 7.62328857226367 10.164384763018226
0 31.4453125 28.776041666666668 9.073528288158268 12.098037717544358
0 22.16796875 26.106770833333332 8.642457433170346 11.52327657756046
0 18.310546875 32.29166666666667 9.611826018080825 12.815768024107768
0 11.81640625 40.75520833333333 10.79822144345345 14.397628591271266
0 19.384765625 50.065104166666664 11.968183319780016 15.957577759706687
0 3.857421875 60.091145833333336 13.111908605310568 17.482544807080757
0 14.453125 68.359375 13.984911178454102 18.646548237938802
0 33.642578125 64.71354166666666 13.60687061133298 18.142494148443973
0 40.13671875 81.31510416666666 15.252684325683349 20.336912434244468
0 52.44140625 50.130208333333336 11.975962445281118 15.967949927041488
0 65.91796875 57.096354166666664 12.781000727155718 17.04133430287429
0 83.984375 62.825520833333336 13.406910788872556 17.875881051830074
0 99.169921875 79.42708333333334 15.074571576206628 20.099428768275505
0 90.283203125 94.921875 16.4794921875 21.97265625
0 81.396484375 53.515625 12.37373958295489 16.498319443939856
0 97.021484375 52.5390625 12.260320694946696 16.347094259928927
0 98.876953125 43.03385416666667 11.095983253599758 14.794644338133011
0 32.51953125 36.39322916666667 10.204012144348443 13.605349525797925
0 42.529296875 33.26822916666667 9.756083595670033 13.008111460893376
0 36.42578125 44.3359375 11.262598930203817 15.016798573605088
0 49.169921875 38.8671875 10.545137050275265 14.060182733700355
0 58.984375 35.87239583333333 10.130732832457173 13.507643776609566
0 58.49609375 25.325520833333332 8.512161670520847 11.349548894027794
0 61.572265625 30.013020833333332 9.266495636406846 12.35532751520913
0 59.765625 21.744791666666664 7.887480458569388 10.51664061142585
0 67.28515625 24.153645833333336 8.312889692307273 11.083852923076364
0 61.376953125 18.684895833333336 7.311492035346033 9.748656047128044
0 68.115234375 20.3125 7.62328857226367 10.164384763018226
0 71.630859375 22.395833333333336 8.00468569861084 10.672914264814453
0 70.5078125 18.424479166666664 7.2603620931215325 9.680482790828709
0 76.513671875 21.419270833333336 7.828219811023351 10.437626414697803
0 79.296875 24.4140625 8.357582969744357 11.143443959659143
0 75.09765625 27.669270833333332 8.897326499702912 11.863101999603883
0 73.681640625 33.26822916666667 9.756083595670033 13.008111460893376
0 79.58984375 38.41145833333333 10.483132346995646 13.977509795994195
0 65.72265625 42.7734375 11.062358984614171 14.74981197948556
0 88.720703125 33.3984375 9.775157091093119 13.033542788124159
0 88.37890625 28.3203125 9.001392336274797 12.001856448366395
0 93.798828125 25.78125 8.588407763348565 11.451210351131419
0 88.28125 25.065104166666668 8.468284256293707 11.291045675058275
0 82.12890625 23.046875 8.120199399200482 10.82693253226731
0 86.083984375 22.786458333333336 8.074192233473482 10.765589644631309
0 95.068359375 21.484375 7.840107775064166 10.453477033418888
0 80.419921875 17.7734375 7.130933499479933 9.50791133263991
0 77.685546875 16.276041666666664 6.823937919616058 9.09858389282141
