0 80.078125 82.03125 15.319702634290936 20.42627017905458
0 98.388671875 67.25260416666666 13.871238009476944 18.494984012635925
0 93.798828125 51.822916666666664 12.176475429235841 16.235300572314458
0 96.240234375 42.44791666666667 11.020184378215204 14.693579170953605
0 91.064453125 32.03125 9.572990198582838 12.763986931443785
0 68.115234375 34.44010416666667 9.926425761285763 13.235234348381017
0 72.65625 33.26822916666667 9.756083595670033 13.008111460893376
0 54.1015625 37.43489583333333 10.349014256477766 13.798685675303688
0 58.837890625 31.640625 9.51443925056146 12.685919000748614
0 41.064453125 33.26822916666667 9.756083595670033 13.008111460893376
0 38.623046875 43.1640625 11.112757236348344 14.817009648464458
0 26.025390625 51.5625 12.145842738117919 16.194456984157227
0 10.498046875 35.80729166666667 10.121535615098267 13.495380820131023
0 2.44140625 69.98697916666666 14.150418846886756 18.86722512918234
0 77.880859375 67.25260416666666 13.871238009476944 18.494984012635925
0 76.220703125 48.30729166666667 11.756201345372451 15.674935127163266
0 70.1171875 39.77864583333333 10.668065364348472 14.224087152464628
0 56.8359375 33.3984375 9.775157091093119 13.033542788124159
0 64.453125 28.385416666666668 9.011732824849489 12.015643766465985
0 57.71484375 23.893229166666664 8.267954824306681 11.023939765742242
0 50.732421875 28.255208333333332 8.991039955234518 11.988053273646026
0 39.74609375 25.651041666666668 8.566692411876344 11.422256549168457
0 34.375 27.799479166666668 8.918236814088415 11.890982418784553
0 51.416015625 22.526041666666664 8.027921409891299 10.703895213188398
0 30.2734375 22.265625 7.981382342908947 10.641843123878598
0 15.869140625 25.260416666666668 8.501213548086012 11.334951397448016
0 8.544921875 26.7578125 8.749555167743805 11.66607355699174
0 26.025390625 23.893229166666664 8.267954824306681 11.023939765742242
0 78.271484375 25.651041666666668 8.566692411876344 11.422256549168457
0 70.556640625 22.395833333333336 8.00468569861084 10.672914264814453
0 86.474609375 32.16145833333333 9.592427762147041 12.789903682862722
0 96.97265625 33.26822916666667 9.756083595670033 13.008111460893376
0 90.673828125 29.296875 9.1552734375 12.20703125
0 97.0703125 28.255208333333332 8.991039955234518 11.988053273646026
0 45.947265625 22.526041666666664 8.027921409891299 10.703895213188398
0 57.2265625 18.619791666666664 7.298743129334349 9.731657505779133
0 35.791015625 17.643229166666664 7.104764847914316 9.473019797219088
0 28.076171875 20.1171875 7.586549618320344 10.115399491093791
0 76.220703125 22.916666666666664 8.097228492078614 10.796304656104818
0 73.583984375 16.6015625 6.891839471823862 9.189119295765149
0 88.037109375 21.875 7.911060422861158 10.548080563814876
0 95.556640625 22.005208333333336 7.9345703125 10.579427083333332
0 89.84375 20.8984375 7.732458166088822 10.309944221451763
0 83.349609375 18.619791666666664 7.298743129334349 9.731657505779133
0 78.369140625 17.643229166666664 7.104764847914316 9.473019797219088
0 68.115234375 19.53125 7.475249459177179 9.966999278902906
0 63.232421875 16.861979166666664 6.945682786096826 9.260910381462436
0 55.517578125 15.494791666666666 6.658149484030587 8.877532645374115
0 67.28515625 14.973958333333334 6.545291317604741 8.727055090139656
0 59.5703125 15.364583333333334 6.6301150458985685 8.840153394531425
0 84.375 23.111979166666664 8.131660519088275 10.842214025451032
0 93.310546875 21.158854166666664 7.780486318348366 10.373981757797822
0 98.779296875 21.2890625 7.804389558437758 10.405852744583676
0 84.9609375 18.619791666666664 7.298743129334349 9.731657505779133
0 76.7578125 17.643229166666664 7.104764847914316 9.473019797219088
0 91.357421875 20.377604166666664 7.635495607419925 10.180660809893233
0 81.201171875 19.140625 7.400119417103358 9.866825889471144
0 89.35546875 25.0 8.457279333832409 11.276372445109878
0 78.759765625 20.377604166666664 7.635495607419925 10.180660809893233
0 70.1171875 16.6015625 6.891839471823862 9.189119295765149
0 60.595703125 18.619791666666664 7.298743129334349 9.731657505779133
0 53.564453125 17.3828125 7.052136235529384 9.40284831403918
0 47.16796875 17.122395833333336 6.9991119025755095 9.332149203434014
0 41.455078125 20.768229166666664 7.708331872750909 10.277775830334546
0 46.240234375 14.973958333333334 6.545291317604741 8.727055090139656
0 38.427734375 21.158854166666664 7.780486318348366 10.373981757797822
0 44.140625 16.471354166666664 6.864759447755123 9.15301259700683
0 37.40234375 15.364583333333334 6.6301150458985685 8.840153394531425
0 21.044921875 27.799479166666668 8.918236814088415 11.890982418784553
0 23.486328125 35.02604166666667 10.010509928501419 13.347346571335224
0 12.40234375 24.544270833333336 8.379840220792225 11.173120294389632
0 6.005859375 21.744791666666664 7.887480458569388 10.51664061142585
0 18.896484375 19.661458333333336 7.500125566067204 10.00016742142294
0 25.1953125 18.229166666666664 7.221777078979024 9.629036105305365
0 13.330078125 18.098958333333336 7.195938795502683 9.594585060670244
0 8.837890625 18.489583333333336 7.273178276253042 9.697571035004056
0 27.5390625 14.973958333333334 6.545291317604741 8.727055090139656
0 19.7265625 15.885416666666666 6.741553355216833 8.988737806955777
0 51.123046875 18.098958333333336 7.195938795502683 9.594585060670244
0 88.134765625 19.140625 7.400119417103358 9.866825889471144
0 62.841796875 18.619791666666664 7.298743129334349 9.731657505779133
0 46.77734375 18.619791666666664 7.298743129334349 9.731657505779133
0 40.478515625 16.861979166666664 6.945682786096826 9.260910381462436
0 82.51953125 36.9140625 10.276768945607138 13.702358594142853
0 95.556640625 38.28125 10.46534924284805 13.953798990464069
0 97.4609375 31.184895833333332 9.445671106287941 12.594228141717254
0 93.408203125 24.544270833333336 8.379840220792225 11.173120294389632
0 80.517578125 23.372395833333336 8.177344364608315 10.903125819477753
0 67.3828125 17.3828125 7.052136235529384 9.40284831403918
0 97.4609375 24.0234375 8.290452702152177 11.053936936202902
0 73.193359375 20.377604166666664 7.635495607419925 10.180660809893233
0 64.94140625 20.768229166666664 7.708331872750909 10.277775830334546
0 58.740234375 20.638020833333336 7.684129829110212 10.245506438813615
0 64.55078125 16.9921875 6.972448522214271 9.296598029619028
0 52.44140625 15.364583333333334 6.6301150458985685 8.840153394531425
0 45.361328125 18.229166666666664 7.221777078979024 9.629036105305365
0 30.419921875 17.513020833333336 7.0784994535786145 9.437999271438152
0 42.919921875 16.471354166666664 6.864759447755123 9.15301259700683
0 23.486328125 19.010416666666664 7.37490598974278 9.833207986323707
0 34.86328125 15.234375 6.60196156395994 8.802615418613254
0 66.064453125 22.526041666666664 8.027921409891299 10.703895213188398
0 22.36328125 16.015625 6.7691262856502785 9.025501714200372
0 29.58984375 14.2578125 6.386855937639267 8.515807916852356
0 16.162109375 18.75 7.32421875 9.765625
0 3.271484375 25.260416666666668 8.501213548086012 11.334951397448016
0 10.791015625 19.661458333333336 7.500125566067204 10.00016742142294
0 17.7734375 16.861979166666664 6.945682786096826 9.260910381462436
0 25.0 16.276041666666664 6.823937919616058 9.09858389282141
0 31.494140625 16.9921875 6.972448522214271 9.296598029619028
0 81.494140625 17.643229166666664 7.104764847914316 9.473019797219088
0 86.083984375 27.669270833333332 8.897326499702912 11.863101999603883
0 50.830078125 20.638020833333336 7.684129829110212 10.245506438813615
0 96.142578125 25.520833333333332 8.544921875 11.393229166666668
0 38.037109375 17.3828125 7.052136235529384 9.40284831403918
0 18.701171875 22.916666666666664 8.097228492078614 10.796304656104818
0 7.32421875 18.489583333333336 7.273178276253042 9.697571035004056
0 79.6875 18.619791666666664 7.298743129334349 9.731657505779133
0 99.51171875 24.153645833333336 8.312889692307273 11.083852923076364
0 93.798828125 22.395833333333336 8.00468569861084 10.672914264814453
0 81.494140625 26.888020833333332 8.770817787597604 11.694423716796805
0 69.53125 18.489583333333336 7.273178276253042 9.697571035004056
0 63.623046875 20.377604166666664 7.635495607419925 10.180660809893233
0 56.494140625 14.84375 6.516771394062079 8.689028525416106
0 39.013671875 15.755208333333334 6.7138671875 8.951822916666668
0 3.076171875 20.1171875 7.586549618320344 10.115399491093791
0 10.400390625 16.9921875 6.972448522214271 9.296598029619028
0 15.478515625 16.471354166666664 6.864759447755123 9.15301259700683
0 7.958984375 16.6015625 6.891839471823862 9.189119295765149
0 63.427734375 14.6484375 6.473755931273323 8.631674575031097
0 18.603515625 15.755208333333334 6.7138671875 8.951822916666668
0 1.025390625 20.377604166666664 7.635495607419925 10.180660809893233
0 40.869140625 82.68229166666666 15.380374961369817 20.507166615159754
0 46.142578125 67.51302083333334 13.89806828214807 18.53075770953076
0 46.6796875 56.966145833333336 12.766418861909113 17.021891815878817
0 62.20703125 53.3203125 12.351139126494179 16.468185501992238
0 1.66015625 53.190104166666664 12.336049152470542 16.44806553662739
0 23.486328125 59.244791666666664 13.019243779114712 17.358991705486282
0 89.453125 43.5546875 11.162927952985768 14.883903937314358
0 60.595703125 55.989583333333336 12.65651938069319 16.875359174257586
0 61.71875 47.20052083333333 11.620747537023785 15.494330049365049
0 76.318359375 32.29166666666667 9.611826018080825 12.815768024107768
0 70.947265625 24.674479166666664 8.402038511923953 11.202718015898604
0 74.8046875 30.143229166666668 9.286574740419274 12.382099653892366
0 33.251953125 32.29166666666667 9.611826018080825 12.815768024107768
0 26.416015625 39.0625 10.57159916729051 14.095465556387346
0 42.48046875 90.55989583333334 16.09639525664135 21.461860342188466
0 56.93359375 88.93229166666666 15.951091730190406 21.268122306920542
0 9.765625 30.533854166666668 9.346553241646458 12.462070988861944
0 3.173828125 26.7578125 8.749555167743805 11.66607355699174
0 50.439453125 31.184895833333332 9.445671106287941 12.594228141717254
0 56.8359375 27.669270833333332 8.897326499702912 11.863101999603883
0 38.134765625 26.627604166666668 8.728240750778255 11.637654334371007
0 25.537109375 26.888020833333332 8.770817787597604 11.694423716796805
0 88.037109375 34.89583333333333 9.991885707852113 13.322514277136149
0 59.9609375 41.92708333333333 10.952367214920875 14.603156286561166
0 94.62890625 57.6171875 12.83916257810219 17.118883437469588
