0 91.6015625 88.15104166666666 15.880873817453232 21.174498423270975
0 43.115234375 87.95572916666666 15.863270774373811 21.15102769916508
0 46.875 67.3828125 13.884659626559234 18.51287950207898
0 86.71875 59.635416666666664 13.062093847065857 17.416125129421143
0 97.998046875 55.533854166666664 12.604905046425404 16.80654006190054
0 75.341796875 50.911458333333336 12.06892085771801 16.091894476957346
0 60.888671875 53.3203125 12.351139126494179 16.468185501992238
0 47.8515625 57.6171875 12.83916257810219 17.118883437469588
0 23.828125 58.919270833333336 12.983427359730621 17.311236479640826
0 8.10546875 75.91145833333334 14.737178305236373 19.6495710736485
0 0.634765625 57.747395833333336 12.853661919343681 17.13821589245824
0 8.69140625 50.0 11.960399134683488 15.947198846244651
0 20.751953125 42.3828125 11.01173007365034 14.682306764867118
0 41.30859375 46.875 11.580606665655687 15.440808887540916
0 22.998046875 38.54166666666667 10.500885335745396 14.001180447660527
0 59.66796875 44.98697916666667 11.344989193994817 15.126652258659753
0 68.408203125 42.96875 11.087586745962493 14.783448994616657
0 87.548828125 44.79166666666667 11.320335077509403 15.093780103345871
0 99.658203125 46.09375 11.48369611952318 15.311594826030909
0 86.474609375 35.9375 10.139921707663666 13.51989561021822
0 95.60546875 40.36458333333333 10.746348182164922 14.328464242886563
0 74.51171875 37.23958333333333 10.321981521782082 13.762642029042777
0 98.14453125 36.328125 10.194881035455362 13.593174713940485
0 96.435546875 30.924479166666668 9.406149296522488 12.541532395363317
0 98.53515625 27.604166666666668 8.886852892188134 11.849137189584178
0 90.91796875 28.90625 9.094033462982996 12.125377950643994
0 93.701171875 21.6796875 7.875664001809045 10.500885335745393
0 96.19140625 25.1953125 8.490251308132054 11.320335077509403
0 91.9921875 23.502604166666664 8.200090846279542 10.933454461706056
0 85.888671875 20.182291666666664 7.598815672600545 10.13175423013406
0 83.251953125 17.96875 7.170007400189656 9.56000986691954
0 79.78515625 29.817708333333332 9.236295135755345 12.315060181007127
0 75.634765625 31.8359375 9.543759625922785 12.725012834563712
0 79.39453125 24.283854166666664 8.33526628646708 11.113688381956106
0 75.48828125 25.1953125 8.490251308132054 11.320335077509403
0 78.125 20.572916666666664 7.672000176987631 10.229333569316841
0 75.634765625 19.466145833333336 7.462780310447684 9.950373747263578
0 71.435546875 19.466145833333336 7.462780310447684 9.950373747263578
0 69.23828125 25.1953125 8.490251308132054 11.320335077509403
0 67.578125 17.96875 7.170007400189656 9.56000986691954
0 65.771484375 30.013020833333332 9.266495636406846 12.35532751520913
0 64.6484375 21.09375 7.768507117527988 10.358009490037318
0 63.671875 16.861979166666664 6.945682786096826 9.260910381462436
0 61.328125 12.955729166666666 6.088237714617921 8.117650286157229
0 61.474609375 33.52864583333333 9.794193442310311 13.05892458974708
0 56.591796875 37.95572916666667 10.420758715187912 13.894344953583882
0 58.544921875 23.893229166666664 8.267954824306681 11.023939765742242
0 56.73828125 27.408854166666668 8.855357744474432 11.807143659299243
0 55.76171875 20.768229166666664 7.708331872750909 10.277775830334546
0 53.271484375 24.609375 8.39094670707246 11.187928942763282
0 49.951171875 30.338541666666668 9.316612257369233 12.42214967649231
0 57.03125 16.080729166666664 6.782870718656271 9.043827624875028
0 54.4921875 14.2578125 6.386855937639267 8.515807916852356
0 51.46484375 16.666666666666664 6.905339660024879 9.207119546699838
0 53.80859375 18.880208333333336 7.349606066157407 9.799474754876544
0 49.951171875 19.466145833333336 7.462780310447684 9.950373747263578
0 47.998046875 16.471354166666664 6.864759447755123 9.15301259700683
0 47.705078125 20.8984375 7.732458166088822 10.309944221451763
0 43.9453125 24.4140625 8.357582969744357 11.143443959659143
0 46.728515625 25.1953125 8.490251308132054 11.320335077509403
0 42.87109375 30.338541666666668 9.316612257369233 12.42214967649231
0 40.478515625 35.546875 10.084662867345157 13.44621715646021
0 43.5546875 18.489583333333336 7.273178276253042 9.697571035004056
0 40.625 17.252604166666664 7.025674092542321 9.367565456723094
0 39.6484375 21.2890625 7.804389558437758 10.405852744583676
0 36.328125 16.276041666666664 6.823937919616058 9.09858389282141
0 35.64453125 16.471354166666664 6.864759447755123 9.15301259700683
0 35.64453125 20.768229166666664 7.708331872750909 10.277775830334546
0 37.98828125 27.213541666666668 8.823750179932228 11.765000239909636
0 32.71484375 28.3203125 9.001392336274797 12.001856448366395
0 31.0546875 23.893229166666664 8.267954824306681 11.023939765742242
0 25.78125 29.427083333333332 9.175595934065496 12.234127912087327
0 27.685546875 25.911458333333332 8.610068346964042 11.480091129285388
0 32.03125 15.364583333333334 6.6301150458985685 8.840153394531425
0 30.37109375 16.471354166666664 6.864759447755123 9.15301259700683
0 28.80859375 17.578125 7.091644310682526 9.455525747576702
0 25.048828125 15.755208333333334 6.7138671875 8.951822916666668
0 23.53515625 19.661458333333336 7.500125566067204 10.00016742142294
0 22.314453125 17.7734375 7.130933499479933 9.50791133263991
0 17.96875 16.276041666666664 6.823937919616058 9.09858389282141
0 19.775390625 23.307291666666664 8.165947363439729 10.88792981791964
0 18.26171875 19.661458333333336 7.500125566067204 10.00016742142294
0 16.064453125 21.6796875 7.875664001809045 10.500885335745393
0 12.451171875 20.572916666666664 7.672000176987631 10.229333569316841
0 8.69140625 19.661458333333336 7.500125566067204 10.00016742142294
0 9.66796875 23.697916666666664 8.234092750996119 10.978790334661493
0 4.39453125 18.880208333333336 7.349606066157407 9.799474754876544
0 5.615234375 19.075520833333336 7.3875234600282 9.850031280037602
0 4.78515625 23.177083333333336 8.143105507889608 10.857474010519478
0 4.248046875 27.018229166666668 8.792028986137655 11.722705314850208
0 1.318359375 18.684895833333336 7.311492035346033 9.748656047128044
0 2.978515625 19.986979166666664 7.561957820656658 10.08261042754221
0 0.78125 22.786458333333336 8.074192233473482 10.765589644631309
0 11.328125 29.1015625 9.124704826492952 12.166273101990603
0 10.205078125 33.72395833333333 9.82267879603948 13.096905061385971
