0 96.19140625 42.31770833333333 11.00326927326657 14.671025697688759
0 97.94921875 52.083333333333336 12.20703125 16.276041666666664
0 85.107421875 51.432291666666664 12.130497384247919 16.17399651233056
0 77.880859375 51.953125 12.191762912254749 16.25568388300633
0 70.263671875 58.072916666666664 12.889838917201462 17.18645188960195
0 87.353515625 63.606770833333336 13.49001227130148 17.986683028401973
0 88.134765625 78.125 14.950498918354358 19.93399855780581
0 45.3125 84.83072916666666 15.57891725842312 20.77188967789749
0 36.669921875 62.174479166666664 13.33726402796152 17.783018703948695
0 52.001953125 46.80989583333333 11.572561783360925 15.430082377814566
0 53.759765625 39.32291666666667 10.606779295033428 14.142372393377903
0 64.55078125 40.55989583333333 10.77231603681811 14.363088049090814
0 59.86328125 34.765625 9.973226707988399 13.297635610651199
0 70.361328125 32.55208333333333 9.650505554713073 12.86734073961743
0 72.900390625 40.16927083333333 10.720317425689878 14.293756567586504
0 80.322265625 38.15104166666667 10.447535869521296 13.930047826028394
0 83.69140625 32.03125 9.572990198582838 12.763986931443785
0 73.486328125 32.16145833333333 9.592427762147041 12.789903682862722
0 88.76953125 33.07291666666667 9.727403229070575 12.9698709720941
0 73.828125 28.90625 9.094033462982996 12.125377950643994
0 77.783203125 25.520833333333332 8.544921875 11.393229166666668
0 88.96484375 27.5390625 8.876366926421502 11.835155901895336
0 98.33984375 28.90625 9.094033462982996 12.125377950643994
0 91.30859375 31.640625 9.51443925056146 12.685919000748614
0 91.69921875 24.4140625 8.357582969744357 11.143443959659143
0 92.431640625 17.643229166666664 7.104764847914316 9.473019797219088
0 86.03515625 18.424479166666664 7.2603620931215325 9.680482790828709
0 79.1015625 18.75 7.32421875 9.765625
0 71.240234375 21.875 7.911060422861158 10.548080563814876
0 66.259765625 25.390625 8.523095729839442 11.364127639785922
0 60.595703125 25.78125 8.588407763348565 11.451210351131419
0 49.609375 29.817708333333332 9.236295135755345 12.315060181007127
0 62.40234375 28.190104166666668 8.980675640601907 11.974234187469209
0 60.44921875 21.744791666666664 7.887480458569388 10.51664061142585
0 54.345703125 14.2578125 6.386855937639267 8.515807916852356
0 61.083984375 19.53125 7.475249459177179 9.966999278902906
0 50.0 19.921875 7.549631882844837 10.066175843793117
0 75.244140625 13.736979166666666 6.269115778861736 8.358821038482315
0 51.708984375 17.252604166666664 7.025674092542321 9.367565456723094
0 80.615234375 17.252604166666664 7.025674092542321 9.367565456723094
0 45.8984375 16.666666666666664 6.905339660024879 9.207119546699838
0 82.568359375 18.294270833333336 7.234661615679748 9.646215487572997
0 41.11328125 16.536458333333336 6.878312786611722 9.171083715482297
0 41.455078125 31.4453125 9.485028239697298 12.646704319596397
0 42.87109375 25.0 8.457279333832409 11.276372445109878
0 47.94921875 23.307291666666664 8.165947363439729 10.88792981791964
0 42.67578125 22.526041666666664 8.027921409891299 10.703895213188398
0 37.98828125 20.052083333333336 7.574263699945591 10.099018266594122
0 37.158203125 27.1484375 8.81318913463968 11.750918846186241
0 32.91015625 18.1640625 7.208869513560617 9.611826018080823
0 29.345703125 29.166666666666668 9.134905729428569 12.17987430590476
0 29.443359375 35.15625 10.029099563693228 13.372132751590971
0 35.64453125 42.05729166666667 10.969360812751116 14.62581441700149
0 28.61328125 24.544270833333336 8.379840220792225 11.173120294389632
0 30.46875 16.015625 6.7691262856502785 9.025501714200372
0 26.3671875 14.778645833333334 6.502464524127966 8.669952698837287
0 18.45703125 16.9921875 6.972448522214271 9.296598029619028
0 22.412109375 28.190104166666668 8.980675640601907 11.974234187469209
0 18.84765625 32.68229166666667 9.669787303317175 12.893049737756234
0 22.900390625 46.94010416666667 11.588645963163772 15.45152795088503
0 27.783203125 52.669270833333336 12.275503760448466 16.36733834726462
0 13.96484375 74.34895833333334 14.584720636411769 19.446294181882358
0 2.978515625 57.291666666666664 12.802842384889546 17.07045651318606
0 9.27734375 40.0390625 10.70292841598522 14.270571221313624
0 1.85546875 35.15625 10.029099563693228 13.372132751590971
0 6.54296875 30.924479166666668 9.406149296522488 12.541532395363317
0 10.83984375 29.036458333333332 9.114492506755418 12.15265667567389
0 12.939453125 20.377604166666664 7.635495607419925 10.180660809893233
0 18.75 21.2890625 7.804389558437758 10.405852744583676
0 36.572265625 16.276041666666664 6.823937919616058 9.09858389282141
0 15.380859375 15.755208333333334 6.7138671875 8.951822916666668
0 35.546875 15.885416666666666 6.741553355216833 8.988737806955777
0 13.134765625 16.796875 6.932261164306974 9.243014885742634
0 7.03125 21.6796875 7.875664001809045 10.500885335745393
0 2.1484375 19.53125 7.475249459177179 9.966999278902906
0 8.7890625 17.7734375 7.130933499479933 9.50791133263991
0 4.6875 24.544270833333336 8.379840220792225 11.173120294389632
0 7.2265625 15.755208333333334 6.7138671875 8.951822916666668
0 39.404296875 13.997395833333334 6.328259690346595 8.437679587128793
0 4.1015625 18.1640625 7.208869513560617 9.611826018080823
0 57.71484375 13.997395833333334 6.328259690346595 8.437679587128793
0 63.134765625 14.388020833333334 6.415953381844678 8.554604509126236
0 77.685546875 16.015625 6.7691262856502785 9.025501714200372
0 90.380859375 21.6796875 7.875664001809045 10.500885335745393
