0 41.69921875 26.692708333333332 8.738904457566134 11.651872610088178
0 49.755859375 36.84895833333333 10.267702539831983 13.690270053109312
0 68.408203125 58.7890625 12.969073096237658 17.29209746165021
0 35.546875 64.12760416666666 13.545130017805265 18.060173357073687
0 18.75 49.54427083333333 11.905767335895483 15.874356447860643
0 11.181640625 40.10416666666667 10.711626449453275 14.282168599271033
0 18.505859375 31.640625 9.51443925056146 12.685919000748614
0 23.046875 26.302083333333332 8.674725588105405 11.56630078414054
0 30.2734375 23.893229166666664 8.267954824306681 11.023939765742242
0 33.7890625 36.97916666666667 10.285827359834423 13.714436479779232
0 37.255859375 44.07552083333333 11.229473567489073 14.972631423318763
