0 75.244140625 47.39583333333333 11.644765642296699 15.526354189728933
0 83.88671875 39.97395833333333 10.694223308065938 14.258964410754585
0 85.498046875 27.5390625 8.876366926421502 11.835155901895336
0 92.28515625 29.427083333333332 9.175595934065496 12.234127912087327
0 79.39453125 30.6640625 9.366460725843998 12.48861430112533
0 75.048828125 31.901041666666668 9.55351308746248 12.738017449949975
0 66.650390625 24.153645833333336 8.312889692307273 11.083852923076364
0 71.728515625 19.140625 7.400119417103358 9.866825889471144
0 78.41796875 16.861979166666664 6.945682786096826 9.260910381462436
0 89.0625 21.354166666666664 7.816313766397521 10.421751688530028
0 80.859375 19.140625 7.400119417103358 9.866825889471144
0 95.60546875 23.6328125 8.222774405094897 10.963699206793196
0 82.763671875 21.223958333333336 7.792447103762027 10.389929471682702
0 96.337890625 22.265625 7.981382342908947 10.641843123878598
0 83.154296875 18.359375 7.247523246483103 9.663364328644137
0 95.1171875 20.8984375 7.732458166088822 10.309944221451763
0 98.14453125 20.5078125 7.659851317145468 10.21313508952729
0 72.705078125 15.364583333333334 6.6301150458985685 8.840153394531425
0 68.06640625 14.453125 6.430452730012657 8.57393697335021
0 62.060546875 15.234375 6.60196156395994 8.802615418613254
0 69.189453125 15.8203125 6.72772451325946 8.970299351012613
0 73.828125 16.471354166666664 6.864759447755123 9.15301259700683
0 66.455078125 17.3828125 7.052136235529384 9.40284831403918
0 79.541015625 17.3828125 7.052136235529384 9.40284831403918
0 63.720703125 15.494791666666666 6.658149484030587 8.877532645374115
0 59.47265625 15.104166666666666 6.573687508709111 8.764916678278816
0 37.548828125 27.408854166666668 8.855357744474432 11.807143659299243
0 44.04296875 17.252604166666664 7.025674092542321 9.367565456723094
0 37.060546875 16.341145833333336 6.837572174807153 9.116762899742872
0 27.294921875 20.5078125 7.659851317145468 10.21313508952729
0 41.9921875 14.322916666666666 6.401421192444773 8.53522825659303
0 47.36328125 15.8203125 6.72772451325946 8.970299351012613
0 33.7890625 16.471354166666664 6.864759447755123 9.15301259700683
0 20.41015625 19.140625 7.400119417103358 9.866825889471144
0 31.494140625 16.080729166666664 6.782870718656271 9.043827624875028
0 25.390625 15.8203125 6.72772451325946 8.970299351012613
0 29.638671875 14.583333333333334 6.459353786778786 8.612471715705048
0 11.81640625 22.395833333333336 8.00468569861084 10.672914264814453
0 2.880859375 19.596354166666664 7.487697843252746 9.983597124336994
0 16.455078125 15.755208333333334 6.7138671875 8.951822916666668
0 4.19921875 18.489583333333336 7.273178276253042 9.697571035004056
0 19.62890625 15.950520833333334 6.755353888299149 9.0071385177322
0 5.810546875 19.140625 7.400119417103358 9.866825889471144
0 21.142578125 14.713541666666666 6.488126106405426 8.650834808540568
0 0.78125 18.489583333333336 7.273178276253042 9.697571035004056
0 9.47265625 17.3828125 7.052136235529384 9.40284831403918
0 10.791015625 17.96875 7.170007400189656 9.56000986691954
0 27.83203125 15.950520833333334 6.755353888299149 9.0071385177322
0 32.666015625 15.950520833333334 6.755353888299149 9.0071385177322
0 23.876953125 17.708333333333336 7.117861199762329 9.490481599683106
