0 5.078125 20.963541666666664 7.7444931277157725 10.325990836954363
0 10.400390625 18.684895833333336 7.311492035346033 9.748656047128044
0 24.12109375 20.638020833333336 7.684129829110212 10.245506438813615
0 79.052734375 17.643229166666664 7.104764847914316 9.473019797219088
0 83.349609375 22.135416666666664 7.958010748538389 10.610680998051187
0 90.72265625 19.270833333333336 7.425247229367944 9.900329639157258
0 47.314453125 16.145833333333336 6.796587356970242 9.062116475960323
0 39.84375 15.690104166666666 6.699981201202437 8.933308268269917
0 45.5078125 15.494791666666666 6.658149484030587 8.877532645374115
0 87.744140625 20.3125 7.62328857226367 10.164384763018226
0 81.103515625 19.596354166666664 7.487697843252746 9.983597124336994
0 76.220703125 24.544270833333336 8.379840220792225 11.173120294389632
0 85.83984375 18.684895833333336 7.311492035346033 9.748656047128044
0 72.802734375 15.364583333333334 6.6301150458985685 8.840153394531425
0 64.990234375 16.276041666666664 6.823937919616058 9.09858389282141
0 58.30078125 15.950520833333334 6.755353888299149 9.0071385177322
0 67.822265625 15.690104166666666 6.699981201202437 8.933308268269917
0 60.791015625 15.0390625 6.559504779115197 8.746006372153596
0 83.0078125 16.9921875 6.972448522214271 9.296598029619028
0 77.001953125 16.861979166666664 6.945682786096826 9.260910381462436
