0 9.765625 82.87760416666666 15.398530043387284 20.531373391183045
0 19.189453125 74.28385416666666 14.578333633418197 19.43777817789093
0 49.072265625 69.07552083333334 14.057974617042262 18.74396615605635
0 62.20703125 83.0078125 15.4106215490144 20.547495398685868
0 39.013671875 59.049479166666664 12.99776577090262 17.330354361203494
0 27.001953125 56.0546875 12.663875684354508 16.885167579139345
0 10.693359375 47.20052083333333 11.620747537023785 15.494330049365049
0 2.685546875 51.953125 12.191762912254749 16.25568388300633
0 25.48828125 46.875 11.580606665655687 15.440808887540916
0 17.7734375 40.234375 10.72900136184506 14.305335149126746
0 12.744140625 35.546875 10.084662867345157 13.44621715646021
0 0.634765625 43.61979166666667 11.171267833082963 14.895023777443953
0 82.373046875 67.25260416666666 13.871238009476944 18.494984012635925
0 88.623046875 62.890625 13.413855576071724 17.88514076809563
0 69.140625 57.552083333333336 12.831906763689355 17.10920901825247
0 72.4609375 47.98177083333333 11.716524548616007 15.622032731488009
0 85.15625 47.33072916666667 11.63676511531837 15.515686820424493
0 98.92578125 61.393229166666664 13.253204803838173 17.670939738450897
0 99.0234375 50.9765625 12.076635093633655 16.10218012484487
0 81.0546875 46.61458333333333 11.548393511001283 15.397858014668378
0 75.09765625 37.63020833333333 10.3759765625 13.834635416666666
0 66.50390625 41.6015625 10.909767414379564 14.546356552506085
0 52.44140625 45.5078125 11.410473080956981 15.213964107942642
0 54.4921875 39.51822916666667 10.633088006704314 14.177450675605751
0 40.52734375 42.12239583333333 10.977847746951262 14.63713032926835
0 43.115234375 35.67708333333333 10.103116062772735 13.470821417030313
0 49.658203125 34.89583333333333 9.991885707852113 13.322514277136149
0 54.19921875 31.705729166666668 9.524222738236839 12.698963650982451
0 30.078125 35.546875 10.084662867345157 13.44621715646021
0 35.9375 32.68229166666667 9.669787303317175 12.893049737756234
0 31.8359375 28.841145833333332 9.083786661460703 12.11171554861427
0 20.458984375 32.03125 9.572990198582838 12.763986931443785
0 4.052734375 28.841145833333332 9.083786661460703 12.11171554861427
0 22.0703125 28.7109375 9.063258303782652 12.084344405043536
0 34.5703125 24.739583333333336 8.413115693414442 11.217487591219255
0 44.04296875 24.869791666666664 8.435226416678011 11.246968555570682
0 51.318359375 25.455729166666668 8.53401578009617 11.378687706794894
0 46.09375 27.734375 8.907787792557633 11.877050390076842
0 45.556640625 32.03125 9.572990198582838 12.763986931443785
0 27.099609375 24.479166666666664 8.36871899463018 11.15829199284024
0 24.853515625 18.619791666666664 7.298743129334349 9.731657505779133
0 19.53125 21.614583333333336 7.863829789260941 10.485106385681254
0 24.560546875 25.9765625 8.620878229873984 11.494504306498644
0 7.51953125 30.46875 9.336583582018038 12.448778109357384
0 12.548828125 26.236979166666668 8.66398288975732 11.551977186343091
0 8.251953125 19.140625 7.400119417103358 9.866825889471144
0 14.501953125 22.005208333333336 7.9345703125 10.579427083333332
0 6.298828125 23.502604166666664 8.200090846279542 10.933454461706056
0 0.634765625 20.768229166666664 7.708331872750909 10.277775830334546
0 67.626953125 29.6875 9.216106488367615 12.288141984490153
0 61.181640625 33.65885416666667 9.813192865486773 13.084257153982362
0 64.74609375 24.479166666666664 8.36871899463018 11.15829199284024
0 73.33984375 30.924479166666668 9.406149296522488 12.541532395363317
0 80.76171875 34.30989583333333 9.907643481901811 13.210191309202415
0 87.40234375 26.692708333333332 8.738904457566134 11.651872610088178
0 92.529296875 31.315104166666668 9.465370128949479 12.62049350526597
0 99.21875 29.6875 9.216106488367615 12.288141984490153
0 78.7109375 28.580729166666668 9.042683343523592 12.056911124698123
0 97.55859375 21.223958333333336 7.792447103762027 10.389929471682702
0 62.060546875 27.9296875 8.939098215256843 11.918797620342456
0 68.75 20.638020833333336 7.684129829110212 10.245506438813615
0 76.025390625 28.580729166666668 9.042683343523592 12.056911124698123
0 82.373046875 24.21875 8.324085508414218 11.098780677885625
0 78.80859375 23.502604166666664 8.200090846279542 10.933454461706056
0 63.916015625 20.377604166666664 7.635495607419925 10.180660809893233
0 62.20703125 11.458333333333332 5.72560517556571 7.634140234087614
0 52.5390625 10.416666666666668 5.459150335692846 7.278867114257127
0 52.734375 19.53125 7.475249459177179 9.966999278902906
0 41.650390625 23.2421875 8.154534433525017 10.872712578033356
0 34.1796875 19.401041666666664 7.450290292806215 9.933720390408286
0 29.345703125 19.986979166666664 7.561957820656658 10.08261042754221
0 31.73828125 21.354166666666664 7.816313766397521 10.421751688530028
0 21.875 18.1640625 7.208869513560617 9.611826018080823
0 28.125 15.0390625 6.559504779115197 8.746006372153596
0 46.19140625 16.145833333333336 6.796587356970242 9.062116475960323
0 55.322265625 16.536458333333336 6.878312786611722 9.171083715482297
0 57.177734375 19.010416666666664 7.37490598974278 9.833207986323707
0 59.619140625 23.2421875 8.154534433525017 10.872712578033356
0 60.44921875 19.856770833333336 7.537285788103314 10.049714384137753
0 62.3046875 17.643229166666664 7.104764847914316 9.473019797219088
0 63.916015625 14.908854166666666 6.531046923532928 8.708062564710572
0 67.724609375 14.908854166666666 6.531046923532928 8.708062564710572
0 69.482421875 17.643229166666664 7.104764847914316 9.473019797219088
0 71.923828125 22.005208333333336 7.9345703125 10.579427083333332
0 76.5625 21.875 7.911060422861158 10.548080563814876
0 83.203125 19.401041666666664 7.450290292806215 9.933720390408286
0 86.71875 22.005208333333336 7.9345703125 10.579427083333332
0 90.576171875 24.609375 8.39094670707246 11.187928942763282
0 89.55078125 27.604166666666668 8.886852892188134 11.849137189584178
0 91.015625 30.924479166666668 9.406149296522488 12.541532395363317
0 86.9140625 35.80729166666667 10.121535615098267 13.495380820131023
0 97.998046875 26.953125 8.78142979122202 11.708573054962693
0 76.953125 15.559895833333334 6.672122530845778 8.896163374461038
0 98.92578125 19.010416666666664 7.37490598974278 9.833207986323707
0 88.232421875 19.010416666666664 7.37490598974278 9.833207986323707
0 92.87109375 22.005208333333336 7.9345703125 10.579427083333332
0 49.658203125 13.932291666666666 6.313525654778199 8.418034206370931
0 37.255859375 15.169270833333334 6.587839704871492 8.783786273161988
0 42.08984375 13.671875 6.254242410864013 8.338989881152017
0 48.14453125 17.513020833333336 7.0784994535786145 9.437999271438152
0 11.328125 18.1640625 7.208869513560617 9.611826018080823
0 2.099609375 17.7734375 7.130933499479933 9.50791133263991
0 15.72265625 17.122395833333336 6.9991119025755095 9.332149203434014
0 5.37109375 17.122395833333336 6.9991119025755095 9.332149203434014
0 24.951171875 15.0390625 6.559504779115197 8.746006372153596
0 9.27734375 15.169270833333334 6.587839704871492 8.783786273161988
0 11.62109375 14.0625 6.342959500374307 8.457279333832409
0 20.751953125 14.388020833333334 6.415953381844678 8.554604509126236
0 22.900390625 14.0625 6.342959500374307 8.457279333832409
0 30.810546875 14.0625 6.342959500374307 8.457279333832409
0 33.544921875 13.28125 6.16424861960576 8.218998159474348
0 32.861328125 16.666666666666664 6.905339660024879 9.207119546699838
0 35.302734375 15.4296875 6.644147051109997 8.858862734813329
0 39.111328125 18.033854166666664 7.182984799767957 9.577313066357275
0 48.974609375 21.744791666666664 7.887480458569388 10.51664061142585
0 46.923828125 20.5078125 7.659851317145468 10.21313508952729
0 52.34375 15.885416666666666 6.741553355216833 8.988737806955777
0 58.69140625 13.671875 6.254242410864013 8.338989881152017
0 56.93359375 13.411458333333334 6.194391824397107 8.259189099196142
0 54.4921875 13.28125 6.16424861960576 8.218998159474348
0 69.873046875 13.28125 6.16424861960576 8.218998159474348
0 78.076171875 14.388020833333334 6.415953381844678 8.554604509126236
0 79.736328125 15.755208333333334 6.7138671875 8.951822916666668
0 74.072265625 13.802083333333334 6.283953943473511 8.378605257964681
0 86.71875 17.122395833333336 6.9991119025755095 9.332149203434014
0 88.76953125 15.885416666666666 6.741553355216833 8.988737806955777
0 92.431640625 18.75 7.32421875 9.765625
0 95.60546875 22.981770833333336 8.108722079825698 10.811629439767596
0 83.642578125 16.276041666666664 6.823937919616058 9.09858389282141
0 94.482421875 18.1640625 7.208869513560617 9.611826018080823
