0 41.015625 89.6484375 16.01518769946524 21.35358359928699
0 48.193359375 71.74479166666666 14.327019768439333 19.10269302458578
0 43.408203125 60.611979166666664 13.16860901513148 17.55814535350864
0 24.8046875 54.817708333333336 12.523367021901361 16.69782269586848
0 7.666015625 73.37239583333334 14.48861995906887 19.318159945425162
0 0.732421875 54.361979166666664 12.47120162457431 16.628268832765748
0 22.16796875 47.98177083333333 11.716524548616007 15.622032731488009
0 22.8515625 36.84895833333333 10.267702539831983 13.690270053109312
0 31.201171875 43.68489583333333 11.179601491707887 14.906135322277184
0 42.822265625 47.39583333333333 11.644765642296699 15.526354189728933
0 40.771484375 38.21614583333333 10.456446349494515 13.941928465992687
0 44.43359375 29.8828125 9.24637292940864 12.32849723921152
0 38.720703125 25.0 8.457279333832409 11.276372445109878
0 32.8125 22.721354166666664 8.062649422377262 10.75019922983635
0 27.197265625 24.869791666666664 8.435226416678011 11.246968555570682
0 22.75390625 29.6875 9.216106488367615 12.288141984490153
0 13.37890625 34.5703125 9.945172568847854 13.26023009179714
0 9.86328125 30.013020833333332 9.266495636406846 12.35532751520913
0 4.39453125 27.278645833333332 8.83429859993294 11.779064799910586
0 12.939453125 23.307291666666664 8.165947363439729 10.88792981791964
0 19.580078125 21.158854166666664 7.780486318348366 10.373981757797822
0 25.244140625 19.791666666666664 7.524919437217989 10.033225916290652
0 35.205078125 17.838541666666664 7.143981879101334 9.525309172135112
0 45.01953125 18.424479166666664 7.2603620931215325 9.680482790828709
0 57.666015625 19.075520833333336 7.3875234600282 9.850031280037602
0 69.775390625 21.614583333333336 7.863829789260941 10.485106385681254
0 75.146484375 25.911458333333332 8.610068346964042 11.480091129285388
0 74.12109375 38.41145833333333 10.483132346995646 13.977509795994195
0 70.361328125 42.7734375 11.062358984614171 14.74981197948556
0 63.8671875 51.497395833333336 12.138172486176355 16.184229981568475
0 62.01171875 43.5546875 11.162927952985768 14.883903937314358
0 58.837890625 35.02604166666667 10.010509928501419 13.347346571335224
0 74.0234375 62.890625 13.413855576071724 17.88514076809563
0 74.462890625 49.93489583333333 11.952609880106287 15.936813173475048
0 90.087890625 45.05208333333333 11.353195335533615 15.137593780711486
0 81.787109375 39.58333333333333 10.641843123878598 14.189124165171464
0 86.81640625 33.33333333333333 9.765625 13.020833333333334
0 96.484375 40.49479166666667 10.763667046233154 14.351556061644205
0 91.259765625 33.07291666666667 9.727403229070575 12.9698709720941
0 86.572265625 28.059895833333332 8.959911044862793 11.946548059817056
0 94.677734375 21.028645833333336 7.756509415978292 10.342012554637723
0 91.455078125 26.041666666666668 8.631674575031099 11.508899433374797
0 80.615234375 24.869791666666664 8.435226416678011 11.246968555570682
0 76.85546875 17.3828125 7.052136235529384 9.40284831403918
0 69.775390625 19.661458333333336 7.500125566067204 10.00016742142294
0 57.666015625 25.78125 8.588407763348565 11.451210351131419
0 48.681640625 15.104166666666666 6.573687508709111 8.764916678278816
0 45.703125 25.911458333333332 8.610068346964042 11.480091129285388
0 38.8671875 20.247395833333336 7.611061958825638 10.148082611767517
0 28.125 17.96875 7.170007400189656 9.56000986691954
0 93.994140625 54.361979166666664 12.47120162457431 16.628268832765748
0 96.728515625 68.48958333333334 13.998223805151019 18.664298406868028
0 99.21875 81.90104166666666 15.30753931150446 20.410052415339276
0 97.75390625 33.52864583333333 9.794193442310311 13.05892458974708
0 98.4375 23.177083333333336 8.143105507889608 10.857474010519478
0 97.314453125 31.25 9.4555257475767 12.607367663435602
0 88.28125 24.674479166666664 8.402038511923953 11.202718015898604
0 76.7578125 30.338541666666668 9.316612257369233 12.42214967649231
0 84.619140625 21.158854166666664 7.780486318348366 10.373981757797822
0 65.087890625 21.354166666666664 7.816313766397521 10.421751688530028
0 80.615234375 21.028645833333336 7.756509415978292 10.342012554637723
0 66.6015625 25.130208333333332 8.479274895904423 11.305699861205897
0 90.673828125 21.484375 7.840107775064166 10.453477033418888
0 65.673828125 29.8828125 9.24637292940864 12.32849723921152
0 51.416015625 29.231770833333332 9.145095253766906 12.193460338355873
0 47.412109375 22.395833333333336 8.00468569861084 10.672914264814453
0 60.64453125 13.411458333333334 6.194391824397107 8.259189099196142
0 51.513671875 18.1640625 7.208869513560617 9.611826018080823
0 57.12890625 16.341145833333336 6.837572174807153 9.116762899742872
0 70.947265625 16.341145833333336 6.837572174807153 9.116762899742872
0 23.095703125 17.057291666666664 6.985792933508055 9.31439057801074
0 1.513671875 18.880208333333336 7.349606066157407 9.799474754876544
0 6.982421875 18.880208333333336 7.349606066157407 9.799474754876544
0 67.041015625 16.6015625 6.891839471823862 9.189119295765149
0 42.96875 16.471354166666664 6.864759447755123 9.15301259700683
0 37.59765625 16.6015625 6.891839471823862 9.189119295765149
0 30.078125 16.341145833333336 6.837572174807153 9.116762899742872
0 18.310546875 18.880208333333336 7.349606066157407 9.799474754876544
0 10.400390625 17.96875 7.170007400189656 9.56000986691954
