0 89.013671875 58.463541666666664 12.93311773707098 17.244156982761304
0 78.076171875 50.911458333333336 12.06892085771801 16.091894476957346
0 65.380859375 54.4921875 12.486128262621328 16.648171016828435
0 48.046875 67.3828125 13.884659626559234 18.51287950207898
0 43.017578125 86.1328125 15.698023864272075 20.9306984856961
0 32.2265625 92.83854166666666 16.297643948753283 21.73019193167104
0 7.763671875 74.67447916666666 14.616613787631893 19.48881838350919
0 26.85546875 59.049479166666664 12.99776577090262 17.330354361203494
0 22.8515625 48.6328125 11.795744683891412 15.727659578521882
0 1.07421875 49.86979166666667 11.944815546130936 15.92642072817458
0 84.66796875 37.82552083333333 10.40286898746296 13.870491983283944
0 70.703125 41.53645833333333 10.901227477717134 14.53496997028951
0 60.009765625 43.88020833333333 11.2045652775182 14.939420370024267
0 58.88671875 34.50520833333333 9.935803586486637 13.247738115315515
0 42.919921875 36.9140625 10.276768945607138 13.702358594142853
0 43.1640625 46.41927083333333 11.524174553527347 15.365566071369797
0 22.16796875 39.71354166666667 10.65933178501769 14.212442380023585
0 30.078125 27.083333333333332 8.802615418613255 11.736820558151006
0 39.599609375 27.083333333333332 8.802615418613255 11.736820558151006
0 50.732421875 29.8828125 9.24637292940864 12.32849723921152
0 58.0078125 26.953125 8.78142979122202 11.708573054962693
0 65.673828125 30.078125 9.276540621075844 12.368720828101127
0 72.607421875 36.78385416666667 10.258628121320564 13.678170828427419
0 75.634765625 30.338541666666668 9.316612257369233 12.42214967649231
0 90.478515625 33.203125 9.746532850751532 12.995377134335376
0 93.359375 40.75520833333333 10.79822144345345 14.397628591271266
0 86.669921875 43.88020833333333 11.2045652775182 14.939420370024267
0 87.548828125 31.8359375 9.543759625922785 12.725012834563712
0 95.60546875 31.380208333333332 9.475204282385269 12.633605709847027
0 90.0390625 28.450520833333332 9.02206146184966 12.029415282466214
0 98.388671875 34.83072916666667 9.982560567502519 13.310080756670025
0 79.638671875 27.408854166666668 8.855357744474432 11.807143659299243
0 86.328125 28.7109375 9.063258303782652 12.084344405043536
0 92.724609375 26.627604166666668 8.728240750778255 11.637654334371007
0 98.291015625 23.6328125 8.222774405094897 10.963699206793196
0 85.693359375 24.674479166666664 8.402038511923953 11.202718015898604
0 98.193359375 26.041666666666668 8.631674575031099 11.508899433374797
0 88.330078125 23.6328125 8.222774405094897 10.963699206793196
0 80.224609375 22.786458333333336 8.074192233473482 10.765589644631309
0 69.482421875 25.325520833333332 8.512161670520847 11.349548894027794
0 75.9765625 24.544270833333336 8.379840220792225 11.173120294389632
0 70.068359375 20.833333333333336 7.720404443770458 10.293872591693944
0 77.734375 20.703125 7.6962403643301345 10.261653819106845
0 84.66796875 20.703125 7.6962403643301345 10.261653819106845
0 95.263671875 22.200520833333336 7.969705113037473 10.626273484049964
0 82.861328125 23.372395833333336 8.177344364608315 10.903125819477753
0 93.359375 23.046875 8.120199399200482 10.82693253226731
0 79.8828125 19.075520833333336 7.3875234600282 9.850031280037602
0 65.13671875 21.2890625 7.804389558437758 10.405852744583676
0 59.326171875 23.6328125 8.222774405094897 10.963699206793196
0 65.380859375 26.041666666666668 8.631674575031099 11.508899433374797
0 72.265625 19.661458333333336 7.500125566067204 10.00016742142294
0 62.353515625 15.755208333333334 6.7138671875 8.951822916666668
0 56.884765625 21.875 7.911060422861158 10.548080563814876
0 49.951171875 25.325520833333332 8.512161670520847 11.349548894027794
0 44.140625 32.6171875 9.660151239834237 12.880201653112316
0 19.82421875 26.7578125 8.749555167743805 11.66607355699174
0 8.7890625 34.70052083333333 9.963884104806219 13.28517880640829
0 3.857421875 27.213541666666668 8.823750179932228 11.765000239909636
0 19.482421875 23.502604166666664 8.200090846279542 10.933454461706056
0 7.080078125 30.924479166666668 9.406149296522488 12.541532395363317
0 26.953125 22.005208333333336 7.9345703125 10.579427083333332
0 16.69921875 22.916666666666664 8.097228492078614 10.796304656104818
0 6.884765625 22.786458333333336 8.074192233473482 10.765589644631309
0 16.796875 20.963541666666664 7.7444931277157725 10.325990836954363
0 26.7578125 26.3671875 8.685454999241765 11.580606665655687
0 39.013671875 23.046875 8.120199399200482 10.82693253226731
0 33.7890625 19.466145833333336 7.462780310447684 9.950373747263578
0 42.48046875 18.75 7.32421875 9.765625
0 49.51171875 19.075520833333336 7.3875234600282 9.850031280037602
0 42.3828125 15.950520833333334 6.755353888299149 9.0071385177322
0 36.474609375 18.75 7.32421875 9.765625
0 31.103515625 23.046875 8.120199399200482 10.82693253226731
0 22.412109375 20.1171875 7.586549618320344 10.115399491093791
0 10.3515625 21.744791666666664 7.887480458569388 10.51664061142585
0 2.5390625 21.875 7.911060422861158 10.548080563814876
0 19.580078125 19.075520833333336 7.3875234600282 9.850031280037602
0 6.201171875 20.377604166666664 7.635495607419925 10.180660809893233
0 31.4453125 18.75 7.32421875 9.765625
0 45.947265625 20.703125 7.6962403643301345 10.261653819106845
0 58.447265625 16.666666666666664 6.905339660024879 9.207119546699838
0 45.068359375 18.1640625 7.208869513560617 9.611826018080823
0 46.142578125 25.455729166666668 8.53401578009617 11.378687706794894
0 68.26171875 15.950520833333334 6.755353888299149 9.0071385177322
0 75.537109375 16.080729166666664 6.782870718656271 9.043827624875028
0 95.068359375 26.627604166666668 8.728240750778255 11.637654334371007
0 89.111328125 20.703125 7.6962403643301345 10.261653819106845
0 81.4453125 24.869791666666664 8.435226416678011 11.246968555570682
0 74.169921875 19.921875 7.549631882844837 10.066175843793117
0 66.69921875 17.3828125 7.052136235529384 9.40284831403918
0 58.88671875 20.5078125 7.659851317145468 10.21313508952729
0 53.076171875 18.75 7.32421875 9.765625
0 37.890625 16.536458333333336 6.878312786611722 9.171083715482297
0 47.412109375 22.330729166666664 7.993042513249997 10.657390017666662
0 52.197265625 17.122395833333336 6.9991119025755095 9.332149203434014
0 39.2578125 18.424479166666664 7.2603620931215325 9.680482790828709
0 32.568359375 17.578125 7.091644310682526 9.455525747576702
0 24.51171875 17.122395833333336 6.9991119025755095 9.332149203434014
0 17.578125 18.033854166666664 7.182984799767957 9.577313066357275
0 27.978515625 19.661458333333336 7.500125566067204 10.00016742142294
0 11.328125 19.921875 7.549631882844837 10.066175843793117
0 2.880859375 18.619791666666664 7.298743129334349 9.731657505779133
0 21.38671875 17.122395833333336 6.9991119025755095 9.332149203434014
0 29.443359375 17.3828125 7.052136235529384 9.40284831403918
0 0.634765625 19.075520833333336 7.3875234600282 9.850031280037602
0 27.294921875 17.708333333333336 7.117861199762329 9.490481599683106
0 37.353515625 21.419270833333336 7.828219811023351 10.437626414697803
0 89.892578125 23.2421875 8.154534433525017 10.872712578033356
0 86.328125 35.09114583333333 10.019809057239993 13.359745409653323
0 42.724609375 56.25 12.685919000748614 16.914558667664817
0 34.912109375 18.033854166666664 7.182984799767957 9.577313066357275
0 23.046875 18.1640625 7.208869513560617 9.611826018080823
