0 99.267578125 30.013020833333332 9.266495636406846 12.35532751520913
0 88.57421875 25.911458333333332 8.610068346964042 11.480091129285388
0 84.130859375 21.484375 7.840107775064166 10.453477033418888
0 68.115234375 25.130208333333332 8.479274895904423 11.305699861205897
0 48.779296875 26.041666666666668 8.631674575031099 11.508899433374797
0 56.640625 19.140625 7.400119417103358 9.866825889471144
0 65.673828125 18.880208333333336 7.349606066157407 9.799474754876544
0 68.5546875 17.838541666666664 7.143981879101334 9.525309172135112
0 78.466796875 16.471354166666664 6.864759447755123 9.15301259700683
0 66.748046875 16.341145833333336 6.837572174807153 9.116762899742872
0 59.86328125 15.4296875 6.644147051109997 8.858862734813329
0 57.421875 15.4296875 6.644147051109997 8.858862734813329
0 46.142578125 15.169270833333334 6.587839704871492 8.783786273161988
0 22.16796875 16.080729166666664 6.782870718656271 9.043827624875028
0 24.0234375 15.950520833333334 6.755353888299149 9.0071385177322
0 16.552734375 15.0390625 6.559504779115197 8.746006372153596
0 3.61328125 19.270833333333336 7.425247229367944 9.900329639157258
0 1.611328125 18.489583333333336 7.273178276253042 9.697571035004056
0 81.396484375 17.1875 7.012405574387241 9.349874099182989
0 90.52734375 19.140625 7.400119417103358 9.866825889471144
