0 59.1796875 41.66666666666667 10.918300671385692 14.557734228514258
0 68.84765625 32.48697916666667 9.640850219074288 12.854466958765718
0 64.111328125 28.385416666666668 9.011732824849489 12.015643766465985
0 76.220703125 29.427083333333332 9.175595934065496 12.234127912087327
0 88.8671875 41.015625 10.832665618468535 14.443554157958047
0 38.037109375 26.627604166666668 8.728240750778255 11.637654334371007
0 86.71875 31.4453125 9.485028239697298 12.646704319596397
0 57.2265625 28.385416666666668 9.011732824849489 12.015643766465985
0 92.7734375 28.776041666666668 9.073528288158268 12.098037717544358
0 96.240234375 26.3671875 8.685454999241765 11.580606665655687
0 87.890625 25.065104166666668 8.468284256293707 11.291045675058275
0 79.4921875 25.716145833333332 8.57755695956738 11.436742612756506
0 75.390625 24.21875 8.324085508414218 11.098780677885625
0 70.80078125 25.325520833333332 8.512161670520847 11.349548894027794
0 47.216796875 24.674479166666664 8.402038511923953 11.202718015898604
0 45.556640625 44.98697916666667 11.344989193994817 15.126652258659753
0 74.4140625 58.072916666666664 12.889838917201462 17.18645188960195
