0 26.3671875 17.96875 7.170007400189656 9.56000986691954
0 32.51953125 21.028645833333336 7.756509415978292 10.342012554637723
0 31.005859375 14.453125 6.430452730012657 8.57393697335021
0 37.59765625 16.080729166666664 6.782870718656271 9.043827624875028
0 37.109375 22.4609375 8.016311973000304 10.688415964000404
0 32.51953125 15.950520833333334 6.755353888299149 9.0071385177322
0 25.78125 15.364583333333334 6.6301150458985685 8.840153394531425
0 21.044921875 17.252604166666664 7.025674092542321 9.367565456723094
0 29.78515625 18.75 7.32421875 9.765625
0 22.4609375 14.583333333333334 6.459353786778786 8.612471715705048
0 16.845703125 16.861979166666664 6.945682786096826 9.260910381462436
0 20.458984375 21.549479166666664 7.85197774064246 10.469303654189947
0 21.044921875 14.713541666666666 6.488126106405426 8.650834808540568
0 17.529296875 20.182291666666664 7.598815672600545 10.13175423013406
0 28.173828125 14.453125 6.430452730012657 8.57393697335021
0 41.748046875 19.140625 7.400119417103358 9.866825889471144
0 46.142578125 22.591145833333336 8.039514082226251 10.719352109635
0 40.72265625 21.2890625 7.804389558437758 10.405852744583676
0 48.046875 28.776041666666668 9.073528288158268 12.098037717544358
0 41.2109375 24.869791666666664 8.435226416678011 11.246968555570682
0 41.845703125 31.315104166666668 9.465370128949479 12.62049350526597
0 50.390625 39.19270833333333 10.589203840879804 14.118938454506406
0 50.48828125 47.65625 11.676712933171991 15.568950577562655
0 35.888671875 44.46614583333333 11.279125129746294 15.038833506328391
0 31.689453125 36.65364583333333 10.240455160865794 13.653940214487726
0 29.6875 28.125 8.970299351012615 11.960399134683486
0 27.978515625 23.567708333333336 8.211440458419013 10.948587277892017
0 22.75390625 26.627604166666668 8.728240750778255 11.637654334371007
0 18.65234375 32.8125 9.689030680168178 12.918707573557572
0 14.013671875 16.9921875 6.972448522214271 9.296598029619028
0 7.080078125 17.643229166666664 7.104764847914316 9.473019797219088
0 12.5 16.861979166666664 6.945682786096826 9.260910381462436
0 12.79296875 22.330729166666664 7.993042513249997 10.657390017666662
0 9.423828125 16.6015625 6.891839471823862 9.189119295765149
0 1.5625 16.6015625 6.891839471823862 9.189119295765149
0 6.103515625 25.0 8.457279333832409 11.276372445109878
0 2.685546875 19.53125 7.475249459177179 9.966999278902906
0 10.693359375 27.473958333333332 8.865868558553435 11.821158078071248
0 5.17578125 31.8359375 9.543759625922785 12.725012834563712
0 10.888671875 39.6484375 10.650591044076627 14.200788058768838
0 0.78125 46.74479166666667 11.564511304624277 15.419348406165703
0 2.978515625 58.7890625 12.969073096237658 17.29209746165021
0 3.271484375 78.45052083333334 14.981613413859346 19.97548455181246
0 24.951171875 50.325520833333336 11.999269562583924 15.99902608344523
0 35.986328125 64.90885416666666 13.627388648538883 18.169851531385177
0 35.498046875 72.98177083333334 14.450000734560199 19.26666764608026
0 67.431640625 57.552083333333336 12.831906763689355 17.10920901825247
0 64.013671875 43.22916666666667 11.121134740166381 14.828179653555177
0 61.328125 35.09114583333333 10.019809057239993 13.359745409653323
0 60.498046875 28.645833333333332 9.052976668817948 12.07063555842393
0 58.30078125 17.96875 7.170007400189656 9.56000986691954
0 50.048828125 18.880208333333336 7.349606066157407 9.799474754876544
0 59.716796875 25.1953125 8.490251308132054 11.320335077509403
0 48.4375 16.861979166666664 6.945682786096826 9.260910381462436
0 44.140625 15.950520833333334 6.755353888299149 9.0071385177322
0 39.013671875 19.661458333333336 7.500125566067204 10.00016742142294
0 46.435546875 14.0625 6.342959500374307 8.457279333832409
0 61.083984375 17.513020833333336 7.0784994535786145 9.437999271438152
0 55.37109375 13.411458333333334 6.194391824397107 8.259189099196142
0 68.017578125 24.21875 8.324085508414218 11.098780677885625
0 61.9140625 21.549479166666664 7.85197774064246 10.469303654189947
0 62.890625 12.825520833333334 6.057566296777102 8.076755062369468
0 58.49609375 13.28125 6.16424861960576 8.218998159474348
0 11.42578125 19.270833333333336 7.425247229367944 9.900329639157258
0 51.07421875 15.950520833333334 6.755353888299149 9.0071385177322
0 56.787109375 15.494791666666666 6.658149484030587 8.877532645374115
0 64.74609375 14.192708333333334 6.372257390692475 8.496343187589966
0 68.5546875 11.653645833333332 5.7741967555006415 7.698929007334189
0 65.72265625 16.080729166666664 6.782870718656271 9.043827624875028
0 70.947265625 19.661458333333336 7.500125566067204 10.00016742142294
0 78.759765625 15.690104166666666 6.699981201202437 8.933308268269917
0 73.681640625 15.950520833333334 6.755353888299149 9.0071385177322
0 76.3671875 20.768229166666664 7.708331872750909 10.277775830334546
0 75.390625 27.994791666666668 8.94951068030712 11.932680907076158
0 73.14453125 34.375 9.91703906815913 13.222718757545508
0 80.56640625 40.16927083333333 10.720317425689878 14.293756567586504
0 75.78125 50.846354166666664 12.061201687847598 16.081602250463465
0 83.59375 67.05729166666666 13.851081198620872 18.46810826482783
0 80.2734375 75.78125 14.724533791277855 19.632711721703807
0 90.0390625 94.07552083333334 16.405859443012222 21.87447925734963
0 94.43359375 55.6640625 12.619673540121662 16.826231386828884
0 98.681640625 43.61979166666667 11.171267833082963 14.895023777443953
0 98.876953125 30.6640625 9.366460725843998 12.48861430112533
0 93.45703125 30.533854166666668 9.346553241646458 12.462070988861944
0 87.3046875 34.11458333333333 9.87940311049722 13.17253748066296
0 89.404296875 27.994791666666668 8.94951068030712 11.932680907076158
0 80.76171875 24.739583333333336 8.413115693414442 11.217487591219255
0 89.404296875 26.106770833333332 8.642457433170346 11.52327657756046
0 82.080078125 22.4609375 8.016311973000304 10.688415964000404
0 92.333984375 23.177083333333336 8.143105507889608 10.857474010519478
0 86.81640625 22.4609375 8.016311973000304 10.688415964000404
0 91.943359375 19.270833333333336 7.425247229367944 9.900329639157258
0 86.328125 17.643229166666664 7.104764847914316 9.473019797219088
0 94.53125 20.052083333333336 7.574263699945591 10.099018266594122
0 85.498046875 20.247395833333336 7.611061958825638 10.148082611767517
0 95.01953125 18.75 7.32421875 9.765625
0 90.91796875 24.348958333333336 8.346432086900233 11.128576115866979
0 95.947265625 22.916666666666664 8.097228492078614 10.796304656104818
0 71.142578125 21.940104166666664 7.92282408798045 10.5637654506406
0 89.404296875 20.638020833333336 7.684129829110212 10.245506438813615
