0 90.283203125 25.065104166666668 8.468284256293707 11.291045675058275
0 87.255859375 33.33333333333333 9.765625 13.020833333333334
0 76.318359375 36.1328125 10.167438506443897 13.556584675258529
0 87.451171875 95.1171875 16.49643768522898 21.995250246971974
0 40.52734375 94.3359375 16.428550822381315 21.904734429841753
0 96.875 39.2578125 10.597995211294762 14.130660281726351
0 76.318359375 52.408854166666664 12.245118803551563 16.32682507140208
0 87.59765625 43.1640625 11.112757236348344 14.817009648464458
0 75.146484375 57.877604166666664 12.868144923283701 17.157526564378266
0 81.591796875 43.1640625 11.112757236348344 14.817009648464458
0 89.794921875 70.44270833333334 14.196415221695565 18.92855362892742
0 71.142578125 65.88541666666666 13.729518895510246 18.30602519401366
0 83.0078125 35.3515625 10.056919588186085 13.409226117581447
0 89.599609375 30.989583333333332 9.416045300623482 12.554727067497975
0 76.416015625 29.1015625 9.124704826492952 12.166273101990603
0 96.97265625 29.427083333333332 9.175595934065496 12.234127912087327
0 89.013671875 27.994791666666668 8.94951068030712 11.932680907076158
0 79.931640625 24.4140625 8.357582969744357 11.143443959659143
0 98.73046875 27.083333333333332 8.802615418613255 11.736820558151006
0 86.181640625 24.088541666666664 8.301678777304348 11.068905036405797
0 72.65625 31.640625 9.51443925056146 12.685919000748614
0 91.943359375 23.763020833333336 8.245395560367612 10.993860747156816
0 73.388671875 27.408854166666668 8.855357744474432 11.807143659299243
0 95.80078125 24.088541666666664 8.301678777304348 11.068905036405797
0 83.935546875 22.200520833333336 7.969705113037473 10.626273484049964
0 93.9453125 24.088541666666664 8.301678777304348 11.068905036405797
0 82.080078125 21.744791666666664 7.887480458569388 10.51664061142585
0 89.013671875 20.833333333333336 7.720404443770458 10.293872591693944
0 81.8359375 20.5078125 7.659851317145468 10.21313508952729
0 91.796875 19.401041666666664 7.450290292806215 9.933720390408286
0 85.83984375 17.838541666666664 7.143981879101334 9.525309172135112
0 97.55859375 22.526041666666664 8.027921409891299 10.703895213188398
0 87.109375 19.7265625 7.512532730158185 10.01671030687758
0 98.6328125 23.6328125 8.222774405094897 10.963699206793196
0 94.384765625 18.619791666666664 7.298743129334349 9.731657505779133
0 88.525390625 17.96875 7.170007400189656 9.56000986691954
0 77.24609375 21.614583333333336 7.863829789260941 10.485106385681254
0 98.2421875 20.638020833333336 7.684129829110212 10.245506438813615
0 74.90234375 20.3125 7.62328857226367 10.164384763018226
0 83.837890625 17.513020833333336 7.0784994535786145 9.437999271438152
0 76.5625 15.625 6.686066375795484 8.914755167727312
0 70.3125 22.0703125 7.946299173761924 10.595065565015899
0 78.90625 16.145833333333336 6.796587356970242 9.062116475960323
0 68.5546875 21.2890625 7.804389558437758 10.405852744583676
0 80.908203125 17.513020833333336 7.0784994535786145 9.437999271438152
0 63.76953125 27.083333333333332 8.802615418613255 11.736820558151006
0 73.6328125 17.1875 7.012405574387241 9.349874099182989
0 64.697265625 18.9453125 7.3622668956389274 9.816355860851903
0 71.142578125 18.489583333333336 7.273178276253042 9.697571035004056
0 63.28125 33.203125 9.746532850751532 12.995377134335376
0 71.142578125 13.606770833333334 6.2393335877260965 8.319111450301463
0 59.86328125 26.432291666666668 8.696171172348027 11.594894896464037
0 68.5546875 17.1875 7.012405574387241 9.349874099182989
0 56.34765625 31.4453125 9.485028239697298 12.646704319596397
0 66.357421875 16.40625 6.8511792970714245 9.134905729428567
0 60.25390625 22.0703125 7.946299173761924 10.595065565015899
0 64.35546875 14.84375 6.516771394062079 8.689028525416106
0 57.91015625 21.2890625 7.804389558437758 10.405852744583676
0 62.255859375 14.84375 6.516771394062079 8.689028525416106
0 55.419921875 19.401041666666664 7.450290292806215 9.933720390408286
0 53.076171875 12.044270833333332 5.870173358664351 7.826897811552468
0 50.146484375 19.401041666666664 7.450290292806215 9.933720390408286
0 50.244140625 28.3203125 9.001392336274797 12.001856448366395
0 47.4609375 17.96875 7.170007400189656 9.56000986691954
0 48.046875 26.302083333333332 8.674725588105405 11.56630078414054
0 51.220703125 37.109375 10.30392029793343 13.738560397244573
0 46.142578125 34.5703125 9.945172568847854 13.26023009179714
0 43.359375 28.971354166666668 9.104268731797058 12.139024975729411
0 53.3203125 49.73958333333333 11.929211600153849 15.905615466871797
0 61.03515625 40.8203125 10.806842779312605 14.40912370575014
0 62.01171875 51.497395833333336 12.138172486176355 16.184229981568475
0 65.52734375 40.0390625 10.70292841598522 14.270571221313624
0 58.935546875 16.6015625 6.891839471823862 9.189119295765149
0 53.076171875 17.708333333333336 7.117861199762329 9.490481599683106
0 46.97265625 21.614583333333336 7.863829789260941 10.485106385681254
0 39.697265625 24.869791666666664 8.435226416678011 11.246968555570682
0 49.21875 21.940104166666664 7.92282408798045 10.5637654506406
0 42.87109375 22.0703125 7.946299173761924 10.595065565015899
0 36.03515625 24.283854166666664 8.33526628646708 11.113688381956106
0 41.552734375 18.75 7.32421875 9.765625
0 34.27734375 26.888020833333332 8.770817787597604 11.694423716796805
0 36.767578125 34.11458333333333 9.87940311049722 13.17253748066296
0 31.8359375 28.3203125 9.001392336274797 12.001856448366395
0 38.525390625 40.8203125 10.806842779312605 14.40912370575014
0 45.1171875 40.55989583333333 10.77231603681811 14.363088049090814
0 31.15234375 33.65885416666667 9.813192865486773 13.084257153982362
0 28.173828125 44.7265625 11.312105098175438 15.082806797567253
0 35.693359375 58.072916666666664 12.889838917201462 17.18645188960195
0 40.869140625 86.19791666666666 15.70395548128492 20.938607308379893
0 37.939453125 19.7265625 7.512532730158185 10.01671030687758
0 33.0078125 15.8203125 6.72772451325946 8.970299351012613
0 28.90625 24.088541666666664 8.301678777304348 11.068905036405797
0 37.109375 16.276041666666664 6.823937919616058 9.09858389282141
0 25.048828125 23.177083333333336 8.143105507889608 10.857474010519478
0 34.765625 18.294270833333336 7.234661615679748 9.646215487572997
0 23.73046875 26.302083333333332 8.674725588105405 11.56630078414054
0 34.423828125 16.145833333333336 6.796587356970242 9.062116475960323
0 23.974609375 15.625 6.686066375795484 8.914755167727312
0 20.703125 32.68229166666667 9.669787303317175 12.893049737756234
0 27.1484375 19.075520833333336 7.3875234600282 9.850031280037602
0 18.359375 37.56510416666667 10.366996918617573 13.822662558156765
0 26.904296875 15.8203125 6.72772451325946 8.970299351012613
0 19.970703125 20.963541666666664 7.7444931277157725 10.325990836954363
0 14.599609375 32.421875 9.631185203893738 12.84158027185832
0 23.2421875 17.513020833333336 7.0784994535786145 9.437999271438152
0 12.353515625 38.4765625 10.492012596234792 13.989350128313058
0 18.45703125 15.8203125 6.72772451325946 8.970299351012613
0 10.9375 56.0546875 12.663875684354508 16.885167579139345
0 17.138671875 20.3125 7.62328857226367 10.164384763018226
0 3.90625 55.859375 12.641793931401354 16.855725241868473
0 12.109375 25.846354166666668 8.59924487524742 11.465659833663226
0 4.4921875 46.61458333333333 11.548393511001283 15.397858014668378
0 2.734375 34.5703125 9.945172568847854 13.26023009179714
0 7.666015625 29.296875 9.1552734375 12.20703125
0 1.318359375 30.533854166666668 9.346553241646458 12.462070988861944
0 10.44921875 22.395833333333336 8.00468569861084 10.672914264814453
0 4.58984375 24.088541666666664 8.301678777304348 11.068905036405797
0 13.623046875 22.0703125 7.946299173761924 10.595065565015899
0 3.173828125 21.158854166666664 7.780486318348366 10.373981757797822
0 9.1796875 18.75 7.32421875 9.765625
0 1.5625 20.638020833333336 7.684129829110212 10.245506438813615
0 15.283203125 17.057291666666664 6.985792933508055 9.31439057801074
0 22.802734375 16.927083333333336 6.959078522333606 9.278771363111476
