0 85.986328125 62.369791666666664 13.358196184228083 17.810928245637445
0 91.064453125 89.51822916666666 16.00355298111193 21.338070641482577
0 66.9921875 60.221354166666664 13.126106669681741 17.501475559575656
0 52.978515625 49.34895833333333 11.882276815143912 15.843035753525218
0 45.60546875 51.5625 12.145842738117919 16.194456984157227
0 35.15625 62.369791666666664 13.358196184228083 17.810928245637445
0 22.802734375 49.47916666666667 11.897942315440629 15.863923087254172
0 3.80859375 74.28385416666666 14.578333633418197 19.43777817789093
0 1.416015625 60.546875 13.161534822294815 17.548713096393087
0 0.78125 44.3359375 11.262598930203817 15.016798573605088
0 8.10546875 34.9609375 10.001202153426476 13.334936204568635
0 4.58984375 30.2734375 9.306610523667546 12.408814031556727
0 10.986328125 27.669270833333332 8.897326499702912 11.863101999603883
0 17.87109375 30.989583333333332 9.416045300623482 12.554727067497975
0 21.533203125 25.846354166666668 8.59924487524742 11.465659833663226
0 27.392578125 23.111979166666664 8.131660519088275 10.842214025451032
0 31.591796875 29.231770833333332 9.145095253766906 12.193460338355873
0 32.32421875 35.7421875 10.11233003282525 13.483106710433667
0 35.791015625 41.92708333333333 10.952367214920875 14.603156286561166
0 47.509765625 37.6953125 10.38494844187839 13.84659792250452
0 42.96875 30.533854166666668 9.346553241646458 12.462070988861944
0 46.923828125 27.799479166666668 8.918236814088415 11.890982418784553
0 50.927734375 29.036458333333332 9.114492506755418 12.15265667567389
0 60.44921875 36.00260416666667 10.149102263376399 13.53213635116853
0 62.841796875 30.143229166666668 9.286574740419274 12.382099653892366
0 66.2109375 43.22916666666667 11.121134740166381 14.828179653555177
0 76.66015625 53.059895833333336 12.320940697135223 16.427920929513633
0 81.54296875 46.2890625 11.508000265481447 15.344000353975263
0 93.45703125 52.5390625 12.260320694946696 16.347094259928927
0 92.919921875 45.57291666666667 11.418632161785709 15.224842882380946
0 98.779296875 43.09895833333333 11.10437341226822 14.805831216357626
0 75.048828125 33.3984375 9.775157091093119 13.033542788124159
0 87.01171875 36.9140625 10.276768945607138 13.702358594142853
0 74.853515625 28.450520833333332 9.02206146184966 12.029415282466214
0 79.736328125 27.864583333333332 8.928673607377803 11.904898143170405
0 66.650390625 23.763020833333336 8.245395560367612 10.993860747156816
0 71.240234375 22.0703125 7.946299173761924 10.595065565015899
0 77.1484375 21.744791666666664 7.887480458569388 10.51664061142585
0 84.47265625 19.661458333333336 7.500125566067204 10.00016742142294
0 79.931640625 24.348958333333336 8.346432086900233 11.128576115866979
0 59.27734375 25.0 8.457279333832409 11.276372445109878
0 50.244140625 19.856770833333336 7.537285788103314 10.049714384137753
0 42.1875 18.9453125 7.3622668956389274 9.816355860851903
0 35.44921875 19.3359375 7.437779301119349 9.917039068159132
0 46.044921875 12.890625 6.072921369058959 8.097228492078614
0 74.4140625 12.825520833333334 6.057566296777102 8.076755062369468
0 92.87109375 30.729166666666668 9.376398618003673 12.501864824004896
0 99.12109375 38.41145833333333 10.483132346995646 13.977509795994195
0 99.0234375 21.158854166666664 7.780486318348366 10.373981757797822
0 61.9140625 14.518229166666666 6.444919458600731 8.593225944800976
0 56.591796875 21.2890625 7.804389558437758 10.405852744583676
0 51.5625 14.2578125 6.386855937639267 8.515807916852356
0 35.791015625 14.388020833333334 6.415953381844678 8.554604509126236
0 25.146484375 13.346354166666666 6.179338602086361 8.239118136115147
0 16.162109375 13.151041666666666 6.133957288281793 8.178609717709058
0 8.837890625 16.341145833333336 6.837572174807153 9.116762899742872
0 4.833984375 25.130208333333332 8.479274895904423 11.305699861205897
0 7.32421875 16.2109375 6.810276368536802 9.080368491382403
0 12.646484375 18.033854166666664 7.182984799767957 9.577313066357275
0 20.263671875 20.442708333333336 7.647683158045451 10.196910877393934
0 30.029296875 15.4296875 6.644147051109997 8.858862734813329
0 37.646484375 14.2578125 6.386855937639267 8.515807916852356
0 55.6640625 15.4296875 6.644147051109997 8.858862734813329
0 70.751953125 18.033854166666664 7.182984799767957 9.577313066357275
0 5.322265625 16.927083333333336 6.959078522333606 9.278771363111476
0 13.818359375 16.015625 6.7691262856502785 9.025501714200372
0 23.583984375 14.973958333333334 6.545291317604741 8.727055090139656
0 28.759765625 13.606770833333334 6.2393335877260965 8.319111450301463
0 4.296875 17.513020833333336 7.0784994535786145 9.437999271438152
0 9.814453125 19.661458333333336 7.500125566067204 10.00016742142294
0 26.26953125 18.424479166666664 7.2603620931215325 9.680482790828709
0 66.455078125 15.4296875 6.644147051109997 8.858862734813329
0 81.4453125 14.713541666666666 6.488126106405426 8.650834808540568
0 88.4765625 19.661458333333336 7.500125566067204 10.00016742142294
0 18.5546875 13.4765625 6.209408553886659 8.279211405182211
0 44.580078125 14.973958333333334 6.545291317604741 8.727055090139656
0 31.93359375 20.703125 7.6962403643301345 10.261653819106845
0 21.044921875 16.2109375 6.810276368536802 9.080368491382403
0 30.46875 18.619791666666664 7.298743129334349 9.731657505779133
0 51.5625 16.666666666666664 6.905339660024879 9.207119546699838
0 41.064453125 21.744791666666664 7.887480458569388 10.51664061142585
0 48.53515625 22.721354166666664 8.062649422377262 10.75019922983635
0 60.107421875 17.96875 7.170007400189656 9.56000986691954
0 89.16015625 28.450520833333332 9.02206146184966 12.029415282466214
0 92.87109375 19.986979166666664 7.561957820656658 10.08261042754221
0 32.861328125 16.666666666666664 6.905339660024879 9.207119546699838
0 82.12890625 22.200520833333336 7.969705113037473 10.626273484049964
0 81.884765625 17.838541666666664 7.143981879101334 9.525309172135112
0 78.369140625 16.015625 6.7691262856502785 9.025501714200372
0 78.02734375 13.4765625 6.209408553886659 8.279211405182211
