0 86.81640625 63.997395833333336 13.531371629269632 18.041828839026174
0 96.435546875 54.427083333333336 12.478667175452193 16.638222900602926
0 99.21875 41.6015625 10.909767414379564 14.546356552506085
0 99.21875 29.231770833333332 9.145095253766906 12.193460338355873
0 92.529296875 23.2421875 8.154534433525017 10.872712578033356
0 87.79296875 32.03125 9.572990198582838 12.763986931443785
0 95.703125 23.567708333333336 8.211440458419013 10.948587277892017
0 90.966796875 92.578125 16.27477005123704 21.69969340164939
0 70.99609375 75.1953125 14.667498584836322 19.556664779781762
0 64.16015625 57.8125 12.860905460025315 17.14787394670042
0 77.5390625 53.255208333333336 12.343596445408132 16.45812859387751
0 79.00390625 38.15104166666667 10.447535869521296 13.930047826028394
0 86.42578125 38.15104166666667 10.447535869521296 13.930047826028394
0 92.1875 30.729166666666668 9.376398618003673 12.501864824004896
0 87.158203125 22.265625 7.981382342908947 10.641843123878598
0 99.853515625 21.484375 7.840107775064166 10.453477033418888
0 92.919921875 20.5078125 7.659851317145468 10.21313508952729
0 80.615234375 25.846354166666668 8.59924487524742 11.465659833663226
0 90.576171875 18.5546875 7.28597191547444 9.714629220632586
0 81.8359375 21.940104166666664 7.92282408798045 10.5637654506406
0 73.92578125 33.13802083333333 9.736972737758677 12.982630317011571
0 77.197265625 22.265625 7.981382342908947 10.641843123878598
0 94.3359375 19.53125 7.475249459177179 9.966999278902906
0 86.181640625 18.359375 7.247523246483103 9.663364328644137
0 88.134765625 28.580729166666668 9.042683343523592 12.056911124698123
0 90.478515625 25.0 8.457279333832409 11.276372445109878
0 76.5625 27.799479166666668 8.918236814088415 11.890982418784553
0 88.623046875 20.638020833333336 7.684129829110212 10.245506438813615
0 92.041015625 17.252604166666664 7.025674092542321 9.367565456723094
0 83.984375 16.080729166666664 6.782870718656271 9.043827624875028
0 76.806640625 16.276041666666664 6.823937919616058 9.09858389282141
0 80.859375 18.684895833333336 7.311492035346033 9.748656047128044
0 79.98046875 15.950520833333334 6.755353888299149 9.0071385177322
0 67.1875 14.322916666666666 6.401421192444773 8.53522825659303
0 66.69921875 23.893229166666664 8.267954824306681 11.023939765742242
0 71.728515625 18.359375 7.247523246483103 9.663364328644137
0 65.966796875 42.05729166666667 10.969360812751116 14.62581441700149
0 64.794921875 15.4296875 6.644147051109997 8.858862734813329
0 72.0703125 13.151041666666666 6.133957288281793 8.178609717709058
0 86.083984375 15.4296875 6.644147051109997 8.858862734813329
0 66.69921875 16.731770833333336 6.9188135063199665 9.225084675093289
0 69.873046875 13.802083333333334 6.283953943473511 8.378605257964681
0 63.671875 13.346354166666666 6.179338602086361 8.239118136115147
0 63.18359375 36.19791666666667 10.17659423860661 13.568792318142146
0 61.23046875 18.033854166666664 7.182984799767957 9.577313066357275
0 61.865234375 31.0546875 9.425930915210266 12.567907886947022
0 58.7890625 24.674479166666664 8.402038511923953 11.202718015898604
0 57.71484375 13.151041666666666 6.133957288281793 8.178609717709058
0 60.888671875 21.614583333333336 7.863829789260941 10.485106385681254
0 51.025390625 49.0234375 11.843022407185213 15.790696542913619
0 34.814453125 61.848958333333336 13.302303904848248 17.73640520646433
0 55.859375 15.950520833333334 6.755353888299149 9.0071385177322
0 51.025390625 37.17447916666667 10.31295486371814 13.75060648495752
0 49.658203125 27.9296875 8.939098215256843 11.918797620342456
0 51.85546875 16.927083333333336 6.959078522333606 9.278771363111476
0 47.607421875 23.4375 8.188725503539269 10.918300671385692
0 46.875 13.346354166666666 6.179338602086361 8.239118136115147
0 50.390625 19.986979166666664 7.561957820656658 10.08261042754221
0 48.095703125 17.903645833333336 7.157006469457137 9.542675292609516
0 47.705078125 15.4296875 6.644147051109997 8.858862734813329
0 43.603515625 30.859375 9.396242870080965 12.52832382677462
0 36.42578125 44.53125 11.287379155826983 15.049838874435977
0 33.251953125 37.04427083333333 10.29487780360901 13.726503738145347
0 0.9765625 61.197916666666664 13.2321065604729 17.642808747297202
0 0.5859375 47.78645833333333 11.69265384562257 15.590205127496759
0 16.69921875 38.671875 10.518608361580863 14.024811148774482
0 21.77734375 49.0234375 11.843022407185213 15.790696542913619
0 41.259765625 25.0 8.457279333832409 11.276372445109878
0 41.40625 17.057291666666664 6.985792933508055 9.31439057801074
0 19.7265625 32.68229166666667 9.669787303317175 12.893049737756234
0 33.10546875 28.255208333333332 8.991039955234518 11.988053273646026
0 41.015625 22.135416666666664 7.958010748538389 10.610680998051187
0 44.3359375 16.080729166666664 6.782870718656271 9.043827624875028
0 58.203125 19.3359375 7.437779301119349 9.917039068159132
0 75.244140625 14.973958333333334 6.545291317604741 8.727055090139656
0 41.162109375 20.182291666666664 7.598815672600545 10.13175423013406
0 4.00390625 32.48697916666667 9.640850219074288 12.854466958765718
0 11.083984375 28.255208333333332 8.991039955234518 11.988053273646026
0 5.126953125 24.674479166666664 8.402038511923953 11.202718015898604
0 22.265625 26.171875 8.653226854710587 11.537635806280782
0 12.548828125 21.940104166666664 7.92282408798045 10.5637654506406
0 26.806640625 23.697916666666664 8.234092750996119 10.978790334661493
0 32.6171875 21.484375 7.840107775064166 10.453477033418888
0 19.580078125 20.3125 7.62328857226367 10.164384763018226
0 7.421875 21.158854166666664 7.780486318348366 10.373981757797822
0 35.205078125 19.986979166666664 7.561957820656658 10.08261042754221
0 41.015625 14.973958333333334 6.545291317604741 8.727055090139656
0 32.6171875 16.6015625 6.891839471823862 9.189119295765149
0 38.232421875 16.080729166666664 6.782870718656271 9.043827624875028
0 31.54296875 14.973958333333334 6.545291317604741 8.727055090139656
0 36.669921875 17.057291666666664 6.985792933508055 9.31439057801074
0 34.47265625 15.104166666666666 6.573687508709111 8.764916678278816
0 37.255859375 14.973958333333334 6.545291317604741 8.727055090139656
0 30.419921875 19.53125 7.475249459177179 9.966999278902906
0 12.060546875 19.205729166666664 7.412693970636669 9.883591960848893
0 3.02734375 17.578125 7.091644310682526 9.455525747576702
0 14.111328125 17.578125 7.091644310682526 9.455525747576702
0 21.19140625 17.3828125 7.052136235529384 9.40284831403918
0 18.84765625 15.299479166666666 6.61605328023645 8.821404373648601
0 9.619140625 19.010416666666664 7.37490598974278 9.833207986323707
0 1.318359375 18.229166666666664 7.221777078979024 9.629036105305365
0 27.490234375 13.4765625 6.209408553886659 8.279211405182211
0 6.34765625 17.903645833333336 7.157006469457137 9.542675292609516
0 24.21875 13.4765625 6.209408553886659 8.279211405182211
0 42.724609375 14.6484375 6.473755931273323 8.631674575031097
0 4.4921875 19.661458333333336 7.500125566067204 10.00016742142294
0 68.5546875 12.5 5.980199567341744 7.973599423122326
0 27.978515625 18.684895833333336 7.311492035346033 9.748656047128044
0 29.443359375 13.4765625 6.209408553886659 8.279211405182211
0 29.19921875 15.104166666666666 6.573687508709111 8.764916678278816
0 8.544921875 18.880208333333336 7.349606066157407 9.799474754876544
0 29.19921875 16.6015625 6.891839471823862 9.189119295765149
0 17.1875 19.3359375 7.437779301119349 9.917039068159132
0 25.341796875 15.299479166666666 6.61605328023645 8.821404373648601
0 55.17578125 14.127604166666666 6.3576253222655215 8.476833763020695
