0 0.244140625 21.223958333333336 7.792447103762027 10.389929471682702
0 2.63671875 19.53125 7.475249459177179 9.966999278902906
0 5.615234375 20.247395833333336 7.611061958825638 10.148082611767517
0 9.375 21.6796875 7.875664001809045 10.500885335745393
0 12.939453125 23.4375 8.188725503539269 10.918300671385692
0 5.224609375 27.278645833333332 8.83429859993294 11.779064799910586
0 7.666015625 30.403645833333332 9.326603265341873 12.43547102045583
0 10.302734375 33.65885416666667 9.813192865486773 13.084257153982362
0 12.744140625 38.34635416666667 10.474244568927316 13.965659425236424
0 7.91015625 43.09895833333333 11.10437341226822 14.805831216357626
0 1.85546875 54.8828125 12.530801493925663 16.707735325234218
0 7.91015625 73.95833333333334 14.546356552506085 19.395142070008113
0 23.046875 36.9140625 10.276768945607138 13.702358594142853
0 22.509765625 45.96354166666667 11.467464738803672 15.289952985071562
0 26.26953125 56.770833333333336 12.74451478138495 16.992686375179932
0 32.8125 62.109375 13.3302793382822 17.77370578437627
0 44.53125 57.421875 12.8173828125 17.08984375
0 45.60546875 69.85677083333334 14.13724953845272 18.849666051270294
0 45.41015625 84.1796875 15.519021160999902 20.692028214666536
0 11.669921875 18.489583333333336 7.273178276253042 9.697571035004056
0 17.041015625 13.606770833333334 6.2393335877260965 8.319111450301463
0 17.822265625 16.731770833333336 6.9188135063199665 9.225084675093289
0 19.384765625 16.015625 6.7691262856502785 9.025501714200372
0 18.408203125 19.270833333333336 7.425247229367944 9.900329639157258
0 16.357421875 20.833333333333336 7.720404443770458 10.293872591693944
0 22.4609375 16.536458333333336 6.878312786611722 9.171083715482297
0 24.609375 18.424479166666664 7.2603620931215325 9.680482790828709
0 23.193359375 18.229166666666664 7.221777078979024 9.629036105305365
0 23.6328125 20.1171875 7.586549618320344 10.115399491093791
0 20.99609375 19.075520833333336 7.3875234600282 9.850031280037602
0 19.62890625 23.046875 8.120199399200482 10.82693253226731
0 18.75 26.888020833333332 8.770817787597604 11.694423716796805
0 27.099609375 16.2109375 6.810276368536802 9.080368491382403
0 28.41796875 16.080729166666664 6.782870718656271 9.043827624875028
0 29.638671875 18.1640625 7.208869513560617 9.611826018080823
0 27.685546875 18.684895833333336 7.311492035346033 9.748656047128044
0 25.439453125 21.2890625 7.804389558437758 10.405852744583676
0 27.685546875 22.0703125 7.946299173761924 10.595065565015899
0 25.48828125 25.5859375 8.555814067917595 11.407752090556793
0 31.15234375 16.731770833333336 6.9188135063199665 9.225084675093289
0 32.275390625 16.927083333333336 6.959078522333606 9.278771363111476
0 32.080078125 18.424479166666664 7.2603620931215325 9.680482790828709
0 34.86328125 15.625 6.686066375795484 8.914755167727312
0 35.888671875 17.317708333333336 7.038917599286375 9.385223465715166
0 34.08203125 19.270833333333336 7.425247229367944 9.900329639157258
0 30.95703125 22.786458333333336 8.074192233473482 10.765589644631309
0 33.10546875 25.651041666666668 8.566692411876344 11.422256549168457
0 38.28125 17.1875 7.012405574387241 9.349874099182989
0 40.52734375 17.578125 7.091644310682526 9.455525747576702
0 38.96484375 20.8984375 7.732458166088822 10.309944221451763
0 40.771484375 23.4375 8.188725503539269 10.918300671385692
0 37.6953125 26.302083333333332 8.674725588105405 11.56630078414054
0 43.212890625 16.861979166666664 6.945682786096826 9.260910381462436
0 44.3359375 17.96875 7.170007400189656 9.56000986691954
0 46.240234375 17.578125 7.091644310682526 9.455525747576702
0 48.33984375 19.596354166666664 7.487697843252746 9.983597124336994
0 45.751953125 20.638020833333336 7.684129829110212 10.245506438813615
0 47.0703125 25.1953125 8.490251308132054 11.320335077509403
0 48.681640625 24.934895833333336 8.446260072691679 11.26168009692224
0 45.1171875 30.208333333333332 9.296598029619028 12.395464039492039
0 51.26953125 29.752604166666668 9.22620633412535 12.301608445500468
0 40.380859375 36.26302083333333 10.185741740892722 13.580988987856962
0 45.60546875 38.41145833333333 10.483132346995646 13.977509795994195
0 43.45703125 46.15885416666667 11.491803212745808 15.322404283661076
0 52.1484375 15.169270833333334 6.587839704871492 8.783786273161988
0 51.318359375 17.96875 7.170007400189656 9.56000986691954
0 52.9296875 17.317708333333336 7.038917599286375 9.385223465715166
0 53.80859375 19.7265625 7.512532730158185 10.01671030687758
0 56.396484375 14.388020833333334 6.415953381844678 8.554604509126236
0 56.0546875 15.885416666666666 6.741553355216833 8.988737806955777
0 57.666015625 16.2109375 6.810276368536802 9.080368491382403
0 58.935546875 17.122395833333336 6.9991119025755095 9.332149203434014
0 60.693359375 20.377604166666664 7.635495607419925 10.180660809893233
0 55.712890625 21.09375 7.768507117527988 10.358009490037318
0 58.837890625 22.526041666666664 8.027921409891299 10.703895213188398
0 57.373046875 27.083333333333332 8.802615418613255 11.736820558151006
0 57.763671875 19.921875 7.549631882844837 10.066175843793117
0 63.134765625 16.471354166666664 6.864759447755123 9.15301259700683
0 65.185546875 16.9921875 6.972448522214271 9.296598029619028
0 67.041015625 17.643229166666664 7.104764847914316 9.473019797219088
0 64.794921875 19.986979166666664 7.561957820656658 10.08261042754221
0 65.91796875 25.455729166666668 8.53401578009617 11.378687706794894
0 64.501953125 29.752604166666668 9.22620633412535 12.301608445500468
0 59.5703125 34.30989583333333 9.907643481901811 13.210191309202415
0 59.27734375 42.7734375 11.062358984614171 14.74981197948556
0 61.5234375 54.231770833333336 12.456257099584077 16.608342799445435
0 70.361328125 18.815104166666664 7.336923388776433 9.782564518368577
0 71.97265625 20.247395833333336 7.611061958825638 10.148082611767517
0 70.068359375 23.4375 8.188725503539269 10.918300671385692
0 75.390625 23.046875 8.120199399200482 10.82693253226731
0 79.98046875 18.619791666666664 7.298743129334349 9.731657505779133
0 75.1953125 30.403645833333332 9.326603265341873 12.43547102045583
0 73.14453125 35.7421875 10.11233003282525 13.483106710433667
0 72.4609375 41.86197916666667 10.943860520654974 14.591814027539964
0 76.708984375 50.520833333333336 12.022531496333135 16.030041995110846
0 77.294921875 18.684895833333336 7.311492035346033 9.748656047128044
0 79.98046875 20.638020833333336 7.684129829110212 10.245506438813615
0 79.98046875 23.6328125 8.222774405094897 10.963699206793196
0 78.515625 27.083333333333332 8.802615418613255 11.736820558151006
0 84.375 24.348958333333336 8.346432086900233 11.128576115866979
0 84.521484375 20.638020833333336 7.684129829110212 10.245506438813615
0 89.208984375 23.6328125 8.222774405094897 10.963699206793196
0 91.50390625 24.674479166666664 8.402038511923953 11.202718015898604
0 89.111328125 26.888020833333332 8.770817787597604 11.694423716796805
0 86.083984375 28.125 8.970299351012615 11.960399134683486
0 90.380859375 31.901041666666668 9.55351308746248 12.738017449949975
0 86.1328125 30.989583333333332 9.416045300623482 12.554727067497975
0 85.83984375 33.984375 9.860531263063667 13.147375017418222
0 84.130859375 37.76041666666667 10.393912576859377 13.85855010247917
0 94.287109375 39.0625 10.57159916729051 14.095465556387346
0 90.869140625 41.015625 10.832665618468535 14.443554157958047
0 88.0859375 45.3125 11.385960758165057 15.181281010886744
0 95.21484375 56.380208333333336 12.700593290212897 16.93412438695053
0 98.974609375 69.140625 14.06459792700551 18.752797236007346
0 94.091796875 25.455729166666668 8.53401578009617 11.378687706794894
0 98.486328125 24.544270833333336 8.379840220792225 11.173120294389632
0 99.4140625 28.645833333333332 9.052976668817948 12.07063555842393
0 97.998046875 30.794270833333332 9.386325988299376 12.515101317732501
0 99.51171875 35.15625 10.029099563693228 13.372132751590971
0 98.828125 21.549479166666664 7.85197774064246 10.469303654189947
0 89.2578125 19.140625 7.400119417103358 9.866825889471144
0 89.892578125 20.8984375 7.732458166088822 10.309944221451763
0 91.943359375 21.028645833333336 7.756509415978292 10.342012554637723
0 93.75 22.330729166666664 7.993042513249997 10.657390017666662
0 96.826171875 23.372395833333336 8.177344364608315 10.903125819477753
0 73.486328125 16.2109375 6.810276368536802 9.080368491382403
0 3.466796875 22.721354166666664 8.062649422377262 10.75019922983635
