0 78.662109375 54.947916666666664 12.538231557723472 16.71764207696463
0 85.302734375 61.653645833333336 13.28128365905087 17.708378212067824
0 65.771484375 62.955729166666664 13.420796769589858 17.89439569278648
0 51.7578125 49.93489583333333 11.952609880106287 15.936813173475048
0 63.96484375 39.38802083333333 10.615556110184379 14.154074813579173
0 60.83984375 34.83072916666667 9.982560567502519 13.310080756670025
0 62.890625 29.6875 9.216106488367615 12.288141984490153
0 62.060546875 24.4140625 8.357582969744357 11.143443959659143
0 49.462890625 28.125 8.970299351012615 11.960399134683486
0 48.046875 36.19791666666667 10.17659423860661 13.568792318142146
0 44.3359375 31.315104166666668 9.465370128949479 12.62049350526597
0 37.255859375 30.598958333333332 9.35651227829339 12.475349704391189
0 33.154296875 27.9296875 8.939098215256843 11.918797620342456
0 32.32421875 34.1796875 9.888825528576445 13.185100704768596
0 36.181640625 43.42447916666667 11.146229472503464 14.861639296671287
0 33.3984375 59.5703125 13.054961936161765 17.406615914882355
0 20.849609375 50.911458333333336 12.06892085771801 16.091894476957346
0 19.775390625 31.119791666666668 9.4358061729372 12.5810748972496
0 20.01953125 24.739583333333336 8.413115693414442 11.217487591219255
0 26.46484375 22.8515625 8.085718566584333 10.780958088779109
0 31.005859375 20.247395833333336 7.611061958825638 10.148082611767517
0 26.953125 16.927083333333336 6.959078522333606 9.278771363111476
0 35.595703125 24.544270833333336 8.379840220792225 11.173120294389632
0 37.6953125 19.596354166666664 7.487697843252746 9.983597124336994
0 43.26171875 24.869791666666664 8.435226416678011 11.246968555570682
0 48.2421875 21.875 7.911060422861158 10.548080563814876
0 50.048828125 16.927083333333336 6.959078522333606 9.278771363111476
0 67.822265625 23.111979166666664 8.131660519088275 10.842214025451032
0 72.314453125 20.8984375 7.732458166088822 10.309944221451763
0 80.37109375 22.526041666666664 8.027921409891299 10.703895213188398
0 80.859375 28.90625 9.094033462982996 12.125377950643994
0 89.35546875 27.083333333333332 8.802615418613255 11.736820558151006
0 93.896484375 30.794270833333332 9.386325988299376 12.515101317732501
0 85.64453125 37.5 10.358009490037318 13.810679320049758
0 78.564453125 39.38802083333333 10.615556110184379 14.154074813579173
0 90.087890625 42.12239583333333 10.977847746951262 14.63713032926835
0 94.873046875 42.1875 10.986328125 14.6484375
0 99.755859375 41.34114583333333 10.87556743237638 14.500756576501841
0 98.583984375 34.1796875 9.888825528576445 13.185100704768596
0 91.015625 50.78125 12.053477574543152 16.0713034327242
0 65.72265625 85.61197916666666 15.650489996286726 20.86731999504897
0 92.138671875 85.48177083333334 15.638583954246773 20.85144527232903
0 7.275390625 80.92447916666666 15.216004470602918 20.28800596080389
0 4.052734375 58.59375 12.947511862546646 17.263349150062194
0 14.2578125 36.06770833333333 10.158274522151634 13.544366029535512
0 9.912109375 28.7109375 9.063258303782652 12.084344405043536
0 4.19921875 30.6640625 9.366460725843998 12.48861430112533
0 0.830078125 43.88020833333333 11.2045652775182 14.939420370024267
0 5.126953125 24.4140625 8.357582969744357 11.143443959659143
0 9.08203125 20.1171875 7.586549618320344 10.115399491093791
0 19.62890625 21.549479166666664 7.85197774064246 10.469303654189947
0 67.1875 17.057291666666664 6.985792933508055 9.31439057801074
0 34.47265625 13.997395833333334 6.328259690346595 8.437679587128793
0 97.412109375 25.716145833333332 8.57755695956738 11.436742612756506
0 92.48046875 23.307291666666664 8.165947363439729 10.88792981791964
0 84.814453125 18.815104166666664 7.336923388776433 9.782564518368577
0 89.599609375 19.791666666666664 7.524919437217989 10.033225916290652
0 95.263671875 19.596354166666664 7.487697843252746 9.983597124336994
0 88.525390625 30.208333333333332 9.296598029619028 12.395464039492039
0 73.876953125 26.953125 8.78142979122202 11.708573054962693
0 60.3515625 20.8984375 7.732458166088822 10.309944221451763
0 56.4453125 20.442708333333336 7.647683158045451 10.196910877393934
0 51.7578125 16.080729166666664 6.782870718656271 9.043827624875028
0 56.298828125 11.9140625 5.838356466585996 7.784475288781327
0 62.158203125 13.216145833333334 6.149121606326259 8.198828808435012
0 56.73828125 15.169270833333334 6.587839704871492 8.783786273161988
0 40.576171875 14.518229166666666 6.444919458600731 8.593225944800976
0 2.24609375 19.270833333333336 7.425247229367944 9.900329639157258
0 74.267578125 33.203125 9.746532850751532 12.995377134335376
0 11.71875 18.1640625 7.208869513560617 9.611826018080823
0 4.98046875 16.6015625 6.891839471823862 9.189119295765149
0 6.4453125 21.6796875 7.875664001809045 10.500885335745393
0 11.23046875 15.494791666666666 6.658149484030587 8.877532645374115
0 6.8359375 17.578125 7.091644310682526 9.455525747576702
0 19.970703125 17.708333333333336 7.117861199762329 9.490481599683106
0 13.96484375 16.080729166666664 6.782870718656271 9.043827624875028
0 29.248046875 17.252604166666664 7.025674092542321 9.367565456723094
0 78.955078125 17.838541666666664 7.143981879101334 9.525309172135112
0 76.513671875 21.6796875 7.875664001809045 10.500885335745393
0 69.7265625 17.903645833333336 7.157006469457137 9.542675292609516
0 75.244140625 13.997395833333334 6.328259690346595 8.437679587128793
0 59.423828125 17.1875 7.012405574387241 9.349874099182989
0 47.998046875 13.541666666666666 6.224389054678692 8.299185406238257
0 44.677734375 15.494791666666666 6.658149484030587 8.877532645374115
0 41.552734375 20.8984375 7.732458166088822 10.309944221451763
0 52.9296875 13.671875 6.254242410864013 8.338989881152017
0 65.4296875 14.6484375 6.473755931273323 8.631674575031097
0 39.0625 16.276041666666664 6.823937919616058 9.09858389282141
0 81.93359375 17.838541666666664 7.143981879101334 9.525309172135112
0 86.71875 16.080729166666664 6.782870718656271 9.043827624875028
0 91.845703125 16.276041666666664 6.823937919616058 9.09858389282141
0 97.607421875 19.921875 7.549631882844837 10.066175843793117
0 99.169921875 27.604166666666668 8.886852892188134 11.849137189584178
0 85.791015625 20.8984375 7.732458166088822 10.309944221451763
0 82.861328125 23.958333333333336 8.279211405182211 11.038948540242949
0 83.3984375 15.8203125 6.72772451325946 8.970299351012613
0 72.36328125 12.565104166666666 5.995752778438873 7.9943370379184975
0 16.40625 18.229166666666664 7.221777078979024 9.629036105305365
0 0.68359375 15.169270833333334 6.587839704871492 8.783786273161988
0 30.517578125 14.973958333333334 6.545291317604741 8.727055090139656
0 25.9765625 11.979166666666668 5.854286527481347 7.805715369975129
0 24.658203125 17.708333333333336 7.117861199762329 9.490481599683106
0 33.30078125 14.84375 6.516771394062079 8.689028525416106
0 43.359375 14.322916666666666 6.401421192444773 8.53522825659303
0 42.529296875 19.791666666666664 7.524919437217989 10.033225916290652
0 58.7890625 14.973958333333334 6.545291317604741 8.727055090139656
0 71.77734375 16.471354166666664 6.864759447755123 9.15301259700683
0 78.564453125 13.671875 6.254242410864013 8.338989881152017
0 90.4296875 24.21875 8.324085508414218 11.098780677885625
0 83.740234375 22.65625 8.051090062422436 10.734786749896582
