0 38.916015625 87.3046875 15.80445236355475 21.072603151406334
0 36.572265625 67.31770833333334 13.877950440554287 18.503933920739048
0 18.65234375 52.018229166666664 12.199399469791677 16.265865959722237
0 1.220703125 59.1796875 13.012088382158108 17.34945117621081
0 8.0078125 76.82291666666666 14.825387941273338 19.767183921697786
0 1.708984375 44.20572916666667 11.24604844524431 14.994731260325747
0 85.15625 65.75520833333334 13.715945467678365 18.287927290237818
0 67.48046875 60.7421875 13.18274601224071 17.57699468298761
0 77.197265625 53.255208333333336 12.343596445408132 16.45812859387751
0 96.044921875 54.817708333333336 12.523367021901361 16.69782269586848
0 92.08984375 94.46614583333334 16.439884767035682 21.919846356047575
0 78.759765625 40.4296875 10.755011100284483 14.340014800379311
0 81.4453125 34.50520833333333 9.935803586486637 13.247738115315515
0 88.57421875 34.50520833333333 9.935803586486637 13.247738115315515
0 62.59765625 42.7734375 11.062358984614171 14.74981197948556
0 53.22265625 50.5859375 12.03027547877626 16.040367305035012
0 32.958984375 44.98697916666667 11.344989193994817 15.126652258659753
0 28.61328125 36.19791666666667 10.17659423860661 13.568792318142146
0 40.8203125 31.8359375 9.543759625922785 12.725012834563712
0 49.21875 39.0625 10.57159916729051 14.095465556387346
0 49.21875 29.947916666666668 9.25643975103949 12.341919668052654
0 61.5234375 35.9375 10.139921707663666 13.51989561021822
0 62.939453125 29.4921875 9.185740321833748 12.247653762444997
0 72.0703125 33.3984375 9.775157091093119 13.033542788124159
0 98.876953125 42.64322916666667 11.045508466097326 14.7273446214631
0 99.462890625 31.25 9.4555257475767 12.607367663435602
0 99.560546875 20.442708333333336 7.647683158045451 10.196910877393934
0 88.330078125 28.580729166666668 9.042683343523592 12.056911124698123
0 82.470703125 27.34375 8.84483443981289 11.793112586417188
0 88.57421875 25.5859375 8.555814067917595 11.407752090556793
0 90.91796875 24.348958333333336 8.346432086900233 11.128576115866979
0 77.9296875 22.330729166666664 7.993042513249997 10.657390017666662
0 79.19921875 23.763020833333336 8.245395560367612 10.993860747156816
0 82.470703125 22.4609375 8.016311973000304 10.688415964000404
0 87.3046875 22.200520833333336 7.969705113037473 10.626273484049964
0 85.05859375 20.8984375 7.732458166088822 10.309944221451763
0 86.81640625 18.098958333333336 7.195938795502683 9.594585060670244
0 79.345703125 18.424479166666664 7.2603620931215325 9.680482790828709
0 82.6171875 15.169270833333334 6.587839704871492 8.783786273161988
0 77.783203125 16.9921875 6.972448522214271 9.296598029619028
0 80.46875 15.299479166666666 6.61605328023645 8.821404373648601
0 82.470703125 19.075520833333336 7.3875234600282 9.850031280037602
0 71.58203125 21.419270833333336 7.828219811023351 10.437626414697803
0 68.5546875 23.893229166666664 8.267954824306681 11.023939765742242
0 71.58203125 18.098958333333336 7.195938795502683 9.594585060670244
0 66.796875 16.2109375 6.810276368536802 9.080368491382403
0 64.208984375 16.080729166666664 6.782870718656271 9.043827624875028
0 60.9375 18.5546875 7.28597191547444 9.714629220632586
0 58.935546875 25.130208333333332 8.479274895904423 11.305699861205897
0 61.03515625 22.330729166666664 7.993042513249997 10.657390017666662
0 58.59375 19.205729166666664 7.412693970636669 9.883591960848893
0 62.01171875 14.0625 6.342959500374307 8.457279333832409
0 59.86328125 15.950520833333334 6.755353888299149 9.0071385177322
0 57.91015625 14.518229166666666 6.444919458600731 8.593225944800976
0 56.494140625 17.317708333333336 7.038917599286375 9.385223465715166
0 54.833984375 14.192708333333334 6.372257390692475 8.496343187589966
0 48.388671875 23.4375 8.188725503539269 10.918300671385692
0 50.87890625 19.986979166666664 7.561957820656658 10.08261042754221
0 51.220703125 17.1875 7.012405574387241 9.349874099182989
0 47.802734375 19.205729166666664 7.412693970636669 9.883591960848893
0 41.9921875 25.911458333333332 8.610068346964042 11.480091129285388
0 43.115234375 22.4609375 8.016311973000304 10.688415964000404
0 41.50390625 19.3359375 7.437779301119349 9.917039068159132
0 41.162109375 15.950520833333334 6.755353888299149 9.0071385177322
0 45.458984375 14.973958333333334 6.545291317604741 8.727055090139656
0 38.232421875 13.8671875 6.298757153488249 8.398342871317666
0 36.572265625 13.411458333333334 6.194391824397107 8.259189099196142
0 38.0859375 16.731770833333336 6.9188135063199665 9.225084675093289
0 35.986328125 17.317708333333336 7.038917599286375 9.385223465715166
0 33.544921875 17.513020833333336 7.0784994535786145 9.437999271438152
0 34.130859375 14.973958333333334 6.545291317604741 8.727055090139656
0 30.712890625 16.731770833333336 6.9188135063199665 9.225084675093289
0 29.541015625 14.388020833333334 6.415953381844678 8.554604509126236
0 27.34375 18.75 7.32421875 9.765625
0 28.02734375 16.861979166666664 6.945682786096826 9.260910381462436
0 32.2265625 21.419270833333336 7.828219811023351 10.437626414697803
0 29.541015625 19.986979166666664 7.561957820656658 10.08261042754221
0 28.515625 24.544270833333336 8.379840220792225 11.173120294389632
0 21.58203125 26.5625 8.717563999686098 11.62341866624813
0 20.751953125 33.07291666666667 9.727403229070575 12.9698709720941
0 20.751953125 22.005208333333336 7.9345703125 10.579427083333332
0 16.69921875 19.986979166666664 7.561957820656658 10.08261042754221
0 20.8984375 17.643229166666664 7.104764847914316 9.473019797219088
0 19.23828125 15.950520833333334 6.755353888299149 9.0071385177322
0 23.681640625 14.0625 6.342959500374307 8.457279333832409
0 25.5859375 15.299479166666666 6.61605328023645 8.821404373648601
0 8.935546875 29.036458333333332 9.114492506755418 12.15265667567389
0 3.3203125 31.510416666666668 9.494842032534208 12.659789376712277
0 4.833984375 25.130208333333332 8.479274895904423 11.305699861205897
0 5.6640625 21.09375 7.768507117527988 10.358009490037318
0 13.76953125 21.419270833333336 7.828219811023351 10.437626414697803
0 11.767578125 18.424479166666664 7.2603620931215325 9.680482790828709
0 13.96484375 17.1875 7.012405574387241 9.349874099182989
0 3.22265625 17.317708333333336 7.038917599286375 9.385223465715166
0 8.349609375 16.9921875 6.972448522214271 9.296598029619028
0 11.181640625 16.731770833333336 6.9188135063199665 9.225084675093289
0 12.939453125 18.098958333333336 7.195938795502683 9.594585060670244
0 4.638671875 18.424479166666664 7.2603620931215325 9.680482790828709
0 92.67578125 24.544270833333336 8.379840220792225 11.173120294389632
0 95.947265625 23.893229166666664 8.267954824306681 11.023939765742242
0 91.845703125 20.442708333333336 7.647683158045451 10.196910877393934
0 93.84765625 19.075520833333336 7.3875234600282 9.850031280037602
0 95.458984375 19.205729166666664 7.412693970636669 9.883591960848893
0 92.529296875 31.25 9.4555257475767 12.607367663435602
0 75.09765625 28.580729166666668 9.042683343523592 12.056911124698123
0 34.375 28.7109375 9.063258303782652 12.084344405043536
0 22.412109375 17.1875 7.012405574387241 9.349874099182989
