0 85.9375 55.403645833333336 12.590119228965008 16.78682563862001
0 78.02734375 56.315104166666664 12.693258266043348 16.924344354724465
0 84.765625 78.05989583333334 14.944268245477655 19.925690993970203
0 98.583984375 64.6484375 13.600024386692622 18.133365848923496
0 51.220703125 81.0546875 15.228240905608704 20.30432120747827
0 39.0625 71.875 14.340014800379311 19.12001973383908
0 38.96484375 57.942708333333336 12.875380315996695 17.16717375466226
0 91.943359375 49.73958333333333 11.929211600153849 15.905615466871797
0 87.59765625 41.9921875 10.960867307170393 14.614489742893857
0 99.072265625 40.16927083333333 10.720317425689878 14.293756567586504
0 94.3359375 31.705729166666668 9.524222738236839 12.698963650982451
0 99.267578125 31.184895833333332 9.445671106287941 12.594228141717254
0 89.404296875 30.403645833333332 9.326603265341873 12.43547102045583
0 99.462890625 27.799479166666668 8.918236814088415 11.890982418784553
0 86.81640625 32.55208333333333 9.650505554713073 12.86734073961743
0 98.388671875 23.828125 8.256682897014576 11.008910529352768
0 83.88671875 33.46354166666667 9.784679896167846 13.046239861557126
0 99.072265625 19.466145833333336 7.462780310447684 9.950373747263578
0 91.259765625 25.520833333333332 8.544921875 11.393229166666668
0 79.443359375 34.765625 9.973226707988399 13.297635610651199
0 69.580078125 43.29427083333333 11.129505937994672 14.839341250659563
0 56.93359375 52.799479166666664 12.290668069825603 16.38755742643414
0 64.94140625 43.68489583333333 11.179601491707887 14.906135322277184
0 52.880859375 44.921875 11.336777112430854 15.11570281657447
0 47.36328125 43.5546875 11.162927952985768 14.883903937314358
0 39.94140625 38.73697916666667 10.527458685705774 14.036611580941033
0 18.26171875 43.1640625 11.112757236348344 14.817009648464458
0 9.08203125 53.841145833333336 12.411315556434788 16.54842074191305
0 1.171875 50.651041666666664 12.038014479563 16.050685972750667
0 0.48828125 43.68489583333333 11.179601491707887 14.906135322277184
0 1.07421875 34.24479166666667 9.898238977189243 13.197651969585658
0 12.40234375 36.19791666666667 10.17659423860661 13.568792318142146
0 17.67578125 35.15625 10.029099563693228 13.372132751590971
0 19.7265625 30.2734375 9.306610523667546 12.408814031556727
0 15.478515625 26.7578125 8.749555167743805 11.66607355699174
0 9.9609375 30.143229166666668 9.286574740419274 12.382099653892366
0 5.419921875 27.5390625 8.876366926421502 11.835155901895336
0 10.9375 26.3671875 8.685454999241765 11.580606665655687
0 5.224609375 22.395833333333336 8.00468569861084 10.672914264814453
0 20.21484375 22.65625 8.051090062422436 10.734786749896582
0 0.5859375 21.09375 7.768507117527988 10.358009490037318
0 11.23046875 18.1640625 7.208869513560617 9.611826018080823
0 2.24609375 17.122395833333336 6.9991119025755095 9.332149203434014
0 8.88671875 17.3828125 7.052136235529384 9.40284831403918
0 4.541015625 17.643229166666664 7.104764847914316 9.473019797219088
0 14.404296875 17.3828125 7.052136235529384 9.40284831403918
0 6.787109375 16.9921875 6.972448522214271 9.296598029619028
0 15.966796875 19.466145833333336 7.462780310447684 9.950373747263578
0 7.373046875 21.223958333333336 7.792447103762027 10.389929471682702
0 13.232421875 15.4296875 6.644147051109997 8.858862734813329
0 21.19140625 17.3828125 7.052136235529384 9.40284831403918
0 28.515625 23.828125 8.256682897014576 11.008910529352768
0 24.169921875 31.4453125 9.485028239697298 12.646704319596397
0 22.607421875 21.614583333333336 7.863829789260941 10.485106385681254
0 30.95703125 29.752604166666668 9.22620633412535 12.301608445500468
0 22.509765625 27.278645833333332 8.83429859993294 11.779064799910586
0 31.591796875 35.28645833333333 10.047654805392046 13.39687307385606
0 35.107421875 30.013020833333332 9.266495636406846 12.35532751520913
0 40.4296875 29.752604166666668 9.22620633412535 12.301608445500468
0 34.619140625 26.236979166666668 8.66398288975732 11.551977186343091
0 45.458984375 31.8359375 9.543759625922785 12.725012834563712
0 49.90234375 33.46354166666667 9.784679896167846 13.046239861557126
0 43.017578125 28.841145833333332 9.083786661460703 12.11171554861427
0 59.5703125 32.09635416666667 9.58271390875707 12.77695187834276
0 72.705078125 30.2734375 9.306610523667546 12.408814031556727
0 63.916015625 30.794270833333332 9.386325988299376 12.515101317732501
0 76.46484375 27.1484375 8.81318913463968 11.750918846186241
0 85.3515625 26.7578125 8.749555167743805 11.66607355699174
0 61.083984375 28.971354166666668 9.104268731797058 12.139024975729411
0 71.826171875 27.1484375 8.81318913463968 11.750918846186241
0 80.126953125 26.497395833333332 8.706874156303165 11.609165541737553
0 87.841796875 23.828125 8.256682897014576 11.008910529352768
0 95.1171875 22.265625 7.981382342908947 10.641843123878598
0 77.9296875 20.572916666666664 7.672000176987631 10.229333569316841
0 70.849609375 23.567708333333336 8.211440458419013 10.948587277892017
0 62.939453125 24.609375 8.39094670707246 11.187928942763282
0 54.150390625 28.059895833333332 8.959911044862793 11.946548059817056
0 61.083984375 22.265625 7.981382342908947 10.641843123878598
0 50.09765625 27.018229166666668 8.792028986137655 11.722705314850208
0 58.203125 22.265625 7.981382342908947 10.641843123878598
0 48.6328125 23.567708333333336 8.211440458419013 10.948587277892017
0 42.822265625 24.869791666666664 8.435226416678011 11.246968555570682
0 31.884765625 21.09375 7.768507117527988 10.358009490037318
0 40.966796875 20.833333333333336 7.720404443770458 10.293872591693944
0 28.90625 19.3359375 7.437779301119349 9.917039068159132
0 39.94140625 16.9921875 6.972448522214271 9.296598029619028
0 33.935546875 18.5546875 7.28597191547444 9.714629220632586
0 22.900390625 16.731770833333336 6.9188135063199665 9.225084675093289
0 15.869140625 15.690104166666666 6.699981201202437 8.933308268269917
0 24.658203125 15.169270833333334 6.587839704871492 8.783786273161988
0 30.46875 15.169270833333334 6.587839704871492 8.783786273161988
0 37.890625 14.127604166666666 6.3576253222655215 8.476833763020695
0 26.220703125 13.997395833333334 6.328259690346595 8.437679587128793
0 41.845703125 14.388020833333334 6.415953381844678 8.554604509126236
0 33.447265625 15.4296875 6.644147051109997 8.858862734813329
0 45.703125 16.080729166666664 6.782870718656271 9.043827624875028
0 55.95703125 16.861979166666664 6.945682786096826 9.260910381462436
0 50.732421875 19.075520833333336 7.3875234600282 9.850031280037602
0 43.603515625 16.9921875 6.972448522214271 9.296598029619028
0 56.15234375 12.239583333333332 5.917577950947668 7.8901039345968895
0 48.53515625 14.518229166666666 6.444919458600731 8.593225944800976
0 43.505859375 14.778645833333334 6.502464524127966 8.669952698837287
0 35.693359375 14.6484375 6.473755931273323 8.631674575031097
0 26.708984375 16.341145833333336 6.837572174807153 9.116762899742872
0 49.70703125 15.690104166666666 6.699981201202437 8.933308268269917
0 28.02734375 15.559895833333334 6.672122530845778 8.896163374461038
0 51.904296875 15.4296875 6.644147051109997 8.858862734813329
0 57.12890625 19.791666666666664 7.524919437217989 10.033225916290652
0 66.796875 22.005208333333336 7.9345703125 10.579427083333332
0 71.533203125 20.182291666666664 7.598815672600545 10.13175423013406
0 61.572265625 11.71875 5.790303332827843 7.720404443770458
0 75.29296875 19.3359375 7.437779301119349 9.917039068159132
0 68.359375 16.861979166666664 6.945682786096826 9.260910381462436
0 79.638671875 16.2109375 6.810276368536802 9.080368491382403
0 86.42578125 18.815104166666664 7.336923388776433 9.782564518368577
0 77.9296875 16.861979166666664 6.945682786096826 9.260910381462436
0 92.236328125 19.791666666666664 7.524919437217989 10.033225916290652
0 77.44140625 14.127604166666666 6.3576253222655215 8.476833763020695
0 66.50390625 15.169270833333334 6.587839704871492 8.783786273161988
0 97.607421875 19.075520833333336 7.3875234600282 9.850031280037602
0 82.958984375 22.265625 7.981382342908947 10.641843123878598
0 61.572265625 17.513020833333336 7.0784994535786145 9.437999271438152
0 79.833984375 21.354166666666664 7.816313766397521 10.421751688530028
0 36.71875 16.9921875 6.972448522214271 9.296598029619028
0 68.65234375 20.442708333333336 7.647683158045451 10.196910877393934
0 80.908203125 18.294270833333336 7.234661615679748 9.646215487572997
0 89.404296875 25.520833333333332 8.544921875 11.393229166666668
0 46.6796875 21.484375 7.840107775064166 10.453477033418888
0 69.482421875 13.736979166666666 6.269115778861736 8.358821038482315
0 93.359375 18.684895833333336 7.311492035346033 9.748656047128044
0 39.0625 13.28125 6.16424861960576 8.218998159474348
0 12.6953125 17.3828125 7.052136235529384 9.40284831403918
