0 81.34765625 65.16927083333334 13.65469807201971 18.20626409602628
0 85.546875 92.31770833333334 16.251863959587826 21.6691519461171
0 65.0390625 55.46875 12.597514306976498 16.796685742635333
0 96.2890625 52.604166666666664 12.267914576563586 16.357219435418116
0 75.0 54.557291666666664 12.49358489407881 16.658113192105077
0 78.90625 40.75520833333333 10.79822144345345 14.397628591271266
0 64.892578125 43.9453125 11.212874188765769 14.950498918354358
0 52.24609375 46.6796875 11.556455217749932 15.40860695699991
0 36.328125 66.796875 13.824159732551422 18.43221297673523
0 42.919921875 77.9296875 14.931799100006184 19.909065466674914
0 46.58203125 49.34895833333333 11.882276815143912 15.843035753525218
0 22.607421875 50.78125 12.053477574543152 16.0713034327242
0 13.18359375 39.12760416666667 10.580405165624827 14.107206887499771
0 30.56640625 36.78385416666667 10.258628121320564 13.678170828427419
0 35.107421875 45.76822916666667 11.443074499055587 15.25743266540745
0 98.583984375 42.51302083333333 11.02863220189981 14.704842935866417
0 89.306640625 32.6171875 9.660151239834237 12.880201653112316
0 73.388671875 33.52864583333333 9.794193442310311 13.05892458974708
0 62.5 27.278645833333332 8.83429859993294 11.779064799910586
0 58.59375 36.78385416666667 10.258628121320564 13.678170828427419
0 48.583984375 38.21614583333333 10.456446349494515 13.941928465992687
0 73.681640625 29.036458333333332 9.114492506755418 12.15265667567389
0 48.583984375 29.947916666666668 9.25643975103949 12.341919668052654
0 33.49609375 27.994791666666668 8.94951068030712 11.932680907076158
0 20.166015625 33.203125 9.746532850751532 12.995377134335376
0 9.66796875 26.3671875 8.685454999241765 11.580606665655687
0 3.173828125 32.09635416666667 9.58271390875707 12.77695187834276
0 20.01953125 25.846354166666668 8.59924487524742 11.465659833663226
0 2.783203125 23.111979166666664 8.131660519088275 10.842214025451032
0 57.2265625 25.260416666666668 8.501213548086012 11.334951397448016
0 75.68359375 22.786458333333336 8.074192233473482 10.765589644631309
0 40.673828125 24.21875 8.324085508414218 11.098780677885625
0 59.66796875 20.247395833333336 7.611061958825638 10.148082611767517
0 48.046875 21.6796875 7.875664001809045 10.500885335745393
0 91.2109375 23.6328125 8.222774405094897 10.963699206793196
0 79.19921875 23.307291666666664 8.165947363439729 10.88792981791964
0 67.87109375 23.502604166666664 8.200090846279542 10.933454461706056
0 42.28515625 19.7265625 7.512532730158185 10.01671030687758
0 20.166015625 19.7265625 7.512532730158185 10.01671030687758
0 30.95703125 21.6796875 7.875664001809045 10.500885335745393
0 12.890625 17.578125 7.091644310682526 9.455525747576702
0 36.083984375 15.364583333333334 6.6301150458985685 8.840153394531425
0 71.09375 14.6484375 6.473755931273323 8.631674575031097
0 92.919921875 18.098958333333336 7.195938795502683 9.594585060670244
0 84.716796875 20.247395833333336 7.611061958825638 10.148082611767517
0 97.265625 22.786458333333336 8.074192233473482 10.765589644631309
0 93.505859375 31.0546875 9.425930915210266 12.567907886947022
0 70.99609375 17.903645833333336 7.157006469457137 9.542675292609516
0 58.30078125 15.755208333333334 6.7138671875 8.951822916666668
0 71.630859375 22.916666666666664 8.097228492078614 10.796304656104818
0 47.412109375 14.127604166666666 6.3576253222655215 8.476833763020695
0 28.90625 19.010416666666664 7.37490598974278 9.833207986323707
0 22.998046875 13.802083333333334 6.283953943473511 8.378605257964681
0 8.69140625 17.3828125 7.052136235529384 9.40284831403918
0 49.951171875 16.471354166666664 6.864759447755123 9.15301259700683
0 18.1640625 17.1875 7.012405574387241 9.349874099182989
0 5.76171875 20.052083333333336 7.574263699945591 10.099018266594122
0 43.896484375 13.606770833333334 6.2393335877260965 8.319111450301463
0 36.328125 18.424479166666664 7.2603620931215325 9.680482790828709
0 51.025390625 20.442708333333336 7.647683158045451 10.196910877393934
0 62.353515625 18.098958333333336 7.195938795502683 9.594585060670244
0 74.755859375 15.234375 6.60196156395994 8.802615418613254
0 99.4140625 20.638020833333336 7.684129829110212 10.245506438813615
0 77.734375 15.234375 6.60196156395994 8.802615418613254
0 42.28515625 33.91927083333333 9.851081781963485 13.134775709284646
0 27.44140625 23.111979166666664 8.131660519088275 10.842214025451032
0 98.876953125 32.09635416666667 9.58271390875707 12.77695187834276
