0 14.794921875 59.9609375 13.097695150070152 17.46359353342687
0 17.7734375 39.71354166666667 10.65933178501769 14.212442380023585
0 6.640625 49.86979166666667 11.944815546130936 15.92642072817458
0 5.419921875 35.48177083333333 10.075423595714831 13.433898127619774
0 2.392578125 27.994791666666668 8.94951068030712 11.932680907076158
0 34.912109375 28.255208333333332 8.991039955234518 11.988053273646026
0 54.541015625 55.208333333333336 12.567907886947022 16.757210515929362
0 61.23046875 59.505208333333336 13.047826126972625 17.397101502630168
0 64.84375 49.86979166666667 11.944815546130936 15.92642072817458
0 65.91796875 32.29166666666667 9.611826018080825 12.815768024107768
0 22.4609375 21.028645833333336 7.756509415978292 10.342012554637723
0 10.400390625 22.265625 7.981382342908947 10.641843123878598
0 72.94921875 20.1171875 7.586549618320344 10.115399491093791
0 60.498046875 22.395833333333336 8.00468569861084 10.672914264814453
0 56.0546875 21.6796875 7.875664001809045 10.500885335745393
0 24.0234375 18.9453125 7.3622668956389274 9.816355860851903
0 13.623046875 26.171875 8.653226854710587 11.537635806280782
0 20.458984375 26.5625 8.717563999686098 11.62341866624813
0 26.904296875 23.177083333333336 8.143105507889608 10.857474010519478
0 25.634765625 19.270833333333336 7.425247229367944 9.900329639157258
0 33.154296875 19.075520833333336 7.3875234600282 9.850031280037602
0 50.0 21.6796875 7.875664001809045 10.500885335745393
0 61.71875 14.518229166666666 6.444919458600731 8.593225944800976
0 81.73828125 24.869791666666664 8.435226416678011 11.246968555570682
0 79.4921875 21.614583333333336 7.863829789260941 10.485106385681254
0 90.8203125 25.78125 8.588407763348565 11.451210351131419
0 88.037109375 27.864583333333332 8.928673607377803 11.904898143170405
0 92.7734375 23.763020833333336 8.245395560367612 10.993860747156816
0 98.876953125 23.6328125 8.222774405094897 10.963699206793196
0 81.93359375 20.3125 7.62328857226367 10.164384763018226
0 37.939453125 24.609375 8.39094670707246 11.187928942763282
0 73.681640625 47.59114583333333 11.66873431048899 15.55831241398532
0 78.369140625 67.12239583333334 13.857803393240637 18.477071190987516
0 63.0859375 36.45833333333333 10.21313508952729 13.617513452703053
0 49.21875 37.04427083333333 10.29487780360901 13.726503738145347
0 12.353515625 20.377604166666664 7.635495607419925 10.180660809893233
0 85.693359375 26.171875 8.653226854710587 11.537635806280782
0 98.876953125 21.028645833333336 7.756509415978292 10.342012554637723
0 67.08984375 29.427083333333332 9.175595934065496 12.234127912087327
0 74.267578125 29.231770833333332 9.145095253766906 12.193460338355873
0 77.9296875 36.58854166666667 10.231356576074347 13.641808768099132
0 75.439453125 22.330729166666664 7.993042513249997 10.657390017666662
0 14.0625 18.619791666666664 7.298743129334349 9.731657505779133
0 18.798828125 33.984375 9.860531263063667 13.147375017418222
0 34.228515625 38.54166666666667 10.500885335745396 14.001180447660527
0 6.787109375 23.046875 8.120199399200482 10.82693253226731
0 15.0390625 15.625 6.686066375795484 8.914755167727312
0 19.775390625 16.666666666666664 6.905339660024879 9.207119546699838
0 78.125 19.205729166666664 7.412693970636669 9.883591960848893
0 75.048828125 19.270833333333336 7.425247229367944 9.900329639157258
0 86.767578125 22.0703125 7.946299173761924 10.595065565015899
0 58.59375 15.494791666666666 6.658149484030587 8.877532645374115
0 38.76953125 17.317708333333336 7.038917599286375 9.385223465715166
0 63.8671875 26.3671875 8.685454999241765 11.580606665655687
0 63.330078125 22.526041666666664 8.027921409891299 10.703895213188398
0 68.26171875 23.046875 8.120199399200482 10.82693253226731
0 78.80859375 27.408854166666668 8.855357744474432 11.807143659299243
0 84.08203125 31.966145833333332 9.56325660155786 12.751008802077147
0 97.216796875 25.78125 8.588407763348565 11.451210351131419
0 85.15625 55.859375 12.641793931401354 16.855725241868473
0 47.65625 46.15885416666667 11.491803212745808 15.322404283661076
0 51.220703125 31.575520833333332 9.50464569238125 12.672860923174998
0 40.576171875 32.2265625 9.60213178866716 12.802842384889546
0 10.791015625 33.33333333333333 9.765625 13.020833333333334
0 1.85546875 20.5078125 7.659851317145468 10.21313508952729
0 4.78515625 19.270833333333336 7.425247229367944 9.900329639157258
0 17.3828125 21.2890625 7.804389558437758 10.405852744583676
0 17.7734375 15.0390625 6.559504779115197 8.746006372153596
0 31.0546875 18.9453125 7.3622668956389274 9.816355860851903
0 40.869140625 17.838541666666664 7.143981879101334 9.525309172135112
0 52.880859375 15.690104166666666 6.699981201202437 8.933308268269917
0 65.72265625 17.1875 7.012405574387241 9.349874099182989
0 87.646484375 17.1875 7.012405574387241 9.349874099182989
0 85.400390625 21.028645833333336 7.756509415978292 10.342012554637723
0 91.015625 22.200520833333336 7.969705113037473 10.626273484049964
0 80.6640625 18.815104166666664 7.336923388776433 9.782564518368577
0 72.94921875 15.0390625 6.559504779115197 8.746006372153596
0 69.775390625 26.106770833333332 8.642457433170346 11.52327657756046
0 74.560546875 24.8046875 8.424178309229896 11.23223774563986
0 87.98828125 23.502604166666664 8.200090846279542 10.933454461706056
0 94.921875 22.591145833333336 8.039514082226251 10.719352109635
0 90.771484375 19.53125 7.475249459177179 9.966999278902906
0 84.521484375 16.9921875 6.972448522214271 9.296598029619028
0 81.15234375 17.1875 7.012405574387241 9.349874099182989
0 78.125 16.276041666666664 6.823937919616058 9.09858389282141
0 70.947265625 15.104166666666666 6.573687508709111 8.764916678278816
0 55.126953125 18.489583333333336 7.273178276253042 9.697571035004056
0 47.4609375 16.341145833333336 6.837572174807153 9.116762899742872
0 42.48046875 17.708333333333336 7.117861199762329 9.490481599683106
0 37.109375 17.3828125 7.052136235529384 9.40284831403918
0 32.373046875 16.015625 6.7691262856502785 9.025501714200372
0 28.662109375 16.276041666666664 6.823937919616058 9.09858389282141
0 22.36328125 15.4296875 6.644147051109997 8.858862734813329
0 6.54296875 17.643229166666664 7.104764847914316 9.473019797219088
0 18.84765625 13.736979166666666 6.269115778861736 8.358821038482315
0 24.169921875 16.080729166666664 6.782870718656271 9.043827624875028
0 30.46875 15.950520833333334 6.755353888299149 9.0071385177322
0 35.400390625 15.104166666666666 6.573687508709111 8.764916678278816
0 45.849609375 16.40625 6.8511792970714245 9.134905729428567
0 25.439453125 15.690104166666666 6.699981201202437 8.933308268269917
0 6.8359375 19.466145833333336 7.462780310447684 9.950373747263578
0 6.787109375 41.9921875 10.960867307170393 14.614489742893857
0 27.5390625 15.104166666666666 6.573687508709111 8.764916678278816
0 37.5 15.364583333333334 6.6301150458985685 8.840153394531425
0 43.896484375 15.299479166666666 6.61605328023645 8.821404373648601
0 39.892578125 15.0390625 6.559504779115197 8.746006372153596
0 54.39453125 14.84375 6.516771394062079 8.689028525416106
0 67.87109375 14.388020833333334 6.415953381844678 8.554604509126236
0 75.439453125 15.494791666666666 6.658149484030587 8.877532645374115
0 93.701171875 20.703125 7.6962403643301345 10.261653819106845
0 68.701171875 16.40625 6.8511792970714245 9.134905729428567
0 45.263671875 14.388020833333334 6.415953381844678 8.554604509126236
0 19.189453125 19.596354166666664 7.487697843252746 9.983597124336994
0 2.294921875 17.578125 7.091644310682526 9.455525747576702
0 8.837890625 19.466145833333336 7.462780310447684 9.950373747263578
0 57.763671875 24.8046875 8.424178309229896 11.23223774563986
