0 90.380859375 55.794270833333336 12.634424770803498 16.845899694404665
0 83.447265625 66.40625 13.783678943647724 18.378238591530298
0 86.81640625 67.51302083333334 13.89806828214807 18.53075770953076
0 3.662109375 33.59375 9.803697756475225 13.071597008633635
0 28.076171875 24.8046875 8.424178309229896 11.23223774563986
0 42.578125 25.78125 8.588407763348565 11.451210351131419
0 74.70703125 34.30989583333333 9.907643481901811 13.210191309202415
0 4.736328125 25.390625 8.523095729839442 11.364127639785922
0 47.8515625 24.0234375 8.290452702152177 11.053936936202902
0 51.171875 17.252604166666664 7.025674092542321 9.367565456723094
0 66.69921875 24.21875 8.324085508414218 11.098780677885625
0 77.783203125 39.97395833333333 10.694223308065938 14.258964410754585
0 79.4921875 41.6015625 10.909767414379564 14.546356552506085
0 61.1328125 36.65364583333333 10.240455160865794 13.653940214487726
0 12.353515625 18.880208333333336 7.349606066157407 9.799474754876544
0 56.494140625 16.536458333333336 6.878312786611722 9.171083715482297
0 50.390625 73.30729166666666 14.48219057336996 19.309587431159947
0 37.646484375 62.3046875 13.351222445207128 17.801629926942837
0 23.095703125 50.846354166666664 12.061201687847598 16.081602250463465
0 2.978515625 75.91145833333334 14.737178305236373 19.6495710736485
0 2.24609375 60.872395833333336 13.196867865258577 17.59582382034477
0 6.15234375 44.20572916666667 11.24604844524431 14.994731260325747
0 34.08203125 42.1875 10.986328125 14.6484375
0 42.529296875 30.46875 9.336583582018038 12.448778109357384
0 86.1328125 83.33333333333334 15.440808887540916 20.587745183387888
0 98.779296875 85.546875 15.644538107881223 20.85938414384163
0 91.6015625 50.716145833333336 12.045748508295013 16.06099801106002
0 85.400390625 62.5 13.372132751590971 17.829510335454625
0 74.951171875 43.03385416666667 11.095983253599758 14.794644338133011
0 78.22265625 35.9375 10.139921707663666 13.51989561021822
0 87.744140625 38.8671875 10.545137050275265 14.060182733700355
0 87.646484375 30.729166666666668 9.376398618003673 12.501864824004896
0 62.744140625 58.268229166666664 12.911496460758165 17.21532861434422
0 92.138671875 30.403645833333332 9.326603265341873 12.43547102045583
0 74.951171875 28.255208333333332 8.991039955234518 11.988053273646026
0 83.0078125 22.135416666666664 7.958010748538389 10.610680998051187
0 77.44140625 27.083333333333332 8.802615418613255 11.736820558151006
0 82.568359375 68.81510416666666 14.031450113003721 18.70860015067163
0 66.259765625 59.309895833333336 13.02639524561343 17.368526994151242
0 50.927734375 49.28385416666667 11.874436314907054 15.832581753209407
0 48.33984375 40.69010416666667 10.789593218788873 14.386124291718497
0 53.076171875 35.546875 10.084662867345157 13.44621715646021
0 64.501953125 40.88541666666667 10.81545724284018 14.42060965712024
0 88.8671875 27.669270833333332 8.897326499702912 11.863101999603883
0 80.908203125 24.934895833333336 8.446260072691679 11.26168009692224
0 72.65625 27.083333333333332 8.802615418613255 11.736820558151006
0 59.521484375 32.87760416666667 9.698638050580264 12.931517400773687
0 48.291015625 34.1796875 9.888825528576445 13.185100704768596
0 33.10546875 33.0078125 9.717824296930333 12.957099062573777
0 25.732421875 37.82552083333333 10.40286898746296 13.870491983283944
0 18.115234375 31.315104166666668 9.465370128949479 12.62049350526597
0 16.552734375 36.39322916666667 10.204012144348443 13.605349525797925
0 7.763671875 35.48177083333333 10.075423595714831 13.433898127619774
0 24.169921875 29.296875 9.1552734375 12.20703125
0 10.9375 22.591145833333336 8.039514082226251 10.719352109635
0 10.693359375 28.255208333333332 8.991039955234518 11.988053273646026
0 2.001953125 29.296875 9.1552734375 12.20703125
0 3.759765625 22.916666666666664 8.097228492078614 10.796304656104818
0 15.91796875 20.442708333333336 7.647683158045451 10.196910877393934
0 20.703125 23.372395833333336 8.177344364608315 10.903125819477753
0 19.970703125 17.708333333333336 7.117861199762329 9.490481599683106
0 13.525390625 14.518229166666666 6.444919458600731 8.593225944800976
0 52.783203125 9.309895833333332 5.160990760891041 6.881321014521388
0 54.19921875 20.8984375 7.732458166088822 10.309944221451763
0 48.4375 20.572916666666664 7.672000176987631 10.229333569316841
0 48.73046875 27.5390625 8.876366926421502 11.835155901895336
0 41.259765625 23.307291666666664 8.165947363439729 10.88792981791964
0 30.17578125 29.557291666666668 9.195873518871684 12.261164691828911
0 31.787109375 24.088541666666664 8.301678777304348 11.068905036405797
0 37.109375 20.833333333333336 7.720404443770458 10.293872591693944
0 27.63671875 21.875 7.911060422861158 10.548080563814876
0 1.806640625 17.122395833333336 6.9991119025755095 9.332149203434014
0 30.17578125 18.880208333333336 7.349606066157407 9.799474754876544
0 42.87109375 17.708333333333336 7.117861199762329 9.490481599683106
0 35.595703125 17.838541666666664 7.143981879101334 9.525309172135112
0 11.81640625 16.796875 6.932261164306974 9.243014885742634
0 3.662109375 17.513020833333336 7.0784994535786145 9.437999271438152
0 23.291015625 13.932291666666666 6.313525654778199 8.418034206370931
0 24.609375 12.630208333333334 6.011265748166568 8.015020997555423
0 31.982421875 18.294270833333336 7.234661615679748 9.646215487572997
0 14.306640625 16.341145833333336 6.837572174807153 9.116762899742872
0 6.005859375 18.684895833333336 7.311492035346033 9.748656047128044
0 2.1484375 14.388020833333334 6.415953381844678 8.554604509126236
0 8.88671875 16.40625 6.8511792970714245 9.134905729428567
0 7.470703125 16.2109375 6.810276368536802 9.080368491382403
0 15.478515625 13.151041666666666 6.133957288281793 8.178609717709058
0 11.9140625 14.518229166666666 6.444919458600731 8.593225944800976
0 17.87109375 17.252604166666664 7.025674092542321 9.367565456723094
0 6.005859375 15.625 6.686066375795484 8.914755167727312
0 4.833984375 13.802083333333334 6.283953943473511 8.378605257964681
0 26.025390625 17.122395833333336 6.9991119025755095 9.332149203434014
0 27.978515625 12.434895833333332 5.964605800076924 7.952807733435899
0 26.3671875 13.216145833333334 6.149121606326259 8.198828808435012
0 28.662109375 15.494791666666666 6.658149484030587 8.877532645374115
0 29.833984375 14.6484375 6.473755931273323 8.631674575031097
0 30.029296875 13.216145833333334 6.149121606326259 8.198828808435012
0 31.15234375 13.606770833333334 6.2393335877260965 8.319111450301463
0 33.0078125 15.104166666666666 6.573687508709111 8.764916678278816
0 32.32421875 12.044270833333332 5.870173358664351 7.826897811552468
0 33.740234375 12.630208333333334 6.011265748166568 8.015020997555423
0 34.27734375 13.4765625 6.209408553886659 8.279211405182211
0 35.791015625 12.3046875 5.933295317145868 7.911060422861158
0 37.109375 13.346354166666666 6.179338602086361 8.239118136115147
0 38.0859375 14.0625 6.342959500374307 8.457279333832409
0 39.306640625 14.322916666666666 6.401421192444773 8.53522825659303
0 42.529296875 15.0390625 6.559504779115197 8.746006372153596
0 43.017578125 12.630208333333334 6.011265748166568 8.015020997555423
0 41.11328125 13.151041666666666 6.133957288281793 8.178609717709058
0 40.185546875 12.760416666666666 6.042172202521769 8.056229603362357
0 46.38671875 15.494791666666666 6.658149484030587 8.877532645374115
0 49.267578125 16.927083333333336 6.959078522333606 9.278771363111476
0 49.072265625 14.6484375 6.473755931273323 8.631674575031097
0 50.927734375 14.778645833333334 6.502464524127966 8.669952698837287
0 44.384765625 13.151041666666666 6.133957288281793 8.178609717709058
0 46.142578125 12.434895833333332 5.964605800076924 7.952807733435899
0 47.119140625 12.434895833333332 5.964605800076924 7.952807733435899
0 57.421875 11.71875 5.790303332827843 7.720404443770458
0 62.01171875 10.15625 5.390479044389554 7.187305392519407
0 66.552734375 21.2890625 7.804389558437758 10.405852744583676
0 62.353515625 29.1015625 9.124704826492952 12.166273101990603
0 56.982421875 31.184895833333332 9.445671106287941 12.594228141717254
0 59.716796875 22.721354166666664 8.062649422377262 10.75019922983635
0 71.923828125 12.760416666666666 6.042172202521769 8.056229603362357
0 71.58203125 21.419270833333336 7.828219811023351 10.437626414697803
0 57.91015625 18.098958333333336 7.195938795502683 9.594585060670244
0 65.185546875 11.197916666666668 5.660167538754702 7.546890051672936
0 59.716796875 18.294270833333336 7.234661615679748 9.646215487572997
0 55.810546875 13.932291666666666 6.313525654778199 8.418034206370931
0 58.0078125 12.890625 6.072921369058959 8.097228492078614
0 61.1328125 14.778645833333334 6.502464524127966 8.669952698837287
0 63.96484375 15.950520833333334 6.755353888299149 9.0071385177322
0 69.287109375 12.630208333333334 6.011265748166568 8.015020997555423
0 70.5078125 11.9140625 5.838356466585996 7.784475288781327
0 67.67578125 13.802083333333334 6.283953943473511 8.378605257964681
0 67.96875 16.2109375 6.810276368536802 9.080368491382403
0 70.166015625 16.536458333333336 6.878312786611722 9.171083715482297
0 74.755859375 18.098958333333336 7.195938795502683 9.594585060670244
0 74.853515625 13.151041666666666 6.133957288281793 8.178609717709058
0 77.1484375 13.606770833333334 6.2393335877260965 8.319111450301463
0 78.759765625 13.4765625 6.209408553886659 8.279211405182211
0 77.34375 21.2890625 7.804389558437758 10.405852744583676
0 79.931640625 18.098958333333336 7.195938795502683 9.594585060670244
0 77.1484375 16.796875 6.932261164306974 9.243014885742634
0 78.3203125 14.908854166666666 6.531046923532928 8.708062564710572
0 79.39453125 15.104166666666666 6.573687508709111 8.764916678278816
0 80.615234375 15.494791666666666 6.658149484030587 8.877532645374115
0 82.12890625 14.778645833333334 6.502464524127966 8.669952698837287
0 84.521484375 20.703125 7.6962403643301345 10.261653819106845
0 84.716796875 17.96875 7.170007400189656 9.56000986691954
0 84.08203125 14.6484375 6.473755931273323 8.631674575031097
0 86.03515625 15.234375 6.60196156395994 8.802615418613254
0 88.525390625 17.643229166666664 7.104764847914316 9.473019797219088
0 91.552734375 23.307291666666664 8.165947363439729 10.88792981791964
0 86.279296875 21.419270833333336 7.828219811023351 10.437626414697803
0 93.65234375 22.005208333333336 7.9345703125 10.579427083333332
0 97.314453125 27.994791666666668 8.94951068030712 11.932680907076158
0 99.4140625 41.27604166666667 10.867000619363317 14.489334159151088
0 99.31640625 29.296875 9.1552734375 12.20703125
0 95.8984375 21.419270833333336 7.828219811023351 10.437626414697803
0 99.51171875 23.763020833333336 8.245395560367612 10.993860747156816
0 92.67578125 18.5546875 7.28597191547444 9.714629220632586
0 97.119140625 19.010416666666664 7.37490598974278 9.833207986323707
0 95.703125 17.513020833333336 7.0784994535786145 9.437999271438152
0 88.0859375 15.104166666666666 6.573687508709111 8.764916678278816
0 98.6328125 18.098958333333336 7.195938795502683 9.594585060670244
0 99.267578125 19.401041666666664 7.450290292806215 9.933720390408286
0 91.11328125 16.9921875 6.972448522214271 9.296598029619028
0 50.732421875 11.848958333333332 5.8223828211483495 7.763177094864466
0 75.68359375 53.450520833333336 12.366210686862065 16.488280915816087
