0 7.421875 30.143229166666668 9.286574740419274 12.382099653892366
0 31.787109375 31.640625 9.51443925056146 12.685919000748614
0 26.7578125 23.697916666666664 8.234092750996119 10.978790334661493
0 16.50390625 21.2890625 7.804389558437758 10.405852744583676
0 10.107421875 17.252604166666664 7.025674092542321 9.367565456723094
0 35.7421875 15.559895833333334 6.672122530845778 8.896163374461038
0 11.328125 20.377604166666664 7.635495607419925 10.180660809893233
0 47.65625 17.3828125 7.052136235529384 9.40284831403918
0 6.396484375 21.614583333333336 7.863829789260941 10.485106385681254
0 40.234375 26.106770833333332 8.642457433170346 11.52327657756046
0 4.833984375 17.122395833333336 6.9991119025755095 9.332149203434014
0 27.978515625 15.4296875 6.644147051109997 8.858862734813329
0 55.17578125 25.911458333333332 8.610068346964042 11.480091129285388
0 46.77734375 22.786458333333336 8.074192233473482 10.765589644631309
0 29.00390625 20.247395833333336 7.611061958825638 10.148082611767517
0 64.6484375 40.625 10.780958088779109 14.374610785038813
0 76.66015625 71.09375 14.261866998959865 19.01582266527982
0 85.009765625 42.12239583333333 10.977847746951262 14.63713032926835
0 84.228515625 30.013020833333332 9.266495636406846 12.35532751520913
0 92.28515625 27.018229166666668 8.792028986137655 11.722705314850208
0 77.44140625 22.0703125 7.946299173761924 10.595065565015899
0 64.990234375 15.885416666666666 6.741553355216833 8.988737806955777
0 58.0078125 17.96875 7.170007400189656 9.56000986691954
0 81.0546875 21.2890625 7.804389558437758 10.405852744583676
0 95.21484375 21.744791666666664 7.887480458569388 10.51664061142585
0 98.92578125 31.184895833333332 9.445671106287941 12.594228141717254
0 75.9765625 16.015625 6.7691262856502785 9.025501714200372
0 91.748046875 18.424479166666664 7.2603620931215325 9.680482790828709
0 84.86328125 16.2109375 6.810276368536802 9.080368491382403
0 72.0703125 13.346354166666666 6.179338602086361 8.239118136115147
0 93.994140625 19.3359375 7.437779301119349 9.917039068159132
0 24.951171875 18.294270833333336 7.234661615679748 9.646215487572997
0 88.37890625 24.739583333333336 8.413115693414442 11.217487591219255
