0 50.0 50.5859375 12.03027547877626 16.040367305035012
0 65.91796875 62.955729166666664 13.420796769589858 17.89439569278648
0 52.44140625 50.9765625 12.076635093633655 16.10218012484487
0 22.216796875 54.1015625 12.441294623193059 16.58839283092408
0 84.033203125 66.08072916666666 13.749853913658217 18.33313855154429
0 91.11328125 55.46875 12.597514306976498 16.796685742635333
0 79.541015625 41.14583333333333 10.849846700824694 14.466462267766259
0 59.130859375 36.1328125 10.167438506443897 13.556584675258529
0 80.95703125 40.55989583333333 10.77231603681811 14.363088049090814
0 31.73828125 36.9140625 10.276768945607138 13.702358594142853
0 46.97265625 38.4765625 10.492012596234792 13.989350128313058
0 3.515625 32.87760416666667 9.698638050580264 12.931517400773687
0 92.431640625 31.315104166666668 9.465370128949479 12.62049350526597
0 73.291015625 34.1796875 9.888825528576445 13.185100704768596
0 58.984375 25.716145833333332 8.57755695956738 11.436742612756506
0 89.208984375 68.5546875 14.004875373027058 18.673167164036077
0 84.912109375 61.393229166666664 13.253204803838173 17.670939738450897
0 74.0234375 53.125 12.32849723921152 16.437996318948695
0 66.064453125 57.942708333333336 12.875380315996695 17.16717375466226
0 50.87890625 46.15885416666667 11.491803212745808 15.322404283661076
0 37.109375 58.723958333333336 12.9618900034151 17.28252000455347
0 45.5078125 69.3359375 14.0844491689628 18.779265558617066
0 7.275390625 67.96875 13.944897044428542 18.593196059238057
0 2.05078125 55.6640625 12.619673540121662 16.826231386828884
0 21.923828125 48.50260416666667 11.779943277355214 15.706591036473618
0 34.814453125 43.09895833333333 11.10437341226822 14.805831216357626
0 47.65625 34.9609375 10.001202153426476 13.334936204568635
0 59.716796875 32.29166666666667 9.611826018080825 12.815768024107768
0 32.763671875 33.07291666666667 9.727403229070575 12.9698709720941
0 6.982421875 38.4765625 10.492012596234792 13.989350128313058
0 19.287109375 28.385416666666668 9.011732824849489 12.015643766465985
0 2.9296875 29.361979166666668 9.16544031840894 12.220587091211922
0 10.302734375 27.864583333333332 8.928673607377803 11.904898143170405
0 31.15234375 27.083333333333332 8.802615418613255 11.736820558151006
0 42.041015625 23.763020833333336 8.245395560367612 10.993860747156816
0 91.9921875 49.67447916666667 11.92140196815467 15.895202624206226
0 78.80859375 36.71875 10.24954566879069 13.66606089172092
0 88.525390625 36.328125 10.194881035455362 13.593174713940485
0 74.169921875 29.752604166666668 9.22620633412535 12.301608445500468
0 86.767578125 33.59375 9.803697756475225 13.071597008633635
0 61.572265625 29.166666666666668 9.134905729428569 12.17987430590476
0 99.072265625 38.671875 10.518608361580863 14.024811148774482
0 44.775390625 33.07291666666667 9.727403229070575 12.9698709720941
0 69.970703125 26.302083333333332 8.674725588105405 11.56630078414054
0 36.81640625 23.958333333333336 8.279211405182211 11.038948540242949
0 92.87109375 29.166666666666668 9.134905729428569 12.17987430590476
0 73.876953125 26.302083333333332 8.674725588105405 11.56630078414054
0 89.94140625 26.302083333333332 8.674725588105405 11.56630078414054
0 96.923828125 27.669270833333332 8.897326499702912 11.863101999603883
0 90.087890625 31.119791666666668 9.4358061729372 12.5810748972496
0 51.7578125 28.385416666666668 9.011732824849489 12.015643766465985
0 22.36328125 25.130208333333332 8.479274895904423 11.305699861205897
0 5.2734375 23.567708333333336 8.211440458419013 10.948587277892017
0 27.5390625 21.875 7.911060422861158 10.548080563814876
0 8.30078125 19.921875 7.549631882844837 10.066175843793117
0 42.333984375 16.9921875 6.972448522214271 9.296598029619028
0 5.859375 19.140625 7.400119417103358 9.866825889471144
0 59.716796875 22.591145833333336 8.039514082226251 10.719352109635
0 48.828125 21.2890625 7.804389558437758 10.405852744583676
0 80.2734375 22.591145833333336 8.039514082226251 10.719352109635
0 66.650390625 21.875 7.911060422861158 10.548080563814876
0 84.47265625 20.3125 7.62328857226367 10.164384763018226
0 96.044921875 22.591145833333336 8.039514082226251 10.719352109635
0 55.6640625 18.75 7.32421875 9.765625
0 35.3515625 19.921875 7.549631882844837 10.066175843793117
0 19.287109375 18.5546875 7.28597191547444 9.714629220632586
0 30.908203125 18.5546875 7.28597191547444 9.714629220632586
0 11.474609375 17.578125 7.091644310682526 9.455525747576702
0 49.853515625 17.578125 7.091644310682526 9.455525747576702
0 26.806640625 17.578125 7.091644310682526 9.455525747576702
0 60.400390625 18.1640625 7.208869513560617 9.611826018080823
0 37.255859375 15.494791666666666 6.658149484030587 8.877532645374115
0 72.021484375 20.5078125 7.659851317145468 10.21313508952729
0 22.216796875 14.518229166666666 6.444919458600731 8.593225944800976
0 75.48828125 18.359375 7.247523246483103 9.663364328644137
0 88.818359375 20.8984375 7.732458166088822 10.309944221451763
0 70.703125 16.666666666666664 6.905339660024879 9.207119546699838
0 97.75390625 20.1171875 7.586549618320344 10.115399491093791
0 63.623046875 16.080729166666664 6.782870718656271 9.043827624875028
0 86.328125 16.861979166666664 6.945682786096826 9.260910381462436
0 66.943359375 17.578125 7.091644310682526 9.455525747576702
0 45.21484375 15.104166666666666 6.573687508709111 8.764916678278816
0 34.66796875 13.541666666666666 6.224389054678692 8.299185406238257
0 27.24609375 12.565104166666666 5.995752778438873 7.9943370379184975
0 18.45703125 13.346354166666666 6.179338602086361 8.239118136115147
0 10.302734375 14.908854166666666 6.531046923532928 8.708062564710572
0 2.9296875 17.578125 7.091644310682526 9.455525747576702
0 13.525390625 14.518229166666666 6.444919458600731 8.593225944800976
0 24.8046875 13.151041666666666 6.133957288281793 8.178609717709058
0 32.763671875 13.932291666666666 6.313525654778199 8.418034206370931
0 4.98046875 16.276041666666664 6.823937919616058 9.09858389282141
0 40.72265625 13.932291666666666 6.313525654778199 8.418034206370931
0 50.5859375 15.104166666666666 6.573687508709111 8.764916678278816
0 57.080078125 12.369791666666668 5.948971157720314 7.931961543627086
0 66.064453125 12.955729166666666 6.088237714617921 8.117650286157229
0 75.634765625 14.127604166666666 6.3576253222655215 8.476833763020695
0 58.984375 16.9921875 6.972448522214271 9.296598029619028
0 43.45703125 13.932291666666666 6.313525654778199 8.418034206370931
0 19.43359375 16.080729166666664 6.782870718656271 9.043827624875028
0 8.59375 16.471354166666664 6.864759447755123 9.15301259700683
0 1.806640625 15.299479166666666 6.61605328023645 8.821404373648601
0 60.546875 14.518229166666666 6.444919458600731 8.593225944800976
0 69.677734375 12.369791666666668 5.948971157720314 7.931961543627086
0 80.126953125 16.080729166666664 6.782870718656271 9.043827624875028
0 91.69921875 17.1875 7.012405574387241 9.349874099182989
0 63.623046875 12.565104166666666 5.995752778438873 7.9943370379184975
0 82.421875 16.666666666666664 6.905339660024879 9.207119546699838
0 96.484375 17.1875 7.012405574387241 9.349874099182989
0 78.22265625 14.713541666666666 6.488126106405426 8.650834808540568
0 92.87109375 22.0703125 7.946299173761924 10.595065565015899
0 83.88671875 15.104166666666666 6.573687508709111 8.764916678278816
0 48.53515625 16.080729166666664 6.782870718656271 9.043827624875028
0 99.365234375 19.7265625 7.512532730158185 10.01671030687758
