0 83.0078125 66.6015625 13.803934177122365 18.405245569496486
0 36.962890625 50.130208333333336 11.975962445281118 15.967949927041488
0 30.17578125 34.70052083333333 9.963884104806219 13.28517880640829
0 39.84375 27.669270833333332 8.897326499702912 11.863101999603883
0 71.875 28.90625 9.094033462982996 12.125377950643994
0 83.69140625 34.9609375 10.001202153426476 13.334936204568635
0 87.3046875 29.8828125 9.24637292940864 12.32849723921152
0 60.595703125 23.4375 8.188725503539269 10.918300671385692
0 70.361328125 22.200520833333336 7.969705113037473 10.626273484049964
0 75.5859375 20.572916666666664 7.672000176987631 10.229333569316841
0 79.00390625 20.182291666666664 7.598815672600545 10.13175423013406
0 83.0078125 20.442708333333336 7.647683158045451 10.196910877393934
0 87.79296875 26.041666666666668 8.631674575031099 11.508899433374797
0 93.896484375 25.390625 8.523095729839442 11.364127639785922
0 92.724609375 19.596354166666664 7.487697843252746 9.983597124336994
0 91.2109375 19.075520833333336 7.3875234600282 9.850031280037602
0 89.6484375 18.815104166666664 7.336923388776433 9.782564518368577
0 84.9609375 18.684895833333336 7.311492035346033 9.748656047128044
0 9.521484375 28.776041666666668 9.073528288158268 12.098037717544358
0 11.083984375 16.731770833333336 6.9188135063199665 9.225084675093289
0 15.087890625 18.489583333333336 7.273178276253042 9.697571035004056
0 7.275390625 20.052083333333336 7.574263699945591 10.099018266594122
0 21.533203125 24.8046875 8.424178309229896 11.23223774563986
0 25.68359375 20.182291666666664 7.598815672600545 10.13175423013406
0 34.814453125 18.684895833333336 7.311492035346033 9.748656047128044
0 44.23828125 19.3359375 7.437779301119349 9.917039068159132
0 45.166015625 15.494791666666666 6.658149484030587 8.877532645374115
0 2.1484375 19.3359375 7.437779301119349 9.917039068159132
0 3.759765625 18.359375 7.247523246483103 9.663364328644137
0 24.755859375 15.364583333333334 6.6301150458985685 8.840153394531425
0 22.65625 17.447916666666664 7.065330140863174 9.420440187817565
0 21.435546875 14.388020833333334 6.415953381844678 8.554604509126236
0 29.443359375 14.518229166666666 6.444919458600731 8.593225944800976
0 30.908203125 14.84375 6.516771394062079 8.689028525416106
0 34.814453125 14.713541666666666 6.488126106405426 8.650834808540568
0 37.060546875 15.494791666666666 6.658149484030587 8.877532645374115
0 39.55078125 15.104166666666666 6.573687508709111 8.764916678278816
0 38.28125 16.731770833333336 6.9188135063199665 9.225084675093289
0 39.55078125 21.940104166666664 7.92282408798045 10.5637654506406
0 61.083984375 17.578125 7.091644310682526 9.455525747576702
0 72.900390625 15.625 6.686066375795484 8.914755167727312
0 76.806640625 15.885416666666666 6.741553355216833 8.988737806955777
0 81.15234375 16.861979166666664 6.945682786096826 9.260910381462436
0 83.49609375 16.861979166666664 6.945682786096826 9.260910381462436
0 86.279296875 17.447916666666664 7.065330140863174 9.420440187817565
0 68.310546875 15.625 6.686066375795484 8.914755167727312
0 66.259765625 14.973958333333334 6.545291317604741 8.727055090139656
0 58.544921875 14.518229166666666 6.444919458600731 8.593225944800976
0 50.732421875 13.4765625 6.209408553886659 8.279211405182211
0 48.14453125 14.2578125 6.386855937639267 8.515807916852356
0 46.728515625 13.8671875 6.298757153488249 8.398342871317666
