0 96.77734375 24.8046875 8.424178309229896 11.23223774563986
0 86.962890625 21.6796875 7.875664001809045 10.500885335745393
0 93.75 20.1171875 7.586549618320344 10.115399491093791
0 78.271484375 21.223958333333336 7.792447103762027 10.389929471682702
0 84.375 19.075520833333336 7.3875234600282 9.850031280037602
0 96.6796875 20.1171875 7.586549618320344 10.115399491093791
0 89.990234375 19.075520833333336 7.3875234600282 9.850031280037602
0 82.51953125 21.549479166666664 7.85197774064246 10.469303654189947
0 75.5859375 18.880208333333336 7.349606066157407 9.799474754876544
0 0.48828125 17.96875 7.170007400189656 9.56000986691954
0 10.302734375 19.53125 7.475249459177179 9.966999278902906
0 30.712890625 16.40625 6.8511792970714245 9.134905729428567
0 23.92578125 16.731770833333336 6.9188135063199665 9.225084675093289
0 45.947265625 14.6484375 6.473755931273323 8.631674575031097
0 56.73828125 15.950520833333334 6.755353888299149 9.0071385177322
0 3.271484375 18.294270833333336 7.234661615679748 9.646215487572997
0 12.40234375 17.317708333333336 7.038917599286375 9.385223465715166
0 31.884765625 16.080729166666664 6.782870718656271 9.043827624875028
0 86.03515625 18.5546875 7.28597191547444 9.714629220632586
0 79.00390625 17.513020833333336 7.0784994535786145 9.437999271438152
0 5.517578125 18.880208333333336 7.349606066157407 9.799474754876544
0 47.705078125 15.950520833333334 6.755353888299149 9.0071385177322
0 77.001953125 16.080729166666664 6.782870718656271 9.043827624875028
0 7.958984375 19.205729166666664 7.412693970636669 9.883591960848893
