0 87.40234375 66.796875 13.824159732551422 18.43221297673523
0 72.55859375 44.98697916666667 11.344989193994817 15.126652258659753
0 35.44921875 45.83333333333333 11.45121035113142 15.268280468175227
0 30.76171875 35.22135416666667 10.038381471800859 13.384508629067811
0 36.865234375 32.16145833333333 9.592427762147041 12.789903682862722
0 53.955078125 26.953125 8.78142979122202 11.708573054962693
0 64.111328125 27.9296875 8.939098215256843 11.918797620342456
0 65.72265625 36.71875 10.24954566879069 13.66606089172092
0 76.123046875 30.143229166666668 9.286574740419274 12.382099653892366
0 91.6015625 33.65885416666667 9.813192865486773 13.084257153982362
0 79.78515625 33.0078125 9.717824296930333 12.957099062573777
0 85.107421875 28.255208333333332 8.991039955234518 11.988053273646026
0 81.8359375 27.9296875 8.939098215256843 11.918797620342456
0 98.4375 42.83854166666667 11.070774625986973 14.761032834649296
0 97.802734375 34.375 9.91703906815913 13.222718757545508
0 95.8984375 24.739583333333336 8.413115693414442 11.217487591219255
0 91.2109375 26.7578125 8.749555167743805 11.66607355699174
0 14.794921875 24.544270833333336 8.379840220792225 11.173120294389632
0 3.90625 27.408854166666668 8.855357744474432 11.807143659299243
0 0.732421875 35.7421875 10.11233003282525 13.483106710433667
0 7.958984375 23.2421875 8.154534433525017 10.872712578033356
0 29.638671875 22.526041666666664 8.027921409891299 10.703895213188398
0 37.109375 24.544270833333336 8.379840220792225 11.173120294389632
0 8.49609375 16.145833333333336 6.796587356970242 9.062116475960323
0 0.9765625 17.447916666666664 7.065330140863174 9.420440187817565
0 17.236328125 18.815104166666664 7.336923388776433 9.782564518368577
0 37.59765625 14.778645833333334 6.502464524127966 8.669952698837287
0 61.279296875 21.6796875 7.875664001809045 10.500885335745393
0 48.6328125 17.643229166666664 7.104764847914316 9.473019797219088
0 72.0703125 20.703125 7.6962403643301345 10.261653819106845
0 57.763671875 20.5078125 7.659851317145468 10.21313508952729
0 64.111328125 21.354166666666664 7.816313766397521 10.421751688530028
0 78.90625 24.21875 8.324085508414218 11.098780677885625
0 87.548828125 22.8515625 8.085718566584333 10.780958088779109
0 77.783203125 21.875 7.911060422861158 10.548080563814876
0 81.0546875 21.158854166666664 7.780486318348366 10.373981757797822
0 98.53515625 24.21875 8.324085508414218 11.098780677885625
0 69.775390625 13.411458333333334 6.194391824397107 8.259189099196142
0 60.302734375 13.216145833333334 6.149121606326259 8.198828808435012
0 40.0390625 19.140625 7.400119417103358 9.866825889471144
0 25.439453125 13.932291666666666 6.313525654778199 8.418034206370931
