0 96.6796875 33.13802083333333 9.736972737758677 12.982630317011571
0 79.443359375 27.604166666666668 8.886852892188134 11.849137189584178
0 72.607421875 24.348958333333336 8.346432086900233 11.128576115866979
0 90.478515625 24.21875 8.324085508414218 11.098780677885625
0 80.517578125 22.721354166666664 8.062649422377262 10.75019922983635
0 70.41015625 20.3125 7.62328857226367 10.164384763018226
0 61.42578125 18.489583333333336 7.273178276253042 9.697571035004056
0 77.24609375 16.40625 6.8511792970714245 9.134905729428567
0 86.376953125 20.442708333333336 7.647683158045451 10.196910877393934
0 77.34375 20.1171875 7.586549618320344 10.115399491093791
0 65.576171875 18.684895833333336 7.311492035346033 9.748656047128044
0 58.154296875 14.6484375 6.473755931273323 8.631674575031097
0 46.09375 16.6015625 6.891839471823862 9.189119295765149
0 39.16015625 17.057291666666664 6.985792933508055 9.31439057801074
0 29.443359375 16.6015625 6.891839471823862 9.189119295765149
0 35.888671875 17.057291666666664 6.985792933508055 9.31439057801074
0 15.673828125 20.1171875 7.586549618320344 10.115399491093791
0 3.173828125 21.419270833333336 7.828219811023351 10.437626414697803
0 91.11328125 20.638020833333336 7.684129829110212 10.245506438813615
0 95.263671875 26.953125 8.78142979122202 11.708573054962693
0 89.013671875 19.791666666666664 7.524919437217989 10.033225916290652
0 79.6875 16.927083333333336 6.959078522333606 9.278771363111476
0 94.287109375 24.348958333333336 8.346432086900233 11.128576115866979
0 33.30078125 17.3828125 7.052136235529384 9.40284831403918
0 81.8359375 21.614583333333336 7.863829789260941 10.485106385681254
0 97.900390625 21.614583333333336 7.863829789260941 10.485106385681254
0 83.935546875 18.815104166666664 7.336923388776433 9.782564518368577
0 95.263671875 22.0703125 7.946299173761924 10.595065565015899
0 72.119140625 15.755208333333334 6.7138671875 8.951822916666668
0 64.35546875 16.6015625 6.891839471823862 9.189119295765149
0 56.787109375 16.731770833333336 6.9188135063199665 9.225084675093289
