0 86.5234375 74.15364583333334 14.565551225319487 19.42073496709265
0 36.474609375 71.54947916666666 14.307505090003714 19.076673453338287
0 40.869140625 56.770833333333336 12.74451478138495 16.992686375179932
0 48.876953125 48.046875 11.724470649596281 15.632627532795041
0 57.275390625 45.44270833333333 11.402308161785525 15.203077549047366
0 74.609375 55.013020833333336 12.545657221126994 16.72754296150266
0 88.96484375 57.096354166666664 12.781000727155718 17.04133430287429
0 92.236328125 46.80989583333333 11.572561783360925 15.430082377814566
0 85.693359375 45.703125 11.434932858395506 15.24657714452734
0 65.087890625 41.47135416666667 10.892680845687712 14.523574460916949
0 75.048828125 35.61197916666667 10.093893681970965 13.458524909294619
0 68.5546875 38.60677083333333 10.509750584547465 14.01300077939662
0 80.37109375 36.71875 10.24954566879069 13.66606089172092
0 85.498046875 32.03125 9.572990198582838 12.763986931443785
0 96.77734375 39.32291666666667 10.606779295033428 14.142372393377903
0 88.671875 32.48697916666667 9.640850219074288 12.854466958765718
0 77.294921875 27.669270833333332 8.897326499702912 11.863101999603883
0 72.16796875 29.752604166666668 9.22620633412535 12.301608445500468
0 62.3046875 30.013020833333332 9.266495636406846 12.35532751520913
0 51.416015625 35.7421875 10.11233003282525 13.483106710433667
0 41.30859375 38.34635416666667 10.474244568927316 13.965659425236424
0 47.119140625 38.99739583333333 10.562785827561513 14.083714436748682
0 42.333984375 28.385416666666668 9.011732824849489 12.015643766465985
0 53.369140625 27.9296875 8.939098215256843 11.918797620342456
0 61.9140625 24.674479166666664 8.402038511923953 11.202718015898604
0 88.96484375 24.674479166666664 8.402038511923953 11.202718015898604
0 36.767578125 31.640625 9.51443925056146 12.685919000748614
0 41.796875 21.940104166666664 7.92282408798045 10.5637654506406
0 50.29296875 22.4609375 8.016311973000304 10.688415964000404
0 51.318359375 12.5 5.980199567341744 7.973599423122326
0 59.228515625 21.354166666666664 7.816313766397521 10.421751688530028
0 3.955078125 52.408854166666664 12.245118803551563 16.32682507140208
0 2.5390625 42.70833333333333 11.053936936202902 14.738582581603868
0 11.23046875 34.89583333333333 9.991885707852113 13.322514277136149
0 18.115234375 34.375 9.91703906815913 13.222718757545508
0 23.53515625 41.34114583333333 10.87556743237638 14.500756576501841
0 4.443359375 28.190104166666668 8.980675640601907 11.974234187469209
0 18.017578125 27.799479166666668 8.918236814088415 11.890982418784553
0 21.58203125 33.52864583333333 9.794193442310311 13.05892458974708
0 33.10546875 35.02604166666667 10.010509928501419 13.347346571335224
0 31.93359375 28.515625 9.03237828793258 12.043171050576774
0 22.509765625 26.692708333333332 8.738904457566134 11.651872610088178
0 9.814453125 27.1484375 8.81318913463968 11.750918846186241
0 27.5390625 19.466145833333336 7.462780310447684 9.950373747263578
0 31.8359375 24.674479166666664 8.402038511923953 11.202718015898604
0 13.28125 25.325520833333332 8.512161670520847 11.349548894027794
0 16.796875 18.229166666666664 7.221777078979024 9.629036105305365
0 25.68359375 16.341145833333336 6.837572174807153 9.116762899742872
0 12.255859375 15.755208333333334 6.7138671875 8.951822916666668
0 19.04296875 20.703125 7.6962403643301345 10.261653819106845
0 5.17578125 19.7265625 7.512532730158185 10.01671030687758
0 1.171875 24.088541666666664 8.301678777304348 11.068905036405797
0 36.767578125 18.489583333333336 7.273178276253042 9.697571035004056
0 29.6875 15.755208333333334 6.7138671875 8.951822916666668
0 14.013671875 19.205729166666664 7.412693970636669 9.883591960848893
0 70.41015625 22.200520833333336 7.969705113037473 10.626273484049964
0 65.91796875 13.346354166666666 6.179338602086361 8.239118136115147
0 67.236328125 22.916666666666664 8.097228492078614 10.796304656104818
0 94.189453125 25.325520833333332 8.512161670520847 11.349548894027794
0 99.560546875 32.03125 9.572990198582838 12.763986931443785
0 87.548828125 20.3125 7.62328857226367 10.164384763018226
0 80.859375 22.4609375 8.016311973000304 10.688415964000404
0 75.439453125 19.205729166666664 7.412693970636669 9.883591960848893
0 55.322265625 17.122395833333336 6.9991119025755095 9.332149203434014
0 44.970703125 16.731770833333336 6.9188135063199665 9.225084675093289
0 34.130859375 16.6015625 6.891839471823862 9.189119295765149
0 46.533203125 14.127604166666666 6.3576253222655215 8.476833763020695
0 59.228515625 15.104166666666666 6.573687508709111 8.764916678278816
0 79.541015625 16.080729166666664 6.782870718656271 9.043827624875028
0 92.48046875 19.075520833333336 7.3875234600282 9.850031280037602
0 99.31640625 21.549479166666664 7.85197774064246 10.469303654189947
0 90.72265625 22.330729166666664 7.993042513249997 10.657390017666662
0 83.251953125 16.6015625 6.891839471823862 9.189119295765149
