0 85.15625 63.932291666666664 13.52448718637716 18.032649581836214
0 79.8828125 55.143229166666664 12.560495377964282 16.74732717061904
0 91.064453125 52.994791666666664 12.313379517719735 16.41783935695965
0 93.75 41.015625 10.832665618468535 14.443554157958047
0 87.109375 34.9609375 10.001202153426476 13.334936204568635
0 83.349609375 32.03125 9.572990198582838 12.763986931443785
0 79.98046875 37.56510416666667 10.366996918617573 13.822662558156765
0 64.6484375 40.75520833333333 10.79822144345345 14.397628591271266
0 89.990234375 32.94270833333333 9.708235913444133 12.944314551258843
0 75.048828125 32.29166666666667 9.611826018080825 12.815768024107768
0 65.869140625 56.575520833333336 12.722572989304096 16.96343065240546
0 60.498046875 33.65885416666667 9.813192865486773 13.084257153982362
0 95.41015625 30.338541666666668 9.316612257369233 12.42214967649231
0 63.8671875 30.338541666666668 9.316612257369233 12.42214967649231
0 99.169921875 30.078125 9.276540621075844 12.368720828101127
0 64.94140625 26.7578125 8.749555167743805 11.66607355699174
0 89.111328125 27.669270833333332 8.897326499702912 11.863101999603883
0 60.400390625 24.0234375 8.290452702152177 11.053936936202902
0 73.583984375 26.497395833333332 8.706874156303165 11.609165541737553
0 60.986328125 21.744791666666664 7.887480458569388 10.51664061142585
0 68.798828125 22.265625 7.981382342908947 10.641843123878598
0 61.669921875 16.9921875 6.972448522214271 9.296598029619028
0 94.23828125 22.786458333333336 8.074192233473482 10.765589644631309
0 58.935546875 16.6015625 6.891839471823862 9.189119295765149
0 65.52734375 19.921875 7.549631882844837 10.066175843793117
0 81.298828125 23.893229166666664 8.267954824306681 11.023939765742242
0 72.36328125 18.098958333333336 7.195938795502683 9.594585060670244
0 67.431640625 13.997395833333334 6.328259690346595 8.437679587128793
0 79.8828125 17.252604166666664 7.025674092542321 9.367565456723094
0 62.5 12.5 5.980199567341744 7.973599423122326
0 82.861328125 16.2109375 6.810276368536802 9.080368491382403
0 95.01953125 17.7734375 7.130933499479933 9.50791133263991
0 68.505859375 18.359375 7.247523246483103 9.663364328644137
0 75.732421875 13.736979166666666 6.269115778861736 8.358821038482315
0 97.802734375 19.401041666666664 7.450290292806215 9.933720390408286
0 76.318359375 21.354166666666664 7.816313766397521 10.421751688530028
0 85.64453125 19.140625 7.400119417103358 9.866825889471144
0 97.412109375 24.4140625 8.357582969744357 11.143443959659143
0 94.04296875 30.208333333333332 9.296598029619028 12.395464039492039
0 91.064453125 22.786458333333336 8.074192233473482 10.765589644631309
0 89.013671875 17.252604166666664 7.025674092542321 9.367565456723094
0 52.685546875 19.921875 7.549631882844837 10.066175843793117
0 42.08984375 25.455729166666668 8.53401578009617 11.378687706794894
0 50.0 27.018229166666668 8.792028986137655 11.722705314850208
0 47.94921875 36.00260416666667 10.149102263376399 13.53213635116853
0 52.392578125 47.72135416666667 11.684686107834867 15.579581477113155
0 39.6484375 45.8984375 11.459340426952263 15.279120569269683
0 43.701171875 14.388020833333334 6.415953381844678 8.554604509126236
0 33.69140625 43.359375 11.137870844051916 14.850494458735888
0 39.94140625 13.346354166666666 6.179338602086361 8.239118136115147
0 35.009765625 61.067708333333336 13.218022355778636 17.624029807704847
0 38.134765625 12.5 5.980199567341744 7.973599423122326
0 40.33203125 86.9140625 15.76905600923317 21.025408012310894
0 36.669921875 15.169270833333334 6.587839704871492 8.783786273161988
0 70.41015625 96.80989583333334 16.642575933149388 22.190101244199187
0 34.66796875 16.861979166666664 6.945682786096826 9.260910381462436
0 91.357421875 92.44791666666666 16.26332103817655 21.684428050902063
0 31.103515625 12.630208333333334 6.011265748166568 8.015020997555423
0 25.87890625 30.208333333333332 9.296598029619028 12.395464039492039
0 33.0078125 11.71875 5.790303332827843 7.720404443770458
0 21.923828125 24.674479166666664 8.402038511923953 11.202718015898604
0 28.857421875 12.109375 5.886017310176364 7.848023080235151
0 19.140625 29.557291666666668 9.195873518871684 12.261164691828911
0 26.46484375 12.369791666666668 5.948971157720314 7.931961543627086
0 22.119140625 50.651041666666664 12.038014479563 16.050685972750667
0 22.314453125 13.346354166666666 6.179338602086361 8.239118136115147
0 15.673828125 39.84375 10.676791799643494 14.235722399524658
0 19.3359375 13.8671875 6.298757153488249 8.398342871317666
0 8.7890625 36.5234375 10.22224989284926 13.629666523799013
0 14.794921875 15.4296875 6.644147051109997 8.858862734813329
0 3.61328125 30.208333333333332 9.296598029619028 12.395464039492039
0 13.037109375 16.6015625 6.891839471823862 9.189119295765149
0 13.623046875 24.4140625 8.357582969744357 11.143443959659143
0 11.328125 16.731770833333336 6.9188135063199665 9.225084675093289
0 9.66796875 26.627604166666668 8.728240750778255 11.637654334371007
0 9.5703125 18.359375 7.247523246483103 9.663364328644137
0 5.517578125 23.893229166666664 8.267954824306681 11.023939765742242
0 8.3984375 17.122395833333336 6.9991119025755095 9.332149203434014
0 6.689453125 68.42447916666666 13.991569075131407 18.655425433508544
0 6.884765625 18.359375 7.247523246483103 9.663364328644137
0 1.66015625 57.356770833333336 12.810114661752536 17.080152882336716
0 5.810546875 16.731770833333336 6.9188135063199665 9.225084675093289
0 43.310546875 33.3984375 9.775157091093119 13.033542788124159
0 4.248046875 17.122395833333336 6.9991119025755095 9.332149203434014
0 52.978515625 12.630208333333334 6.011265748166568 8.015020997555423
0 1.85546875 16.861979166666664 6.945682786096826 9.260910381462436
0 49.31640625 20.833333333333336 7.720404443770458 10.293872591693944
0 19.140625 19.921875 7.549631882844837 10.066175843793117
0 47.4609375 13.4765625 6.209408553886659 8.279211405182211
0 30.224609375 17.903645833333336 7.157006469457137 9.542675292609516
0 57.51953125 13.8671875 6.298757153488249 8.398342871317666
0 26.46484375 17.903645833333336 7.157006469457137 9.542675292609516
0 50.732421875 16.9921875 6.972448522214271 9.296598029619028
0 30.517578125 15.169270833333334 6.587839704871492 8.783786273161988
0 91.845703125 18.75 7.32421875 9.765625
0 45.654296875 15.0390625 6.559504779115197 8.746006372153596
0 78.61328125 20.703125 7.6962403643301345 10.261653819106845
0 42.1875 16.6015625 6.891839471823862 9.189119295765149
0 17.1875 16.861979166666664 6.945682786096826 9.260910381462436
0 32.6171875 37.43489583333333 10.349014256477766 13.798685675303688
0 32.03125 29.036458333333332 9.114492506755418 12.15265667567389
