0 90.13671875 86.84895833333334 15.763148889337106 21.017531852449476
0 93.896484375 52.994791666666664 12.313379517719735 16.41783935695965
0 83.30078125 60.7421875 13.18274601224071 17.57699468298761
0 68.1640625 59.375 13.033542788124159 17.37805705083221
0 77.490234375 52.278645833333336 12.229898016060718 16.306530688080954
0 55.419921875 48.76302083333333 11.811524951393816 15.748699935191754
0 52.001953125 44.20572916666667 11.24604844524431 14.994731260325747
0 38.0859375 61.5234375 13.267251659719333 17.689668879625778
0 66.845703125 41.015625 10.832665618468535 14.443554157958047
0 25.244140625 65.625 13.702358594142853 18.269811458857134
0 18.408203125 47.33072916666667 11.63676511531837 15.515686820424493
0 -1.513671875 53.645833333333336 12.388783648794213 16.518378198392284
0 21.533203125 36.78385416666667 10.258628121320564 13.678170828427419
0 36.865234375 41.14583333333333 10.849846700824694 14.466462267766259
0 31.494140625 33.13802083333333 9.736972737758677 12.982630317011571
0 30.126953125 28.125 8.970299351012615 11.960399134683486
0 53.61328125 35.09114583333333 10.019809057239993 13.359745409653323
0 61.42578125 34.63541666666667 9.954532733337459 13.272710311116612
0 79.00390625 37.82552083333333 10.40286898746296 13.870491983283944
0 98.4375 33.85416666666667 9.841623227903504 13.122164303871338
0 88.330078125 30.989583333333332 9.416045300623482 12.554727067497975
0 74.658203125 31.4453125 9.485028239697298 12.646704319596397
0 62.01171875 28.125 8.970299351012615 11.960399134683486
0 49.169921875 27.083333333333332 8.802615418613255 11.736820558151006
0 5.6640625 30.989583333333332 9.416045300623482 12.554727067497975
0 22.75390625 24.0234375 8.290452702152177 11.053936936202902
0 13.623046875 28.7109375 9.063258303782652 12.084344405043536
0 31.73828125 19.140625 7.400119417103358 9.866825889471144
0 42.333984375 24.0234375 8.290452702152177 11.053936936202902
0 68.26171875 22.526041666666664 8.027921409891299 10.703895213188398
0 75.341796875 26.5625 8.717563999686098 11.62341866624813
0 77.685546875 20.8984375 7.732458166088822 10.309944221451763
0 83.154296875 15.364583333333334 6.6301150458985685 8.840153394531425
0 90.478515625 23.2421875 8.154534433525017 10.872712578033356
0 80.56640625 24.153645833333336 8.312889692307273 11.083852923076364
0 68.06640625 14.192708333333334 6.372257390692475 8.496343187589966
0 57.421875 20.833333333333336 7.720404443770458 10.293872591693944
0 59.912109375 23.958333333333336 8.279211405182211 11.038948540242949
0 64.404296875 14.6484375 6.473755931273323 8.631674575031097
0 59.375 17.317708333333336 7.038917599286375 9.385223465715166
0 61.181640625 21.158854166666664 7.780486318348366 10.373981757797822
0 72.16796875 17.513020833333336 7.0784994535786145 9.437999271438152
0 71.240234375 20.8984375 7.732458166088822 10.309944221451763
0 85.791015625 19.791666666666664 7.524919437217989 10.033225916290652
0 93.408203125 17.513020833333336 7.0784994535786145 9.437999271438152
0 87.40234375 16.341145833333336 6.837572174807153 9.116762899742872
0 81.103515625 13.541666666666666 6.224389054678692 8.299185406238257
0 96.875 22.721354166666664 8.062649422377262 10.75019922983635
0 56.005859375 15.4296875 6.644147051109997 8.858862734813329
0 51.123046875 17.513020833333336 7.0784994535786145 9.437999271438152
0 99.365234375 26.822916666666668 8.760192928715409 11.680257238287211
0 39.74609375 13.8671875 6.298757153488249 8.398342871317666
0 43.359375 16.080729166666664 6.782870718656271 9.043827624875028
0 35.400390625 15.885416666666666 6.741553355216833 8.988737806955777
0 23.876953125 12.6953125 6.026738787271576 8.0356517163621
0 4.150390625 18.033854166666664 7.182984799767957 9.577313066357275
0 14.697265625 21.484375 7.840107775064166 10.453477033418888
0 22.216796875 16.080729166666664 6.782870718656271 9.043827624875028
0 26.513671875 13.932291666666666 6.313525654778199 8.418034206370931
0 11.083984375 16.341145833333336 6.837572174807153 9.116762899742872
