0 7.958984375 24.4140625 8.357582969744357 11.143443959659143
0 4.58984375 21.2890625 7.804389558437758 10.405852744583676
0 7.666015625 17.7734375 7.130933499479933 9.50791133263991
0 12.01171875 18.098958333333336 7.195938795502683 9.594585060670244
0 9.27734375 19.401041666666664 7.450290292806215 9.933720390408286
0 6.005859375 18.489583333333336 7.273178276253042 9.697571035004056
0 5.126953125 17.643229166666664 7.104764847914316 9.473019797219088
0 3.076171875 18.229166666666664 7.221777078979024 9.629036105305365
0 2.34375 17.513020833333336 7.0784994535786145 9.437999271438152
0 1.66015625 18.619791666666664 7.298743129334349 9.731657505779133
0 0.732421875 18.1640625 7.208869513560617 9.611826018080823
0 0.87890625 19.921875 7.549631882844837 10.066175843793117
0 2.392578125 9.440104166666668 5.196956288429687 6.929275051239584
0 4.1015625 10.026041666666668 5.355813224726637 7.141084299635516
0 10.7421875 17.1875 7.012405574387241 9.349874099182989
0 18.310546875 19.075520833333336 7.3875234600282 9.850031280037602
0 2.783203125 22.4609375 8.016311973000304 10.688415964000404
0 23.828125 21.940104166666664 7.92282408798045 10.5637654506406
0 26.953125 20.638020833333336 7.684129829110212 10.245506438813615
0 24.365234375 16.731770833333336 6.9188135063199665 9.225084675093289
0 22.314453125 16.341145833333336 6.837572174807153 9.116762899742872
0 25.78125 16.080729166666664 6.782870718656271 9.043827624875028
0 24.169921875 13.411458333333334 6.194391824397107 8.259189099196142
0 26.85546875 15.0390625 6.559504779115197 8.746006372153596
0 30.810546875 15.494791666666666 6.658149484030587 8.877532645374115
0 31.34765625 14.322916666666666 6.401421192444773 8.53522825659303
0 34.1796875 16.731770833333336 6.9188135063199665 9.225084675093289
0 34.814453125 17.1875 7.012405574387241 9.349874099182989
0 37.40234375 19.075520833333336 7.3875234600282 9.850031280037602
0 36.962890625 14.322916666666666 6.401421192444773 8.53522825659303
0 42.08984375 21.744791666666664 7.887480458569388 10.51664061142585
0 40.576171875 15.755208333333334 6.7138671875 8.951822916666668
0 42.529296875 15.559895833333334 6.672122530845778 8.896163374461038
0 45.01953125 15.0390625 6.559504779115197 8.746006372153596
0 47.0703125 15.559895833333334 6.672122530845778 8.896163374461038
0 48.388671875 13.802083333333334 6.283953943473511 8.378605257964681
0 52.05078125 16.471354166666664 6.864759447755123 9.15301259700683
0 56.0546875 19.140625 7.400119417103358 9.866825889471144
0 68.017578125 25.1953125 8.490251308132054 11.320335077509403
0 85.498046875 41.27604166666667 10.867000619363317 14.489334159151088
0 55.56640625 14.6484375 6.473755931273323 8.631674575031097
0 57.03125 12.955729166666666 6.088237714617921 8.117650286157229
0 57.12890625 15.559895833333334 6.672122530845778 8.896163374461038
0 58.837890625 15.104166666666666 6.573687508709111 8.764916678278816
0 60.498046875 16.015625 6.7691262856502785 9.025501714200372
0 61.376953125 14.6484375 6.473755931273323 8.631674575031097
0 64.111328125 15.950520833333334 6.755353888299149 9.0071385177322
0 65.13671875 16.536458333333336 6.878312786611722 9.171083715482297
0 66.796875 15.950520833333334 6.755353888299149 9.0071385177322
0 69.384765625 14.713541666666666 6.488126106405426 8.650834808540568
0 74.951171875 19.921875 7.549631882844837 10.066175843793117
0 84.1796875 30.078125 9.276540621075844 12.368720828101127
0 71.826171875 17.7734375 7.130933499479933 9.50791133263991
0 75.78125 16.40625 6.8511792970714245 9.134905729428567
0 72.900390625 15.364583333333334 6.6301150458985685 8.840153394531425
0 77.34375 16.015625 6.7691262856502785 9.025501714200372
0 78.80859375 19.791666666666664 7.524919437217989 10.033225916290652
0 81.25 16.796875 6.932261164306974 9.243014885742634
0 83.251953125 20.833333333333336 7.720404443770458 10.293872591693944
0 86.767578125 23.372395833333336 8.177344364608315 10.903125819477753
0 90.91796875 22.916666666666664 8.097228492078614 10.796304656104818
0 98.291015625 32.68229166666667 9.669787303317175 12.893049737756234
0 99.21875 27.604166666666668 8.886852892188134 11.849137189584178
0 97.607421875 23.502604166666664 8.200090846279542 10.933454461706056
0 98.828125 19.596354166666664 7.487697843252746 9.983597124336994
0 99.609375 23.763020833333336 8.245395560367612 10.993860747156816
0 90.576171875 19.010416666666664 7.37490598974278 9.833207986323707
0 85.25390625 18.619791666666664 7.298743129334349 9.731657505779133
0 88.916015625 16.666666666666664 6.905339660024879 9.207119546699838
0 87.40234375 17.252604166666664 7.025674092542321 9.367565456723094
