0 4.58984375 18.359375 7.247523246483103 9.663364328644137
0 6.005859375 31.315104166666668 9.465370128949479 12.62049350526597
0 2.05078125 16.796875 6.932261164306974 9.243014885742634
0 7.080078125 21.549479166666664 7.85197774064246 10.469303654189947
0 3.90625 25.260416666666668 8.501213548086012 11.334951397448016
0 2.24609375 56.0546875 12.663875684354508 16.885167579139345
0 16.650390625 58.59375 12.947511862546646 17.263349150062194
0 4.296875 44.40104166666667 11.270865058971795 15.027820078629059
0 12.548828125 39.58333333333333 10.641843123878598 14.189124165171464
0 19.921875 39.71354166666667 10.65933178501769 14.212442380023585
0 27.734375 47.98177083333333 11.716524548616007 15.622032731488009
0 33.10546875 58.463541666666664 12.93311773707098 17.244156982761304
0 52.490234375 53.255208333333336 12.343596445408132 16.45812859387751
0 83.349609375 50.78125 12.053477574543152 16.0713034327242
0 96.533203125 53.125 12.32849723921152 16.437996318948695
0 93.1640625 45.76822916666667 11.443074499055587 15.25743266540745
0 84.86328125 43.75 11.187928942763282 14.917238590351042
0 74.609375 40.0390625 10.70292841598522 14.270571221313624
0 67.236328125 41.015625 10.832665618468535 14.443554157958047
0 54.98046875 43.03385416666667 11.095983253599758 14.794644338133011
0 54.296875 37.43489583333333 10.349014256477766 13.798685675303688
0 49.70703125 37.56510416666667 10.366996918617573 13.822662558156765
0 46.09375 40.55989583333333 10.77231603681811 14.363088049090814
0 39.404296875 37.23958333333333 10.321981521782082 13.762642029042777
0 34.521484375 43.03385416666667 11.095983253599758 14.794644338133011
0 98.974609375 41.015625 10.832665618468535 14.443554157958047
0 90.13671875 40.0390625 10.70292841598522 14.270571221313624
0 81.982421875 36.19791666666667 10.17659423860661 13.568792318142146
0 65.966796875 34.30989583333333 9.907643481901811 13.210191309202415
0 60.9375 34.24479166666667 9.898238977189243 13.197651969585658
0 47.16796875 33.07291666666667 9.727403229070575 12.9698709720941
0 41.796875 31.510416666666668 9.494842032534208 12.659789376712277
0 30.322265625 36.58854166666667 10.231356576074347 13.641808768099132
0 24.365234375 30.208333333333332 9.296598029619028 12.395464039492039
0 19.82421875 32.09635416666667 9.58271390875707 12.77695187834276
0 9.619140625 27.1484375 8.81318913463968 11.750918846186241
0 12.646484375 30.403645833333332 9.326603265341873 12.43547102045583
0 11.5234375 24.0234375 8.290452702152177 11.053936936202902
0 27.392578125 28.059895833333332 8.959911044862793 11.946548059817056
0 31.982421875 30.6640625 9.366460725843998 12.48861430112533
0 40.625 25.130208333333332 8.479274895904423 11.305699861205897
0 35.44921875 27.9296875 8.939098215256843 11.918797620342456
0 27.880859375 24.8046875 8.424178309229896 11.23223774563986
0 18.65234375 26.041666666666668 8.631674575031099 11.508899433374797
0 25.537109375 22.591145833333336 8.039514082226251 10.719352109635
0 31.982421875 21.549479166666664 7.85197774064246 10.469303654189947
0 39.892578125 21.354166666666664 7.816313766397521 10.421751688530028
0 29.150390625 21.158854166666664 7.780486318348366 10.373981757797822
0 23.681640625 21.354166666666664 7.816313766397521 10.421751688530028
0 12.646484375 21.6796875 7.875664001809045 10.500885335745393
0 4.833984375 21.158854166666664 7.780486318348366 10.373981757797822
0 10.107421875 18.098958333333336 7.195938795502683 9.594585060670244
0 8.49609375 19.205729166666664 7.412693970636669 9.883591960848893
0 9.619140625 19.661458333333336 7.500125566067204 10.00016742142294
0 11.1328125 19.53125 7.475249459177179 9.966999278902906
0 12.353515625 19.921875 7.549631882844837 10.066175843793117
0 16.50390625 19.205729166666664 7.412693970636669 9.883591960848893
0 16.9921875 21.028645833333336 7.756509415978292 10.342012554637723
0 17.236328125 22.330729166666664 7.993042513249997 10.657390017666662
0 20.99609375 22.135416666666664 7.958010748538389 10.610680998051187
0 18.896484375 20.768229166666664 7.708331872750909 10.277775830334546
0 22.4609375 18.75 7.32421875 9.765625
0 26.318359375 18.75 7.32421875 9.765625
0 23.876953125 14.518229166666666 6.444919458600731 8.593225944800976
0 24.70703125 16.796875 6.932261164306974 9.243014885742634
0 26.3671875 16.40625 6.8511792970714245 9.134905729428567
0 28.3203125 17.7734375 7.130933499479933 9.50791133263991
0 32.763671875 19.140625 7.400119417103358 9.866825889471144
0 32.763671875 17.1875 7.012405574387241 9.349874099182989
0 36.767578125 18.684895833333336 7.311492035346033 9.748656047128044
0 42.822265625 14.778645833333334 6.502464524127966 8.669952698837287
0 41.30859375 19.3359375 7.437779301119349 9.917039068159132
0 41.796875 22.265625 7.981382342908947 10.641843123878598
0 44.82421875 23.372395833333336 8.177344364608315 10.903125819477753
0 45.5078125 28.7109375 9.063258303782652 12.084344405043536
0 44.677734375 18.229166666666664 7.221777078979024 9.629036105305365
0 49.462890625 14.0625 6.342959500374307 8.457279333832409
0 45.068359375 16.2109375 6.810276368536802 9.080368491382403
0 39.794921875 16.796875 6.932261164306974 9.243014885742634
0 47.4609375 21.940104166666664 7.92282408798045 10.5637654506406
0 50.390625 29.1015625 9.124704826492952 12.166273101990603
0 50.048828125 20.3125 7.62328857226367 10.164384763018226
0 50.732421875 17.643229166666664 7.104764847914316 9.473019797219088
0 48.193359375 18.229166666666664 7.221777078979024 9.629036105305365
0 52.294921875 22.916666666666664 8.097228492078614 10.796304656104818
0 58.837890625 24.0234375 8.290452702152177 11.053936936202902
0 62.109375 30.2734375 9.306610523667546 12.408814031556727
0 66.748046875 30.989583333333332 9.416045300623482 12.554727067497975
0 72.119140625 30.989583333333332 9.416045300623482 12.554727067497975
0 80.56640625 32.2265625 9.60213178866716 12.802842384889546
0 94.23828125 35.02604166666667 10.010509928501419 13.347346571335224
0 87.890625 33.85416666666667 9.841623227903504 13.122164303871338
0 94.921875 31.184895833333332 9.445671106287941 12.594228141717254
0 90.13671875 30.2734375 9.306610523667546 12.408814031556727
0 85.546875 30.208333333333332 9.296598029619028 12.395464039492039
0 75.048828125 28.255208333333332 8.991039955234518 11.988053273646026
0 69.921875 27.604166666666668 8.886852892188134 11.849137189584178
0 66.89453125 24.609375 8.39094670707246 11.187928942763282
0 60.83984375 21.940104166666664 7.92282408798045 10.5637654506406
0 57.275390625 21.549479166666664 7.85197774064246 10.469303654189947
0 55.76171875 19.791666666666664 7.524919437217989 10.033225916290652
0 58.251953125 13.411458333333334 6.194391824397107 8.259189099196142
0 52.5390625 12.174479166666668 5.901818727360142 7.8690916364801895
0 55.76171875 16.796875 6.932261164306974 9.243014885742634
0 58.0078125 16.40625 6.8511792970714245 9.134905729428567
0 59.375 18.684895833333336 7.311492035346033 9.748656047128044
0 62.060546875 18.5546875 7.28597191547444 9.714629220632586
0 65.478515625 15.104166666666666 6.573687508709111 8.764916678278816
0 70.751953125 24.674479166666664 8.402038511923953 11.202718015898604
0 69.23828125 21.549479166666664 7.85197774064246 10.469303654189947
0 68.06640625 17.447916666666664 7.065330140863174 9.420440187817565
0 70.361328125 19.205729166666664 7.412693970636669 9.883591960848893
0 76.5625 24.153645833333336 8.312889692307273 11.083852923076364
0 81.34765625 26.692708333333332 8.738904457566134 11.651872610088178
0 78.90625 24.348958333333336 8.346432086900233 11.128576115866979
0 84.375 21.940104166666664 7.92282408798045 10.5637654506406
0 88.134765625 26.953125 8.78142979122202 11.708573054962693
0 90.91796875 27.9296875 8.939098215256843 11.918797620342456
0 98.33984375 30.2734375 9.306610523667546 12.408814031556727
0 94.775390625 28.385416666666668 9.011732824849489 12.015643766465985
0 96.875 26.627604166666668 8.728240750778255 11.637654334371007
0 90.33203125 26.627604166666668 8.728240750778255 11.637654334371007
0 92.724609375 25.911458333333332 8.610068346964042 11.480091129285388
0 91.30859375 25.260416666666668 8.501213548086012 11.334951397448016
0 94.189453125 24.8046875 8.424178309229896 11.23223774563986
0 97.265625 22.005208333333336 7.9345703125 10.579427083333332
0 95.166015625 21.158854166666664 7.780486318348366 10.373981757797822
0 91.650390625 23.111979166666664 8.131660519088275 10.842214025451032
0 89.55078125 21.6796875 7.875664001809045 10.500885335745393
0 78.662109375 21.223958333333336 7.792447103762027 10.389929471682702
0 85.83984375 19.466145833333336 7.462780310447684 9.950373747263578
0 2.880859375 20.1171875 7.586549618320344 10.115399491093791
0 28.076171875 13.736979166666666 6.269115778861736 8.358821038482315
0 36.865234375 16.341145833333336 6.837572174807153 9.116762899742872
0 47.705078125 15.625 6.686066375795484 8.914755167727312
0 46.337890625 15.299479166666666 6.61605328023645 8.821404373648601
0 87.451171875 21.484375 7.840107775064166 10.453477033418888
0 86.474609375 22.005208333333336 7.9345703125 10.579427083333332
