0 69.23828125 52.1484375 12.214658261834412 16.286211015779216
0 73.33984375 45.05208333333333 11.353195335533615 15.137593780711486
0 68.9453125 41.92708333333333 10.952367214920875 14.603156286561166
0 84.716796875 32.35677083333333 9.621510480001493 12.828680640001991
0 90.52734375 30.013020833333332 9.266495636406846 12.35532751520913
0 77.197265625 29.231770833333332 9.145095253766906 12.193460338355873
0 91.9921875 27.473958333333332 8.865868558553435 11.821158078071248
0 17.138671875 28.3203125 9.001392336274797 12.001856448366395
0 51.025390625 32.87760416666667 9.698638050580264 12.931517400773687
0 65.185546875 26.953125 8.78142979122202 11.708573054962693
0 5.6640625 25.911458333333332 8.610068346964042 11.480091129285388
0 4.6875 19.401041666666664 7.450290292806215 9.933720390408286
0 12.255859375 23.567708333333336 8.211440458419013 10.948587277892017
0 11.474609375 17.708333333333336 7.117861199762329 9.490481599683106
0 18.408203125 15.299479166666666 6.61605328023645 8.821404373648601
0 18.310546875 21.744791666666664 7.887480458569388 10.51664061142585
0 29.931640625 21.223958333333336 7.792447103762027 10.389929471682702
0 40.13671875 20.703125 7.6962403643301345 10.261653819106845
0 48.095703125 21.484375 7.840107775064166 10.453477033418888
0 20.01953125 42.44791666666667 11.020184378215204 14.693579170953605
0 93.1640625 45.18229166666667 11.36958984997385 15.159453133298467
0 99.169921875 41.40625 10.884127502518925 14.512170003358568
0 99.072265625 32.48697916666667 9.640850219074288 12.854466958765718
0 99.462890625 26.5625 8.717563999686098 11.62341866624813
0 87.6953125 27.083333333333332 8.802615418613255 11.736820558151006
0 88.0859375 19.270833333333336 7.425247229367944 9.900329639157258
0 85.7421875 25.0 8.457279333832409 11.276372445109878
0 92.48046875 23.307291666666664 8.165947363439729 10.88792981791964
0 98.291015625 21.614583333333336 7.863829789260941 10.485106385681254
0 83.935546875 20.052083333333336 7.574263699945591 10.099018266594122
0 78.857421875 22.395833333333336 8.00468569861084 10.672914264814453
0 32.275390625 17.708333333333336 7.117861199762329 9.490481599683106
0 19.921875 17.96875 7.170007400189656 9.56000986691954
0 31.103515625 16.796875 6.932261164306974 9.243014885742634
0 38.28125 14.908854166666666 6.531046923532928 8.708062564710572
0 26.46484375 17.1875 7.012405574387241 9.349874099182989
0 31.494140625 18.229166666666664 7.221777078979024 9.629036105305365
0 36.328125 20.572916666666664 7.672000176987631 10.229333569316841
0 63.916015625 14.2578125 6.386855937639267 8.515807916852356
0 78.271484375 19.270833333333336 7.425247229367944 9.900329639157258
0 63.623046875 23.828125 8.256682897014576 11.008910529352768
0 55.76171875 18.489583333333336 7.273178276253042 9.697571035004056
0 75.1953125 22.526041666666664 8.027921409891299 10.703895213188398
0 81.689453125 26.171875 8.653226854710587 11.537635806280782
0 76.5625 19.401041666666664 7.450290292806215 9.933720390408286
0 71.09375 20.963541666666664 7.7444931277157725 10.325990836954363
0 65.771484375 23.4375 8.188725503539269 10.918300671385692
0 66.259765625 18.098958333333336 7.195938795502683 9.594585060670244
