0 97.265625 56.0546875 12.663875684354508 16.885167579139345
0 86.42578125 61.5234375 13.267251659719333 17.689668879625778
0 84.716796875 50.065104166666664 11.968183319780016 15.957577759706687
0 92.96875 46.875 11.580606665655687 15.440808887540916
0 93.701171875 32.421875 9.631185203893738 12.84158027185832
0 87.3046875 37.63020833333333 10.3759765625 13.834635416666666
0 89.013671875 32.29166666666667 9.611826018080825 12.815768024107768
0 87.98828125 25.390625 8.523095729839442 11.364127639785922
0 83.203125 23.2421875 8.154534433525017 10.872712578033356
0 75.732421875 22.721354166666664 8.062649422377262 10.75019922983635
0 75.439453125 28.841145833333332 9.083786661460703 12.11171554861427
0 79.541015625 37.890625 10.411817693623036 13.88242359149738
0 74.072265625 31.640625 9.51443925056146 12.685919000748614
0 65.185546875 40.36458333333333 10.746348182164922 14.328464242886563
0 68.45703125 43.1640625 11.112757236348344 14.817009648464458
0 76.7578125 49.4140625 11.89011214525034 15.853482860333786
0 70.751953125 57.8125 12.860905460025315 17.14787394670042
0 59.326171875 53.125 12.32849723921152 16.437996318948695
0 53.41796875 49.15364583333333 11.85873976301602 15.811653017354693
0 51.07421875 41.47135416666667 10.892680845687712 14.523574460916949
0 49.365234375 35.61197916666667 10.093893681970965 13.458524909294619
0 54.052734375 31.901041666666668 9.55351308746248 12.738017449949975
0 59.912109375 25.390625 8.523095729839442 11.364127639785922
0 60.595703125 34.83072916666667 9.982560567502519 13.310080756670025
0 62.01171875 28.450520833333332 9.02206146184966 12.029415282466214
0 44.091796875 76.23697916666666 14.768742227249588 19.691656302999448
0 37.3046875 64.58333333333334 13.593174713940485 18.124232951920646
0 24.169921875 58.723958333333336 12.9618900034151 17.28252000455347
0 22.36328125 44.66145833333333 11.303869126862875 15.071825502483835
0 30.322265625 44.66145833333333 11.303869126862875 15.071825502483835
0 37.01171875 41.86197916666667 10.943860520654974 14.591814027539964
0 31.005859375 36.78385416666667 10.258628121320564 13.678170828427419
0 31.73828125 29.231770833333332 9.145095253766906 12.193460338355873
0 42.87109375 32.55208333333333 9.650505554713073 12.86734073961743
0 43.896484375 26.171875 8.653226854710587 11.537635806280782
0 47.94921875 22.330729166666664 7.993042513249997 10.657390017666662
0 50.341796875 26.953125 8.78142979122202 11.708573054962693
0 54.150390625 22.8515625 8.085718566584333 10.780958088779109
0 61.328125 21.6796875 7.875664001809045 10.500885335745393
0 52.34375 18.75 7.32421875 9.765625
0 57.6171875 14.2578125 6.386855937639267 8.515807916852356
0 62.5 16.6015625 6.891839471823862 9.189119295765149
0 50.244140625 20.052083333333336 7.574263699945591 10.099018266594122
0 40.283203125 20.182291666666664 7.598815672600545 10.13175423013406
0 45.263671875 16.341145833333336 6.837572174807153 9.116762899742872
0 51.5625 15.690104166666666 6.699981201202437 8.933308268269917
0 42.578125 18.619791666666664 7.298743129334349 9.731657505779133
0 59.423828125 20.638020833333336 7.684129829110212 10.245506438813615
0 48.876953125 17.447916666666664 7.065330140863174 9.420440187817565
0 54.052734375 14.2578125 6.386855937639267 8.515807916852356
0 59.228515625 18.098958333333336 7.195938795502683 9.594585060670244
0 54.833984375 16.080729166666664 6.782870718656271 9.043827624875028
0 42.08984375 23.6328125 8.222774405094897 10.963699206793196
0 40.283203125 15.950520833333334 6.755353888299149 9.0071385177322
0 36.1328125 18.619791666666664 7.298743129334349 9.731657505779133
0 31.93359375 16.861979166666664 6.945682786096826 9.260910381462436
0 27.9296875 23.2421875 8.154534433525017 10.872712578033356
0 23.2421875 19.791666666666664 7.524919437217989 10.033225916290652
0 29.443359375 19.270833333333336 7.425247229367944 9.900329639157258
0 20.361328125 18.098958333333336 7.195938795502683 9.594585060670244
0 19.970703125 25.0 8.457279333832409 11.276372445109878
0 20.068359375 34.83072916666667 9.982560567502519 13.310080756670025
0 23.876953125 25.520833333333332 8.544921875 11.393229166666668
0 18.994140625 30.143229166666668 9.286574740419274 12.382099653892366
0 11.23046875 26.432291666666668 8.696171172348027 11.594894896464037
0 11.71875 36.9140625 10.276768945607138 13.702358594142853
0 22.16796875 28.580729166666668 9.042683343523592 12.056911124698123
0 3.857421875 41.47135416666667 10.892680845687712 14.523574460916949
0 4.736328125 26.302083333333332 8.674725588105405 11.56630078414054
0 10.205078125 22.200520833333336 7.969705113037473 10.626273484049964
0 18.06640625 20.5078125 7.659851317145468 10.21313508952729
0 10.595703125 18.359375 7.247523246483103 9.663364328644137
0 4.736328125 19.401041666666664 7.450290292806215 9.933720390408286
0 10.400390625 15.559895833333334 6.672122530845778 8.896163374461038
0 16.89453125 15.950520833333334 6.755353888299149 9.0071385177322
0 4.931640625 15.950520833333334 6.755353888299149 9.0071385177322
0 13.0859375 15.690104166666666 6.699981201202437 8.933308268269917
0 6.54296875 16.731770833333336 6.9188135063199665 9.225084675093289
0 3.41796875 17.578125 7.091644310682526 9.455525747576702
0 2.1484375 17.1875 7.012405574387241 9.349874099182989
0 0.732421875 19.010416666666664 7.37490598974278 9.833207986323707
0 0.732421875 15.559895833333334 6.672122530845778 8.896163374461038
0 7.6171875 17.1875 7.012405574387241 9.349874099182989
0 15.380859375 15.4296875 6.644147051109997 8.858862734813329
0 13.916015625 17.708333333333336 7.117861199762329 9.490481599683106
0 13.28125 22.591145833333336 8.039514082226251 10.719352109635
0 18.359375 13.020833333333334 6.103515625 8.138020833333332
0 22.36328125 13.541666666666666 6.224389054678692 8.299185406238257
0 27.9296875 13.997395833333334 6.328259690346595 8.437679587128793
0 33.0078125 14.6484375 6.473755931273323 8.631674575031097
0 39.404296875 14.2578125 6.386855937639267 8.515807916852356
0 48.14453125 13.671875 6.254242410864013 8.338989881152017
0 52.34375 10.546875 5.4931640625 7.32421875
0 65.576171875 14.2578125 6.386855937639267 8.515807916852356
0 69.970703125 18.75 7.32421875 9.765625
0 67.1875 24.088541666666664 8.301678777304348 11.068905036405797
0 80.517578125 25.651041666666668 8.566692411876344 11.422256549168457
0 77.63671875 15.950520833333334 6.755353888299149 9.0071385177322
0 81.34765625 19.401041666666664 7.450290292806215 9.933720390408286
0 86.71875 19.661458333333336 7.500125566067204 10.00016742142294
0 94.775390625 22.4609375 8.016311973000304 10.688415964000404
0 97.75390625 27.5390625 8.876366926421502 11.835155901895336
0 99.072265625 41.2109375 10.85842704752026 14.477902730027015
0 99.365234375 51.171875 12.099748291991583 16.132997722655443
0 91.40625 17.838541666666664 7.143981879101334 9.525309172135112
0 83.740234375 16.2109375 6.810276368536802 9.080368491382403
0 75.341796875 15.559895833333334 6.672122530845778 8.896163374461038
0 66.9921875 16.9921875 6.972448522214271 9.296598029619028
0 59.228515625 14.6484375 6.473755931273323 8.631674575031097
0 71.2890625 22.200520833333336 7.969705113037473 10.626273484049964
0 79.638671875 21.419270833333336 7.828219811023351 10.437626414697803
0 86.1328125 16.731770833333336 6.9188135063199665 9.225084675093289
0 95.458984375 18.229166666666664 7.221777078979024 9.629036105305365
0 89.794921875 20.638020833333336 7.684129829110212 10.245506438813615
0 96.484375 19.661458333333336 7.500125566067204 10.00016742142294
0 93.701171875 25.651041666666668 8.566692411876344 11.422256549168457
0 10.693359375 72.91666666666666 14.443554157958047 19.25807221061073
0 91.30859375 92.70833333333334 16.286211015779216 21.714948021038957
0 1.26953125 57.421875 12.8173828125 17.08984375
0 9.423828125 52.34375 12.237510776222791 16.31668103496372
0 0.537109375 45.96354166666667 11.467464738803672 15.289952985071562
0 5.029296875 30.598958333333332 9.35651227829339 12.475349704391189
0 7.03125 19.53125 7.475249459177179 9.966999278902906
0 6.34765625 21.940104166666664 7.92282408798045 10.5637654506406
0 21.97265625 16.731770833333336 6.9188135063199665 9.225084675093289
0 26.85546875 18.359375 7.247523246483103 9.663364328644137
0 30.615234375 14.6484375 6.473755931273323 8.631674575031097
0 34.814453125 15.169270833333334 6.587839704871492 8.783786273161988
0 32.91015625 21.2890625 7.804389558437758 10.405852744583676
0 31.15234375 21.419270833333336 7.828219811023351 10.437626414697803
0 46.38671875 14.6484375 6.473755931273323 8.631674575031097
0 73.4375 16.861979166666664 6.945682786096826 9.260910381462436
0 83.837890625 20.768229166666664 7.708331872750909 10.277775830334546
0 85.498046875 22.330729166666664 7.993042513249997 10.657390017666662
0 92.28515625 23.111979166666664 8.131660519088275 10.842214025451032
