0 64.16015625 58.138020833333336 12.897062139352686 17.196082852470248
0 92.333984375 15.755208333333334 6.7138671875 8.951822916666668
0 93.359375 13.151041666666666 6.133957288281793 8.178609717709058
0 71.533203125 23.893229166666664 8.267954824306681 11.023939765742242
0 75.390625 31.25 9.4555257475767 12.607367663435602
0 85.107421875 34.89583333333333 9.991885707852113 13.322514277136149
0 79.8828125 37.43489583333333 10.349014256477766 13.798685675303688
0 64.0625 43.61979166666667 11.171267833082963 14.895023777443953
0 53.3203125 40.625 10.780958088779109 14.374610785038813
0 47.65625 35.9375 10.139921707663666 13.51989561021822
0 40.185546875 32.6171875 9.660151239834237 12.880201653112316
0 33.837890625 29.947916666666668 9.25643975103949 12.341919668052654
0 32.275390625 42.70833333333333 11.053936936202902 14.738582581603868
0 31.591796875 33.85416666666667 9.841623227903504 13.122164303871338
0 19.7265625 50.716145833333336 12.045748508295013 16.06099801106002
0 34.86328125 60.546875 13.161534822294815 17.548713096393087
0 6.0546875 63.8671875 13.517599237274231 18.023465649698974
0 1.708984375 59.309895833333336 13.02639524561343 17.368526994151242
0 4.8828125 40.75520833333333 10.79822144345345 14.397628591271266
0 13.96484375 39.12760416666667 10.580405165624827 14.107206887499771
0 9.86328125 29.622395833333332 9.205995562132786 12.274660749510382
0 1.85546875 30.533854166666668 9.346553241646458 12.462070988861944
0 23.583984375 31.4453125 9.485028239697298 12.646704319596397
0 18.701171875 28.7109375 9.063258303782652 12.084344405043536
0 43.798828125 22.395833333333336 8.00468569861084 10.672914264814453
0 49.462890625 21.614583333333336 7.863829789260941 10.485106385681254
0 55.56640625 13.932291666666666 6.313525654778199 8.418034206370931
0 59.66796875 22.8515625 8.085718566584333 10.780958088779109
0 60.693359375 33.07291666666667 9.727403229070575 12.9698709720941
0 68.9453125 22.526041666666664 8.027921409891299 10.703895213188398
0 64.84375 14.518229166666666 6.444919458600731 8.593225944800976
