0 3.369140625 13.541666666666666 6.224389054678692 8.299185406238257
0 3.515625 16.536458333333336 6.878312786611722 9.171083715482297
0 0.146484375 18.489583333333336 7.273178276253042 9.697571035004056
0 6.884765625 13.932291666666666 6.313525654778199 8.418034206370931
0 9.27734375 15.104166666666666 6.573687508709111 8.764916678278816
0 7.2265625 18.098958333333336 7.195938795502683 9.594585060670244
0 7.2265625 22.200520833333336 7.969705113037473 10.626273484049964
0 4.1015625 25.390625 8.523095729839442 11.364127639785922
0 11.42578125 15.234375 6.60196156395994 8.802615418613254
0 13.671875 14.453125 6.430452730012657 8.57393697335021
0 15.869140625 14.453125 6.430452730012657 8.57393697335021
0 12.548828125 17.578125 7.091644310682526 9.455525747576702
0 14.111328125 17.578125 7.091644310682526 9.455525747576702
0 13.525390625 28.450520833333332 9.02206146184966 12.029415282466214
0 20.8984375 38.4765625 10.492012596234792 13.989350128313058
0 14.74609375 41.66666666666667 10.918300671385692 14.557734228514258
0 17.822265625 13.346354166666666 6.179338602086361 8.239118136115147
0 19.23828125 13.932291666666666 6.313525654778199 8.418034206370931
0 22.16796875 12.5 5.980199567341744 7.973599423122326
0 23.681640625 12.434895833333332 5.964605800076924 7.952807733435899
0 23.14453125 14.2578125 6.386855937639267 8.515807916852356
0 21.728515625 17.1875 7.012405574387241 9.349874099182989
0 19.287109375 19.596354166666664 7.487697843252746 9.983597124336994
0 25.78125 14.192708333333334 6.372257390692475 8.496343187589966
0 27.5390625 14.6484375 6.473755931273323 8.631674575031097
0 27.197265625 20.182291666666664 7.598815672600545 10.13175423013406
0 30.56640625 13.932291666666666 6.313525654778199 8.418034206370931
0 31.54296875 13.28125 6.16424861960576 8.218998159474348
0 32.861328125 12.760416666666666 6.042172202521769 8.056229603362357
0 32.470703125 14.192708333333334 6.372257390692475 8.496343187589966
0 31.73828125 16.9921875 6.972448522214271 9.296598029619028
0 33.69140625 19.140625 7.400119417103358 9.866825889471144
0 35.205078125 14.84375 6.516771394062079 8.689028525416106
0 37.3046875 13.28125 6.16424861960576 8.218998159474348
0 38.818359375 14.388020833333334 6.415953381844678 8.554604509126236
0 40.0390625 14.2578125 6.386855937639267 8.515807916852356
0 42.3828125 12.044270833333332 5.870173358664351 7.826897811552468
0 43.603515625 13.541666666666666 6.224389054678692 8.299185406238257
0 44.482421875 14.2578125 6.386855937639267 8.515807916852356
0 46.337890625 13.346354166666666 6.179338602086361 8.239118136115147
0 43.505859375 16.080729166666664 6.782870718656271 9.043827624875028
0 40.771484375 21.028645833333336 7.756509415978292 10.342012554637723
0 48.291015625 11.848958333333332 5.8223828211483495 7.763177094864466
0 49.951171875 12.109375 5.886017310176364 7.848023080235151
0 51.513671875 10.7421875 5.543793372981247 7.391724497308329
0 53.759765625 14.127604166666666 6.3576253222655215 8.476833763020695
0 52.1484375 17.903645833333336 7.157006469457137 9.542675292609516
0 49.169921875 16.080729166666664 6.782870718656271 9.043827624875028
0 46.6796875 18.684895833333336 7.311492035346033 9.748656047128044
0 37.98828125 31.640625 9.51443925056146 12.685919000748614
0 55.126953125 12.434895833333332 5.964605800076924 7.952807733435899
0 53.662109375 11.653645833333332 5.7741967555006415 7.698929007334189
0 56.54296875 12.5 5.980199567341744 7.973599423122326
0 58.447265625 12.630208333333334 6.011265748166568 8.015020997555423
0 59.326171875 11.653645833333332 5.7741967555006415 7.698929007334189
0 61.083984375 11.197916666666668 5.660167538754702 7.546890051672936
0 59.47265625 15.625 6.686066375795484 8.914755167727312
0 64.94140625 12.239583333333332 5.917577950947668 7.8901039345968895
0 63.330078125 12.239583333333332 5.917577950947668 7.8901039345968895
0 63.427734375 14.192708333333334 6.372257390692475 8.496343187589966
0 63.623046875 16.796875 6.932261164306974 9.243014885742634
0 61.23046875 18.033854166666664 7.182984799767957 9.577313066357275
0 61.328125 27.669270833333332 8.897326499702912 11.863101999603883
0 59.5703125 22.005208333333336 7.9345703125 10.579427083333332
0 55.2734375 25.520833333333332 8.544921875 11.393229166666668
0 63.037109375 37.43489583333333 10.349014256477766 13.798685675303688
0 54.443359375 48.17708333333333 11.740346717328702 15.653795623104935
0 66.259765625 13.151041666666666 6.133957288281793 8.178609717709058
0 65.771484375 16.927083333333336 6.959078522333606 9.278771363111476
0 67.138671875 13.541666666666666 6.224389054678692 8.299185406238257
0 68.017578125 12.5 5.980199567341744 7.973599423122326
0 68.75 12.890625 6.072921369058959 8.097228492078614
0 69.970703125 12.760416666666666 6.042172202521769 8.056229603362357
0 68.603515625 16.6015625 6.891839471823862 9.189119295765149
0 72.509765625 13.28125 6.16424861960576 8.218998159474348
0 73.583984375 12.6953125 6.026738787271576 8.0356517163621
0 71.337890625 15.234375 6.60196156395994 8.802615418613254
0 71.044921875 17.3828125 7.052136235529384 9.40284831403918
0 75.244140625 12.955729166666666 6.088237714617921 8.117650286157229
0 75.146484375 15.234375 6.60196156395994 8.802615418613254
0 74.31640625 16.145833333333336 6.796587356970242 9.062116475960323
0 73.193359375 21.028645833333336 7.756509415978292 10.342012554637723
0 76.708984375 27.734375 8.907787792557633 11.877050390076842
0 78.90625 37.23958333333333 10.321981521782082 13.762642029042777
0 82.8125 32.29166666666667 9.611826018080825 12.815768024107768
0 95.361328125 43.29427083333333 11.129505937994672 14.839341250659563
0 94.775390625 69.921875 14.143835725410728 18.85844763388097
0 77.63671875 14.127604166666666 6.3576253222655215 8.476833763020695
0 79.00390625 14.778645833333334 6.502464524127966 8.669952698837287
0 79.98046875 16.341145833333336 6.837572174807153 9.116762899742872
0 77.880859375 18.880208333333336 7.349606066157407 9.799474754876544
0 83.10546875 14.778645833333334 6.502464524127966 8.669952698837287
0 81.005859375 21.484375 7.840107775064166 10.453477033418888
0 82.2265625 21.940104166666664 7.92282408798045 10.5637654506406
0 85.595703125 26.888020833333332 8.770817787597604 11.694423716796805
0 84.9609375 16.080729166666664 6.782870718656271 9.043827624875028
0 85.302734375 17.3828125 7.052136235529384 9.40284831403918
0 87.6953125 16.080729166666664 6.782870718656271 9.043827624875028
0 87.5 18.424479166666664 7.2603620931215325 9.680482790828709
0 87.79296875 21.744791666666664 7.887480458569388 10.51664061142585
0 90.52734375 19.791666666666664 7.524919437217989 10.033225916290652
0 90.380859375 26.302083333333332 8.674725588105405 11.56630078414054
0 93.45703125 32.6171875 9.660151239834237 12.880201653112316
0 98.974609375 34.44010416666667 9.926425761285763 13.235234348381017
0 92.333984375 17.578125 7.091644310682526 9.455525747576702
0 93.505859375 21.028645833333336 7.756509415978292 10.342012554637723
0 96.044921875 19.140625 7.400119417103358 9.866825889471144
0 98.4375 23.697916666666664 8.234092750996119 10.978790334661493
0 95.263671875 26.041666666666668 8.631674575031099 11.508899433374797
0 97.802734375 19.075520833333336 7.3875234600282 9.850031280037602
