0 94.921875 35.3515625 10.056919588186085 13.409226117581447
0 84.716796875 31.966145833333332 9.56325660155786 12.751008802077147
0 70.703125 34.63541666666667 9.954532733337459 13.272710311116612
0 98.095703125 31.4453125 9.485028239697298 12.646704319596397
0 88.57421875 29.361979166666668 9.16544031840894 12.220587091211922
0 82.763671875 23.502604166666664 8.200090846279542 10.933454461706056
0 54.78515625 29.6875 9.216106488367615 12.288141984490153
0 82.763671875 28.645833333333332 9.052976668817948 12.07063555842393
0 77.587890625 23.828125 8.256682897014576 11.008910529352768
0 95.3125 25.260416666666668 8.501213548086012 11.334951397448016
0 86.71875 24.21875 8.324085508414218 11.098780677885625
0 45.654296875 38.15104166666667 10.447535869521296 13.930047826028394
0 93.75 21.549479166666664 7.85197774064246 10.469303654189947
0 77.83203125 19.596354166666664 7.487697843252746 9.983597124336994
0 90.966796875 24.934895833333336 8.446260072691679 11.26168009692224
0 84.619140625 18.359375 7.247523246483103 9.663364328644137
0 78.22265625 16.276041666666664 6.823937919616058 9.09858389282141
0 90.0390625 20.5078125 7.659851317145468 10.21313508952729
0 49.072265625 29.4921875 9.185740321833748 12.247653762444997
0 74.4140625 14.84375 6.516771394062079 8.689028525416106
0 69.775390625 19.596354166666664 7.487697843252746 9.983597124336994
0 66.69921875 15.885416666666666 6.741553355216833 8.988737806955777
0 70.3125 15.559895833333334 6.672122530845778 8.896163374461038
0 65.13671875 14.84375 6.516771394062079 8.689028525416106
0 68.017578125 14.84375 6.516771394062079 8.689028525416106
0 61.962890625 14.322916666666666 6.401421192444773 8.53522825659303
0 55.56640625 15.885416666666666 6.741553355216833 8.988737806955777
0 40.087890625 28.450520833333332 9.02206146184966 12.029415282466214
0 52.392578125 12.174479166666668 5.901818727360142 7.8690916364801895
0 46.044921875 21.354166666666664 7.816313766397521 10.421751688530028
0 32.12890625 30.729166666666668 9.376398618003673 12.501864824004896
0 46.58203125 15.364583333333334 6.6301150458985685 8.840153394531425
0 26.953125 23.307291666666664 8.165947363439729 10.88792981791964
0 40.234375 15.885416666666666 6.741553355216833 8.988737806955777
0 35.83984375 21.940104166666664 7.92282408798045 10.5637654506406
0 21.6796875 22.265625 7.981382342908947 10.641843123878598
0 37.6953125 16.471354166666664 6.864759447755123 9.15301259700683
0 33.740234375 18.9453125 7.3622668956389274 9.816355860851903
0 7.861328125 22.4609375 8.016311973000304 10.688415964000404
0 16.650390625 22.786458333333336 8.074192233473482 10.765589644631309
0 10.25390625 18.5546875 7.28597191547444 9.714629220632586
0 18.603515625 15.559895833333334 6.672122530845778 8.896163374461038
0 27.099609375 16.9921875 6.972448522214271 9.296598029619028
0 13.037109375 17.708333333333336 7.117861199762329 9.490481599683106
0 23.779296875 17.317708333333336 7.038917599286375 9.385223465715166
0 2.44140625 19.075520833333336 7.3875234600282 9.850031280037602
0 30.2734375 16.796875 6.932261164306974 9.243014885742634
0 34.66796875 15.755208333333334 6.7138671875 8.951822916666668
0 32.275390625 14.6484375 6.473755931273323 8.631674575031097
0 21.923828125 17.513020833333336 7.0784994535786145 9.437999271438152
0 20.21484375 16.9921875 6.972448522214271 9.296598029619028
0 9.08203125 16.6015625 6.891839471823862 9.189119295765149
0 7.763671875 18.5546875 7.28597191547444 9.714629220632586
0 6.15234375 19.986979166666664 7.561957820656658 10.08261042754221
0 4.150390625 19.986979166666664 7.561957820656658 10.08261042754221
