0 19.287109375 11.9140625 5.838356466585996 7.784475288781327
0 17.822265625 17.057291666666664 6.985792933508055 9.31439057801074
0 10.400390625 14.583333333333334 6.459353786778786 8.612471715705048
0 10.302734375 24.609375 8.39094670707246 11.187928942763282
0 2.1484375 20.703125 7.6962403643301345 10.261653819106845
0 7.861328125 17.7734375 7.130933499479933 9.50791133263991
0 4.541015625 16.6015625 6.891839471823862 9.189119295765149
0 14.013671875 15.559895833333334 6.672122530845778 8.896163374461038
0 9.765625 16.276041666666664 6.823937919616058 9.09858389282141
0 16.064453125 14.453125 6.430452730012657 8.57393697335021
0 6.591796875 16.731770833333336 6.9188135063199665 9.225084675093289
0 22.216796875 13.151041666666666 6.133957288281793 8.178609717709058
0 2.685546875 16.015625 6.7691262856502785 9.025501714200372
0 23.53515625 13.736979166666666 6.269115778861736 8.358821038482315
0 6.005859375 14.973958333333334 6.545291317604741 8.727055090139656
0 25.29296875 12.6953125 6.026738787271576 8.0356517163621
0 5.615234375 27.473958333333332 8.865868558553435 11.821158078071248
0 0.390625 16.015625 6.7691262856502785 9.025501714200372
0 27.587890625 12.434895833333332 5.964605800076924 7.952807733435899
0 31.787109375 13.151041666666666 6.133957288281793 8.178609717709058
0 26.3671875 13.736979166666666 6.269115778861736 8.358821038482315
0 26.46484375 19.921875 7.549631882844837 10.066175843793117
0 32.666015625 12.5 5.980199567341744 7.973599423122326
0 38.76953125 11.067708333333332 5.627163365046928 7.502884486729237
0 29.98046875 12.890625 6.072921369058959 8.097228492078614
0 40.673828125 14.0625 6.342959500374307 8.457279333832409
0 44.677734375 13.216145833333334 6.149121606326259 8.198828808435012
0 49.21875 14.127604166666666 6.3576253222655215 8.476833763020695
0 54.00390625 13.020833333333334 6.103515625 8.138020833333332
0 46.09375 12.3046875 5.933295317145868 7.911060422861158
0 58.203125 12.630208333333334 6.011265748166568 8.015020997555423
0 54.443359375 9.830729166666668 5.303389647516714 7.071186196688951
0 48.095703125 18.489583333333336 7.273178276253042 9.697571035004056
0 44.43359375 17.447916666666664 7.065330140863174 9.420440187817565
0 39.16015625 20.1171875 7.586549618320344 10.115399491093791
0 35.05859375 14.453125 6.430452730012657 8.57393697335021
0 47.998046875 13.346354166666666 6.179338602086361 8.239118136115147
0 36.23046875 14.0625 6.342959500374307 8.457279333832409
0 49.072265625 12.5 5.980199567341744 7.973599423122326
0 60.9375 12.109375 5.886017310176364 7.848023080235151
0 67.3828125 11.9140625 5.838356466585996 7.784475288781327
0 75.537109375 12.174479166666668 5.901818727360142 7.8690916364801895
0 65.380859375 11.197916666666668 5.660167538754702 7.546890051672936
0 71.6796875 12.174479166666668 5.901818727360142 7.8690916364801895
0 68.212890625 15.494791666666666 6.658149484030587 8.877532645374115
0 78.076171875 13.411458333333334 6.194391824397107 8.259189099196142
0 82.080078125 14.453125 6.430452730012657 8.57393697335021
0 86.1328125 13.932291666666666 6.313525654778199 8.418034206370931
0 77.5390625 14.453125 6.430452730012657 8.57393697335021
0 84.521484375 15.299479166666666 6.61605328023645 8.821404373648601
0 43.84765625 11.979166666666668 5.854286527481347 7.805715369975129
0 87.841796875 15.690104166666666 6.699981201202437 8.933308268269917
0 93.017578125 16.731770833333336 6.9188135063199665 9.225084675093289
0 99.365234375 19.270833333333336 7.425247229367944 9.900329639157258
0 92.3828125 19.401041666666664 7.450290292806215 9.933720390408286
0 98.14453125 18.684895833333336 7.311492035346033 9.748656047128044
0 93.603515625 21.158854166666664 7.780486318348366 10.373981757797822
0 96.6796875 18.5546875 7.28597191547444 9.714629220632586
0 79.296875 17.643229166666664 7.104764847914316 9.473019797219088
0 83.203125 19.791666666666664 7.524919437217989 10.033225916290652
0 88.134765625 20.1171875 7.586549618320344 10.115399491093791
0 82.763671875 24.4140625 8.357582969744357 11.143443959659143
0 87.451171875 18.880208333333336 7.349606066157407 9.799474754876544
0 91.552734375 27.669270833333332 8.897326499702912 11.863101999603883
0 87.060546875 29.752604166666668 9.22620633412535 12.301608445500468
0 84.912109375 35.80729166666667 10.121535615098267 13.495380820131023
0 91.748046875 44.40104166666667 11.270865058971795 15.027820078629059
0 97.75390625 36.9140625 10.276768945607138 13.702358594142853
0 90.380859375 24.283854166666664 8.33526628646708 11.113688381956106
0 71.630859375 40.8203125 10.806842779312605 14.40912370575014
0 67.236328125 34.24479166666667 9.898238977189243 13.197651969585658
0 72.705078125 29.752604166666668 9.22620633412535 12.301608445500468
0 71.435546875 23.177083333333336 8.143105507889608 10.857474010519478
0 64.453125 26.888020833333332 8.770817787597604 11.694423716796805
0 64.599609375 20.638020833333336 7.684129829110212 10.245506438813615
0 75.439453125 49.609375 11.913587216762167 15.884782955682889
0 64.94140625 17.122395833333336 6.9991119025755095 9.332149203434014
0 58.984375 15.364583333333334 6.6301150458985685 8.840153394531425
0 60.009765625 23.567708333333336 8.211440458419013 10.948587277892017
0 84.521484375 59.309895833333336 13.02639524561343 17.368526994151242
0 53.125 24.283854166666664 8.33526628646708 11.113688381956106
0 42.7734375 21.223958333333336 7.792447103762027 10.389929471682702
0 45.60546875 27.9296875 8.939098215256843 11.918797620342456
0 45.8984375 34.5703125 9.945172568847854 13.26023009179714
0 48.6328125 51.5625 12.145842738117919 16.194456984157227
0 61.279296875 56.184895833333336 12.678575486963496 16.90476731595133
0 53.125 61.979166666666664 13.316298968061174 17.75506529074823
0 43.701171875 58.463541666666664 12.93311773707098 17.244156982761304
0 45.21484375 81.96614583333334 15.31362218053513 20.418162907380175
0 22.75390625 48.4375 11.772034620352729 15.696046160470303
0 2.44140625 68.9453125 14.044718626713685 18.726291502284912
0 2.685546875 55.924479166666664 12.649158798866397 16.865545065155196
0 33.154296875 40.49479166666667 10.763667046233154 14.351556061644205
0 27.392578125 29.036458333333332 9.114492506755418 12.15265667567389
0 33.447265625 26.692708333333332 8.738904457566134 11.651872610088178
0 32.6171875 18.9453125 7.3622668956389274 9.816355860851903
0 29.931640625 16.40625 6.8511792970714245 9.134905729428567
0 17.28515625 25.130208333333332 8.479274895904423 11.305699861205897
0 17.3828125 33.13802083333333 9.736972737758677 12.982630317011571
0 18.701171875 20.1171875 7.586549618320344 10.115399491093791
0 10.595703125 36.1328125 10.167438506443897 13.556584675258529
0 21.240234375 18.9453125 7.3622668956389274 9.816355860851903
0 5.517578125 39.0625 10.57159916729051 14.095465556387346
0 66.162109375 59.1796875 13.012088382158108 17.34945117621081
0 83.69140625 68.9453125 14.044718626713685 18.726291502284912
0 77.44140625 55.598958333333336 12.612291454938857 16.816388606585143
0 87.6953125 39.58333333333333 10.641843123878598 14.189124165171464
0 83.837890625 42.578125 11.037073559585647 14.716098079447528
0 93.017578125 35.67708333333333 10.103116062772735 13.470821417030313
0 94.82421875 30.143229166666668 9.286574740419274 12.382099653892366
0 98.92578125 50.390625 12.007028547916262 16.00937139722168
0 95.60546875 23.046875 8.120199399200482 10.82693253226731
0 88.28125 23.763020833333336 8.245395560367612 10.993860747156816
0 78.125 30.338541666666668 9.316612257369233 12.42214967649231
0 61.5234375 36.19791666666667 10.17659423860661 13.568792318142146
0 76.318359375 28.645833333333332 9.052976668817948 12.07063555842393
0 59.86328125 33.46354166666667 9.784679896167846 13.046239861557126
0 73.92578125 26.041666666666668 8.631674575031099 11.508899433374797
0 61.279296875 30.989583333333332 9.416045300623482 12.554727067497975
0 79.39453125 24.4140625 8.357582969744357 11.143443959659143
0 67.48046875 23.567708333333336 8.211440458419013 10.948587277892017
0 59.130859375 22.981770833333336 8.108722079825698 10.811629439767596
0 70.458984375 20.5078125 7.659851317145468 10.21313508952729
0 58.30078125 19.596354166666664 7.487697843252746 9.983597124336994
0 71.38671875 17.838541666666664 7.143981879101334 9.525309172135112
0 60.205078125 17.838541666666664 7.143981879101334 9.525309172135112
0 69.775390625 17.057291666666664 6.985792933508055 9.31439057801074
0 62.548828125 18.1640625 7.208869513560617 9.611826018080823
0 70.166015625 15.299479166666666 6.61605328023645 8.821404373648601
0 62.40234375 14.84375 6.516771394062079 8.689028525416106
0 73.095703125 16.015625 6.7691262856502785 9.025501714200372
0 60.595703125 15.104166666666666 6.573687508709111 8.764916678278816
0 74.853515625 17.96875 7.170007400189656 9.56000986691954
0 99.755859375 25.455729166666668 8.53401578009617 11.378687706794894
0 85.595703125 19.791666666666664 7.524919437217989 10.033225916290652
0 90.91796875 20.377604166666664 7.635495607419925 10.180660809893233
0 84.228515625 17.122395833333336 6.9991119025755095 9.332149203434014
0 76.708984375 16.731770833333336 6.9188135063199665 9.225084675093289
0 59.912109375 14.2578125 6.386855937639267 8.515807916852356
0 52.001953125 16.015625 6.7691262856502785 9.025501714200372
0 49.609375 21.744791666666664 7.887480458569388 10.51664061142585
0 52.783203125 18.1640625 7.208869513560617 9.611826018080823
0 43.06640625 24.544270833333336 8.379840220792225 11.173120294389632
0 50.048828125 27.9296875 8.939098215256843 11.918797620342456
0 49.609375 17.513020833333336 7.0784994535786145 9.437999271438152
0 40.625 37.3046875 10.331000292853245 13.77466705713766
0 46.826171875 43.359375 11.137870844051916 14.850494458735888
0 44.53125 49.21875 11.866590634291736 15.822120845722315
0 43.1640625 39.77864583333333 10.668065364348472 14.224087152464628
0 30.37109375 35.15625 10.029099563693228 13.372132751590971
0 37.841796875 16.536458333333336 6.878312786611722 9.171083715482297
0 42.28515625 14.453125 6.430452730012657 8.57393697335021
0 27.83203125 34.89583333333333 9.991885707852113 13.322514277136149
0 46.435546875 14.2578125 6.386855937639267 8.515807916852356
0 32.91015625 32.421875 9.631185203893738 12.84158027185832
0 25.78125 53.3203125 12.351139126494179 16.468185501992238
0 1.220703125 45.1171875 11.361395549918386 15.148527399891181
0 0.244140625 29.231770833333332 9.145095253766906 12.193460338355873
0 0.78125 22.786458333333336 8.074192233473482 10.765589644631309
0 13.28125 18.9453125 7.3622668956389274 9.816355860851903
0 8.0078125 21.549479166666664 7.85197774064246 10.469303654189947
0 1.220703125 18.359375 7.247523246483103 9.663364328644137
0 6.396484375 22.591145833333336 8.039514082226251 10.719352109635
0 29.00390625 21.549479166666664 7.85197774064246 10.469303654189947
0 28.466796875 16.536458333333336 6.878312786611722 9.171083715482297
0 37.98828125 14.2578125 6.386855937639267 8.515807916852356
0 26.07421875 15.8203125 6.72772451325946 8.970299351012613
0 15.087890625 16.731770833333336 6.9188135063199665 9.225084675093289
0 3.857421875 17.96875 7.170007400189656 9.56000986691954
0 56.591796875 13.736979166666666 6.269115778861736 8.358821038482315
0 65.283203125 13.8671875 6.298757153488249 8.398342871317666
0 66.455078125 21.744791666666664 7.887480458569388 10.51664061142585
