0 98.974609375 22.005208333333336 7.9345703125 10.579427083333332
0 98.193359375 32.55208333333333 9.650505554713073 12.86734073961743
0 99.70703125 25.78125 8.588407763348565 11.451210351131419
0 91.796875 34.1796875 9.888825528576445 13.185100704768596
0 88.916015625 29.231770833333332 9.145095253766906 12.193460338355873
0 98.095703125 19.661458333333336 7.500125566067204 10.00016742142294
0 94.580078125 24.0234375 8.290452702152177 11.053936936202902
0 79.638671875 24.479166666666664 8.36871899463018 11.15829199284024
0 97.509765625 21.09375 7.768507117527988 10.358009490037318
0 76.26953125 28.515625 9.03237828793258 12.043171050576774
0 97.314453125 23.6328125 8.222774405094897 10.963699206793196
0 75.830078125 22.65625 8.051090062422436 10.734786749896582
0 96.19140625 20.1171875 7.586549618320344 10.115399491093791
0 55.517578125 24.348958333333336 8.346432086900233 11.128576115866979
0 94.04296875 19.596354166666664 7.487697843252746 9.983597124336994
0 57.763671875 18.815104166666664 7.336923388776433 9.782564518368577
0 92.724609375 22.526041666666664 8.027921409891299 10.703895213188398
0 65.673828125 15.625 6.686066375795484 8.914755167727312
0 91.69921875 20.768229166666664 7.708331872750909 10.277775830334546
0 69.677734375 15.299479166666666 6.61605328023645 8.821404373648601
0 91.69921875 19.010416666666664 7.37490598974278 9.833207986323707
0 81.15234375 19.661458333333336 7.500125566067204 10.00016742142294
0 88.96484375 18.098958333333336 7.195938795502683 9.594585060670244
0 84.521484375 17.578125 7.091644310682526 9.455525747576702
0 26.806640625 22.981770833333336 8.108722079825698 10.811629439767596
0 82.421875 17.317708333333336 7.038917599286375 9.385223465715166
0 24.609375 18.294270833333336 7.234661615679748 9.646215487572997
0 80.908203125 16.796875 6.932261164306974 9.243014885742634
0 1.5625 20.1171875 7.586549618320344 10.115399491093791
0 6.494140625 21.158854166666664 7.780486318348366 10.373981757797822
0 10.400390625 19.140625 7.400119417103358 9.866825889471144
0 27.587890625 15.625 6.686066375795484 8.914755167727312
0 33.642578125 16.796875 6.932261164306974 9.243014885742634
0 0.341796875 18.294270833333336 7.234661615679748 9.646215487572997
0 6.640625 17.252604166666664 7.025674092542321 9.367565456723094
0 0.9765625 16.40625 6.8511792970714245 9.134905729428567
0 7.958984375 16.9921875 6.972448522214271 9.296598029619028
0 31.25 16.276041666666664 6.823937919616058 9.09858389282141
0 12.255859375 17.578125 7.091644310682526 9.455525747576702
0 15.283203125 16.080729166666664 6.782870718656271 9.043827624875028
0 48.583984375 20.963541666666664 7.7444931277157725 10.325990836954363
0 17.3828125 16.080729166666664 6.782870718656271 9.043827624875028
0 53.22265625 15.755208333333334 6.7138671875 8.951822916666668
0 14.16015625 17.7734375 7.130933499479933 9.50791133263991
0 2.099609375 18.098958333333336 7.195938795502683 9.594585060670244
0 39.16015625 15.559895833333334 6.672122530845778 8.896163374461038
0 3.7109375 18.294270833333336 7.234661615679748 9.646215487572997
0 40.91796875 24.348958333333336 8.346432086900233 11.128576115866979
0 71.044921875 22.526041666666664 8.027921409891299 10.703895213188398
0 41.89453125 16.796875 6.932261164306974 9.243014885742634
0 50.439453125 17.252604166666664 7.025674092542321 9.367565456723094
0 43.017578125 19.921875 7.549631882844837 10.066175843793117
0 59.912109375 13.736979166666666 6.269115778861736 8.358821038482315
0 56.73828125 14.908854166666666 6.531046923532928 8.708062564710572
0 51.07421875 14.583333333333334 6.459353786778786 8.612471715705048
0 78.369140625 19.010416666666664 7.37490598974278 9.833207986323707
0 75.09765625 14.778645833333334 6.502464524127966 8.669952698837287
0 61.81640625 14.778645833333334 6.502464524127966 8.669952698837287
0 54.638671875 13.932291666666666 6.313525654778199 8.418034206370931
0 36.669921875 16.145833333333336 6.796587356970242 9.062116475960323
0 45.21484375 16.276041666666664 6.823937919616058 9.09858389282141
0 47.607421875 14.778645833333334 6.502464524127966 8.669952698837287
0 55.517578125 15.4296875 6.644147051109997 8.858862734813329
0 71.6796875 19.596354166666664 7.487697843252746 9.983597124336994
0 78.271484375 16.40625 6.8511792970714245 9.134905729428567
0 43.45703125 15.299479166666666 6.61605328023645 8.821404373648601
0 67.724609375 16.6015625 6.891839471823862 9.189119295765149
0 67.1875 14.127604166666666 6.3576253222655215 8.476833763020695
0 79.638671875 19.140625 7.400119417103358 9.866825889471144
0 90.33203125 21.6796875 7.875664001809045 10.500885335745393
