0 94.3359375 69.27083333333334 14.07783519857275 18.77044693143033
0 64.892578125 76.43229166666666 14.787648241681783 19.71686432224238
0 40.0390625 87.23958333333334 15.798558478448225 21.064744637930964
0 6.0546875 66.40625 13.783678943647724 18.378238591530298
0 36.328125 67.31770833333334 13.877950440554287 18.503933920739048
0 33.49609375 52.473958333333336 12.25272210686324 16.336962809150986
0 42.1875 51.302083333333336 12.115132593554204 16.153510124738936
0 37.646484375 39.90885416666667 10.685511108405517 14.24734814454069
0 29.1015625 27.1484375 8.81318913463968 11.750918846186241
0 44.091796875 28.776041666666668 9.073528288158268 12.098037717544358
0 55.224609375 29.557291666666668 9.195873518871684 12.261164691828911
0 59.033203125 33.26822916666667 9.756083595670033 13.008111460893376
0 58.349609375 24.869791666666664 8.435226416678011 11.246968555570682
0 59.5703125 15.299479166666666 6.61605328023645 8.821404373648601
0 1.025390625 51.432291666666664 12.130497384247919 16.17399651233056
0 3.125 40.49479166666667 10.763667046233154 14.351556061644205
0 9.912109375 28.90625 9.094033462982996 12.125377950643994
0 2.1484375 26.692708333333332 8.738904457566134 11.651872610088178
0 6.73828125 18.880208333333336 7.349606066157407 9.799474754876544
0 13.37890625 18.619791666666664 7.298743129334349 9.731657505779133
0 32.373046875 23.828125 8.256682897014576 11.008910529352768
0 41.259765625 25.325520833333332 8.512161670520847 11.349548894027794
0 31.689453125 20.1171875 7.586549618320344 10.115399491093791
0 40.72265625 17.708333333333336 7.117861199762329 9.490481599683106
0 54.19921875 17.3828125 7.052136235529384 9.40284831403918
0 50.048828125 25.78125 8.588407763348565 11.451210351131419
0 51.3671875 18.619791666666664 7.298743129334349 9.731657505779133
0 58.154296875 19.3359375 7.437779301119349 9.917039068159132
0 76.708984375 26.3671875 8.685454999241765 11.580606665655687
0 81.396484375 41.53645833333333 10.901227477717134 14.53496997028951
0 90.869140625 52.9296875 12.305813692416963 16.407751589889283
0 72.509765625 53.971354166666664 12.426314130555623 16.568418840740833
0 91.9921875 40.95052083333333 10.824064850444458 14.432086467259278
0 97.16796875 44.40104166666667 11.270865058971795 15.027820078629059
0 62.5 40.75520833333333 10.79822144345345 14.397628591271266
0 65.673828125 47.20052083333333 11.620747537023785 15.494330049365049
0 69.384765625 36.58854166666667 10.231356576074347 13.641808768099132
0 70.60546875 30.013020833333332 9.266495636406846 12.35532751520913
0 70.60546875 22.0703125 7.946299173761924 10.595065565015899
0 63.96484375 27.734375 8.907787792557633 11.877050390076842
0 92.87109375 71.6796875 14.32051783038338 19.09402377384451
0 98.046875 31.640625 9.51443925056146 12.685919000748614
0 90.869140625 33.0078125 9.717824296930333 12.957099062573777
0 85.3515625 30.2734375 9.306610523667546 12.408814031556727
0 79.931640625 25.1953125 8.490251308132054 11.320335077509403
0 21.923828125 28.190104166666668 8.980675640601907 11.974234187469209
0 16.50390625 27.1484375 8.81318913463968 11.750918846186241
0 23.046875 39.12760416666667 10.580405165624827 14.107206887499771
0 83.984375 25.78125 8.588407763348565 11.451210351131419
0 93.5546875 27.864583333333332 8.928673607377803 11.904898143170405
0 25.9765625 20.703125 7.6962403643301345 10.261653819106845
0 16.40625 18.75 7.32421875 9.765625
0 24.267578125 17.122395833333336 6.9991119025755095 9.332149203434014
0 30.126953125 15.299479166666666 6.61605328023645 8.821404373648601
0 20.703125 20.5078125 7.659851317145468 10.21313508952729
0 14.84375 17.3828125 7.052136235529384 9.40284831403918
0 2.685546875 23.2421875 8.154534433525017 10.872712578033356
0 34.619140625 17.96875 7.170007400189656 9.56000986691954
0 43.505859375 17.708333333333336 7.117861199762329 9.490481599683106
0 47.802734375 23.567708333333336 8.211440458419013 10.948587277892017
0 64.6484375 22.65625 8.051090062422436 10.734786749896582
0 74.4140625 20.963541666666664 7.7444931277157725 10.325990836954363
0 67.333984375 22.916666666666664 8.097228492078614 10.796304656104818
0 79.150390625 18.294270833333336 7.234661615679748 9.646215487572997
0 87.6953125 27.604166666666668 8.886852892188134 11.849137189584178
0 81.54296875 23.372395833333336 8.177344364608315 10.903125819477753
0 89.16015625 23.697916666666664 8.234092750996119 10.978790334661493
0 94.677734375 33.0078125 9.717824296930333 12.957099062573777
0 94.3359375 23.828125 8.256682897014576 11.008910529352768
0 85.791015625 20.5078125 7.659851317145468 10.21313508952729
0 98.92578125 20.247395833333336 7.611061958825638 10.148082611767517
0 97.802734375 27.018229166666668 8.792028986137655 11.722705314850208
0 94.091796875 20.5078125 7.659851317145468 10.21313508952729
0 82.861328125 19.205729166666664 7.412693970636669 9.883591960848893
0 66.015625 16.471354166666664 6.864759447755123 9.15301259700683
0 76.46484375 21.2890625 7.804389558437758 10.405852744583676
0 91.40625 21.158854166666664 7.780486318348366 10.373981757797822
0 80.859375 18.1640625 7.208869513560617 9.611826018080823
0 44.970703125 22.65625 8.051090062422436 10.734786749896582
0 10.791015625 20.247395833333336 7.611061958825638 10.148082611767517
0 6.298828125 26.5625 8.717563999686098 11.62341866624813
0 88.4765625 19.791666666666664 7.524919437217989 10.033225916290652
0 65.234375 18.1640625 7.208869513560617 9.611826018080823
0 71.728515625 18.424479166666664 7.2603620931215325 9.680482790828709
0 97.16796875 23.372395833333336 8.177344364608315 10.903125819477753
0 88.134765625 17.3828125 7.052136235529384 9.40284831403918
0 77.490234375 20.247395833333336 7.611061958825638 10.148082611767517
0 92.87109375 17.3828125 7.052136235529384 9.40284831403918
0 83.642578125 32.55208333333333 9.650505554713073 12.86734073961743
0 68.45703125 15.4296875 6.644147051109997 8.858862734813329
0 75.341796875 17.708333333333336 7.117861199762329 9.490481599683106
0 57.2265625 14.84375 6.516771394062079 8.689028525416106
0 64.111328125 15.885416666666666 6.741553355216833 8.988737806955777
0 37.20703125 18.619791666666664 7.298743129334349 9.731657505779133
0 18.896484375 19.205729166666664 7.412693970636669 9.883591960848893
0 27.978515625 16.341145833333336 6.837572174807153 9.116762899742872
0 20.556640625 16.2109375 6.810276368536802 9.080368491382403
0 61.03515625 13.4765625 6.209408553886659 8.279211405182211
0 46.6796875 16.341145833333336 6.837572174807153 9.116762899742872
0 4.150390625 20.377604166666664 7.635495607419925 10.180660809893233
