0 54.541015625 41.015625 10.832665618468535 14.443554157958047
0 78.41796875 38.99739583333333 10.562785827561513 14.083714436748682
0 81.298828125 46.6796875 11.556455217749932 15.40860695699991
0 59.716796875 40.29947916666667 10.737678274999501 14.316904366666003
0 40.869140625 52.864583333333336 12.298243212652517 16.397657616870024
0 37.59765625 49.34895833333333 11.882276815143912 15.843035753525218
0 36.328125 39.84375 10.676791799643494 14.235722399524658
0 6.8359375 67.64322916666666 13.91146401372251 18.548618684963348
0 14.35546875 42.1875 10.986328125 14.6484375
0 20.01953125 36.26302083333333 10.185741740892722 13.580988987856962
0 10.3515625 33.7890625 9.832155574699105 13.109540766265473
0 5.810546875 27.408854166666668 8.855357744474432 11.807143659299243
0 81.0546875 35.09114583333333 10.019809057239993 13.359745409653323
0 94.384765625 43.48958333333333 11.154581837461587 14.872775783282115
0 95.263671875 61.393229166666664 13.253204803838173 17.670939738450897
0 94.23828125 38.4765625 10.492012596234792 13.989350128313058
0 86.474609375 31.770833333333332 9.53399618640949 12.711994915212655
0 91.9921875 28.255208333333332 8.991039955234518 11.988053273646026
0 76.171875 28.255208333333332 8.991039955234518 11.988053273646026
0 69.384765625 31.966145833333332 9.56325660155786 12.751008802077147
0 52.294921875 30.924479166666668 9.406149296522488 12.541532395363317
0 47.021484375 35.48177083333333 10.075423595714831 13.433898127619774
0 28.80859375 31.966145833333332 9.56325660155786 12.751008802077147
0 41.11328125 31.119791666666668 9.4358061729372 12.5810748972496
0 46.38671875 22.395833333333336 8.00468569861084 10.672914264814453
0 35.205078125 25.5859375 8.555814067917595 11.407752090556793
0 22.16796875 26.888020833333332 8.770817787597604 11.694423716796805
0 1.806640625 26.7578125 8.749555167743805 11.66607355699174
0 20.1171875 25.065104166666668 8.468284256293707 11.291045675058275
0 4.19921875 23.372395833333336 8.177344364608315 10.903125819477753
0 20.654296875 21.419270833333336 7.828219811023351 10.437626414697803
0 64.84375 25.5859375 8.555814067917595 11.407752090556793
0 78.564453125 22.200520833333336 7.969705113037473 10.626273484049964
0 91.357421875 23.763020833333336 8.245395560367612 10.993860747156816
0 81.8359375 22.591145833333336 8.039514082226251 10.719352109635
0 75.68359375 21.875 7.911060422861158 10.548080563814876
0 58.935546875 18.684895833333336 7.311492035346033 9.748656047128044
0 52.294921875 23.046875 8.120199399200482 10.82693253226731
0 38.720703125 19.7265625 7.512532730158185 10.01671030687758
0 29.6875 21.028645833333336 7.756509415978292 10.342012554637723
0 11.71875 20.8984375 7.732458166088822 10.309944221451763
0 24.51171875 19.856770833333336 7.537285788103314 10.049714384137753
0 34.47265625 19.205729166666664 7.412693970636669 9.883591960848893
0 51.171875 16.536458333333336 6.878312786611722 9.171083715482297
0 61.572265625 15.169270833333334 6.587839704871492 8.783786273161988
0 94.62890625 23.893229166666664 8.267954824306681 11.023939765742242
0 83.740234375 18.684895833333336 7.311492035346033 9.748656047128044
0 72.55859375 17.643229166666664 7.104764847914316 9.473019797219088
0 67.138671875 23.697916666666664 8.234092750996119 10.978790334661493
0 93.115234375 19.661458333333336 7.500125566067204 10.00016742142294
0 78.61328125 17.643229166666664 7.104764847914316 9.473019797219088
0 90.72265625 19.856770833333336 7.537285788103314 10.049714384137753
0 81.34765625 16.861979166666664 6.945682786096826 9.260910381462436
0 88.28125 24.544270833333336 8.379840220792225 11.173120294389632
0 99.462890625 21.6796875 7.875664001809045 10.500885335745393
0 58.349609375 15.625 6.686066375795484 8.914755167727312
0 43.06640625 18.489583333333336 7.273178276253042 9.697571035004056
0 31.591796875 19.856770833333336 7.537285788103314 10.049714384137753
0 16.015625 20.703125 7.6962403643301345 10.261653819106845
0 27.83203125 17.643229166666664 7.104764847914316 9.473019797219088
0 37.01171875 16.471354166666664 6.864759447755123 9.15301259700683
0 17.08984375 16.666666666666664 6.905339660024879 9.207119546699838
0 2.392578125 19.075520833333336 7.3875234600282 9.850031280037602
0 95.263671875 20.703125 7.6962403643301345 10.261653819106845
0 67.724609375 14.84375 6.516771394062079 8.689028525416106
0 48.828125 19.466145833333336 7.462780310447684 9.950373747263578
0 40.52734375 15.8203125 6.72772451325946 8.970299351012613
0 30.6640625 15.234375 6.60196156395994 8.802615418613254
0 23.291015625 15.625 6.686066375795484 8.914755167727312
0 13.134765625 18.294270833333336 7.234661615679748 9.646215487572997
0 9.9609375 18.033854166666664 7.182984799767957 9.577313066357275
0 7.373046875 18.684895833333336 7.311492035346033 9.748656047128044
0 45.654296875 16.015625 6.7691262856502785 9.025501714200372
0 55.76171875 22.721354166666664 8.062649422377262 10.75019922983635
0 54.736328125 18.033854166666664 7.182984799767957 9.577313066357275
0 33.984375 15.885416666666666 6.741553355216833 8.988737806955777
0 32.32421875 15.104166666666666 6.573687508709111 8.764916678278816
0 52.1484375 13.671875 6.254242410864013 8.338989881152017
0 48.681640625 16.276041666666664 6.823937919616058 9.09858389282141
0 76.3671875 18.294270833333336 7.234661615679748 9.646215487572997
0 88.28125 20.1171875 7.586549618320344 10.115399491093791
0 69.53125 20.703125 7.6962403643301345 10.261653819106845
