0 92.3828125 93.22916666666666 16.331894726879458 21.77585963583928
0 84.66796875 65.0390625 13.641050194474493 18.18806692596599
0 96.875 52.5390625 12.260320694946696 16.347094259928927
0 77.490234375 53.580729166666664 12.381263900818356 16.508351867757806
0 66.650390625 59.505208333333336 13.047826126972625 17.397101502630168
0 35.888671875 63.28125 13.455449026518924 17.94059870202523
0 4.00390625 73.69791666666666 14.520724186243065 19.360965581657418
0 1.123046875 58.138020833333336 12.897062139352686 17.196082852470248
0 19.873046875 49.08854166666667 11.850883690763915 15.801178254351885
0 1.025390625 43.75 11.187928942763282 14.917238590351042
0 19.287109375 33.59375 9.803697756475225 13.071597008633635
0 4.345703125 31.4453125 9.485028239697298 12.646704319596397
0 9.375 28.645833333333332 9.052976668817948 12.07063555842393
0 4.443359375 24.8046875 8.424178309229896 11.23223774563986
0 20.703125 27.083333333333332 8.802615418613255 11.736820558151006
0 15.8203125 23.893229166666664 8.267954824306681 11.023939765742242
0 12.109375 21.6796875 7.875664001809045 10.500885335745393
0 20.263671875 21.744791666666664 7.887480458569388 10.51664061142585
0 16.2109375 20.247395833333336 7.611061958825638 10.148082611767517
0 11.9140625 18.098958333333336 7.195938795502683 9.594585060670244
0 9.228515625 15.364583333333334 6.6301150458985685 8.840153394531425
0 13.671875 16.927083333333336 6.959078522333606 9.278771363111476
0 17.919921875 18.619791666666664 7.298743129334349 9.731657505779133
0 5.322265625 18.815104166666664 7.336923388776433 9.782564518368577
0 1.26953125 20.247395833333336 7.611061958825638 10.148082611767517
0 3.125 16.145833333333336 6.796587356970242 9.062116475960323
0 0.390625 16.9921875 6.972448522214271 9.296598029619028
0 17.529296875 15.755208333333334 6.7138671875 8.951822916666668
0 27.83203125 25.130208333333332 8.479274895904423 11.305699861205897
0 31.0546875 35.48177083333333 10.075423595714831 13.433898127619774
0 32.6171875 27.864583333333332 8.928673607377803 11.904898143170405
0 37.060546875 44.53125 11.287379155826983 15.049838874435977
0 53.3203125 49.86979166666667 11.944815546130936 15.92642072817458
0 64.697265625 42.7734375 11.062358984614171 14.74981197948556
0 61.474609375 36.06770833333333 10.158274522151634 13.544366029535512
0 61.083984375 30.924479166666668 9.406149296522488 12.541532395363317
0 51.5625 37.3046875 10.331000292853245 13.77466705713766
0 47.55859375 31.315104166666668 9.465370128949479 12.62049350526597
0 48.681640625 28.450520833333332 9.02206146184966 12.029415282466214
0 58.154296875 25.390625 8.523095729839442 11.364127639785922
0 41.845703125 25.390625 8.523095729839442 11.364127639785922
0 47.314453125 22.4609375 8.016311973000304 10.688415964000404
0 41.552734375 21.875 7.911060422861158 10.548080563814876
0 35.15625 19.661458333333336 7.500125566067204 10.00016742142294
0 31.0546875 21.2890625 7.804389558437758 10.405852744583676
0 24.90234375 19.466145833333336 7.462780310447684 9.950373747263578
0 20.1171875 16.731770833333336 6.9188135063199665 9.225084675093289
0 26.26953125 15.950520833333334 6.755353888299149 9.0071385177322
0 21.826171875 16.341145833333336 6.837572174807153 9.116762899742872
0 30.46875 19.010416666666664 7.37490598974278 9.833207986323707
0 28.564453125 13.671875 6.254242410864013 8.338989881152017
0 38.525390625 13.671875 6.254242410864013 8.338989881152017
0 39.35546875 13.8671875 6.298757153488249 8.398342871317666
0 31.201171875 15.0390625 6.559504779115197 8.746006372153596
0 37.109375 16.015625 6.7691262856502785 9.025501714200372
0 33.7890625 15.8203125 6.72772451325946 8.970299351012613
0 28.173828125 17.1875 7.012405574387241 9.349874099182989
0 40.673828125 19.010416666666664 7.37490598974278 9.833207986323707
0 41.650390625 16.015625 6.7691262856502785 9.025501714200372
0 46.826171875 15.0390625 6.559504779115197 8.746006372153596
0 57.6171875 11.783854166666668 5.806365231457656 7.741820308610207
0 58.30078125 13.671875 6.254242410864013 8.338989881152017
0 43.994140625 15.8203125 6.72772451325946 8.970299351012613
0 50.87890625 16.796875 6.932261164306974 9.243014885742634
0 60.302734375 21.875 7.911060422861158 10.548080563814876
0 48.974609375 18.880208333333336 7.349606066157407 9.799474754876544
0 97.265625 46.2890625 11.508000265481447 15.344000353975263
0 83.7890625 47.00520833333333 11.5966796875 15.462239583333334
0 79.8828125 38.54166666666667 10.500885335745396 14.001180447660527
0 88.916015625 39.51822916666667 10.633088006704314 14.177450675605751
0 99.12109375 41.27604166666667 10.867000619363317 14.489334159151088
0 99.31640625 33.203125 9.746532850751532 12.995377134335376
0 92.578125 29.752604166666668 9.22620633412535 12.301608445500468
0 88.037109375 33.65885416666667 9.813192865486773 13.084257153982362
0 73.4375 33.203125 9.746532850751532 12.995377134335376
0 74.462890625 28.841145833333332 9.083786661460703 12.11171554861427
0 66.259765625 24.21875 8.324085508414218 11.098780677885625
0 71.09375 22.330729166666664 7.993042513249997 10.657390017666662
0 64.404296875 16.731770833333336 6.9188135063199665 9.225084675093289
0 67.138671875 20.768229166666664 7.708331872750909 10.277775830334546
0 58.59375 18.684895833333336 7.311492035346033 9.748656047128044
0 61.083984375 15.364583333333334 6.6301150458985685 8.840153394531425
0 70.654296875 18.815104166666664 7.336923388776433 9.782564518368577
0 68.408203125 12.955729166666666 6.088237714617921 8.117650286157229
0 80.2734375 25.5859375 8.555814067917595 11.407752090556793
0 56.34765625 16.2109375 6.810276368536802 9.080368491382403
0 54.931640625 14.0625 6.342959500374307 8.457279333832409
0 24.12109375 15.364583333333334 6.6301150458985685 8.840153394531425
0 73.681640625 16.6015625 6.891839471823862 9.189119295765149
0 83.740234375 14.973958333333334 6.545291317604741 8.727055090139656
0 90.52734375 18.098958333333336 7.195938795502683 9.594585060670244
0 86.083984375 17.708333333333336 7.117861199762329 9.490481599683106
0 81.0546875 18.098958333333336 7.195938795502683 9.594585060670244
0 76.708984375 21.549479166666664 7.85197774064246 10.469303654189947
0 81.15234375 22.721354166666664 8.062649422377262 10.75019922983635
0 78.759765625 15.755208333333334 6.7138671875 8.951822916666668
0 85.791015625 21.2890625 7.804389558437758 10.405852744583676
0 88.818359375 27.994791666666668 8.94951068030712 11.932680907076158
0 99.169921875 28.255208333333332 8.991039955234518 11.988053273646026
0 90.52734375 25.520833333333332 8.544921875 11.393229166666668
0 98.828125 25.716145833333332 8.57755695956738 11.436742612756506
0 99.4140625 20.572916666666664 7.672000176987631 10.229333569316841
0 96.38671875 24.21875 8.324085508414218 11.098780677885625
0 92.822265625 24.283854166666664 8.33526628646708 11.113688381956106
0 89.501953125 20.768229166666664 7.708331872750909 10.277775830334546
0 94.43359375 19.791666666666664 7.524919437217989 10.033225916290652
