0 89.55078125 76.23697916666666 14.768742227249588 19.691656302999448
0 72.705078125 46.61458333333333 11.548393511001283 15.397858014668378
0 84.228515625 39.6484375 10.650591044076627 14.200788058768838
0 99.609375 51.432291666666664 12.130497384247919 16.17399651233056
0 66.455078125 37.109375 10.30392029793343 13.738560397244573
0 98.53515625 34.70052083333333 9.963884104806219 13.28517880640829
0 91.259765625 33.65885416666667 9.813192865486773 13.084257153982362
0 84.130859375 28.841145833333332 9.083786661460703 12.11171554861427
0 98.6328125 30.533854166666668 9.346553241646458 12.462070988861944
0 92.28515625 27.734375 8.907787792557633 11.877050390076842
0 79.931640625 23.697916666666664 8.234092750996119 10.978790334661493
0 98.92578125 26.236979166666668 8.66398288975732 11.551977186343091
0 92.578125 24.088541666666664 8.301678777304348 11.068905036405797
0 87.98828125 22.65625 8.051090062422436 10.734786749896582
0 99.12109375 19.7265625 7.512532730158185 10.01671030687758
0 84.130859375 19.7265625 7.512532730158185 10.01671030687758
0 76.318359375 20.377604166666664 7.635495607419925 10.180660809893233
0 63.037109375 28.385416666666668 9.011732824849489 12.015643766465985
0 91.6015625 19.856770833333336 7.537285788103314 10.049714384137753
0 67.87109375 16.2109375 6.810276368536802 9.080368491382403
0 96.2890625 21.028645833333336 7.756509415978292 10.342012554637723
0 71.38671875 15.950520833333334 6.755353888299149 9.0071385177322
0 94.287109375 21.6796875 7.875664001809045 10.500885335745393
0 80.517578125 14.84375 6.516771394062079 8.689028525416106
0 59.716796875 19.010416666666664 7.37490598974278 9.833207986323707
0 88.671875 19.856770833333336 7.537285788103314 10.049714384137753
0 75.48828125 17.838541666666664 7.143981879101334 9.525309172135112
0 64.84375 21.028645833333336 7.756509415978292 10.342012554637723
0 61.42578125 14.84375 6.516771394062079 8.689028525416106
0 51.806640625 21.158854166666664 7.780486318348366 10.373981757797822
0 46.142578125 16.2109375 6.810276368536802 9.080368491382403
0 28.564453125 25.9765625 8.620878229873984 11.494504306498644
0 39.404296875 20.8984375 7.732458166088822 10.309944221451763
0 48.2421875 19.140625 7.400119417103358 9.866825889471144
0 42.724609375 16.861979166666664 6.945682786096826 9.260910381462436
0 31.884765625 18.229166666666664 7.221777078979024 9.629036105305365
0 39.84375 18.098958333333336 7.195938795502683 9.594585060670244
0 14.208984375 46.22395833333333 11.499904590708478 15.33320612094464
0 13.18359375 21.549479166666664 7.85197774064246 10.469303654189947
0 8.154296875 23.046875 8.120199399200482 10.82693253226731
0 17.626953125 19.401041666666664 7.450290292806215 9.933720390408286
0 27.978515625 16.2109375 6.810276368536802 9.080368491382403
0 33.49609375 16.080729166666664 6.782870718656271 9.043827624875028
0 16.69921875 17.578125 7.091644310682526 9.455525747576702
0 36.9140625 16.080729166666664 6.782870718656271 9.043827624875028
0 44.23828125 15.299479166666666 6.61605328023645 8.821404373648601
0 40.33203125 15.950520833333334 6.755353888299149 9.0071385177322
0 9.375 20.247395833333336 7.611061958825638 10.148082611767517
0 13.671875 16.861979166666664 6.945682786096826 9.260910381462436
0 29.052734375 21.6796875 7.875664001809045 10.500885335745393
0 27.24609375 18.880208333333336 7.349606066157407 9.799474754876544
0 51.3671875 18.489583333333336 7.273178276253042 9.697571035004056
