0 43.1640625 85.80729166666666 15.668332095939252 20.891109461252334
0 37.744140625 63.606770833333336 13.49001227130148 17.986683028401973
0 39.990234375 52.864583333333336 12.298243212652517 16.397657616870024
0 31.93359375 43.29427083333333 11.129505937994672 14.839341250659563
0 22.265625 52.864583333333336 12.298243212652517 16.397657616870024
0 0.1953125 60.286458333333336 13.133199945892343 17.51093326118979
0 5.908203125 75.32552083333334 14.680192225104607 19.57358963347281
0 5.46875 40.10416666666667 10.711626449453275 14.282168599271033
0 2.880859375 30.338541666666668 9.316612257369233 12.42214967649231
0 18.994140625 31.901041666666668 9.55351308746248 12.738017449949975
0 31.201171875 33.72395833333333 9.82267879603948 13.096905061385971
0 42.041015625 32.74739583333333 9.679413773897526 12.905885031863368
0 49.853515625 38.15104166666667 10.447535869521296 13.930047826028394
0 60.693359375 34.89583333333333 9.991885707852113 13.322514277136149
0 67.138671875 44.40104166666667 11.270865058971795 15.027820078629059
0 77.05078125 54.557291666666664 12.49358489407881 16.658113192105077
0 63.76953125 57.161458333333336 12.788285424656348 17.05104723287513
0 84.9609375 64.97395833333334 13.634221132622484 18.17896151016331
0 93.505859375 69.59635416666666 14.110874049922964 18.814498733230618
0 96.484375 85.41666666666666 15.632627532795041 20.843503377060056
0 91.69921875 52.34375 12.237510776222791 16.31668103496372
0 92.28515625 42.578125 11.037073559585647 14.716098079447528
0 98.876953125 40.625 10.780958088779109 14.374610785038813
0 98.6328125 47.78645833333333 11.69265384562257 15.590205127496759
0 87.20703125 36.328125 10.194881035455362 13.593174713940485
0 89.0625 30.403645833333332 9.326603265341873 12.43547102045583
0 93.115234375 28.7109375 9.063258303782652 12.084344405043536
0 97.8515625 27.604166666666668 8.886852892188134 11.849137189584178
0 89.16015625 26.627604166666668 8.728240750778255 11.637654334371007
0 79.150390625 28.059895833333332 8.959911044862793 11.946548059817056
0 73.291015625 32.48697916666667 9.640850219074288 12.854466958765718
0 79.736328125 36.97916666666667 10.285827359834423 13.714436479779232
0 63.427734375 30.729166666666668 9.376398618003673 12.501864824004896
0 60.302734375 28.190104166666668 8.980675640601907 11.974234187469209
0 59.912109375 23.567708333333336 8.211440458419013 10.948587277892017
0 60.9375 18.619791666666664 7.298743129334349 9.731657505779133
0 67.87109375 21.614583333333336 7.863829789260941 10.485106385681254
0 73.4375 27.408854166666668 8.855357744474432 11.807143659299243
0 76.26953125 22.330729166666664 7.993042513249997 10.657390017666662
0 71.337890625 21.2890625 7.804389558437758 10.405852744583676
0 51.26953125 19.010416666666664 7.37490598974278 9.833207986323707
0 41.796875 24.088541666666664 8.301678777304348 11.068905036405797
0 48.779296875 22.0703125 7.946299173761924 10.595065565015899
0 52.001953125 27.604166666666668 8.886852892188134 11.849137189584178
0 34.228515625 27.278645833333332 8.83429859993294 11.779064799910586
0 28.076171875 22.916666666666664 8.097228492078614 10.796304656104818
0 21.38671875 26.041666666666668 8.631674575031099 11.508899433374797
0 16.796875 27.408854166666668 8.855357744474432 11.807143659299243
0 20.1171875 21.614583333333336 7.863829789260941 10.485106385681254
0 9.9609375 29.036458333333332 9.114492506755418 12.15265667567389
0 4.296875 25.390625 8.523095729839442 11.364127639785922
0 10.205078125 22.4609375 8.016311973000304 10.688415964000404
0 19.775390625 18.033854166666664 7.182984799767957 9.577313066357275
0 25.830078125 17.7734375 7.130933499479933 9.50791133263991
0 30.56640625 19.140625 7.400119417103358 9.866825889471144
0 37.109375 15.8203125 6.72772451325946 8.970299351012613
0 41.796875 20.833333333333336 7.720404443770458 10.293872591693944
0 49.853515625 16.015625 6.7691262856502785 9.025501714200372
0 42.041015625 13.997395833333334 6.328259690346595 8.437679587128793
0 62.79296875 11.197916666666668 5.660167538754702 7.546890051672936
0 64.013671875 16.861979166666664 6.945682786096826 9.260910381462436
0 67.578125 14.0625 6.342959500374307 8.457279333832409
0 72.94921875 19.661458333333336 7.500125566067204 10.00016742142294
0 80.517578125 22.916666666666664 8.097228492078614 10.796304656104818
0 85.7421875 23.4375 8.188725503539269 10.918300671385692
0 90.576171875 22.916666666666664 8.097228492078614 10.796304656104818
0 99.12109375 31.510416666666668 9.494842032534208 12.659789376712277
0 85.25390625 19.921875 7.549631882844837 10.066175843793117
0 89.453125 18.294270833333336 7.234661615679748 9.646215487572997
0 92.626953125 22.4609375 8.016311973000304 10.688415964000404
0 96.38671875 21.419270833333336 7.828219811023351 10.437626414697803
0 79.78515625 16.341145833333336 6.837572174807153 9.116762899742872
0 70.947265625 16.536458333333336 6.878312786611722 9.171083715482297
0 77.44140625 16.666666666666664 6.905339660024879 9.207119546699838
0 77.9296875 22.135416666666664 7.958010748538389 10.610680998051187
0 65.966796875 14.6484375 6.473755931273323 8.631674575031097
0 46.923828125 14.713541666666666 6.488126106405426 8.650834808540568
0 34.912109375 14.0625 6.342959500374307 8.457279333832409
0 44.53125 13.997395833333334 6.328259690346595 8.437679587128793
0 60.64453125 13.151041666666666 6.133957288281793 8.178609717709058
0 56.54296875 15.8203125 6.72772451325946 8.970299351012613
0 35.595703125 19.3359375 7.437779301119349 9.917039068159132
0 31.93359375 15.0390625 6.559504779115197 8.746006372153596
0 17.138671875 17.317708333333336 7.038917599286375 9.385223465715166
0 21.484375 14.713541666666666 6.488126106405426 8.650834808540568
0 28.41796875 18.1640625 7.208869513560617 9.611826018080823
0 6.103515625 19.986979166666664 7.561957820656658 10.08261042754221
0 11.181640625 17.7734375 7.130933499479933 9.50791133263991
0 24.31640625 15.690104166666666 6.699981201202437 8.933308268269917
0 12.060546875 14.322916666666666 6.401421192444773 8.53522825659303
0 3.61328125 18.033854166666664 7.182984799767957 9.577313066357275
0 7.373046875 15.690104166666666 6.699981201202437 8.933308268269917
0 52.734375 51.171875 12.099748291991583 16.132997722655443
0 61.1328125 36.84895833333333 10.267702539831983 13.690270053109312
0 79.98046875 39.6484375 10.650591044076627 14.200788058768838
0 50.78125 51.888020833333336 12.184121568406452 16.245495424541936
0 59.521484375 37.04427083333333 10.29487780360901 13.726503738145347
0 78.61328125 40.8203125 10.806842779312605 14.40912370575014
0 93.1640625 31.575520833333332 9.50464569238125 12.672860923174998
0 67.87109375 24.8046875 8.424178309229896 11.23223774563986
0 93.994140625 30.533854166666668 9.346553241646458 12.462070988861944
0 66.015625 24.609375 8.39094670707246 11.187928942763282
0 59.912109375 25.78125 8.588407763348565 11.451210351131419
0 42.48046875 26.3671875 8.685454999241765 11.580606665655687
0 27.783203125 24.934895833333336 8.446260072691679 11.26168009692224
0 4.78515625 32.48697916666667 9.640850219074288 12.854466958765718
0 31.787109375 38.02083333333333 10.429692071920813 13.906256095894417
0 3.41796875 33.85416666666667 9.841623227903504 13.122164303871338
0 33.30078125 37.3046875 10.331000292853245 13.77466705713766
0 50.87890625 20.3125 7.62328857226367 10.164384763018226
