0 68.408203125 34.1796875 9.888825528576445 13.185100704768596
0 65.8203125 23.502604166666664 8.200090846279542 10.933454461706056
0 53.857421875 39.19270833333333 10.589203840879804 14.118938454506406
0 86.181640625 28.776041666666668 9.073528288158268 12.098037717544358
0 81.73828125 20.377604166666664 7.635495607419925 10.180660809893233
0 80.517578125 16.861979166666664 6.945682786096826 9.260910381462436
0 77.001953125 17.838541666666664 7.143981879101334 9.525309172135112
0 75.830078125 16.276041666666664 6.823937919616058 9.09858389282141
0 65.625 16.6015625 6.891839471823862 9.189119295765149
0 67.578125 16.080729166666664 6.782870718656271 9.043827624875028
0 69.384765625 15.364583333333334 6.6301150458985685 8.840153394531425
0 24.365234375 26.106770833333332 8.642457433170346 11.52327657756046
0 15.673828125 20.833333333333336 7.720404443770458 10.293872591693944
0 5.078125 22.265625 7.981382342908947 10.641843123878598
0 28.369140625 16.731770833333336 6.9188135063199665 9.225084675093289
0 32.8125 17.252604166666664 7.025674092542321 9.367565456723094
0 18.5546875 13.802083333333334 6.283953943473511 8.378605257964681
0 93.212890625 23.6328125 8.222774405094897 10.963699206793196
0 98.73046875 24.609375 8.39094670707246 11.187928942763282
0 89.697265625 20.638020833333336 7.684129829110212 10.245506438813615
0 88.0859375 22.0703125 7.946299173761924 10.595065565015899
0 84.521484375 18.75 7.32421875 9.765625
0 86.083984375 18.815104166666664 7.336923388776433 9.782564518368577
0 60.546875 15.299479166666666 6.61605328023645 8.821404373648601
0 58.349609375 15.625 6.686066375795484 8.914755167727312
