0 39.0625 45.05208333333333 11.353195335533615 15.137593780711486
0 56.15234375 27.473958333333332 8.865868558553435 11.821158078071248
0 38.4765625 27.604166666666668 8.886852892188134 11.849137189584178
0 58.0078125 27.34375 8.84483443981289 11.793112586417188
0 48.583984375 23.046875 8.120199399200482 10.82693253226731
0 57.91015625 25.130208333333332 8.479274895904423 11.305699861205897
0 93.603515625 58.138020833333336 12.897062139352686 17.196082852470248
0 92.7734375 56.0546875 12.663875684354508 16.885167579139345
0 75.390625 25.651041666666668 8.566692411876344 11.422256549168457
0 95.654296875 53.125 12.32849723921152 16.437996318948695
0 95.947265625 39.77864583333333 10.668065364348472 14.224087152464628
0 94.287109375 24.479166666666664 8.36871899463018 11.15829199284024
0 89.0625 41.9921875 10.960867307170393 14.614489742893857
0 93.701171875 21.09375 7.768507117527988 10.358009490037318
0 82.470703125 53.7109375 12.396298835198914 16.528398446931885
0 97.607421875 25.260416666666668 8.501213548086012 11.334951397448016
0 78.857421875 56.0546875 12.663875684354508 16.885167579139345
0 96.240234375 22.786458333333336 8.074192233473482 10.765589644631309
0 99.072265625 34.30989583333333 9.907643481901811 13.210191309202415
0 99.169921875 23.307291666666664 8.165947363439729 10.88792981791964
0 90.234375 31.510416666666668 9.494842032534208 12.659789376712277
0 98.583984375 29.947916666666668 9.25643975103949 12.341919668052654
0 86.23046875 37.95572916666667 10.420758715187912 13.894344953583882
0 86.5234375 27.734375 8.907787792557633 11.877050390076842
0 76.26953125 29.296875 9.1552734375 12.20703125
0 86.328125 31.575520833333332 9.50464569238125 12.672860923174998
0 90.72265625 27.604166666666668 8.886852892188134 11.849137189584178
0 70.3125 40.29947916666667 10.737678274999501 14.316904366666003
0 76.171875 47.13541666666667 11.612730462915312 15.483640617220415
0 88.4765625 25.130208333333332 8.479274895904423 11.305699861205897
0 73.2421875 35.48177083333333 10.075423595714831 13.433898127619774
0 92.578125 24.869791666666664 8.435226416678011 11.246968555570682
0 79.248046875 26.692708333333332 8.738904457566134 11.651872610088178
0 90.625 23.828125 8.256682897014576 11.008910529352768
0 77.392578125 23.4375 8.188725503539269 10.918300671385692
0 90.72265625 21.223958333333336 7.792447103762027 10.389929471682702
0 80.712890625 20.247395833333336 7.611061958825638 10.148082611767517
0 87.890625 22.005208333333336 7.9345703125 10.579427083333332
0 75.9765625 20.833333333333336 7.720404443770458 10.293872591693944
0 84.228515625 24.088541666666664 8.301678777304348 11.068905036405797
0 62.939453125 52.083333333333336 12.20703125 16.276041666666664
0 85.05859375 19.986979166666664 7.561957820656658 10.08261042754221
0 61.376953125 41.86197916666667 10.943860520654974 14.591814027539964
0 79.833984375 23.4375 8.188725503539269 10.918300671385692
0 65.478515625 28.90625 9.094033462982996 12.125377950643994
0 78.955078125 17.643229166666664 7.104764847914316 9.473019797219088
0 57.12890625 36.78385416666667 10.258628121320564 13.678170828427419
0 76.708984375 17.7734375 7.130933499479933 9.50791133263991
0 59.66796875 33.26822916666667 9.756083595670033 13.008111460893376
0 78.173828125 20.5078125 7.659851317145468 10.21313508952729
0 67.724609375 25.0 8.457279333832409 11.276372445109878
0 73.4375 16.9921875 6.972448522214271 9.296598029619028
0 60.888671875 27.34375 8.84483443981289 11.793112586417188
0 70.01953125 22.916666666666664 8.097228492078614 10.796304656104818
0 55.17578125 24.869791666666664 8.435226416678011 11.246968555570682
0 70.60546875 19.7265625 7.512532730158185 10.01671030687758
0 58.69140625 22.265625 7.981382342908947 10.641843123878598
0 65.478515625 20.572916666666664 7.672000176987631 10.229333569316841
0 49.658203125 27.994791666666668 8.94951068030712 11.932680907076158
0 67.822265625 16.731770833333336 6.9188135063199665 9.225084675093289
0 45.947265625 23.697916666666664 8.234092750996119 10.978790334661493
0 62.060546875 18.294270833333336 7.234661615679748 9.646215487572997
0 43.798828125 31.575520833333332 9.50464569238125 12.672860923174998
0 62.939453125 16.2109375 6.810276368536802 9.080368491382403
0 51.85546875 17.903645833333336 7.157006469457137 9.542675292609516
0 41.30859375 43.75 11.187928942763282 14.917238590351042
0 59.5703125 16.9921875 6.972448522214271 9.296598029619028
0 39.6484375 34.5703125 9.945172568847854 13.26023009179714
0 54.78515625 14.778645833333334 6.502464524127966 8.669952698837287
0 43.603515625 85.22135416666666 15.614744635578651 20.819659514104867
0 56.73828125 16.080729166666664 6.782870718656271 9.043827624875028
0 39.2578125 65.36458333333334 13.675144349614307 18.233525799485744
0 52.44140625 14.778645833333334 6.502464524127966 8.669952698837287
0 45.556640625 59.440104166666664 13.04068641309906 17.38758188413208
0 44.189453125 16.6015625 6.891839471823862 9.189119295765149
0 26.806640625 56.184895833333336 12.678575486963496 16.90476731595133
0 45.361328125 17.513020833333336 7.0784994535786145 9.437999271438152
0 23.14453125 37.43489583333333 10.349014256477766 13.798685675303688
0 42.96875 19.986979166666664 7.561957820656658 10.08261042754221
0 31.689453125 25.651041666666668 8.566692411876344 11.422256549168457
0 47.998046875 20.377604166666664 7.635495607419925 10.180660809893233
0 26.806640625 24.088541666666664 8.301678777304348 11.068905036405797
0 46.337890625 19.596354166666664 7.487697843252746 9.983597124336994
0 38.28125 19.205729166666664 7.412693970636669 9.883591960848893
0 22.8515625 18.9453125 7.3622668956389274 9.816355860851903
0 40.234375 16.6015625 6.891839471823862 9.189119295765149
0 20.60546875 28.90625 9.094033462982996 12.125377950643994
0 35.25390625 18.033854166666664 7.182984799767957 9.577313066357275
0 2.44140625 71.61458333333334 14.314012938914274 19.085350585219032
0 36.9140625 17.122395833333336 6.9991119025755095 9.332149203434014
0 1.708984375 55.924479166666664 12.649158798866397 16.865545065155196
0 30.126953125 17.3828125 7.052136235529384 9.40284831403918
0 4.39453125 37.95572916666667 10.420758715187912 13.894344953583882
0 27.294921875 16.9921875 6.972448522214271 9.296598029619028
0 10.595703125 33.91927083333333 9.851081781963485 13.134775709284646
0 30.810546875 21.614583333333336 7.863829789260941 10.485106385681254
0 5.95703125 32.48697916666667 9.640850219074288 12.854466958765718
0 16.650390625 15.299479166666666 6.61605328023645 8.821404373648601
0 8.59375 27.864583333333332 8.928673607377803 11.904898143170405
0 16.064453125 19.596354166666664 7.487697843252746 9.983597124336994
0 4.19921875 25.78125 8.588407763348565 11.451210351131419
0 17.431640625 21.09375 7.768507117527988 10.358009490037318
0 5.56640625 20.5078125 7.659851317145468 10.21313508952729
0 20.3125 22.395833333333336 8.00468569861084 10.672914264814453
0 1.123046875 20.5078125 7.659851317145468 10.21313508952729
0 19.140625 18.424479166666664 7.2603620931215325 9.680482790828709
0 3.80859375 19.596354166666664 7.487697843252746 9.983597124336994
0 9.66796875 17.903645833333336 7.157006469457137 9.542675292609516
0 12.353515625 22.526041666666664 8.027921409891299 10.703895213188398
0 24.51171875 16.731770833333336 6.9188135063199665 9.225084675093289
0 10.693359375 20.1171875 7.586549618320344 10.115399491093791
0 21.6796875 17.122395833333336 6.9991119025755095 9.332149203434014
0 11.865234375 17.903645833333336 7.157006469457137 9.542675292609516
0 25.48828125 20.377604166666664 7.635495607419925 10.180660809893233
0 14.501953125 18.033854166666664 7.182984799767957 9.577313066357275
0 33.154296875 19.3359375 7.437779301119349 9.917039068159132
0 32.275390625 16.9921875 6.972448522214271 9.296598029619028
0 36.1328125 15.950520833333334 6.755353888299149 9.0071385177322
0 41.89453125 16.471354166666664 6.864759447755123 9.15301259700683
