0 34.228515625 18.359375 7.247523246483103 9.663364328644137
0 24.609375 16.2109375 6.810276368536802 9.080368491382403
0 5.517578125 18.684895833333336 7.311492035346033 9.748656047128044
0 32.51953125 16.861979166666664 6.945682786096826 9.260910381462436
0 38.0859375 15.755208333333334 6.7138671875 8.951822916666668
0 65.380859375 18.684895833333336 7.311492035346033 9.748656047128044
0 65.625 26.822916666666668 8.760192928715409 11.680257238287211
0 99.0234375 31.8359375 9.543759625922785 12.725012834563712
0 74.609375 18.229166666666664 7.221777078979024 9.629036105305365
0 90.0390625 18.359375 7.247523246483103 9.663364328644137
0 79.58984375 16.40625 6.8511792970714245 9.134905729428567
0 56.298828125 14.453125 6.430452730012657 8.57393697335021
0 45.60546875 15.299479166666666 6.61605328023645 8.821404373648601
0 68.65234375 15.494791666666666 6.658149484030587 8.877532645374115
0 40.966796875 15.299479166666666 6.61605328023645 8.821404373648601
0 73.4375 16.2109375 6.810276368536802 9.080368491382403
0 64.35546875 15.494791666666666 6.658149484030587 8.877532645374115
0 47.412109375 16.2109375 6.810276368536802 9.080368491382403
0 43.115234375 16.40625 6.8511792970714245 9.134905729428567
0 39.013671875 16.861979166666664 6.945682786096826 9.260910381462436
