0 41.845703125 83.65885416666666 15.470937323775116 20.627916431700154
0 37.353515625 64.97395833333334 13.634221132622484 18.17896151016331
0 67.7734375 60.091145833333336 13.111908605310568 17.482544807080757
0 82.91015625 77.47395833333334 14.888074850647545 19.85076646753006
0 91.064453125 94.140625 16.41153522918549 21.88204697224732
0 85.595703125 63.932291666666664 13.52448718637716 18.032649581836214
0 75.927734375 52.213541666666664 12.222280514221671 16.29637401896223
0 97.509765625 52.018229166666664 12.199399469791677 16.265865959722237
0 92.578125 45.37760416666667 11.394137391720257 15.192183188960342
0 98.486328125 42.25260416666667 10.994801962067763 14.659735949423682
0 87.255859375 38.41145833333333 10.483132346995646 13.977509795994195
0 79.78515625 38.80208333333333 10.536301575703167 14.048402100937555
0 65.576171875 41.66666666666667 10.918300671385692 14.557734228514258
0 52.099609375 50.651041666666664 12.038014479563 16.050685972750667
0 35.986328125 42.7734375 11.062358984614171 14.74981197948556
0 23.73046875 49.28385416666667 11.874436314907054 15.832581753209407
0 1.26953125 59.9609375 13.097695150070152 17.46359353342687
0 0.830078125 47.39583333333333 11.644765642296699 15.526354189728933
0 8.69140625 37.04427083333333 10.29487780360901 13.726503738145347
0 4.296875 29.166666666666668 9.134905729428569 12.17987430590476
0 10.15625 28.7109375 9.063258303782652 12.084344405043536
0 20.01953125 33.33333333333333 9.765625 13.020833333333334
0 32.03125 34.83072916666667 9.982560567502519 13.310080756670025
0 41.9921875 32.09635416666667 9.58271390875707 12.77695187834276
0 49.51171875 36.5234375 10.22224989284926 13.629666523799013
0 61.62109375 34.765625 9.973226707988399 13.297635610651199
0 62.255859375 29.947916666666668 9.25643975103949 12.341919668052654
0 50.732421875 28.515625 9.03237828793258 12.043171050576774
0 42.28515625 25.520833333333332 8.544921875 11.393229166666668
0 40.771484375 22.0703125 7.946299173761924 10.595065565015899
0 41.259765625 19.466145833333336 7.462780310447684 9.950373747263578
0 47.412109375 23.502604166666664 8.200090846279542 10.933454461706056
0 50.48828125 20.5078125 7.659851317145468 10.21313508952729
0 48.53515625 17.838541666666664 7.143981879101334 9.525309172135112
0 59.1796875 25.716145833333332 8.57755695956738 11.436742612756506
0 60.44921875 22.135416666666664 7.958010748538389 10.610680998051187
0 60.302734375 18.489583333333336 7.273178276253042 9.697571035004056
0 67.3828125 24.283854166666664 8.33526628646708 11.113688381956106
0 70.849609375 22.721354166666664 8.062649422377262 10.75019922983635
0 70.80078125 19.53125 7.475249459177179 9.966999278902906
0 74.8046875 33.13802083333333 9.736972737758677 12.982630317011571
0 75.048828125 28.3203125 9.001392336274797 12.001856448366395
0 79.296875 24.869791666666664 8.435226416678011 11.246968555570682
0 81.54296875 22.526041666666664 8.027921409891299 10.703895213188398
0 77.001953125 22.526041666666664 8.027921409891299 10.703895213188398
0 89.2578125 33.52864583333333 9.794193442310311 13.05892458974708
0 93.65234375 31.510416666666668 9.494842032534208 12.659789376712277
0 89.892578125 29.4921875 9.185740321833748 12.247653762444997
0 90.283203125 25.520833333333332 8.544921875 11.393229166666668
0 95.01953125 20.3125 7.62328857226367 10.164384763018226
0 87.40234375 22.721354166666664 8.062649422377262 10.75019922983635
0 92.431640625 24.934895833333336 8.446260072691679 11.26168009692224
0 94.677734375 24.283854166666664 8.33526628646708 11.113688381956106
0 99.21875 31.901041666666668 9.55351308746248 12.738017449949975
0 88.76953125 20.1171875 7.586549618320344 10.115399491093791
0 31.884765625 21.484375 7.840107775064166 10.453477033418888
0 26.611328125 23.763020833333336 8.245395560367612 10.993860747156816
0 21.142578125 26.3671875 8.685454999241765 11.580606665655687
0 12.3046875 22.135416666666664 7.958010748538389 10.610680998051187
0 4.58984375 24.283854166666664 8.33526628646708 11.113688381956106
0 20.263671875 21.2890625 7.804389558437758 10.405852744583676
0 17.28515625 20.247395833333336 7.611061958825638 10.148082611767517
0 17.3828125 18.489583333333336 7.273178276253042 9.697571035004056
0 12.109375 19.270833333333336 7.425247229367944 9.900329639157258
0 7.763671875 20.5078125 7.659851317145468 10.21313508952729
0 28.90625 20.052083333333336 7.574263699945591 10.099018266594122
0 27.5390625 19.010416666666664 7.37490598974278 9.833207986323707
0 37.5 19.661458333333336 7.500125566067204 10.00016742142294
0 35.107421875 16.40625 6.8511792970714245 9.134905729428567
0 3.271484375 19.921875 7.549631882844837 10.066175843793117
0 22.509765625 18.033854166666664 7.182984799767957 9.577313066357275
0 24.853515625 19.270833333333336 7.425247229367944 9.900329639157258
0 10.595703125 17.903645833333336 7.157006469457137 9.542675292609516
0 5.46875 18.684895833333336 7.311492035346033 9.748656047128044
0 33.251953125 27.669270833333332 8.897326499702912 11.863101999603883
0 86.181640625 18.294270833333336 7.234661615679748 9.646215487572997
0 81.884765625 18.489583333333336 7.273178276253042 9.697571035004056
0 78.076171875 18.098958333333336 7.195938795502683 9.594585060670244
0 60.693359375 13.671875 6.254242410864013 8.338989881152017
0 56.93359375 15.4296875 6.644147051109997 8.858862734813329
0 51.953125 17.447916666666664 7.065330140863174 9.420440187817565
0 28.173828125 13.4765625 6.209408553886659 8.279211405182211
0 18.65234375 15.494791666666666 6.658149484030587 8.877532645374115
0 14.0625 17.838541666666664 7.143981879101334 9.525309172135112
0 13.4765625 16.6015625 6.891839471823862 9.189119295765149
0 2.490234375 16.471354166666664 6.864759447755123 9.15301259700683
0 37.353515625 13.4765625 6.209408553886659 8.279211405182211
0 42.431640625 14.192708333333334 6.372257390692475 8.496343187589966
0 40.771484375 16.015625 6.7691262856502785 9.025501714200372
0 55.126953125 14.0625 6.342959500374307 8.457279333832409
0 57.958984375 14.0625 6.342959500374307 8.457279333832409
0 58.88671875 14.192708333333334 6.372257390692475 8.496343187589966
0 63.134765625 15.494791666666666 6.658149484030587 8.877532645374115
0 66.748046875 16.861979166666664 6.945682786096826 9.260910381462436
0 65.283203125 15.299479166666666 6.61605328023645 8.821404373648601
0 70.263671875 12.630208333333334 6.011265748166568 8.015020997555423
0 91.9921875 21.223958333333336 7.792447103762027 10.389929471682702
0 78.515625 15.625 6.686066375795484 8.914755167727312
0 44.384765625 16.6015625 6.891839471823862 9.189119295765149
0 32.51953125 16.666666666666664 6.905339660024879 9.207119546699838
0 31.005859375 15.885416666666666 6.741553355216833 8.988737806955777
0 25.29296875 15.625 6.686066375795484 8.914755167727312
0 21.484375 16.2109375 6.810276368536802 9.080368491382403
0 23.92578125 15.690104166666666 6.699981201202437 8.933308268269917
0 30.810546875 14.453125 6.430452730012657 8.57393697335021
0 8.935546875 18.619791666666664 7.298743129334349 9.731657505779133
0 99.560546875 29.1015625 9.124704826492952 12.166273101990603
