0 95.60546875 68.42447916666666 13.991569075131407 18.655425433508544
0 95.3125 56.640625 12.729891122201057 16.97318816293474
0 92.236328125 57.291666666666664 12.802842384889546 17.07045651318606
0 87.744140625 59.765625 13.076345999529144 17.43512799937219
0 88.427734375 55.403645833333336 12.590119228965008 16.78682563862001
0 91.943359375 46.54947916666667 11.54032617260073 15.38710156346764
0 81.982421875 61.263020833333336 13.239143044118567 17.652190725491423
0 76.85546875 58.854166666666664 12.976252212810852 17.301669617081135
0 65.869140625 62.630208333333336 13.386054809241521 17.848073078988694
0 65.673828125 76.171875 14.762434841855255 19.683246455807005
0 59.521484375 90.29947916666666 16.0732349637008 21.430979951601064
0 45.556640625 77.5390625 14.894329030654822 19.85910537420643
0 32.2265625 64.97395833333334 13.634221132622484 18.17896151016331
0 38.4765625 52.5390625 12.260320694946696 16.347094259928927
0 53.369140625 49.54427083333333 11.905767335895483 15.874356447860643
0 60.25390625 48.69791666666667 11.803637454720285 15.738183272960379
0 62.158203125 40.36458333333333 10.746348182164922 14.328464242886563
0 73.046875 40.36458333333333 10.746348182164922 14.328464242886563
0 77.685546875 38.73697916666667 10.527458685705774 14.036611580941033
0 90.576171875 37.5 10.358009490037318 13.810679320049758
0 94.189453125 29.6875 9.216106488367615 12.288141984490153
0 90.91796875 26.432291666666668 8.696171172348027 11.594894896464037
0 88.427734375 25.455729166666668 8.53401578009617 11.378687706794894
0 87.01171875 31.184895833333332 9.445671106287941 12.594228141717254
0 79.39453125 28.190104166666668 8.980675640601907 11.974234187469209
0 81.0546875 25.846354166666668 8.59924487524742 11.465659833663226
0 97.0703125 25.325520833333332 8.512161670520847 11.349548894027794
0 89.0625 17.122395833333336 6.9991119025755095 9.332149203434014
0 95.703125 19.986979166666664 7.561957820656658 10.08261042754221
0 99.0234375 21.614583333333336 7.863829789260941 10.485106385681254
0 84.619140625 16.6015625 6.891839471823862 9.189119295765149
0 98.876953125 24.348958333333336 8.346432086900233 11.128576115866979
0 92.724609375 19.7265625 7.512532730158185 10.01671030687758
0 87.20703125 17.7734375 7.130933499479933 9.50791133263991
0 78.369140625 23.958333333333336 8.279211405182211 11.038948540242949
0 70.99609375 31.0546875 9.425930915210266 12.567907886947022
0 75.29296875 30.078125 9.276540621075844 12.368720828101127
0 66.40625 30.794270833333332 9.386325988299376 12.515101317732501
0 62.060546875 24.8046875 8.424178309229896 11.23223774563986
0 67.529296875 26.432291666666668 8.696171172348027 11.594894896464037
0 71.2890625 23.4375 8.188725503539269 10.918300671385692
0 74.365234375 20.963541666666664 7.7444931277157725 10.325990836954363
0 76.85546875 23.4375 8.188725503539269 10.918300671385692
0 82.177734375 20.833333333333336 7.720404443770458 10.293872591693944
0 93.65234375 21.614583333333336 7.863829789260941 10.485106385681254
0 85.986328125 23.111979166666664 8.131660519088275 10.842214025451032
0 80.322265625 20.377604166666664 7.635495607419925 10.180660809893233
0 82.91015625 18.229166666666664 7.221777078979024 9.629036105305365
0 79.19921875 17.96875 7.170007400189656 9.56000986691954
0 74.70703125 15.625 6.686066375795484 8.914755167727312
0 71.09375 18.880208333333336 7.349606066157407 9.799474754876544
0 71.923828125 12.5 5.980199567341744 7.973599423122326
0 68.45703125 21.354166666666664 7.816313766397521 10.421751688530028
0 66.6015625 21.223958333333336 7.792447103762027 10.389929471682702
0 63.720703125 14.6484375 6.473755931273323 8.631674575031097
0 64.84375 16.145833333333336 6.796587356970242 9.062116475960323
0 62.158203125 15.494791666666666 6.658149484030587 8.877532645374115
0 59.521484375 14.388020833333334 6.415953381844678 8.554604509126236
0 21.58203125 55.403645833333336 12.590119228965008 16.78682563862001
0 23.73046875 47.59114583333333 11.66873431048899 15.55831241398532
0 7.2265625 57.486979166666664 12.824646844147154 17.099529125529536
0 2.099609375 93.1640625 16.32619125377839 21.768255005037854
0 5.078125 49.54427083333333 11.905767335895483 15.874356447860643
0 11.5234375 40.49479166666667 10.763667046233154 14.351556061644205
0 15.52734375 33.3984375 9.775157091093119 13.033542788124159
0 28.857421875 38.02083333333333 10.429692071920813 13.906256095894417
0 31.640625 31.315104166666668 9.465370128949479 12.62049350526597
0 34.814453125 31.4453125 9.485028239697298 12.646704319596397
0 38.4765625 32.16145833333333 9.592427762147041 12.789903682862722
0 42.08984375 31.770833333333332 9.53399618640949 12.711994915212655
0 42.3828125 25.065104166666668 8.468284256293707 11.291045675058275
0 45.166015625 24.21875 8.324085508414218 11.098780677885625
0 48.6328125 23.567708333333336 8.211440458419013 10.948587277892017
0 50.78125 24.348958333333336 8.346432086900233 11.128576115866979
0 49.560546875 21.354166666666664 7.816313766397521 10.421751688530028
0 53.173828125 23.4375 8.188725503539269 10.918300671385692
0 54.19921875 13.997395833333334 6.328259690346595 8.437679587128793
0 50.68359375 15.234375 6.60196156395994 8.802615418613254
0 44.7265625 16.40625 6.8511792970714245 9.134905729428567
0 56.15234375 16.276041666666664 6.823937919616058 9.09858389282141
0 57.861328125 15.494791666666666 6.658149484030587 8.877532645374115
0 49.560546875 18.75 7.32421875 9.765625
0 42.7734375 20.247395833333336 7.611061958825638 10.148082611767517
0 43.017578125 15.885416666666666 6.741553355216833 8.988737806955777
0 40.52734375 16.861979166666664 6.945682786096826 9.260910381462436
0 39.013671875 14.778645833333334 6.502464524127966 8.669952698837287
0 37.060546875 14.778645833333334 6.502464524127966 8.669952698837287
0 36.328125 17.252604166666664 7.025674092542321 9.367565456723094
0 37.060546875 21.484375 7.840107775064166 10.453477033418888
0 38.4765625 24.21875 8.324085508414218 11.098780677885625
0 40.13671875 21.223958333333336 7.792447103762027 10.389929471682702
0 53.564453125 17.643229166666664 7.104764847914316 9.473019797219088
0 51.708984375 17.643229166666664 7.104764847914316 9.473019797219088
0 27.5390625 25.325520833333332 8.512161670520847 11.349548894027794
0 30.615234375 25.716145833333332 8.57755695956738 11.436742612756506
0 32.421875 24.088541666666664 8.301678777304348 11.068905036405797
0 32.51953125 20.833333333333336 7.720404443770458 10.293872591693944
0 35.400390625 15.0390625 6.559504779115197 8.746006372153596
0 34.47265625 16.861979166666664 6.945682786096826 9.260910381462436
0 32.32421875 16.015625 6.7691262856502785 9.025501714200372
0 29.345703125 21.744791666666664 7.887480458569388 10.51664061142585
0 26.611328125 19.596354166666664 7.487697843252746 9.983597124336994
0 27.83203125 17.96875 7.170007400189656 9.56000986691954
0 28.3203125 14.6484375 6.473755931273323 8.631674575031097
0 25.87890625 15.0390625 6.559504779115197 8.746006372153596
0 25.244140625 16.40625 6.8511792970714245 9.134905729428567
0 23.291015625 24.8046875 8.424178309229896 11.23223774563986
0 20.3125 20.247395833333336 7.611061958825638 10.148082611767517
0 22.16796875 15.364583333333334 6.6301150458985685 8.840153394531425
0 19.287109375 22.4609375 8.016311973000304 10.688415964000404
0 26.806640625 22.0703125 7.946299173761924 10.595065565015899
0 24.0234375 17.513020833333336 7.0784994535786145 9.437999271438152
0 16.845703125 21.744791666666664 7.887480458569388 10.51664061142585
0 15.33203125 20.5078125 7.659851317145468 10.21313508952729
0 12.01171875 32.68229166666667 9.669787303317175 12.893049737756234
0 12.353515625 27.9296875 8.939098215256843 11.918797620342456
0 4.345703125 28.3203125 9.001392336274797 12.001856448366395
0 4.736328125 23.828125 8.256682897014576 11.008910529352768
0 10.400390625 24.479166666666664 8.36871899463018 11.15829199284024
0 10.400390625 20.963541666666664 7.7444931277157725 10.325990836954363
0 4.833984375 19.856770833333336 7.537285788103314 10.049714384137753
0 9.765625 15.625 6.686066375795484 8.914755167727312
0 12.353515625 16.276041666666664 6.823937919616058 9.09858389282141
0 14.794921875 13.997395833333334 6.328259690346595 8.437679587128793
0 17.48046875 15.494791666666666 6.658149484030587 8.877532645374115
0 19.287109375 16.6015625 6.891839471823862 9.189119295765149
0 52.1484375 12.760416666666666 6.042172202521769 8.056229603362357
0 37.79296875 18.489583333333336 7.273178276253042 9.697571035004056
0 6.298828125 16.9921875 6.972448522214271 9.296598029619028
0 12.548828125 20.247395833333336 7.611061958825638 10.148082611767517
