0 3.02734375 18.424479166666664 7.2603620931215325 9.680482790828709
0 10.400390625 17.7734375 7.130933499479933 9.50791133263991
0 26.46484375 15.755208333333334 6.7138671875 8.951822916666668
0 5.6640625 18.815104166666664 7.336923388776433 9.782564518368577
0 1.46484375 19.856770833333336 7.537285788103314 10.049714384137753
0 83.203125 21.549479166666664 7.85197774064246 10.469303654189947
0 4.1015625 18.5546875 7.28597191547444 9.714629220632586
0 88.134765625 20.8984375 7.732458166088822 10.309944221451763
0 98.388671875 20.8984375 7.732458166088822 10.309944221451763
0 85.3515625 19.270833333333336 7.425247229367944 9.900329639157258
0 80.810546875 19.466145833333336 7.462780310447684 9.950373747263578
0 74.169921875 18.75 7.32421875 9.765625
0 66.2109375 16.276041666666664 6.823937919616058 9.09858389282141
0 55.810546875 14.908854166666666 6.531046923532928 8.708062564710572
0 45.654296875 15.494791666666666 6.658149484030587 8.877532645374115
0 56.787109375 14.0625 6.342959500374307 8.457279333832409
0 60.83984375 14.713541666666666 6.488126106405426 8.650834808540568
