0 97.802734375 91.53645833333334 16.182951151810123 21.577268202413492
0 93.017578125 70.5078125 14.202973972436642 18.93729862991552
0 86.767578125 61.71875 13.288294102219997 17.717725469626664
0 76.123046875 52.083333333333336 12.20703125 16.276041666666664
0 63.4765625 55.338541666666664 12.582719804741396 16.776959739655194
0 47.119140625 67.578125 13.904767761101706 18.539690348135608
0 53.857421875 47.13541666666667 11.612730462915312 15.483640617220415
0 32.177734375 42.25260416666667 10.994801962067763 14.659735949423682
0 20.361328125 48.2421875 11.748276705883885 15.664368941178514
0 3.662109375 68.359375 13.984911178454102 18.646548237938802
0 11.5234375 35.7421875 10.11233003282525 13.483106710433667
0 0.634765625 57.03125 12.773711875278535 17.031615833704713
0 5.95703125 35.41666666666667 10.066175843793117 13.421567791724156
0 2.392578125 26.432291666666668 8.696171172348027 11.594894896464037
0 11.328125 27.5390625 8.876366926421502 11.835155901895336
0 18.359375 28.776041666666668 9.073528288158268 12.098037717544358
0 21.630859375 22.135416666666664 7.958010748538389 10.610680998051187
0 27.978515625 22.135416666666664 7.958010748538389 10.610680998051187
0 34.9609375 20.247395833333336 7.611061958825638 10.148082611767517
0 9.66796875 19.010416666666664 7.37490598974278 9.833207986323707
0 3.90625 21.809895833333336 7.8992792392241125 10.532372318965482
0 19.43359375 19.986979166666664 7.561957820656658 10.08261042754221
0 12.255859375 15.8203125 6.72772451325946 8.970299351012613
0 5.029296875 16.40625 6.8511792970714245 9.134905729428567
0 48.6328125 34.50520833333333 9.935803586486637 13.247738115315515
0 43.408203125 28.776041666666668 9.073528288158268 12.098037717544358
0 50.390625 26.953125 8.78142979122202 11.708573054962693
0 62.79296875 38.21614583333333 10.456446349494515 13.941928465992687
0 80.517578125 35.87239583333333 10.130732832457173 13.507643776609566
0 87.255859375 33.07291666666667 9.727403229070575 12.9698709720941
0 99.267578125 34.83072916666667 9.982560567502519 13.310080756670025
0 90.380859375 54.557291666666664 12.49358489407881 16.658113192105077
0 74.609375 30.598958333333332 9.35651227829339 12.475349704391189
0 80.17578125 25.065104166666668 8.468284256293707 11.291045675058275
0 92.08984375 29.1015625 9.124704826492952 12.166273101990603
0 43.310546875 23.046875 8.120199399200482 10.82693253226731
0 53.515625 22.916666666666664 8.097228492078614 10.796304656104818
0 60.107421875 22.591145833333336 8.039514082226251 10.719352109635
0 32.763671875 31.8359375 9.543759625922785 12.725012834563712
0 25.78125 17.057291666666664 6.985792933508055 9.31439057801074
0 18.1640625 16.731770833333336 6.9188135063199665 9.225084675093289
0 46.6796875 20.8984375 7.732458166088822 10.309944221451763
0 58.740234375 16.536458333333336 6.878312786611722 9.171083715482297
0 66.845703125 21.223958333333336 7.792447103762027 10.389929471682702
0 72.16796875 20.572916666666664 7.672000176987631 10.229333569316841
0 80.95703125 20.572916666666664 7.672000176987631 10.229333569316841
0 88.134765625 25.390625 8.523095729839442 11.364127639785922
0 95.947265625 20.572916666666664 7.672000176987631 10.229333569316841
0 84.326171875 16.276041666666664 6.823937919616058 9.09858389282141
0 76.318359375 15.8203125 6.72772451325946 8.970299351012613
0 86.42578125 15.625 6.686066375795484 8.914755167727312
0 62.20703125 12.825520833333334 6.057566296777102 8.076755062369468
0 71.923828125 16.080729166666664 6.782870718656271 9.043827624875028
0 76.806640625 22.265625 7.981382342908947 10.641843123878598
0 53.02734375 16.731770833333336 6.9188135063199665 9.225084675093289
0 47.607421875 13.346354166666666 6.179338602086361 8.239118136115147
0 40.966796875 12.6953125 6.026738787271576 8.0356517163621
0 32.6171875 14.0625 6.342959500374307 8.457279333832409
0 54.296875 13.4765625 6.209408553886659 8.279211405182211
0 24.853515625 13.020833333333334 6.103515625 8.138020833333332
0 18.84765625 13.346354166666666 6.179338602086361 8.239118136115147
0 13.525390625 14.2578125 6.386855937639267 8.515807916852356
0 8.88671875 16.40625 6.8511792970714245 9.134905729428567
0 2.24609375 16.080729166666664 6.782870718656271 9.043827624875028
0 15.8203125 15.169270833333334 6.587839704871492 8.783786273161988
0 0.87890625 16.276041666666664 6.823937919616058 9.09858389282141
0 20.556640625 13.4765625 6.209408553886659 8.279211405182211
0 36.1328125 13.802083333333334 6.283953943473511 8.378605257964681
0 23.583984375 13.802083333333334 6.283953943473511 8.378605257964681
0 35.546875 16.731770833333336 6.9188135063199665 9.225084675093289
0 22.216796875 13.932291666666666 6.313525654778199 8.418034206370931
0 42.626953125 13.4765625 6.209408553886659 8.279211405182211
0 49.8046875 17.057291666666664 6.985792933508055 9.31439057801074
0 58.49609375 13.151041666666666 6.133957288281793 8.178609717709058
0 49.21875 13.346354166666666 6.179338602086361 8.239118136115147
0 55.56640625 12.565104166666666 5.995752778438873 7.9943370379184975
0 37.841796875 13.151041666666666 6.133957288281793 8.178609717709058
0 99.267578125 16.080729166666664 6.782870718656271 9.043827624875028
0 78.662109375 13.346354166666666 6.179338602086361 8.239118136115147
0 95.703125 17.7734375 7.130933499479933 9.50791133263991
0 88.8671875 16.40625 6.8511792970714245 9.134905729428567
0 68.115234375 12.825520833333334 6.057566296777102 8.076755062369468
0 82.6171875 14.583333333333334 6.459353786778786 8.612471715705048
0 93.26171875 15.8203125 6.72772451325946 8.970299351012613
0 98.486328125 24.479166666666664 8.36871899463018 11.15829199284024
0 38.0859375 18.880208333333336 7.349606066157407 9.799474754876544
0 29.98046875 16.731770833333336 6.9188135063199665 9.225084675093289
0 65.33203125 13.151041666666666 6.133957288281793 8.178609717709058
0 29.833984375 12.369791666666668 5.948971157720314 7.931961543627086
0 70.8984375 13.346354166666666 6.179338602086361 8.239118136115147
0 34.375 14.388020833333334 6.415953381844678 8.554604509126236
0 44.3359375 13.020833333333334 6.103515625 8.138020833333332
0 86.669921875 20.572916666666664 7.672000176987631 10.229333569316841
0 97.55859375 19.205729166666664 7.412693970636669 9.883591960848893
0 89.990234375 14.583333333333334 6.459353786778786 8.612471715705048
0 96.630859375 14.388020833333334 6.415953381844678 8.554604509126236
0 91.162109375 14.2578125 6.386855937639267 8.515807916852356
0 98.33984375 14.713541666666666 6.488126106405426 8.650834808540568
0 87.939453125 15.0390625 6.559504779115197 8.746006372153596
0 70.068359375 17.1875 7.012405574387241 9.349874099182989
0 46.2890625 14.583333333333334 6.459353786778786 8.612471715705048
0 72.509765625 33.59375 9.803697756475225 13.071597008633635
0 58.59375 25.520833333333332 8.544921875 11.393229166666668
0 77.734375 38.671875 10.518608361580863 14.024811148774482
0 71.484375 28.776041666666668 9.073528288158268 12.098037717544358
0 78.41796875 24.934895833333336 8.446260072691679 11.26168009692224
0 60.546875 18.75 7.32421875 9.765625
0 67.431640625 17.643229166666664 7.104764847914316 9.473019797219088
0 75.634765625 12.6953125 6.026738787271576 8.0356517163621
0 3.662109375 33.26822916666667 9.756083595670033 13.008111460893376
0 1.708984375 32.35677083333333 9.621510480001493 12.828680640001991
