0 87.3046875 87.95572916666666 15.863270774373811 21.15102769916508
0 95.80078125 64.32291666666666 13.565741437312543 18.087655249750057
0 96.58203125 51.822916666666664 12.176475429235841 16.235300572314458
0 80.859375 37.5 10.358009490037318 13.810679320049758
0 88.916015625 35.67708333333333 10.103116062772735 13.470821417030313
0 90.478515625 30.598958333333332 9.35651227829339 12.475349704391189
0 65.283203125 38.99739583333333 10.562785827561513 14.083714436748682
0 63.232421875 32.8125 9.689030680168178 12.918707573557572
0 46.875 47.13541666666667 11.612730462915312 15.483640617220415
0 39.6484375 52.5390625 12.260320694946696 16.347094259928927
0 45.654296875 69.59635416666666 14.110874049922964 18.814498733230618
0 16.064453125 74.21875 14.57194383094888 19.429258441265173
0 5.517578125 60.546875 13.161534822294815 17.548713096393087
0 7.666015625 36.45833333333333 10.21313508952729 13.617513452703053
0 9.47265625 29.231770833333332 9.145095253766906 12.193460338355873
0 21.484375 29.361979166666668 9.16544031840894 12.220587091211922
0 31.494140625 24.869791666666664 8.435226416678011 11.246968555570682
0 37.5 25.455729166666668 8.53401578009617 11.378687706794894
0 50.927734375 21.6796875 7.875664001809045 10.500885335745393
0 61.1328125 26.497395833333332 8.706874156303165 11.609165541737553
0 76.806640625 27.5390625 8.876366926421502 11.835155901895336
0 78.955078125 27.408854166666668 8.855357744474432 11.807143659299243
0 80.6640625 22.265625 7.981382342908947 10.641843123878598
0 94.53125 74.67447916666666 14.616613787631893 19.48881838350919
0 76.904296875 66.9921875 13.844355740007025 18.459140986676033
0 77.490234375 49.54427083333333 11.905767335895483 15.874356447860643
0 86.42578125 41.9921875 10.960867307170393 14.614489742893857
0 76.025390625 37.17447916666667 10.31295486371814 13.75060648495752
0 69.140625 31.901041666666668 9.55351308746248 12.738017449949975
0 74.4140625 26.497395833333332 8.706874156303165 11.609165541737553
0 67.431640625 22.265625 7.981382342908947 10.641843123878598
0 93.1640625 29.231770833333332 9.145095253766906 12.193460338355873
0 95.654296875 26.953125 8.78142979122202 11.708573054962693
0 86.42578125 23.177083333333336 8.143105507889608 10.857474010519478
0 82.8125 24.4140625 8.357582969744357 11.143443959659143
0 94.677734375 21.09375 7.768507117527988 10.358009490037318
0 73.193359375 16.276041666666664 6.823937919616058 9.09858389282141
0 58.30078125 23.177083333333336 8.143105507889608 10.857474010519478
0 57.958984375 31.4453125 9.485028239697298 12.646704319596397
0 55.6640625 45.63802083333333 11.426785416777987 15.235713889037317
0 50.244140625 44.40104166666667 11.270865058971795 15.027820078629059
0 40.52734375 36.45833333333333 10.21313508952729 13.617513452703053
0 44.189453125 22.916666666666664 8.097228492078614 10.796304656104818
0 48.92578125 25.78125 8.588407763348565 11.451210351131419
0 38.96484375 35.87239583333333 10.130732832457173 13.507643776609566
0 41.11328125 18.815104166666664 7.336923388776433 9.782564518368577
0 14.892578125 42.64322916666667 11.045508466097326 14.7273446214631
0 21.484375 42.31770833333333 11.00326927326657 14.671025697688759
0 2.734375 29.6875 9.216106488367615 12.288141984490153
0 5.078125 22.4609375 8.016311973000304 10.688415964000404
0 6.4453125 29.231770833333332 9.145095253766906 12.193460338355873
0 2.24609375 22.916666666666664 8.097228492078614 10.796304656104818
0 16.357421875 25.130208333333332 8.479274895904423 11.305699861205897
0 21.58203125 18.359375 7.247523246483103 9.663364328644137
0 71.484375 25.130208333333332 8.479274895904423 11.305699861205897
0 72.16796875 29.817708333333332 9.236295135755345 12.315060181007127
0 87.20703125 25.130208333333332 8.479274895904423 11.305699861205897
0 96.240234375 19.596354166666664 7.487697843252746 9.983597124336994
0 82.568359375 16.9921875 6.972448522214271 9.296598029619028
0 72.8515625 18.9453125 7.3622668956389274 9.816355860851903
0 56.25 14.908854166666666 6.531046923532928 8.708062564710572
0 55.029296875 11.71875 5.790303332827843 7.720404443770458
0 33.7890625 21.6796875 7.875664001809045 10.500885335745393
0 34.228515625 19.596354166666664 7.487697843252746 9.983597124336994
0 26.220703125 21.6796875 7.875664001809045 10.500885335745393
0 25.1953125 16.536458333333336 6.878312786611722 9.171083715482297
0 35.25390625 15.0390625 6.559504779115197 8.746006372153596
0 36.1328125 16.9921875 6.972448522214271 9.296598029619028
0 36.474609375 14.908854166666666 6.531046923532928 8.708062564710572
0 62.6953125 12.369791666666668 5.948971157720314 7.931961543627086
0 62.6953125 16.536458333333336 6.878312786611722 9.171083715482297
0 68.212890625 15.0390625 6.559504779115197 8.746006372153596
0 72.16796875 13.28125 6.16424861960576 8.218998159474348
0 74.755859375 15.494791666666666 6.658149484030587 8.877532645374115
0 89.453125 17.643229166666664 7.104764847914316 9.473019797219088
0 93.84765625 23.958333333333336 8.279211405182211 11.038948540242949
0 86.62109375 19.401041666666664 7.450290292806215 9.933720390408286
0 99.267578125 51.3671875 12.122817423120853 16.16375656416114
0 74.560546875 50.325520833333336 11.999269562583924 15.99902608344523
0 65.966796875 58.854166666666664 12.976252212810852 17.301669617081135
0 89.2578125 25.455729166666668 8.53401578009617 11.378687706794894
0 92.3828125 17.643229166666664 7.104764847914316 9.473019797219088
0 98.92578125 22.916666666666664 8.097228492078614 10.796304656104818
0 98.73046875 27.083333333333332 8.802615418613255 11.736820558151006
0 91.845703125 22.916666666666664 8.097228492078614 10.796304656104818
0 77.1484375 19.140625 7.400119417103358 9.866825889471144
0 79.052734375 16.731770833333336 6.9188135063199665 9.225084675093289
0 46.97265625 33.72395833333333 9.82267879603948 13.096905061385971
0 43.1640625 29.817708333333332 9.236295135755345 12.315060181007127
0 27.34375 36.71875 10.24954566879069 13.66606089172092
0 25.537109375 27.408854166666668 8.855357744474432 11.807143659299243
0 19.677734375 22.4609375 8.016311973000304 10.688415964000404
0 9.375 21.354166666666664 7.816313766397521 10.421751688530028
0 17.1875 18.229166666666664 7.221777078979024 9.629036105305365
0 1.025390625 48.76302083333333 11.811524951393816 15.748699935191754
0 2.587890625 17.317708333333336 7.038917599286375 9.385223465715166
0 7.568359375 15.8203125 6.72772451325946 8.970299351012613
0 23.73046875 14.322916666666666 6.401421192444773 8.53522825659303
0 39.0625 14.778645833333334 6.502464524127966 8.669952698837287
0 45.068359375 14.778645833333334 6.502464524127966 8.669952698837287
0 51.416015625 18.098958333333336 7.195938795502683 9.594585060670244
0 47.998046875 13.8671875 6.298757153488249 8.398342871317666
0 41.11328125 14.453125 6.430452730012657 8.57393697335021
0 5.859375 18.359375 7.247523246483103 9.663364328644137
0 15.8203125 13.541666666666666 6.224389054678692 8.299185406238257
0 12.40234375 20.182291666666664 7.598815672600545 10.13175423013406
0 70.60546875 16.861979166666664 6.945682786096826 9.260910381462436
0 81.34765625 14.583333333333334 6.459353786778786 8.612471715705048
0 90.478515625 15.690104166666666 6.699981201202437 8.933308268269917
0 99.169921875 17.643229166666664 7.104764847914316 9.473019797219088
0 52.392578125 10.416666666666668 5.459150335692846 7.278867114257127
0 57.958984375 13.541666666666666 6.224389054678692 8.299185406238257
0 59.521484375 18.098958333333336 7.195938795502683 9.594585060670244
0 65.869140625 13.997395833333334 6.328259690346595 8.437679587128793
0 75.78125 13.541666666666666 6.224389054678692 8.299185406238257
0 79.19921875 13.8671875 6.298757153488249 8.398342871317666
0 33.544921875 13.997395833333334 6.328259690346595 8.437679587128793
0 31.8359375 14.453125 6.430452730012657 8.57393697335021
0 19.775390625 15.950520833333334 6.755353888299149 9.0071385177322
0 9.716796875 16.9921875 6.972448522214271 9.296598029619028
0 0.68359375 15.690104166666666 6.699981201202437 8.933308268269917
0 14.55078125 25.911458333333332 8.610068346964042 11.480091129285388
0 28.564453125 18.9453125 7.3622668956389274 9.816355860851903
0 28.125 15.950520833333334 6.755353888299149 9.0071385177322
0 29.833984375 12.955729166666666 6.088237714617921 8.117650286157229
0 46.435546875 10.221354166666668 5.407728621420089 7.21030482856012
0 48.583984375 20.963541666666664 7.7444931277157725 10.325990836954363
0 49.12109375 18.229166666666664 7.221777078979024 9.629036105305365
0 81.884765625 20.052083333333336 7.574263699945591 10.099018266594122
0 61.767578125 31.184895833333332 9.445671106287941 12.594228141717254
0 65.380859375 29.4921875 9.185740321833748 12.247653762444997
0 57.470703125 18.359375 7.247523246483103 9.663364328644137
0 38.28125 19.856770833333336 7.537285788103314 10.049714384137753
0 23.046875 19.401041666666664 7.450290292806215 9.933720390408286
0 12.548828125 15.234375 6.60196156395994 8.802615418613254
0 11.5234375 15.690104166666666 6.699981201202437 8.933308268269917
0 35.25390625 12.174479166666668 5.901818727360142 7.8690916364801895
0 39.0625 12.955729166666666 6.088237714617921 8.117650286157229
0 21.240234375 14.583333333333334 6.459353786778786 8.612471715705048
0 18.84765625 13.0859375 6.118755388111396 8.15834051748186
0 51.416015625 15.494791666666666 6.658149484030587 8.877532645374115
0 61.23046875 17.1875 7.012405574387241 9.349874099182989
0 60.64453125 15.494791666666666 6.658149484030587 8.877532645374115
0 84.375 16.9921875 6.972448522214271 9.296598029619028
0 85.83984375 15.494791666666666 6.658149484030587 8.877532645374115
0 30.859375 16.276041666666664 6.823937919616058 9.09858389282141
0 18.75 52.864583333333336 12.298243212652517 16.397657616870024
0 21.484375 49.86979166666667 11.944815546130936 15.92642072817458
0 97.802734375 19.7265625 7.512532730158185 10.01671030687758
0 63.57421875 10.872395833333332 5.577290918730793 7.436387891641058
0 73.291015625 12.369791666666668 5.948971157720314 7.931961543627086
0 24.853515625 12.955729166666666 6.088237714617921 8.117650286157229
0 27.24609375 12.630208333333334 6.011265748166568 8.015020997555423
