0 35.64453125 67.578125 13.904767761101706 18.539690348135608
0 50.5859375 50.130208333333336 11.975962445281118 15.967949927041488
0 70.21484375 60.286458333333336 13.133199945892343 17.51093326118979
0 82.373046875 64.77864583333334 13.613713393063637 18.15161785741818
0 89.0625 96.15885416666666 16.58652129113915 22.115361721518866
0 93.017578125 55.338541666666664 12.582719804741396 16.776959739655194
0 79.443359375 54.557291666666664 12.49358489407881 16.658113192105077
0 84.814453125 41.73177083333333 10.926827264384862 14.569103019179815
0 93.26171875 38.99739583333333 10.562785827561513 14.083714436748682
0 88.28125 33.85416666666667 9.841623227903504 13.122164303871338
0 79.58984375 38.54166666666667 10.500885335745396 14.001180447660527
0 73.33984375 33.59375 9.803697756475225 13.071597008633635
0 64.16015625 42.05729166666667 10.969360812751116 14.62581441700149
0 62.20703125 29.361979166666668 9.16544031840894 12.220587091211922
0 47.802734375 36.5234375 10.22224989284926 13.629666523799013
0 62.646484375 34.63541666666667 9.954532733337459 13.272710311116612
0 34.47265625 44.07552083333333 11.229473567489073 14.972631423318763
0 25.0 48.56770833333333 11.787846628312968 15.717128837750623
0 1.708984375 57.552083333333336 12.831906763689355 17.10920901825247
0 0.9765625 45.63802083333333 11.426785416777987 15.235713889037317
0 9.47265625 38.21614583333333 10.456446349494515 13.941928465992687
0 5.17578125 30.924479166666668 9.406149296522488 12.541532395363317
0 11.865234375 28.90625 9.094033462982996 12.125377950643994
0 22.216796875 27.5390625 8.876366926421502 11.835155901895336
0 4.443359375 24.934895833333336 8.446260072691679 11.26168009692224
0 21.875 22.916666666666664 8.097228492078614 10.796304656104818
0 27.05078125 22.721354166666664 8.062649422377262 10.75019922983635
0 33.10546875 27.864583333333332 8.928673607377803 11.904898143170405
0 33.349609375 36.5234375 10.22224989284926 13.629666523799013
0 46.435546875 32.35677083333333 9.621510480001493 12.828680640001991
0 50.830078125 27.669270833333332 8.897326499702912 11.863101999603883
0 43.06640625 26.171875 8.653226854710587 11.537635806280782
0 60.107421875 23.046875 8.120199399200482 10.82693253226731
0 48.291015625 22.265625 7.981382342908947 10.641843123878598
0 59.619140625 20.768229166666664 7.708331872750909 10.277775830334546
0 50.390625 19.53125 7.475249459177179 9.966999278902906
0 49.90234375 17.057291666666664 6.985792933508055 9.31439057801074
0 59.423828125 18.880208333333336 7.349606066157407 9.799474754876544
0 52.099609375 16.536458333333336 6.878312786611722 9.171083715482297
0 52.34375 14.2578125 6.386855937639267 8.515807916852356
0 59.765625 17.1875 7.012405574387241 9.349874099182989
0 44.921875 14.583333333333334 6.459353786778786 8.612471715705048
0 63.4765625 17.057291666666664 6.985792933508055 9.31439057801074
0 68.115234375 20.768229166666664 7.708331872750909 10.277775830334546
0 79.345703125 16.276041666666664 6.823937919616058 9.09858389282141
0 67.626953125 24.934895833333336 8.446260072691679 11.26168009692224
0 80.76171875 24.739583333333336 8.413115693414442 11.217487591219255
0 75.9765625 28.645833333333332 9.052976668817948 12.07063555842393
0 70.3125 22.591145833333336 8.039514082226251 10.719352109635
0 91.845703125 30.794270833333332 9.386325988299376 12.515101317732501
0 70.8984375 19.010416666666664 7.37490598974278 9.833207986323707
0 99.267578125 26.302083333333332 8.674725588105405 11.56630078414054
0 87.109375 22.4609375 8.016311973000304 10.688415964000404
0 92.08984375 26.7578125 8.749555167743805 11.66607355699174
0 98.92578125 35.87239583333333 10.130732832457173 13.507643776609566
0 94.189453125 23.2421875 8.154534433525017 10.872712578033356
0 99.4140625 32.03125 9.572990198582838 12.763986931443785
0 98.828125 21.6796875 7.875664001809045 10.500885335745393
0 90.8203125 28.3203125 9.001392336274797 12.001856448366395
0 24.853515625 14.2578125 6.386855937639267 8.515807916852356
0 27.197265625 12.825520833333334 6.057566296777102 8.076755062369468
0 31.103515625 13.151041666666666 6.133957288281793 8.178609717709058
0 35.986328125 16.40625 6.8511792970714245 9.134905729428567
0 38.330078125 13.932291666666666 6.313525654778199 8.418034206370931
0 39.013671875 16.731770833333336 6.9188135063199665 9.225084675093289
0 56.640625 13.802083333333334 6.283953943473511 8.378605257964681
0 64.2578125 12.109375 5.886017310176364 7.848023080235151
0 57.32421875 15.950520833333334 6.755353888299149 9.0071385177322
0 72.265625 13.151041666666666 6.133957288281793 8.178609717709058
0 84.912109375 19.205729166666664 7.412693970636669 9.883591960848893
0 92.08984375 19.53125 7.475249459177179 9.966999278902906
0 82.71484375 17.317708333333336 7.038917599286375 9.385223465715166
0 96.044921875 20.8984375 7.732458166088822 10.309944221451763
0 78.90625 24.479166666666664 8.36871899463018 11.15829199284024
0 76.5625 22.005208333333336 7.9345703125 10.579427083333332
0 42.041015625 20.768229166666664 7.708331872750909 10.277775830334546
0 43.5546875 18.880208333333336 7.349606066157407 9.799474754876544
0 33.10546875 21.028645833333336 7.756509415978292 10.342012554637723
0 30.322265625 19.3359375 7.437779301119349 9.917039068159132
0 27.880859375 18.424479166666664 7.2603620931215325 9.680482790828709
0 15.478515625 21.6796875 7.875664001809045 10.500885335745393
0 29.39453125 17.513020833333336 7.0784994535786145 9.437999271438152
0 19.53125 20.247395833333336 7.611061958825638 10.148082611767517
0 33.10546875 16.080729166666664 6.782870718656271 9.043827624875028
0 20.80078125 17.317708333333336 7.038917599286375 9.385223465715166
0 13.8671875 16.40625 6.8511792970714245 9.134905729428567
0 3.076171875 15.950520833333334 6.755353888299149 9.0071385177322
0 0.87890625 16.276041666666664 6.823937919616058 9.09858389282141
0 8.544921875 18.294270833333336 7.234661615679748 9.646215487572997
0 5.029296875 21.028645833333336 7.756509415978292 10.342012554637723
0 16.748046875 18.098958333333336 7.195938795502683 9.594585060670244
0 22.65625 15.950520833333334 6.755353888299149 9.0071385177322
0 19.775390625 15.494791666666666 6.658149484030587 8.877532645374115
0 62.20703125 13.020833333333334 6.103515625 8.138020833333332
0 88.96484375 16.080729166666664 6.782870718656271 9.043827624875028
0 85.9375 18.424479166666664 7.2603620931215325 9.680482790828709
0 93.359375 17.643229166666664 7.104764847914316 9.473019797219088
0 94.43359375 19.661458333333336 7.500125566067204 10.00016742142294
0 81.787109375 22.916666666666664 8.097228492078614 10.796304656104818
