0 70.99609375 58.138020833333336 12.897062139352686 17.196082852470248
0 86.767578125 61.848958333333336 13.302303904848248 17.73640520646433
0 76.171875 53.3203125 12.351139126494179 16.468185501992238
0 36.181640625 65.36458333333334 13.675144349614307 18.233525799485744
0 24.169921875 52.799479166666664 12.290668069825603 16.38755742643414
0 15.4296875 41.53645833333333 10.901227477717134 14.53496997028951
0 10.25390625 40.0390625 10.70292841598522 14.270571221313624
0 4.931640625 39.6484375 10.650591044076627 14.200788058768838
0 1.85546875 48.11197916666667 11.732411368860527 15.643215158480702
0 2.490234375 61.002604166666664 13.210974622749855 17.61463283033314
0 5.322265625 32.8125 9.689030680168178 12.918707573557572
0 19.775390625 33.65885416666667 9.813192865486773 13.084257153982362
0 9.814453125 28.7109375 9.063258303782652 12.084344405043536
0 3.759765625 26.236979166666668 8.66398288975732 11.551977186343091
0 3.515625 18.684895833333336 7.311492035346033 9.748656047128044
0 11.767578125 18.5546875 7.28597191547444 9.714629220632586
0 12.646484375 24.348958333333336 8.346432086900233 11.128576115866979
0 22.216796875 25.911458333333332 8.610068346964042 11.480091129285388
0 29.052734375 24.544270833333336 8.379840220792225 11.173120294389632
0 32.421875 19.010416666666664 7.37490598974278 9.833207986323707
0 21.044921875 20.442708333333336 7.647683158045451 10.196910877393934
0 31.640625 21.223958333333336 7.792447103762027 10.389929471682702
0 27.9296875 18.359375 7.247523246483103 9.663364328644137
0 18.603515625 18.880208333333336 7.349606066157407 9.799474754876544
0 14.35546875 17.447916666666664 7.065330140863174 9.420440187817565
0 7.51953125 17.96875 7.170007400189656 9.56000986691954
0 24.658203125 14.84375 6.516771394062079 8.689028525416106
0 6.103515625 22.005208333333336 7.9345703125 10.579427083333332
0 42.724609375 21.419270833333336 7.828219811023351 10.437626414697803
0 43.017578125 34.63541666666667 9.954532733337459 13.272710311116612
0 35.15625 29.6875 9.216106488367615 12.288141984490153
0 53.857421875 50.0 11.960399134683488 15.947198846244651
0 68.5546875 42.3828125 11.01173007365034 14.682306764867118
0 78.90625 38.80208333333333 10.536301575703167 14.048402100937555
0 87.01171875 37.109375 10.30392029793343 13.738560397244573
0 88.623046875 29.557291666666668 9.195873518871684 12.261164691828911
0 94.04296875 30.013020833333332 9.266495636406846 12.35532751520913
0 90.673828125 38.34635416666667 10.474244568927316 13.965659425236424
0 95.458984375 21.419270833333336 7.828219811023351 10.437626414697803
0 94.23828125 27.799479166666668 8.918236814088415 11.890982418784553
0 88.818359375 25.260416666666668 8.501213548086012 11.334951397448016
0 81.73828125 30.859375 9.396242870080965 12.52832382677462
0 74.90234375 28.3203125 9.001392336274797 12.001856448366395
0 75.146484375 34.70052083333333 9.963884104806219 13.28517880640829
0 62.5 29.8828125 9.24637292940864 12.32849723921152
0 61.572265625 35.546875 10.084662867345157 13.44621715646021
0 60.595703125 26.432291666666668 8.696171172348027 11.594894896464037
0 53.564453125 28.7109375 9.063258303782652 12.084344405043536
0 64.306640625 26.5625 8.717563999686098 11.62341866624813
0 72.55859375 21.484375 7.840107775064166 10.453477033418888
0 67.822265625 18.880208333333336 7.349606066157407 9.799474754876544
0 60.595703125 18.684895833333336 7.311492035346033 9.748656047128044
0 78.759765625 15.885416666666666 6.741553355216833 8.988737806955777
0 71.38671875 16.9921875 6.972448522214271 9.296598029619028
0 79.638671875 19.010416666666664 7.37490598974278 9.833207986323707
0 84.1796875 22.981770833333336 8.108722079825698 10.811629439767596
0 79.931640625 25.0 8.457279333832409 11.276372445109878
0 86.767578125 18.294270833333336 7.234661615679748 9.646215487572997
0 92.822265625 20.572916666666664 7.672000176987631 10.229333569316841
0 97.119140625 26.236979166666668 8.66398288975732 11.551977186343091
0 83.154296875 18.880208333333336 7.349606066157407 9.799474754876544
0 68.408203125 13.346354166666666 6.179338602086361 8.239118136115147
0 63.916015625 16.666666666666664 6.905339660024879 9.207119546699838
0 60.15625 21.419270833333336 7.828219811023351 10.437626414697803
0 50.0 17.643229166666664 7.104764847914316 9.473019797219088
0 48.828125 23.111979166666664 8.131660519088275 10.842214025451032
0 43.408203125 25.911458333333332 8.610068346964042 11.480091129285388
0 43.26171875 33.46354166666667 9.784679896167846 13.046239861557126
0 37.353515625 18.880208333333336 7.349606066157407 9.799474754876544
0 39.697265625 13.541666666666666 6.224389054678692 8.299185406238257
0 34.47265625 13.8671875 6.298757153488249 8.398342871317666
0 29.4921875 14.84375 6.516771394062079 8.689028525416106
0 41.845703125 16.080729166666664 6.782870718656271 9.043827624875028
0 46.533203125 14.84375 6.516771394062079 8.689028525416106
0 52.197265625 16.145833333333336 6.796587356970242 9.062116475960323
0 57.373046875 16.080729166666664 6.782870718656271 9.043827624875028
0 65.087890625 12.955729166666666 6.088237714617921 8.117650286157229
0 68.994140625 23.6328125 8.222774405094897 10.963699206793196
0 75.146484375 13.346354166666666 6.179338602086361 8.239118136115147
0 81.8359375 15.234375 6.60196156395994 8.802615418613254
0 32.666015625 14.192708333333334 6.372257390692475 8.496343187589966
0 18.115234375 15.755208333333334 6.7138671875 8.951822916666668
0 12.939453125 14.2578125 6.386855937639267 8.515807916852356
0 6.103515625 16.40625 6.8511792970714245 9.134905729428567
0 37.5 15.885416666666666 6.741553355216833 8.988737806955777
0 25.5859375 18.684895833333336 7.311492035346033 9.748656047128044
0 19.775390625 15.104166666666666 6.573687508709111 8.764916678278816
0 61.572265625 15.559895833333334 6.672122530845778 8.896163374461038
0 55.908203125 13.671875 6.254242410864013 8.338989881152017
0 45.068359375 16.9921875 6.972448522214271 9.296598029619028
0 75.5859375 17.7734375 7.130933499479933 9.50791133263991
0 90.234375 19.53125 7.475249459177179 9.966999278902906
0 85.107421875 20.8984375 7.732458166088822 10.309944221451763
0 99.072265625 21.809895833333336 7.8992792392241125 10.532372318965482
0 87.40234375 21.809895833333336 7.8992792392241125 10.532372318965482
0 73.974609375 32.8125 9.689030680168178 12.918707573557572
0 33.056640625 41.73177083333333 10.926827264384862 14.569103019179815
0 89.74609375 52.213541666666664 12.222280514221671 16.29637401896223
0 93.115234375 44.53125 11.287379155826983 15.049838874435977
0 96.875 49.86979166666667 11.944815546130936 15.92642072817458
0 22.75390625 16.666666666666664 6.905339660024879 9.207119546699838
0 0.68359375 18.033854166666664 7.182984799767957 9.577313066357275
