0 81.8359375 39.2578125 10.597995211294762 14.130660281726351
0 84.9609375 43.5546875 11.162927952985768 14.883903937314358
0 40.4296875 28.059895833333332 8.959911044862793 11.946548059817056
0 27.83203125 24.8046875 8.424178309229896 11.23223774563986
0 40.771484375 20.768229166666664 7.708331872750909 10.277775830334546
0 12.060546875 28.450520833333332 9.02206146184966 12.029415282466214
0 7.03125 26.106770833333332 8.642457433170346 11.52327657756046
0 19.53125 19.791666666666664 7.524919437217989 10.033225916290652
0 17.333984375 18.9453125 7.3622668956389274 9.816355860851903
0 13.96484375 16.861979166666664 6.945682786096826 9.260910381462436
0 12.59765625 18.229166666666664 7.221777078979024 9.629036105305365
0 12.59765625 17.96875 7.170007400189656 9.56000986691954
0 11.03515625 18.489583333333336 7.273178276253042 9.697571035004056
0 9.86328125 18.098958333333336 7.195938795502683 9.594585060670244
0 2.001953125 19.3359375 7.437779301119349 9.917039068159132
0 2.83203125 18.229166666666664 7.221777078979024 9.629036105305365
0 5.2734375 17.3828125 7.052136235529384 9.40284831403918
0 6.8359375 17.122395833333336 6.9991119025755095 9.332149203434014
0 8.0078125 19.921875 7.549631882844837 10.066175843793117
0 5.908203125 21.614583333333336 7.863829789260941 10.485106385681254
0 23.2421875 18.489583333333336 7.273178276253042 9.697571035004056
0 0.732421875 18.229166666666664 7.221777078979024 9.629036105305365
0 21.875 16.536458333333336 6.878312786611722 9.171083715482297
0 23.828125 14.583333333333334 6.459353786778786 8.612471715705048
0 27.001953125 15.559895833333334 6.672122530845778 8.896163374461038
0 29.541015625 14.713541666666666 6.488126106405426 8.650834808540568
0 29.638671875 15.299479166666666 6.61605328023645 8.821404373648601
0 31.005859375 16.145833333333336 6.796587356970242 9.062116475960323
0 36.328125 15.299479166666666 6.61605328023645 8.821404373648601
0 38.96484375 16.015625 6.7691262856502785 9.025501714200372
0 44.3359375 15.169270833333334 6.587839704871492 8.783786273161988
0 46.97265625 16.536458333333336 6.878312786611722 9.171083715482297
0 49.90234375 15.8203125 6.72772451325946 8.970299351012613
0 52.294921875 13.020833333333334 6.103515625 8.138020833333332
0 86.328125 31.25 9.4555257475767 12.607367663435602
0 99.462890625 32.8125 9.689030680168178 12.918707573557572
0 95.60546875 28.190104166666668 8.980675640601907 11.974234187469209
0 88.232421875 25.520833333333332 8.544921875 11.393229166666668
0 82.275390625 22.8515625 8.085718566584333 10.780958088779109
0 76.904296875 22.8515625 8.085718566584333 10.780958088779109
0 91.69921875 24.544270833333336 8.379840220792225 11.173120294389632
0 97.900390625 22.135416666666664 7.958010748538389 10.610680998051187
0 96.240234375 20.638020833333336 7.684129829110212 10.245506438813615
0 73.6328125 18.098958333333336 7.195938795502683 9.594585060670244
0 68.408203125 18.098958333333336 7.195938795502683 9.594585060670244
0 65.673828125 15.690104166666666 6.699981201202437 8.933308268269917
0 67.236328125 15.299479166666666 6.61605328023645 8.821404373648601
0 72.705078125 16.015625 6.7691262856502785 9.025501714200372
0 76.3671875 17.122395833333336 6.9991119025755095 9.332149203434014
0 78.90625 15.559895833333334 6.672122530845778 8.896163374461038
0 78.80859375 18.229166666666664 7.221777078979024 9.629036105305365
0 80.56640625 19.661458333333336 7.500125566067204 10.00016742142294
0 82.373046875 17.513020833333336 7.0784994535786145 9.437999271438152
0 84.66796875 18.815104166666664 7.336923388776433 9.782564518368577
0 87.5 19.466145833333336 7.462780310447684 9.950373747263578
0 89.16015625 19.791666666666664 7.524919437217989 10.033225916290652
0 89.94140625 21.028645833333336 7.756509415978292 10.342012554637723
0 91.69921875 22.721354166666664 8.062649422377262 10.75019922983635
0 94.62890625 32.94270833333333 9.708235913444133 12.944314551258843
0 50.634765625 20.8984375 7.732458166088822 10.309944221451763
0 46.630859375 22.8515625 8.085718566584333 10.780958088779109
0 62.3046875 21.744791666666664 7.887480458569388 10.51664061142585
0 73.33984375 23.111979166666664 8.131660519088275 10.842214025451032
0 90.4296875 28.3203125 9.001392336274797 12.001856448366395
0 60.595703125 15.4296875 6.644147051109997 8.858862734813329
