0 76.07421875 59.830729166666664 13.083466253800058 17.444621671733408
0 46.2890625 72.4609375 14.398347304791809 19.197796406389077
0 32.8125 72.13541666666666 14.365969599535914 19.15462613271455
0 1.171875 54.947916666666664 12.538231557723472 16.71764207696463
0 2.880859375 48.2421875 11.748276705883885 15.664368941178514
0 5.078125 38.99739583333333 10.562785827561513 14.083714436748682
0 1.26953125 34.70052083333333 9.963884104806219 13.28517880640829
0 11.1328125 37.3046875 10.331000292853245 13.77466705713766
0 15.33203125 28.450520833333332 9.02206146184966 12.029415282466214
0 18.5546875 35.9375 10.139921707663666 13.51989561021822
0 22.509765625 25.716145833333332 8.57755695956738 11.436742612756506
0 18.5546875 20.833333333333336 7.720404443770458 10.293872591693944
0 20.361328125 29.817708333333332 9.236295135755345 12.315060181007127
0 28.125 33.203125 9.746532850751532 12.995377134335376
0 23.193359375 37.76041666666667 10.393912576859377 13.85855010247917
0 26.7578125 45.37760416666667 11.394137391720257 15.192183188960342
0 38.96484375 37.3046875 10.331000292853245 13.77466705713766
0 47.75390625 42.31770833333333 11.00326927326657 14.671025697688759
0 49.365234375 51.171875 12.099748291991583 16.132997722655443
0 64.74609375 42.1875 10.986328125 14.6484375
0 50.5859375 32.87760416666667 9.698638050580264 12.931517400773687
0 48.193359375 23.763020833333336 8.245395560367612 10.993860747156816
0 56.201171875 27.213541666666668 8.823750179932228 11.765000239909636
0 61.572265625 30.729166666666668 9.376398618003673 12.501864824004896
0 50.732421875 27.083333333333332 8.802615418613255 11.736820558151006
0 42.041015625 26.953125 8.78142979122202 11.708573054962693
0 51.07421875 20.833333333333336 7.720404443770458 10.293872591693944
0 47.75390625 26.497395833333332 8.706874156303165 11.609165541737553
0 50.244140625 15.690104166666666 6.699981201202437 8.933308268269917
0 66.259765625 23.4375 8.188725503539269 10.918300671385692
0 73.33984375 36.39322916666667 10.204012144348443 13.605349525797925
0 57.12890625 20.1171875 7.586549618320344 10.115399491093791
0 77.880859375 33.91927083333333 9.851081781963485 13.134775709284646
0 76.513671875 25.846354166666668 8.59924487524742 11.465659833663226
0 84.9609375 33.65885416666667 9.813192865486773 13.084257153982362
0 89.892578125 48.11197916666667 11.732411368860527 15.643215158480702
0 95.60546875 50.846354166666664 12.061201687847598 16.081602250463465
0 97.65625 41.73177083333333 10.926827264384862 14.569103019179815
0 97.65625 32.74739583333333 9.679413773897526 12.905885031863368
0 90.4296875 31.0546875 9.425930915210266 12.567907886947022
0 83.69140625 22.65625 8.051090062422436 10.734786749896582
0 77.685546875 20.703125 7.6962403643301345 10.261653819106845
0 68.75 23.763020833333336 8.245395560367612 10.993860747156816
0 29.736328125 23.893229166666664 8.267954824306681 11.023939765742242
0 33.154296875 29.1015625 9.124704826492952 12.166273101990603
0 33.935546875 36.06770833333333 10.158274522151634 13.544366029535512
0 6.640625 32.29166666666667 9.611826018080825 12.815768024107768
0 5.76171875 24.674479166666664 8.402038511923953 11.202718015898604
0 13.623046875 20.1171875 7.586549618320344 10.115399491093791
0 3.02734375 21.2890625 7.804389558437758 10.405852744583676
0 56.201171875 15.494791666666666 6.658149484030587 8.877532645374115
0 72.998046875 22.526041666666664 8.027921409891299 10.703895213188398
0 80.517578125 22.395833333333336 8.00468569861084 10.672914264814453
0 88.720703125 20.703125 7.6962403643301345 10.261653819106845
0 63.18359375 12.5 5.980199567341744 7.973599423122326
0 51.26953125 12.630208333333334 6.011265748166568 8.015020997555423
0 59.033203125 13.0859375 6.118755388111396 8.15834051748186
0 59.1796875 23.567708333333336 8.211440458419013 10.948587277892017
0 40.087890625 21.028645833333336 7.756509415978292 10.342012554637723
0 10.44921875 21.028645833333336 7.756509415978292 10.342012554637723
0 25.48828125 19.921875 7.549631882844837 10.066175843793117
0 32.32421875 20.377604166666664 7.635495607419925 10.180660809893233
0 60.888671875 16.40625 6.8511792970714245 9.134905729428567
0 91.357421875 23.307291666666664 8.165947363439729 10.88792981791964
0 69.3359375 13.671875 6.254242410864013 8.338989881152017
0 34.9609375 19.921875 7.549631882844837 10.066175843793117
0 17.724609375 17.96875 7.170007400189656 9.56000986691954
0 11.474609375 16.927083333333336 6.959078522333606 9.278771363111476
0 96.826171875 27.083333333333332 8.802615418613255 11.736820558151006
0 77.34375 15.8203125 6.72772451325946 8.970299351012613
0 80.2734375 15.364583333333334 6.6301150458985685 8.840153394531425
0 86.81640625 16.145833333333336 6.796587356970242 9.062116475960323
0 70.361328125 17.643229166666664 7.104764847914316 9.473019797219088
0 65.234375 14.453125 6.430452730012657 8.57393697335021
0 42.96875 16.927083333333336 6.959078522333606 9.278771363111476
0 30.859375 17.838541666666664 7.143981879101334 9.525309172135112
0 19.23828125 15.0390625 6.559504779115197 8.746006372153596
0 2.197265625 16.927083333333336 6.959078522333606 9.278771363111476
0 14.6484375 15.494791666666666 6.658149484030587 8.877532645374115
0 5.17578125 17.3828125 7.052136235529384 9.40284831403918
0 42.96875 14.127604166666666 6.3576253222655215 8.476833763020695
0 32.8125 13.8671875 6.298757153488249 8.398342871317666
0 24.560546875 15.364583333333334 6.6301150458985685 8.840153394531425
0 37.158203125 14.908854166666666 6.531046923532928 8.708062564710572
0 46.044921875 13.997395833333334 6.328259690346595 8.437679587128793
0 27.783203125 14.583333333333334 6.459353786778786 8.612471715705048
0 21.728515625 17.513020833333336 7.0784994535786145 9.437999271438152
0 48.193359375 15.950520833333334 6.755353888299149 9.0071385177322
0 40.087890625 14.127604166666666 6.3576253222655215 8.476833763020695
0 53.80859375 12.760416666666666 6.042172202521769 8.056229603362357
0 73.779296875 13.411458333333334 6.194391824397107 8.259189099196142
0 90.234375 17.057291666666664 6.985792933508055 9.31439057801074
0 74.462890625 17.96875 7.170007400189656 9.56000986691954
0 85.791015625 21.614583333333336 7.863829789260941 10.485106385681254
0 93.994140625 20.703125 7.6962403643301345 10.261653819106845
0 67.822265625 13.216145833333334 6.149121606326259 8.198828808435012
0 84.716796875 15.494791666666666 6.658149484030587 8.877532645374115
0 75.830078125 14.778645833333334 6.502464524127966 8.669952698837287
0 21.044921875 13.411458333333334 6.194391824397107 8.259189099196142
0 28.80859375 13.411458333333334 6.194391824397107 8.259189099196142
0 44.921875 13.0859375 6.118755388111396 8.15834051748186
0 51.416015625 10.9375 5.593964471381641 7.458619295175521
0 57.470703125 12.044270833333332 5.870173358664351 7.826897811552468
0 7.666015625 17.1875 7.012405574387241 9.349874099182989
0 18.06640625 12.760416666666666 6.042172202521769 8.056229603362357
0 27.099609375 12.630208333333334 6.011265748166568 8.015020997555423
0 37.6953125 13.411458333333334 6.194391824397107 8.259189099196142
0 48.876953125 13.671875 6.254242410864013 8.338989881152017
