0 11.23046875 70.83333333333334 14.235722399524658 18.98096319936621
0 35.400390625 94.40104166666666 16.43421877177278 21.91229169569704
0 73.974609375 69.07552083333334 14.057974617042262 18.74396615605635
0 85.693359375 62.239583333333336 13.344245061691556 17.792326748922076
0 91.40625 52.083333333333336 12.20703125 16.276041666666664
0 93.26171875 42.96875 11.087586745962493 14.783448994616657
0 77.587890625 51.171875 12.099748291991583 16.132997722655443
0 66.2109375 59.309895833333336 13.02639524561343 17.368526994151242
0 49.658203125 49.28385416666667 11.874436314907054 15.832581753209407
0 36.9140625 60.9375 13.203923127919884 17.60523083722651
0 22.65625 51.171875 12.099748291991583 16.132997722655443
0 35.888671875 42.44791666666667 11.020184378215204 14.693579170953605
0 50.48828125 39.2578125 10.597995211294762 14.130660281726351
0 64.94140625 40.16927083333333 10.720317425689878 14.293756567586504
0 80.2734375 38.02083333333333 10.429692071920813 13.906256095894417
0 88.134765625 31.8359375 9.543759625922785 12.725012834563712
0 93.45703125 27.604166666666668 8.886852892188134 11.849137189584178
0 92.529296875 30.794270833333332 9.386325988299376 12.515101317732501
0 80.908203125 27.278645833333332 8.83429859993294 11.779064799910586
0 76.5625 28.125 8.970299351012615 11.960399134683486
0 73.681640625 31.575520833333332 9.50464569238125 12.672860923174998
0 67.724609375 29.8828125 9.24637292940864 12.32849723921152
0 60.205078125 35.22135416666667 10.038381471800859 13.384508629067811
0 62.59765625 29.296875 9.1552734375 12.20703125
0 44.140625 29.752604166666668 9.22620633412535 12.301608445500468
0 32.91015625 34.70052083333333 9.963884104806219 13.28517880640829
0 16.943359375 36.00260416666667 10.149102263376399 13.53213635116853
0 19.43359375 30.2734375 9.306610523667546 12.408814031556727
0 4.8828125 36.65364583333333 10.240455160865794 13.653940214487726
0 3.759765625 31.184895833333332 9.445671106287941 12.594228141717254
0 9.521484375 26.106770833333332 8.642457433170346 11.52327657756046
0 60.107421875 13.671875 6.254242410864013 8.338989881152017
0 15.13671875 20.377604166666664 7.635495607419925 10.180660809893233
0 10.498046875 20.638020833333336 7.684129829110212 10.245506438813615
0 20.166015625 20.8984375 7.732458166088822 10.309944221451763
0 5.17578125 24.479166666666664 8.36871899463018 11.15829199284024
0 51.171875 28.515625 9.03237828793258 12.043171050576774
0 31.982421875 27.604166666666668 8.886852892188134 11.849137189584178
0 22.607421875 24.479166666666664 8.36871899463018 11.15829199284024
0 28.466796875 22.526041666666664 8.027921409891299 10.703895213188398
0 31.689453125 20.572916666666664 7.672000176987631 10.229333569316841
0 31.396484375 15.885416666666666 6.741553355216833 8.988737806955777
0 36.083984375 13.151041666666666 6.133957288281793 8.178609717709058
0 37.548828125 17.447916666666664 7.065330140863174 9.420440187817565
0 43.115234375 14.322916666666666 6.401421192444773 8.53522825659303
0 46.923828125 13.541666666666666 6.224389054678692 8.299185406238257
0 44.580078125 15.494791666666666 6.658149484030587 8.877532645374115
0 60.400390625 12.760416666666666 6.042172202521769 8.056229603362357
0 55.712890625 11.197916666666668 5.660167538754702 7.546890051672936
0 56.884765625 15.885416666666666 6.741553355216833 8.988737806955777
0 77.978515625 12.369791666666668 5.948971157720314 7.931961543627086
0 79.150390625 16.276041666666664 6.823937919616058 9.09858389282141
0 2.685546875 16.276041666666664 6.823937919616058 9.09858389282141
0 14.404296875 14.713541666666666 6.488126106405426 8.650834808540568
0 10.595703125 15.885416666666666 6.741553355216833 8.988737806955777
0 1.220703125 56.119791666666664 12.67122771730145 16.894970289735266
0 85.888671875 18.229166666666664 7.221777078979024 9.629036105305365
0 85.888671875 15.104166666666666 6.573687508709111 8.764916678278816
0 70.068359375 12.760416666666666 6.042172202521769 8.056229603362357
0 68.603515625 12.760416666666666 6.042172202521769 8.056229603362357
0 51.318359375 10.807291666666668 5.56056737008319 7.4140898267775865
0 60.400390625 25.260416666666668 8.501213548086012 11.334951397448016
0 61.279296875 17.447916666666664 7.065330140863174 9.420440187817565
0 65.966796875 15.494791666666666 6.658149484030587 8.877532645374115
0 88.818359375 20.182291666666664 7.598815672600545 10.13175423013406
0 23.4375 13.151041666666666 6.133957288281793 8.178609717709058
0 25.48828125 12.5 5.980199567341744 7.973599423122326
0 27.001953125 12.5 5.980199567341744 7.973599423122326
0 25.9765625 14.518229166666666 6.444919458600731 8.593225944800976
0 21.435546875 13.28125 6.16424861960576 8.218998159474348
0 18.359375 12.955729166666666 6.088237714617921 8.117650286157229
0 91.748046875 17.513020833333336 7.0784994535786145 9.437999271438152
0 95.068359375 17.122395833333336 6.9991119025755095 9.332149203434014
0 95.556640625 21.2890625 7.804389558437758 10.405852744583676
0 92.626953125 22.65625 8.051090062422436 10.734786749896582
0 92.529296875 20.052083333333336 7.574263699945591 10.099018266594122
0 96.533203125 28.515625 9.03237828793258 12.043171050576774
0 96.728515625 43.61979166666667 11.171267833082963 14.895023777443953
0 1.7578125 45.76822916666667 11.443074499055587 15.25743266540745
0 28.466796875 15.559895833333334 6.672122530845778 8.896163374461038
0 29.1015625 13.28125 6.16424861960576 8.218998159474348
0 30.46875 13.0859375 6.118755388111396 8.15834051748186
0 26.3671875 18.229166666666664 7.221777078979024 9.629036105305365
0 37.890625 12.955729166666666 6.088237714617921 8.117650286157229
0 41.552734375 18.229166666666664 7.221777078979024 9.629036105305365
0 47.65625 20.768229166666664 7.708331872750909 10.277775830334546
0 50.244140625 19.270833333333336 7.425247229367944 9.900329639157258
0 48.779296875 17.513020833333336 7.0784994535786145 9.437999271438152
0 51.85546875 16.861979166666664 6.945682786096826 9.260910381462436
0 58.88671875 18.489583333333336 7.273178276253042 9.697571035004056
0 60.205078125 20.8984375 7.732458166088822 10.309944221451763
0 57.6171875 24.609375 8.39094670707246 11.187928942763282
0 71.142578125 21.809895833333336 7.8992792392241125 10.532372318965482
0 77.783203125 22.200520833333336 7.969705113037473 10.626273484049964
0 70.849609375 17.3828125 7.052136235529384 9.40284831403918
0 73.046875 12.955729166666666 6.088237714617921 8.117650286157229
0 75.48828125 14.453125 6.430452730012657 8.57393697335021
0 77.05078125 13.802083333333334 6.283953943473511 8.378605257964681
0 67.529296875 23.307291666666664 8.165947363439729 10.88792981791964
0 6.591796875 18.880208333333336 7.349606066157407 9.799474754876544
0 5.078125 17.122395833333336 6.9991119025755095 9.332149203434014
0 3.662109375 15.494791666666666 6.658149484030587 8.877532645374115
0 0.68359375 17.513020833333336 7.0784994535786145 9.437999271438152
0 2.685546875 20.052083333333336 7.574263699945591 10.099018266594122
0 12.20703125 15.364583333333334 6.6301150458985685 8.840153394531425
0 12.939453125 18.880208333333336 7.349606066157407 9.799474754876544
0 17.041015625 17.96875 7.170007400189656 9.56000986691954
0 19.43359375 14.713541666666666 6.488126106405426 8.650834808540568
0 19.62890625 18.619791666666664 7.298743129334349 9.731657505779133
0 21.337890625 16.861979166666664 6.945682786096826 9.260910381462436
0 24.072265625 15.364583333333334 6.6301150458985685 8.840153394531425
0 33.88671875 14.583333333333334 6.459353786778786 8.612471715705048
0 41.2109375 14.84375 6.516771394062079 8.689028525416106
0 46.044921875 12.3046875 5.933295317145868 7.911060422861158
0 57.71484375 13.28125 6.16424861960576 8.218998159474348
0 43.017578125 24.21875 8.324085508414218 11.098780677885625
0 40.91796875 21.940104166666664 7.92282408798045 10.5637654506406
0 81.103515625 13.802083333333334 6.283953943473511 8.378605257964681
0 81.298828125 16.341145833333336 6.837572174807153 9.116762899742872
0 83.10546875 15.494791666666666 6.658149484030587 8.877532645374115
0 84.423828125 20.182291666666664 7.598815672600545 10.13175423013406
0 86.81640625 22.330729166666664 7.993042513249997 10.657390017666662
0 81.884765625 21.2890625 7.804389558437758 10.405852744583676
0 78.857421875 24.348958333333336 8.346432086900233 11.128576115866979
0 89.94140625 26.236979166666668 8.66398288975732 11.551977186343091
0 96.728515625 30.533854166666668 9.346553241646458 12.462070988861944
0 81.787109375 18.098958333333336 7.195938795502683 9.594585060670244
0 87.20703125 16.471354166666664 6.864759447755123 9.15301259700683
0 63.330078125 12.565104166666666 5.995752778438873 7.9943370379184975
