0 1.416015625 18.1640625 7.208869513560617 9.611826018080823
0 5.859375 28.645833333333332 9.052976668817948 12.07063555842393
0 9.08203125 25.325520833333332 8.512161670520847 11.349548894027794
0 13.671875 21.223958333333336 7.792447103762027 10.389929471682702
0 8.544921875 15.169270833333334 6.587839704871492 8.783786273161988
0 4.150390625 19.140625 7.400119417103358 9.866825889471144
0 9.47265625 18.684895833333336 7.311492035346033 9.748656047128044
0 4.638671875 17.057291666666664 6.985792933508055 9.31439057801074
0 13.330078125 16.471354166666664 6.864759447755123 9.15301259700683
0 18.408203125 18.489583333333336 7.273178276253042 9.697571035004056
0 31.201171875 30.46875 9.336583582018038 12.448778109357384
0 33.740234375 22.721354166666664 8.062649422377262 10.75019922983635
0 11.42578125 16.080729166666664 6.782870718656271 9.043827624875028
0 22.8515625 14.127604166666666 6.3576253222655215 8.476833763020695
0 26.85546875 13.0859375 6.118755388111396 8.15834051748186
0 16.69921875 16.276041666666664 6.823937919616058 9.09858389282141
0 26.3671875 16.276041666666664 6.823937919616058 9.09858389282141
0 32.91015625 14.518229166666666 6.444919458600731 8.593225944800976
0 22.65625 15.8203125 6.72772451325946 8.970299351012613
0 41.50390625 16.731770833333336 6.9188135063199665 9.225084675093289
0 47.265625 32.8125 9.689030680168178 12.918707573557572
0 39.404296875 28.515625 9.03237828793258 12.043171050576774
0 29.4921875 16.145833333333336 6.796587356970242 9.062116475960323
0 45.80078125 13.346354166666666 6.179338602086361 8.239118136115147
0 28.7109375 14.518229166666666 6.444919458600731 8.593225944800976
0 37.01171875 13.671875 6.254242410864013 8.338989881152017
0 31.201171875 12.760416666666666 6.042172202521769 8.056229603362357
0 58.740234375 25.78125 8.588407763348565 11.451210351131419
0 48.828125 18.489583333333336 7.273178276253042 9.697571035004056
0 57.8125 30.598958333333332 9.35651227829339 12.475349704391189
0 69.775390625 38.34635416666667 10.474244568927316 13.965659425236424
0 66.6015625 20.768229166666664 7.708331872750909 10.277775830334546
0 87.01171875 31.705729166666668 9.524222738236839 12.698963650982451
0 99.12109375 41.015625 10.832665618468535 14.443554157958047
0 98.2421875 28.3203125 9.001392336274797 12.001856448366395
0 89.697265625 23.6328125 8.222774405094897 10.963699206793196
0 82.763671875 24.283854166666664 8.33526628646708 11.113688381956106
0 73.14453125 20.768229166666664 7.708331872750909 10.277775830334546
0 60.546875 16.927083333333336 6.959078522333606 9.278771363111476
0 56.201171875 21.223958333333336 7.792447103762027 10.389929471682702
0 48.388671875 13.997395833333334 6.328259690346595 8.437679587128793
0 63.0859375 16.471354166666664 6.864759447755123 9.15301259700683
0 59.375 18.880208333333336 7.349606066157407 9.799474754876544
0 56.787109375 13.0859375 6.118755388111396 8.15834051748186
0 64.697265625 13.0859375 6.118755388111396 8.15834051748186
0 52.587890625 14.518229166666666 6.444919458600731 8.593225944800976
0 59.326171875 13.346354166666666 6.179338602086361 8.239118136115147
0 52.099609375 11.588541666666668 5.758045124546267 7.677393499395023
0 62.40234375 12.760416666666666 6.042172202521769 8.056229603362357
0 78.7109375 22.591145833333336 8.039514082226251 10.719352109635
0 70.947265625 13.216145833333334 6.149121606326259 8.198828808435012
0 96.533203125 17.838541666666664 7.143981879101334 9.525309172135112
0 70.458984375 19.921875 7.549631882844837 10.066175843793117
0 73.14453125 13.216145833333334 6.149121606326259 8.198828808435012
0 79.98046875 16.927083333333336 6.959078522333606 9.278771363111476
0 76.66015625 21.614583333333336 7.863829789260941 10.485106385681254
0 68.65234375 14.127604166666666 6.3576253222655215 8.476833763020695
0 76.171875 15.8203125 6.72772451325946 8.970299351012613
0 69.775390625 15.494791666666666 6.658149484030587 8.877532645374115
0 77.34375 18.684895833333336 7.311492035346033 9.748656047128044
0 84.228515625 14.84375 6.516771394062079 8.689028525416106
0 87.01171875 21.2890625 7.804389558437758 10.405852744583676
0 90.625 16.861979166666664 6.945682786096826 9.260910381462436
0 97.75390625 18.880208333333336 7.349606066157407 9.799474754876544
0 93.994140625 23.372395833333336 8.177344364608315 10.903125819477753
0 92.67578125 20.3125 7.62328857226367 10.164384763018226
0 99.462890625 23.6328125 8.222774405094897 10.963699206793196
