0 40.72265625 15.364583333333334 6.6301150458985685 8.840153394531425
0 26.26953125 22.4609375 8.016311973000304 10.688415964000404
0 10.595703125 19.856770833333336 7.537285788103314 10.049714384137753
0 69.189453125 15.8203125 6.72772451325946 8.970299351012613
0 95.41015625 23.6328125 8.222774405094897 10.963699206793196
0 75.244140625 20.833333333333336 7.720404443770458 10.293872591693944
0 45.361328125 20.3125 7.62328857226367 10.164384763018226
0 59.5703125 14.127604166666666 6.3576253222655215 8.476833763020695
0 78.662109375 28.190104166666668 8.980675640601907 11.974234187469209
0 89.16015625 32.68229166666667 9.669787303317175 12.893049737756234
0 64.0625 24.609375 8.39094670707246 11.187928942763282
0 98.2421875 21.2890625 7.804389558437758 10.405852744583676
0 79.8828125 16.796875 6.932261164306974 9.243014885742634
0 65.625 20.3125 7.62328857226367 10.164384763018226
0 79.541015625 23.6328125 8.222774405094897 10.963699206793196
0 56.396484375 18.880208333333336 7.349606066157407 9.799474754876544
0 46.77734375 15.104166666666666 6.573687508709111 8.764916678278816
0 35.693359375 17.252604166666664 7.025674092542321 9.367565456723094
0 48.193359375 20.1171875 7.586549618320344 10.115399491093791
0 64.74609375 15.559895833333334 6.672122530845778 8.896163374461038
0 74.90234375 18.880208333333336 7.349606066157407 9.799474754876544
0 32.666015625 15.8203125 6.72772451325946 8.970299351012613
0 22.36328125 16.276041666666664 6.823937919616058 9.09858389282141
0 7.03125 17.708333333333336 7.117861199762329 9.490481599683106
0 59.9609375 19.401041666666664 7.450290292806215 9.933720390408286
0 85.400390625 18.880208333333336 7.349606066157407 9.799474754876544
0 53.369140625 16.276041666666664 6.823937919616058 9.09858389282141
0 90.771484375 23.4375 8.188725503539269 10.918300671385692
0 27.1484375 16.276041666666664 6.823937919616058 9.09858389282141
0 46.77734375 25.065104166666668 8.468284256293707 11.291045675058275
0 13.818359375 17.252604166666664 7.025674092542321 9.367565456723094
0 72.75390625 15.559895833333334 6.672122530845778 8.896163374461038
0 91.11328125 19.856770833333336 7.537285788103314 10.049714384137753
0 46.77734375 15.364583333333334 6.6301150458985685 8.840153394531425
0 4.736328125 20.833333333333336 7.720404443770458 10.293872591693944
0 1.318359375 20.3125 7.62328857226367 10.164384763018226
0 40.33203125 24.153645833333336 8.312889692307273 11.083852923076364
0 76.513671875 16.9921875 6.972448522214271 9.296598029619028
0 25.048828125 18.1640625 7.208869513560617 9.611826018080823
0 31.103515625 16.080729166666664 6.782870718656271 9.043827624875028
0 62.060546875 14.6484375 6.473755931273323 8.631674575031097
0 108.203125 77.08333333333334 14.850494458735888 19.800659278314516
