0 62.98828125 31.315104166666668 9.465370128949479 12.62049350526597
0 48.6328125 25.9765625 8.620878229873984 11.494504306498644
0 40.576171875 38.15104166666667 10.447535869521296 13.930047826028394
0 31.396484375 27.408854166666668 8.855357744474432 11.807143659299243
0 81.494140625 38.4765625 10.492012596234792 13.989350128313058
0 81.4453125 29.166666666666668 9.134905729428569 12.17987430590476
0 69.23828125 18.359375 7.247523246483103 9.663364328644137
0 65.087890625 14.84375 6.516771394062079 8.689028525416106
0 57.8125 15.169270833333334 6.587839704871492 8.783786273161988
0 54.150390625 14.388020833333334 6.415953381844678 8.554604509126236
0 21.533203125 13.997395833333334 6.328259690346595 8.437679587128793
0 10.05859375 17.057291666666664 6.985792933508055 9.31439057801074
0 29.58984375 8.984375 5.069960853831833 6.75994780510911
0 32.373046875 7.8125 4.72776287378835 6.303683831717801
0 24.609375 6.705729166666667 4.380096464357703 5.840128619143605
0 4.052734375 11.263020833333332 5.676597667766807 7.568796890355743
0 14.453125 9.244791666666668 5.1429136799172115 6.857218239889614
0 11.5234375 7.747395833333333 4.708022650311741 6.2773635337489875
0 1.806640625 9.244791666666668 5.1429136799172115 6.857218239889614
0 22.265625 7.291666666666667 4.567452864714284 6.089937152952379
0 19.04296875 7.552083333333333 4.648299014809514 6.197732019746019
0 37.20703125 8.528645833333332 4.93970155524861 6.58626874033148
0 64.208984375 11.783854166666668 5.806365231457656 7.741820308610207
0 50.537109375 10.7421875 5.543793372981247 7.391724497308329
