0 55.2734375 37.43489583333333 10.349014256477766 13.798685675303688
0 27.5390625 15.690104166666666 6.699981201202437 8.933308268269917
0 12.98828125 18.424479166666664 7.2603620931215325 9.680482790828709
0 6.15234375 18.684895833333336 7.311492035346033 9.748656047128044
0 5.029296875 19.140625 7.400119417103358 9.866825889471144
0 3.466796875 17.7734375 7.130933499479933 9.50791133263991
0 9.716796875 18.424479166666664 7.2603620931215325 9.680482790828709
0 1.66015625 20.052083333333336 7.574263699945591 10.099018266594122
0 0.29296875 17.903645833333336 7.157006469457137 9.542675292609516
0 35.9375 15.690104166666666 6.699981201202437 8.933308268269917
0 56.884765625 14.6484375 6.473755931273323 8.631674575031097
0 46.97265625 15.690104166666666 6.699981201202437 8.933308268269917
0 66.40625 16.145833333333336 6.796587356970242 9.062116475960323
0 83.49609375 22.265625 7.981382342908947 10.641843123878598
0 95.361328125 23.6328125 8.222774405094897 10.963699206793196
0 85.83984375 19.791666666666664 7.524919437217989 10.033225916290652
0 80.419921875 19.401041666666664 7.450290292806215 9.933720390408286
0 97.705078125 22.005208333333336 7.9345703125 10.579427083333332
0 78.173828125 18.880208333333336 7.349606066157407 9.799474754876544
0 74.365234375 18.880208333333336 7.349606066157407 9.799474754876544
0 73.14453125 16.015625 6.7691262856502785 9.025501714200372
0 73.583984375 14.6484375 6.473755931273323 8.631674575031097
0 76.5625 16.145833333333336 6.796587356970242 9.062116475960323
0 82.080078125 16.276041666666664 6.823937919616058 9.09858389282141
0 63.330078125 15.4296875 6.644147051109997 8.858862734813329
0 99.560546875 21.158854166666664 7.780486318348366 10.373981757797822
0 87.5 17.7734375 7.130933499479933 9.50791133263991
0 84.130859375 17.1875 7.012405574387241 9.349874099182989
