0 77.05078125 50.5859375 12.03027547877626 16.040367305035012
0 84.375 56.25 12.685919000748614 16.914558667664817
0 99.51171875 47.98177083333333 11.716524548616007 15.622032731488009
0 99.51171875 37.63020833333333 10.3759765625 13.834635416666666
0 85.25390625 35.87239583333333 10.130732832457173 13.507643776609566
0 89.35546875 33.52864583333333 9.794193442310311 13.05892458974708
0 90.283203125 23.697916666666664 8.234092750996119 10.978790334661493
0 97.55859375 25.1953125 8.490251308132054 11.320335077509403
0 90.8203125 25.716145833333332 8.57755695956738 11.436742612756506
0 88.96484375 28.190104166666668 8.980675640601907 11.974234187469209
0 76.85546875 28.7109375 9.063258303782652 12.084344405043536
0 62.109375 28.580729166666668 9.042683343523592 12.056911124698123
0 64.84375 35.28645833333333 10.047654805392046 13.39687307385606
0 61.669921875 24.479166666666664 8.36871899463018 11.15829199284024
0 47.94921875 30.924479166666668 9.406149296522488 12.541532395363317
0 41.796875 27.213541666666668 8.823750179932228 11.765000239909636
0 33.251953125 37.890625 10.411817693623036 13.88242359149738
0 38.37890625 46.35416666666667 11.516090249092533 15.354786998790045
0 34.814453125 49.8046875 11.937016122807584 15.916021497076779
0 21.337890625 48.95833333333333 11.835155901895336 15.780207869193779
0 2.490234375 68.42447916666666 13.991569075131407 18.655425433508544
0 1.123046875 55.143229166666664 12.560495377964282 16.74732717061904
0 22.705078125 35.67708333333333 10.103116062772735 13.470821417030313
0 14.892578125 35.87239583333333 10.130732832457173 13.507643776609566
0 18.26171875 29.817708333333332 9.236295135755345 12.315060181007127
0 51.123046875 41.34114583333333 10.87556743237638 14.500756576501841
0 32.03125 30.924479166666668 9.406149296522488 12.541532395363317
0 32.2265625 23.6328125 8.222774405094897 10.963699206793196
0 20.751953125 23.372395833333336 8.177344364608315 10.903125819477753
0 24.51171875 19.401041666666664 7.450290292806215 9.933720390408286
0 19.091796875 19.270833333333336 7.425247229367944 9.900329639157258
0 34.66796875 25.455729166666668 8.53401578009617 11.378687706794894
0 39.697265625 21.09375 7.768507117527988 10.358009490037318
0 45.751953125 23.2421875 8.154534433525017 10.872712578033356
0 48.92578125 28.059895833333332 8.959911044862793 11.946548059817056
0 58.0078125 22.8515625 8.085718566584333 10.780958088779109
0 59.619140625 16.536458333333336 6.878312786611722 9.171083715482297
0 46.77734375 18.880208333333336 7.349606066157407 9.799474754876544
0 78.515625 25.5859375 8.555814067917595 11.407752090556793
0 98.6328125 27.083333333333332 8.802615418613255 11.736820558151006
0 81.494140625 24.21875 8.324085508414218 11.098780677885625
0 77.978515625 20.768229166666664 7.708331872750909 10.277775830334546
0 86.71875 19.596354166666664 7.487697843252746 9.983597124336994
0 66.6015625 18.880208333333336 7.349606066157407 9.799474754876544
0 63.525390625 10.286458333333332 5.424923350412347 7.233231133883129
0 56.54296875 14.518229166666666 6.444919458600731 8.593225944800976
0 44.140625 14.518229166666666 6.444919458600731 8.593225944800976
0 34.5703125 13.932291666666666 6.313525654778199 8.418034206370931
0 28.125 17.122395833333336 6.9991119025755095 9.332149203434014
0 94.921875 19.270833333333336 7.425247229367944 9.900329639157258
0 89.16015625 18.229166666666664 7.221777078979024 9.629036105305365
0 95.947265625 16.9921875 6.972448522214271 9.296598029619028
0 85.986328125 15.4296875 6.644147051109997 8.858862734813329
0 81.25 15.755208333333334 6.7138671875 8.951822916666668
0 75.341796875 15.755208333333334 6.7138671875 8.951822916666668
0 71.533203125 15.885416666666666 6.741553355216833 8.988737806955777
0 61.181640625 14.778645833333334 6.502464524127966 8.669952698837287
0 54.8828125 13.932291666666666 6.313525654778199 8.418034206370931
0 47.705078125 14.6484375 6.473755931273323 8.631674575031097
0 58.3984375 12.044270833333332 5.870173358664351 7.826897811552468
0 66.89453125 12.174479166666668 5.901818727360142 7.8690916364801895
0 71.728515625 11.653645833333332 5.7741967555006415 7.698929007334189
0 77.685546875 13.28125 6.16424861960576 8.218998159474348
0 67.333984375 15.299479166666666 6.61605328023645 8.821404373648601
0 92.041015625 16.796875 6.932261164306974 9.243014885742634
0 90.8203125 16.015625 6.7691262856502785 9.025501714200372
0 83.0078125 13.802083333333334 6.283953943473511 8.378605257964681
0 43.9453125 11.9140625 5.838356466585996 7.784475288781327
0 41.650390625 11.653645833333332 5.7741967555006415 7.698929007334189
0 26.904296875 13.932291666666666 6.313525654778199 8.418034206370931
0 10.791015625 21.875 7.911060422861158 10.548080563814876
0 3.271484375 26.236979166666668 8.66398288975732 11.551977186343091
0 4.443359375 20.5078125 7.659851317145468 10.21313508952729
0 6.591796875 17.3828125 7.052136235529384 9.40284831403918
0 9.86328125 12.890625 6.072921369058959 8.097228492078614
0 11.9140625 16.861979166666664 6.945682786096826 9.260910381462436
0 0.732421875 24.088541666666664 8.301678777304348 11.068905036405797
0 0.927734375 18.229166666666664 7.221777078979024 9.629036105305365
0 17.578125 16.276041666666664 6.823937919616058 9.09858389282141
0 16.455078125 13.28125 6.16424861960576 8.218998159474348
0 18.701171875 13.28125 6.16424861960576 8.218998159474348
0 20.556640625 12.825520833333334 6.057566296777102 8.076755062369468
0 11.62109375 13.541666666666666 6.224389054678692 8.299185406238257
0 7.71484375 14.388020833333334 6.415953381844678 8.554604509126236
0 2.978515625 15.169270833333334 6.587839704871492 8.783786273161988
0 84.86328125 42.96875 11.087586745962493 14.783448994616657
0 89.990234375 45.1171875 11.361395549918386 15.148527399891181
0 94.287109375 53.385416666666664 12.358677204172722 16.478236272230294
0 68.115234375 60.611979166666664 13.16860901513148 17.55814535350864
0 87.548828125 64.32291666666666 13.565741437312543 18.087655249750057
0 61.865234375 61.588541666666664 13.274269513508024 17.6990260180107
0 49.365234375 48.4375 11.772034620352729 15.696046160470303
0 53.955078125 45.83333333333333 11.45121035113142 15.268280468175227
0 24.12109375 53.645833333333336 12.388783648794213 16.518378198392284
0 1.85546875 31.770833333333332 9.53399618640949 12.711994915212655
0 77.587890625 34.765625 9.973226707988399 13.297635610651199
0 79.736328125 35.28645833333333 10.047654805392046 13.39687307385606
0 68.65234375 33.07291666666667 9.727403229070575 12.9698709720941
0 65.478515625 31.901041666666668 9.55351308746248 12.738017449949975
0 69.189453125 22.4609375 8.016311973000304 10.688415964000404
0 70.99609375 21.614583333333336 7.863829789260941 10.485106385681254
0 62.59765625 20.8984375 7.732458166088822 10.309944221451763
0 63.916015625 19.7265625 7.512532730158185 10.01671030687758
0 49.267578125 19.53125 7.475249459177179 9.966999278902906
0 22.607421875 26.432291666666668 8.696171172348027 11.594894896464037
0 27.587890625 21.484375 7.840107775064166 10.453477033418888
0 30.712890625 19.596354166666664 7.487697843252746 9.983597124336994
0 29.443359375 18.75 7.32421875 9.765625
0 7.6171875 19.7265625 7.512532730158185 10.01671030687758
0 86.5234375 25.065104166666668 8.468284256293707 11.291045675058275
0 86.81640625 22.265625 7.981382342908947 10.641843123878598
0 82.421875 18.359375 7.247523246483103 9.663364328644137
0 72.65625 19.401041666666664 7.450290292806215 9.933720390408286
0 91.30859375 33.65885416666667 9.813192865486773 13.084257153982362
0 95.654296875 21.354166666666664 7.816313766397521 10.421751688530028
0 96.77734375 19.270833333333336 7.425247229367944 9.900329639157258
0 99.51171875 30.6640625 9.366460725843998 12.48861430112533
0 31.93359375 34.30989583333333 9.907643481901811 13.210191309202415
0 0.830078125 47.59114583333333 11.66873431048899 15.55831241398532
0 22.265625 15.4296875 6.644147051109997 8.858862734813329
0 36.71875 16.276041666666664 6.823937919616058 9.09858389282141
0 35.9375 19.010416666666664 7.37490598974278 9.833207986323707
0 31.494140625 16.536458333333336 6.878312786611722 9.171083715482297
0 30.712890625 14.6484375 6.473755931273323 8.631674575031097
0 28.759765625 12.890625 6.072921369058959 8.097228492078614
0 38.0859375 12.044270833333332 5.870173358664351 7.826897811552468
0 5.76171875 14.388020833333334 6.415953381844678 8.554604509126236
0 4.443359375 15.0390625 6.559504779115197 8.746006372153596
0 50.390625 14.518229166666666 6.444919458600731 8.593225944800976
0 99.12109375 18.229166666666664 7.221777078979024 9.629036105305365
0 92.67578125 20.1171875 7.586549618320344 10.115399491093791
0 65.0390625 12.174479166666668 5.901818727360142 7.8690916364801895
0 60.44921875 12.174479166666668 5.901818727360142 7.8690916364801895
0 46.38671875 13.28125 6.16424861960576 8.218998159474348
0 6.787109375 24.21875 8.324085508414218 11.098780677885625
0 4.736328125 25.1953125 8.490251308132054 11.320335077509403
0 65.576171875 14.0625 6.342959500374307 8.457279333832409
0 69.580078125 13.020833333333334 6.103515625 8.138020833333332
0 40.52734375 16.796875 6.932261164306974 9.243014885742634
0 50.5859375 22.721354166666664 8.062649422377262 10.75019922983635
0 49.072265625 24.21875 8.324085508414218 11.098780677885625
0 85.3515625 13.802083333333334 6.283953943473511 8.378605257964681
