0 4.541015625 72.0703125 14.359485297874258 19.145980397165676
0 30.17578125 77.66927083333334 14.906829518823015 19.87577269176402
0 44.04296875 87.890625 15.857398750935767 21.143198334581022
0 42.1875 71.35416666666666 14.287963758202668 19.050618344270223
0 78.61328125 83.0078125 15.4106215490144 20.547495398685868
0 74.609375 64.38802083333334 13.572604954795583 18.09680660639411
0 96.728515625 64.12760416666666 13.545130017805265 18.060173357073687
0 93.994140625 55.533854166666664 12.604905046425404 16.80654006190054
0 75.732421875 50.455729166666664 12.01478252260103 16.019710030134707
0 62.79296875 52.34375 12.237510776222791 16.31668103496372
0 44.43359375 59.049479166666664 12.99776577090262 17.330354361203494
0 23.53515625 56.184895833333336 12.678575486963496 16.90476731595133
0 0.732421875 56.4453125 12.707924080601204 16.94389877413494
0 22.265625 45.37760416666667 11.394137391720257 15.192183188960342
0 11.5234375 43.48958333333333 11.154581837461587 14.872775783282115
0 40.33203125 43.359375 11.137870844051916 14.850494458735888
0 40.4296875 36.06770833333333 10.158274522151634 13.544366029535512
0 60.009765625 43.22916666666667 11.121134740166381 14.828179653555177
0 69.677734375 41.015625 10.832665618468535 14.443554157958047
0 72.75390625 35.41666666666667 10.066175843793117 13.421567791724156
0 82.275390625 37.04427083333333 10.29487780360901 13.726503738145347
0 88.427734375 41.86197916666667 10.943860520654974 14.591814027539964
0 94.287109375 39.77864583333333 10.668065364348472 14.224087152464628
0 87.5 36.19791666666667 10.17659423860661 13.568792318142146
0 15.185546875 36.9140625 10.276768945607138 13.702358594142853
0 8.642578125 28.971354166666668 9.104268731797058 12.139024975729411
0 3.90625 26.106770833333332 8.642457433170346 11.52327657756046
0 21.484375 26.953125 8.78142979122202 11.708573054962693
0 29.150390625 28.3203125 9.001392336274797 12.001856448366395
0 10.302734375 33.91927083333333 9.851081781963485 13.134775709284646
0 18.701171875 22.8515625 8.085718566584333 10.780958088779109
0 58.59375 37.17447916666667 10.31295486371814 13.75060648495752
0 57.373046875 25.9765625 8.620878229873984 11.494504306498644
0 50.5859375 29.1015625 9.124704826492952 12.166273101990603
0 47.802734375 23.893229166666664 8.267954824306681 11.023939765742242
0 38.57421875 25.5859375 8.555814067917595 11.407752090556793
0 39.013671875 17.3828125 7.052136235529384 9.40284831403918
0 42.919921875 30.859375 9.396242870080965 12.52832382677462
0 58.59375 33.33333333333333 9.765625 13.020833333333334
0 64.6484375 25.0 8.457279333832409 11.276372445109878
0 69.677734375 23.6328125 8.222774405094897 10.963699206793196
0 74.8046875 30.078125 9.276540621075844 12.368720828101127
0 65.380859375 29.6875 9.216106488367615 12.288141984490153
0 25.9765625 25.130208333333332 8.479274895904423 11.305699861205897
0 30.46875 22.981770833333336 8.108722079825698 10.811629439767596
0 12.255859375 21.614583333333336 7.863829789260941 10.485106385681254
0 5.95703125 22.981770833333336 8.108722079825698 10.811629439767596
0 12.841796875 19.010416666666664 7.37490598974278 9.833207986323707
0 18.408203125 18.424479166666664 7.2603620931215325 9.680482790828709
0 24.658203125 18.424479166666664 7.2603620931215325 9.680482790828709
0 32.32421875 18.75 7.32421875 9.765625
0 38.720703125 21.875 7.911060422861158 10.548080563814876
0 45.361328125 23.6328125 8.222774405094897 10.963699206793196
0 50.390625 15.299479166666666 6.61605328023645 8.821404373648601
0 56.25 20.1171875 7.586549618320344 10.115399491093791
0 64.013671875 21.158854166666664 7.780486318348366 10.373981757797822
0 58.59375 17.513020833333336 7.0784994535786145 9.437999271438152
0 51.220703125 18.880208333333336 7.349606066157407 9.799474754876544
0 23.095703125 37.6953125 10.38494844187839 13.84659792250452
0 75.0 26.106770833333332 8.642457433170346 11.52327657756046
0 71.728515625 20.768229166666664 7.708331872750909 10.277775830334546
0 79.736328125 23.111979166666664 8.131660519088275 10.842214025451032
0 90.283203125 27.473958333333332 8.865868558553435 11.821158078071248
0 97.55859375 35.28645833333333 10.047654805392046 13.39687307385606
0 97.65625 27.213541666666668 8.823750179932228 11.765000239909636
0 91.2109375 24.869791666666664 8.435226416678011 11.246968555570682
0 83.10546875 19.270833333333336 7.425247229367944 9.900329639157258
0 60.15625 23.763020833333336 8.245395560367612 10.993860747156816
0 46.6796875 19.401041666666664 7.450290292806215 9.933720390408286
0 41.552734375 16.927083333333336 6.959078522333606 9.278771363111476
0 35.400390625 18.1640625 7.208869513560617 9.611826018080823
0 27.9296875 17.1875 7.012405574387241 9.349874099182989
0 3.61328125 19.661458333333336 7.500125566067204 10.00016742142294
0 10.498046875 19.140625 7.400119417103358 9.866825889471144
0 90.185546875 32.09635416666667 9.58271390875707 12.77695187834276
0 96.435546875 31.184895833333332 9.445671106287941 12.594228141717254
0 99.12109375 22.65625 8.051090062422436 10.734786749896582
0 78.369140625 18.294270833333336 7.234661615679748 9.646215487572997
0 66.064453125 16.927083333333336 6.959078522333606 9.278771363111476
