0 86.23046875 61.393229166666664 13.253204803838173 17.670939738450897
0 92.236328125 53.385416666666664 12.358677204172722 16.478236272230294
0 94.53125 46.02864583333333 11.475583298927713 15.300777731903617
0 96.923828125 36.9140625 10.276768945607138 13.702358594142853
0 84.765625 44.59635416666667 11.295627150464934 15.060836200619912
0 85.498046875 35.61197916666667 10.093893681970965 13.458524909294619
0 93.06640625 29.817708333333332 9.236295135755345 12.315060181007127
0 85.15625 27.278645833333332 8.83429859993294 11.779064799910586
0 97.265625 26.302083333333332 8.674725588105405 11.56630078414054
0 89.599609375 27.278645833333332 8.83429859993294 11.779064799910586
0 99.21875 30.794270833333332 9.386325988299376 12.515101317732501
0 89.208984375 32.87760416666667 9.698638050580264 12.931517400773687
0 89.697265625 24.544270833333336 8.379840220792225 11.173120294389632
0 96.435546875 22.4609375 8.016311973000304 10.688415964000404
0 86.81640625 21.484375 7.840107775064166 10.453477033418888
0 99.560546875 21.158854166666664 7.780486318348366 10.373981757797822
0 89.111328125 20.052083333333336 7.574263699945591 10.099018266594122
0 98.2421875 19.596354166666664 7.487697843252746 9.983597124336994
0 85.25390625 19.401041666666664 7.450290292806215 9.933720390408286
0 95.849609375 19.401041666666664 7.450290292806215 9.933720390408286
0 82.470703125 17.838541666666664 7.143981879101334 9.525309172135112
0 92.578125 23.4375 8.188725503539269 10.918300671385692
0 82.2265625 22.005208333333336 7.9345703125 10.579427083333332
0 91.015625 21.354166666666664 7.816313766397521 10.421751688530028
0 79.98046875 23.2421875 8.154534433525017 10.872712578033356
0 91.748046875 17.513020833333336 7.0784994535786145 9.437999271438152
0 79.248046875 26.822916666666668 8.760192928715409 11.680257238287211
0 93.896484375 15.885416666666666 6.741553355216833 8.988737806955777
0 75.87890625 26.171875 8.653226854710587 11.537635806280782
0 87.40234375 15.559895833333334 6.672122530845778 8.896163374461038
0 73.73046875 30.013020833333332 9.266495636406846 12.35532751520913
0 83.447265625 15.755208333333334 6.7138671875 8.951822916666668
0 82.470703125 14.583333333333334 6.459353786778786 8.612471715705048
0 80.46875 17.96875 7.170007400189656 9.56000986691954
0 71.77734375 11.71875 5.790303332827843 7.720404443770458
0 78.515625 13.4765625 6.209408553886659 8.279211405182211
0 71.09375 16.2109375 6.810276368536802 9.080368491382403
0 77.197265625 18.1640625 7.208869513560617 9.611826018080823
0 67.822265625 22.4609375 8.016311973000304 10.688415964000404
0 63.8671875 16.40625 6.8511792970714245 9.134905729428567
0 72.265625 20.703125 7.6962403643301345 10.261653819106845
0 68.896484375 12.5 5.980199567341744 7.973599423122326
0 62.646484375 10.416666666666668 5.459150335692846 7.278867114257127
0 67.08984375 18.9453125 7.3622668956389274 9.816355860851903
0 60.498046875 19.270833333333336 7.425247229367944 9.900329639157258
0 65.52734375 14.778645833333334 6.502464524127966 8.669952698837287
0 55.224609375 13.346354166666666 6.179338602086361 8.239118136115147
0 61.81640625 16.2109375 6.810276368536802 9.080368491382403
0 49.072265625 21.6796875 7.875664001809045 10.500885335745393
0 61.81640625 12.5 5.980199567341744 7.973599423122326
0 50.390625 18.1640625 7.208869513560617 9.611826018080823
0 60.3515625 13.4765625 6.209408553886659 8.279211405182211
0 51.85546875 15.885416666666666 6.741553355216833 8.988737806955777
0 57.958984375 15.4296875 6.644147051109997 8.858862734813329
0 49.658203125 15.234375 6.60196156395994 8.802615418613254
0 34.1796875 14.583333333333334 6.459353786778786 8.612471715705048
0 47.265625 14.778645833333334 6.502464524127966 8.669952698837287
0 37.158203125 15.885416666666666 6.741553355216833 8.988737806955777
0 46.6796875 13.346354166666666 6.179338602086361 8.239118136115147
0 35.7421875 13.802083333333334 6.283953943473511 8.378605257964681
0 44.873046875 15.104166666666666 6.573687508709111 8.764916678278816
0 32.6171875 15.559895833333334 6.672122530845778 8.896163374461038
0 43.1640625 14.322916666666666 6.401421192444773 8.53522825659303
0 31.298828125 13.671875 6.254242410864013 8.338989881152017
0 40.771484375 15.234375 6.60196156395994 8.802615418613254
0 29.98046875 14.127604166666666 6.3576253222655215 8.476833763020695
0 42.333984375 16.666666666666664 6.905339660024879 9.207119546699838
0 27.9296875 15.234375 6.60196156395994 8.802615418613254
0 37.79296875 18.75 7.32421875 9.765625
0 26.220703125 12.825520833333334 6.057566296777102 8.076755062369468
0 18.310546875 13.997395833333334 6.328259690346595 8.437679587128793
0 3.271484375 17.643229166666664 7.104764847914316 9.473019797219088
0 21.533203125 14.778645833333334 6.502464524127966 8.669952698837287
0 20.361328125 13.4765625 6.209408553886659 8.279211405182211
0 13.28125 16.2109375 6.810276368536802 9.080368491382403
0 4.736328125 15.4296875 6.644147051109997 8.858862734813329
0 11.9140625 17.96875 7.170007400189656 9.56000986691954
0 6.15234375 18.9453125 7.3622668956389274 9.816355860851903
0 15.185546875 16.2109375 6.810276368536802 9.080368491382403
0 6.0546875 25.0 8.457279333832409 11.276372445109878
0 0.78125 23.2421875 8.154534433525017 10.872712578033356
0 14.94140625 21.6796875 7.875664001809045 10.500885335745393
0 3.90625 30.989583333333332 9.416045300623482 12.554727067497975
0 10.7421875 27.604166666666668 8.886852892188134 11.849137189584178
0 20.21484375 20.833333333333336 7.720404443770458 10.293872591693944
0 21.09375 32.55208333333333 9.650505554713073 12.86734073961743
0 28.02734375 23.763020833333336 8.245395560367612 10.993860747156816
0 22.265625 17.96875 7.170007400189656 9.56000986691954
0 19.62890625 17.513020833333336 7.0784994535786145 9.437999271438152
0 18.5546875 15.755208333333334 6.7138671875 8.951822916666668
0 17.333984375 18.75 7.32421875 9.765625
0 26.953125 19.075520833333336 7.3875234600282 9.850031280037602
0 24.4140625 16.666666666666664 6.905339660024879 9.207119546699838
0 23.974609375 14.778645833333334 6.502464524127966 8.669952698837287
0 31.0546875 20.247395833333336 7.611061958825638 10.148082611767517
0 33.10546875 18.619791666666664 7.298743129334349 9.731657505779133
0 41.748046875 20.247395833333336 7.611061958825638 10.148082611767517
0 29.4921875 17.643229166666664 7.104764847914316 9.473019797219088
0 25.048828125 31.119791666666668 9.4358061729372 12.5810748972496
0 21.2890625 25.846354166666668 8.59924487524742 11.465659833663226
0 5.56640625 37.82552083333333 10.40286898746296 13.870491983283944
0 31.787109375 28.385416666666668 9.011732824849489 12.015643766465985
0 43.798828125 32.2265625 9.60213178866716 12.802842384889546
0 35.009765625 23.2421875 8.154534433525017 10.872712578033356
0 42.724609375 24.739583333333336 8.413115693414442 11.217487591219255
0 32.71484375 33.984375 9.860531263063667 13.147375017418222
0 51.611328125 29.361979166666668 9.16544031840894 12.220587091211922
0 33.349609375 42.83854166666667 11.070774625986973 14.761032834649296
0 13.8671875 36.71875 10.24954566879069 13.66606089172092
0 0.87890625 61.9140625 13.309303275974441 17.745737701299255
0 3.02734375 73.56770833333334 14.507891020513567 19.343854694018088
0 25.87890625 58.528645833333336 12.940316801217158 17.25375573495621
0 22.65625 52.604166666666664 12.267914576563586 16.357219435418116
0 38.4765625 59.309895833333336 13.02639524561343 17.368526994151242
0 43.408203125 81.4453125 15.264891357909912 20.353188477213216
0 51.611328125 47.78645833333333 11.69265384562257 15.590205127496759
0 49.31640625 34.63541666666667 9.954532733337459 13.272710311116612
0 59.27734375 23.2421875 8.154534433525017 10.872712578033356
0 63.037109375 30.46875 9.336583582018038 12.448778109357384
0 66.259765625 44.07552083333333 11.229473567489073 14.972631423318763
0 62.060546875 24.869791666666664 8.435226416678011 11.246968555570682
0 60.25390625 36.39322916666667 10.204012144348443 13.605349525797925
0 73.095703125 53.059895833333336 12.320940697135223 16.427920929513633
0 66.9921875 61.71875 13.288294102219997 17.717725469626664
0 65.283203125 52.604166666666664 12.267914576563586 16.357219435418116
0 79.00390625 37.36979166666667 10.340011197569225 13.786681596758967
0 91.259765625 92.96875 16.309068867050033 21.745425156066712
0 52.44140625 51.953125 12.191762912254749 16.25568388300633
0 85.15625 66.66666666666666 13.810679320049758 18.414239093399676
0 33.447265625 37.6953125 10.38494844187839 13.84659792250452
0 48.486328125 39.12760416666667 10.580405165624827 14.107206887499771
0 31.640625 38.02083333333333 10.429692071920813 13.906256095894417
0 49.8046875 38.671875 10.518608361580863 14.024811148774482
0 42.48046875 26.497395833333332 8.706874156303165 11.609165541737553
0 78.515625 41.53645833333333 10.901227477717134 14.53496997028951
0 74.21875 34.30989583333333 9.907643481901811 13.210191309202415
0 48.2421875 24.088541666666664 8.301678777304348 11.068905036405797
0 67.724609375 25.0 8.457279333832409 11.276372445109878
