0 23.486328125 10.9375 5.593964471381641 7.458619295175521
0 18.212890625 11.71875 5.790303332827843 7.720404443770458
0 11.474609375 16.927083333333336 6.959078522333606 9.278771363111476
0 3.076171875 19.986979166666664 7.561957820656658 10.08261042754221
0 99.658203125 20.638020833333336 7.684129829110212 10.245506438813615
0 93.212890625 18.9453125 7.3622668956389274 9.816355860851903
0 95.263671875 19.075520833333336 7.3875234600282 9.850031280037602
0 99.4140625 31.380208333333332 9.475204282385269 12.633605709847027
0 92.28515625 20.768229166666664 7.708331872750909 10.277775830334546
0 84.66796875 20.442708333333336 7.647683158045451 10.196910877393934
0 71.630859375 17.96875 7.170007400189656 9.56000986691954
0 64.453125 15.559895833333334 6.672122530845778 8.896163374461038
0 48.4375 27.083333333333332 8.802615418613255 11.736820558151006
0 95.849609375 22.786458333333336 8.074192233473482 10.765589644631309
0 86.279296875 21.875 7.911060422861158 10.548080563814876
0 92.724609375 23.046875 8.120199399200482 10.82693253226731
0 81.884765625 22.005208333333336 7.9345703125 10.579427083333332
0 89.74609375 20.3125 7.62328857226367 10.164384763018226
0 88.4765625 32.94270833333333 9.708235913444133 12.944314551258843
0 80.95703125 38.28125 10.46534924284805 13.953798990464069
0 81.4453125 18.294270833333336 7.234661615679748 9.646215487572997
0 76.5625 21.354166666666664 7.816313766397521 10.421751688530028
0 67.48046875 23.828125 8.256682897014576 11.008910529352768
0 77.63671875 18.619791666666664 7.298743129334349 9.731657505779133
0 70.01953125 13.0859375 6.118755388111396 8.15834051748186
0 58.349609375 13.671875 6.254242410864013 8.338989881152017
0 47.16796875 14.778645833333334 6.502464524127966 8.669952698837287
0 40.576171875 13.8671875 6.298757153488249 8.398342871317666
0 13.818359375 16.276041666666664 6.823937919616058 9.09858389282141
0 10.107421875 27.5390625 8.876366926421502 11.835155901895336
0 3.41796875 30.924479166666668 9.406149296522488 12.541532395363317
0 37.79296875 64.58333333333334 13.593174713940485 18.124232951920646
0 2.1484375 59.049479166666664 12.99776577090262 17.330354361203494
0 22.119140625 50.455729166666664 12.01478252260103 16.019710030134707
0 1.3671875 44.01041666666667 11.221176947540428 14.961569263387236
0 36.767578125 42.44791666666667 11.020184378215204 14.693579170953605
0 51.66015625 47.0703125 11.604707850238979 15.472943800318639
0 64.111328125 41.86197916666667 10.943860520654974 14.591814027539964
0 45.556640625 39.2578125 10.597995211294762 14.130660281726351
0 31.93359375 36.328125 10.194881035455362 13.593174713940485
0 19.482421875 32.74739583333333 9.679413773897526 12.905885031863368
0 22.4609375 26.171875 8.653226854710587 11.537635806280782
0 13.4765625 21.09375 7.768507117527988 10.358009490037318
0 4.248046875 25.065104166666668 8.468284256293707 11.291045675058275
0 27.880859375 23.2421875 8.154534433525017 10.872712578033356
0 32.861328125 21.09375 7.768507117527988 10.358009490037318
0 41.6015625 32.16145833333333 9.592427762147041 12.789903682862722
0 61.1328125 34.63541666666667 9.954532733337459 13.272710311116612
0 47.16796875 22.591145833333336 8.039514082226251 10.719352109635
0 41.50390625 24.609375 8.39094670707246 11.187928942763282
0 31.25 27.669270833333332 8.897326499702912 11.863101999603883
0 62.40234375 29.6875 9.216106488367615 12.288141984490153
0 58.251953125 25.846354166666668 8.59924487524742 11.465659833663226
0 49.462890625 19.856770833333336 7.537285788103314 10.049714384137753
0 37.6953125 18.9453125 7.3622668956389274 9.816355860851903
0 30.517578125 18.9453125 7.3622668956389274 9.816355860851903
0 20.166015625 20.442708333333336 7.647683158045451 10.196910877393934
0 83.984375 63.411458333333336 13.469284967476753 17.959046623302335
0 97.021484375 53.385416666666664 12.358677204172722 16.478236272230294
0 66.650390625 59.049479166666664 12.99776577090262 17.330354361203494
0 77.392578125 52.799479166666664 12.290668069825603 16.38755742643414
0 98.974609375 41.66666666666667 10.918300671385692 14.557734228514258
0 91.943359375 30.924479166666668 9.406149296522488 12.541532395363317
0 73.583984375 33.07291666666667 9.727403229070575 12.9698709720941
0 73.828125 25.260416666666668 8.501213548086012 11.334951397448016
0 80.029296875 24.283854166666664 8.33526628646708 11.113688381956106
0 91.11328125 27.5390625 8.876366926421502 11.835155901895336
0 71.484375 22.591145833333336 8.039514082226251 10.719352109635
0 89.501953125 25.716145833333332 8.57755695956738 11.436742612756506
0 59.86328125 19.856770833333336 7.537285788103314 10.049714384137753
0 90.771484375 24.739583333333336 8.413115693414442 11.217487591219255
0 60.791015625 17.838541666666664 7.143981879101334 9.525309172135112
0 52.24609375 16.796875 6.932261164306974 9.243014885742634
0 40.33203125 16.796875 6.932261164306974 9.243014885742634
0 29.4921875 11.979166666666668 5.854286527481347 7.805715369975129
0 25.439453125 13.411458333333334 6.194391824397107 8.259189099196142
0 21.435546875 16.927083333333336 6.959078522333606 9.278771363111476
0 77.83203125 16.145833333333336 6.796587356970242 9.062116475960323
0 5.517578125 21.09375 7.768507117527988 10.358009490037318
0 36.669921875 16.6015625 6.891839471823862 9.189119295765149
0 25.09765625 18.9453125 7.3622668956389274 9.816355860851903
0 17.138671875 19.075520833333336 7.3875234600282 9.850031280037602
0 28.564453125 17.057291666666664 6.985792933508055 9.31439057801074
0 28.22265625 15.559895833333334 6.672122530845778 8.896163374461038
0 43.45703125 15.559895833333334 6.672122530845778 8.896163374461038
0 65.625 13.216145833333334 6.149121606326259 8.198828808435012
0 33.3984375 15.364583333333334 6.6301150458985685 8.840153394531425
