0 93.017578125 82.421875 15.356134796642 20.474846395522665
0 85.400390625 65.55989583333334 13.695560102732468 18.26074680364329
0 84.228515625 48.2421875 11.748276705883885 15.664368941178514
0 77.392578125 50.716145833333336 12.045748508295013 16.06099801106002
0 64.2578125 57.356770833333336 12.810114661752536 17.080152882336716
0 42.138671875 69.27083333333334 14.07783519857275 18.77044693143033
0 33.69140625 63.411458333333336 13.469284967476753 17.959046623302335
0 2.1484375 70.05208333333334 14.156998907157229 18.875998542876303
0 26.85546875 49.609375 11.913587216762167 15.884782955682889
0 6.54296875 38.34635416666667 10.474244568927316 13.965659425236424
0 17.578125 32.6171875 9.660151239834237 12.880201653112316
0 10.83984375 26.432291666666668 8.696171172348027 11.594894896464037
0 4.345703125 29.557291666666668 9.195873518871684 12.261164691828911
0 31.689453125 34.1796875 9.888825528576445 13.185100704768596
0 34.814453125 41.6015625 10.909767414379564 14.546356552506085
0 33.88671875 28.3203125 9.001392336274797 12.001856448366395
0 43.75 31.119791666666668 9.4358061729372 12.5810748972496
0 50.830078125 34.50520833333333 9.935803586486637 13.247738115315515
0 55.46875 42.83854166666667 11.070774625986973 14.761032834649296
0 53.173828125 49.8046875 11.937016122807584 15.916021497076779
0 67.431640625 41.47135416666667 10.892680845687712 14.523574460916949
0 92.67578125 52.083333333333336 12.20703125 16.276041666666664
0 93.603515625 41.6015625 10.909767414379564 14.546356552506085
0 81.884765625 39.58333333333333 10.641843123878598 14.189124165171464
0 85.9375 33.07291666666667 9.727403229070575 12.9698709720941
0 96.142578125 42.70833333333333 11.053936936202902 14.738582581603868
0 99.072265625 30.598958333333332 9.35651227829339 12.475349704391189
0 90.8203125 28.3203125 9.001392336274797 12.001856448366395
0 97.900390625 25.520833333333332 8.544921875 11.393229166666668
0 94.775390625 31.380208333333332 9.475204282385269 12.633605709847027
0 89.0625 33.72395833333333 9.82267879603948 13.096905061385971
0 74.267578125 33.85416666666667 9.841623227903504 13.122164303871338
0 74.0234375 25.520833333333332 8.544921875 11.393229166666668
0 82.12890625 29.1015625 9.124704826492952 12.166273101990603
0 91.064453125 24.934895833333336 8.446260072691679 11.26168009692224
0 66.50390625 23.828125 8.256682897014576 11.008910529352768
0 77.734375 21.809895833333336 7.8992792392241125 10.532372318965482
0 70.21484375 22.721354166666664 8.062649422377262 10.75019922983635
0 80.517578125 23.958333333333336 8.279211405182211 11.038948540242949
0 71.484375 16.861979166666664 6.945682786096826 9.260910381462436
0 81.787109375 22.005208333333336 7.9345703125 10.579427083333332
0 67.041015625 15.625 6.686066375795484 8.914755167727312
0 97.0703125 18.5546875 7.28597191547444 9.714629220632586
0 85.83984375 20.768229166666664 7.708331872750909 10.277775830334546
0 77.978515625 18.294270833333336 7.234661615679748 9.646215487572997
0 69.7265625 12.825520833333334 6.057566296777102 8.076755062369468
0 92.7734375 19.010416666666664 7.37490598974278 9.833207986323707
0 80.859375 14.583333333333334 6.459353786778786 8.612471715705048
0 95.361328125 23.046875 8.120199399200482 10.82693253226731
0 78.173828125 15.950520833333334 6.755353888299149 9.0071385177322
0 92.919921875 23.502604166666664 8.200090846279542 10.933454461706056
0 51.171875 28.645833333333332 9.052976668817948 12.07063555842393
0 48.14453125 22.916666666666664 8.097228492078614 10.796304656104818
0 41.11328125 25.520833333333332 8.544921875 11.393229166666668
0 49.560546875 19.986979166666664 7.561957820656658 10.08261042754221
0 41.2109375 22.4609375 8.016311973000304 10.688415964000404
0 51.318359375 16.861979166666664 6.945682786096826 9.260910381462436
0 40.380859375 18.880208333333336 7.349606066157407 9.799474754876544
0 47.4609375 17.317708333333336 7.038917599286375 9.385223465715166
0 58.837890625 24.479166666666664 8.36871899463018 11.15829199284024
0 60.693359375 17.513020833333336 7.0784994535786145 9.437999271438152
0 42.822265625 13.932291666666666 6.313525654778199 8.418034206370931
0 59.521484375 21.484375 7.840107775064166 10.453477033418888
0 45.5078125 13.606770833333334 6.2393335877260965 8.319111450301463
0 63.134765625 17.1875 7.012405574387241 9.349874099182989
0 44.921875 15.950520833333334 6.755353888299149 9.0071385177322
0 36.328125 13.932291666666666 6.313525654778199 8.418034206370931
0 26.025390625 24.739583333333336 8.413115693414442 11.217487591219255
0 16.748046875 23.697916666666664 8.234092750996119 10.978790334661493
0 22.998046875 26.953125 8.78142979122202 11.708573054962693
0 5.17578125 24.934895833333336 8.446260072691679 11.26168009692224
0 19.287109375 11.783854166666668 5.806365231457656 7.741820308610207
0 25.5859375 11.588541666666668 5.758045124546267 7.677393499395023
0 23.828125 12.6953125 6.026738787271576 8.0356517163621
0 25.0 11.9140625 5.838356466585996 7.784475288781327
0 37.158203125 13.346354166666666 6.179338602086361 8.239118136115147
0 43.994140625 12.239583333333332 5.917577950947668 7.8901039345968895
0 31.8359375 14.713541666666666 6.488126106405426 8.650834808540568
0 41.552734375 17.057291666666664 6.985792933508055 9.31439057801074
0 56.298828125 15.169270833333334 6.587839704871492 8.783786273161988
0 10.7421875 21.354166666666664 7.816313766397521 10.421751688530028
0 16.650390625 15.0390625 6.559504779115197 8.746006372153596
0 20.361328125 19.3359375 7.437779301119349 9.917039068159132
0 4.345703125 15.8203125 6.72772451325946 8.970299351012613
0 2.978515625 15.950520833333334 6.755353888299149 9.0071385177322
0 2.24609375 17.057291666666664 6.985792933508055 9.31439057801074
0 5.615234375 20.572916666666664 7.672000176987631 10.229333569316841
0 5.2734375 18.424479166666664 7.2603620931215325 9.680482790828709
0 14.111328125 16.276041666666664 6.823937919616058 9.09858389282141
0 11.181640625 17.96875 7.170007400189656 9.56000986691954
0 17.919921875 17.643229166666664 7.104764847914316 9.473019797219088
0 25.78125 16.276041666666664 6.823937919616058 9.09858389282141
0 27.5390625 13.802083333333334 6.283953943473511 8.378605257964681
0 26.513671875 13.606770833333334 6.2393335877260965 8.319111450301463
0 29.638671875 16.276041666666664 6.823937919616058 9.09858389282141
0 26.85546875 18.424479166666664 7.2603620931215325 9.680482790828709
0 32.51953125 21.354166666666664 7.816313766397521 10.421751688530028
0 30.76171875 18.5546875 7.28597191547444 9.714629220632586
0 35.986328125 13.802083333333334 6.283953943473511 8.378605257964681
0 62.060546875 13.4765625 6.209408553886659 8.279211405182211
0 65.087890625 12.565104166666666 5.995752778438873 7.9943370379184975
0 83.984375 14.84375 6.516771394062079 8.689028525416106
