0 82.373046875 45.703125 11.434932858395506 15.24657714452734
0 73.14453125 34.89583333333333 9.991885707852113 13.322514277136149
0 64.404296875 29.947916666666668 9.25643975103949 12.341919668052654
0 67.96875 23.111979166666664 8.131660519088275 10.842214025451032
0 88.525390625 23.4375 8.188725503539269 10.918300671385692
0 94.775390625 31.966145833333332 9.56325660155786 12.751008802077147
0 72.998046875 18.033854166666664 7.182984799767957 9.577313066357275
0 62.939453125 25.5859375 8.555814067917595 11.407752090556793
0 48.193359375 20.1171875 7.586549618320344 10.115399491093791
0 31.8359375 19.466145833333336 7.462780310447684 9.950373747263578
0 40.185546875 24.739583333333336 8.413115693414442 11.217487591219255
0 23.974609375 23.4375 8.188725503539269 10.918300671385692
0 10.05859375 24.088541666666664 8.301678777304348 11.068905036405797
0 4.638671875 22.4609375 8.016311973000304 10.688415964000404
0 1.806640625 32.74739583333333 9.679413773897526 12.905885031863368
0 41.064453125 43.9453125 11.212874188765769 14.950498918354358
0 -3.955078125 109.1796875 17.67386747506135 23.565156633415132
0 64.794921875 67.83854166666666 13.931533460099278 18.575377946799033
0 40.576171875 70.3125 14.183288621365053 18.911051495153405
0 92.822265625 26.692708333333332 8.738904457566134 11.651872610088178
0 58.154296875 70.63802083333334 14.216082396059711 18.954776528079616
0 67.236328125 76.3671875 14.78134892372111 19.708465231628146
0 40.673828125 82.29166666666666 15.344000353975263 20.458667138633682
0 29.00390625 46.35416666666667 11.516090249092533 15.354786998790045
0 9.716796875 26.692708333333332 8.738904457566134 11.651872610088178
0 97.998046875 29.166666666666668 9.134905729428569 12.17987430590476
0 74.12109375 28.515625 9.03237828793258 12.043171050576774
0 51.26953125 14.2578125 6.386855937639267 8.515807916852356
0 41.552734375 16.2109375 6.810276368536802 9.080368491382403
0 29.1015625 22.916666666666664 8.097228492078614 10.796304656104818
0 14.74609375 24.4140625 8.357582969744357 11.143443959659143
0 61.328125 43.5546875 11.162927952985768 14.883903937314358
0 71.435546875 31.4453125 9.485028239697298 12.646704319596397
0 85.791015625 28.971354166666668 9.104268731797058 12.139024975729411
0 84.814453125 16.731770833333336 6.9188135063199665 9.225084675093289
0 69.3359375 23.2421875 8.154534433525017 10.872712578033356
