0 89.697265625 84.30989583333334 15.53101885986264 20.708025146483518
0 88.134765625 67.25260416666666 13.871238009476944 18.494984012635925
0 94.580078125 20.703125 7.6962403643301345 10.261653819106845
0 96.923828125 53.90625 12.418817107773318 16.558422810364423
0 79.833984375 53.580729166666664 12.381263900818356 16.508351867757806
0 66.650390625 60.807291666666664 13.18980882871967 17.586411771626228
0 90.234375 45.5078125 11.410473080956981 15.213964107942642
0 57.568359375 81.31510416666666 15.252684325683349 20.336912434244468
0 89.16015625 16.861979166666664 6.945682786096826 9.260910381462436
0 93.505859375 47.265625 11.628759084019562 15.505012112026082
0 75.9765625 49.54427083333333 11.905767335895483 15.874356447860643
0 1.806640625 15.4296875 6.644147051109997 8.858862734813329
0 1.26953125 16.861979166666664 6.945682786096826 9.260910381462436
0 3.125 17.1875 7.012405574387241 9.349874099182989
0 3.125 22.4609375 8.016311973000304 10.688415964000404
0 0.78125 27.9296875 8.939098215256843 11.918797620342456
0 4.296875 18.9453125 7.3622668956389274 9.816355860851903
0 4.736328125 15.4296875 6.644147051109997 8.858862734813329
0 5.76171875 15.104166666666666 6.573687508709111 8.764916678278816
0 7.373046875 18.815104166666664 7.336923388776433 9.782564518368577
0 9.716796875 18.619791666666664 7.298743129334349 9.731657505779133
0 8.251953125 15.104166666666666 6.573687508709111 8.764916678278816
0 10.888671875 15.625 6.686066375795484 8.914755167727312
0 11.71875 14.583333333333334 6.459353786778786 8.612471715705048
0 15.234375 15.104166666666666 6.573687508709111 8.764916678278816
0 13.525390625 22.330729166666664 7.993042513249997 10.657390017666662
0 15.91796875 17.7734375 7.130933499479933 9.50791133263991
0 17.48046875 16.015625 6.7691262856502785 9.025501714200372
0 18.798828125 13.020833333333334 6.103515625 8.138020833333332
0 18.798828125 10.872395833333332 5.577290918730793 7.436387891641058
0 20.80078125 12.825520833333334 6.057566296777102 8.076755062369468
0 19.3359375 14.908854166666666 6.531046923532928 8.708062564710572
0 20.1171875 17.578125 7.091644310682526 9.455525747576702
0 18.017578125 20.572916666666664 7.672000176987631 10.229333569316841
0 21.58203125 13.346354166666666 6.179338602086361 8.239118136115147
0 23.681640625 14.908854166666666 6.531046923532928 8.708062564710572
0 25.0 13.8671875 6.298757153488249 8.398342871317666
0 25.927734375 13.346354166666666 6.179338602086361 8.239118136115147
0 26.611328125 12.630208333333334 6.011265748166568 8.015020997555423
0 27.392578125 14.0625 6.342959500374307 8.457279333832409
0 28.41796875 13.020833333333334 6.103515625 8.138020833333332
0 29.4921875 13.020833333333334 6.103515625 8.138020833333332
0 30.6640625 16.536458333333336 6.878312786611722 9.171083715482297
0 31.4453125 13.346354166666666 6.179338602086361 8.239118136115147
0 32.51953125 13.671875 6.254242410864013 8.338989881152017
0 33.59375 14.388020833333334 6.415953381844678 8.554604509126236
0 33.447265625 12.3046875 5.933295317145868 7.911060422861158
0 33.30078125 11.393229166666668 5.7093160808928545 7.612421441190473
0 34.47265625 16.341145833333336 6.837572174807153 9.116762899742872
0 35.9375 14.908854166666666 6.531046923532928 8.708062564710572
0 37.79296875 12.825520833333334 6.057566296777102 8.076755062369468
0 38.18359375 14.0625 6.342959500374307 8.457279333832409
0 38.720703125 18.9453125 7.3622668956389274 9.816355860851903
0 39.74609375 13.151041666666666 6.133957288281793 8.178609717709058
0 42.67578125 13.020833333333334 6.103515625 8.138020833333332
0 44.091796875 16.861979166666664 6.945682786096826 9.260910381462436
0 44.091796875 13.020833333333334 6.103515625 8.138020833333332
0 46.09375 13.346354166666666 6.179338602086361 8.239118136115147
0 47.802734375 14.2578125 6.386855937639267 8.515807916852356
0 45.166015625 20.703125 7.6962403643301345 10.261653819106845
0 48.583984375 16.341145833333336 6.837572174807153 9.116762899742872
0 54.638671875 13.346354166666666 6.179338602086361 8.239118136115147
0 56.640625 11.588541666666668 5.758045124546267 7.677393499395023
0 55.712890625 13.8671875 6.298757153488249 8.398342871317666
0 57.177734375 13.8671875 6.298757153488249 8.398342871317666
0 4.443359375 20.8984375 7.732458166088822 10.309944221451763
0 5.615234375 21.809895833333336 7.8992792392241125 10.532372318965482
0 8.935546875 25.325520833333332 8.512161670520847 11.349548894027794
0 4.052734375 32.29166666666667 9.611826018080825 12.815768024107768
0 17.3828125 30.208333333333332 9.296598029619028 12.395464039492039
0 11.71875 17.7734375 7.130933499479933 9.50791133263991
0 14.208984375 17.057291666666664 6.985792933508055 9.31439057801074
0 19.580078125 24.4140625 8.357582969744357 11.143443959659143
0 20.263671875 14.388020833333334 6.415953381844678 8.554604509126236
0 22.75390625 14.778645833333334 6.502464524127966 8.669952698837287
0 24.755859375 18.619791666666664 7.298743129334349 9.731657505779133
0 26.171875 20.572916666666664 7.672000176987631 10.229333569316841
0 28.02734375 18.619791666666664 7.298743129334349 9.731657505779133
0 25.78125 15.4296875 6.644147051109997 8.858862734813329
0 32.91015625 16.341145833333336 6.837572174807153 9.116762899742872
0 22.900390625 21.614583333333336 7.863829789260941 10.485106385681254
0 38.18359375 17.578125 7.091644310682526 9.455525747576702
0 42.7734375 18.619791666666664 7.298743129334349 9.731657505779133
0 41.6015625 21.09375 7.768507117527988 10.358009490037318
0 41.9921875 23.372395833333336 8.177344364608315 10.903125819477753
0 45.3125 15.299479166666666 6.61605328023645 8.821404373648601
0 46.337890625 14.388020833333334 6.415953381844678 8.554604509126236
0 42.67578125 25.651041666666668 8.566692411876344 11.422256549168457
0 48.046875 20.572916666666664 7.672000176987631 10.229333569316841
0 49.90234375 18.098958333333336 7.195938795502683 9.594585060670244
0 50.5859375 14.908854166666666 6.531046923532928 8.708062564710572
0 53.22265625 18.424479166666664 7.2603620931215325 9.680482790828709
0 59.375 20.182291666666664 7.598815672600545 10.13175423013406
0 60.05859375 16.861979166666664 6.945682786096826 9.260910381462436
0 62.548828125 12.825520833333334 6.057566296777102 8.076755062369468
0 58.740234375 23.697916666666664 8.234092750996119 10.978790334661493
0 49.267578125 28.971354166666668 9.104268731797058 12.139024975729411
0 47.265625 23.372395833333336 8.177344364608315 10.903125819477753
0 57.03125 15.8203125 6.72772451325946 8.970299351012613
0 58.203125 12.825520833333334 6.057566296777102 8.076755062369468
0 58.984375 13.541666666666666 6.224389054678692 8.299185406238257
0 59.66796875 12.109375 5.886017310176364 7.848023080235151
0 61.23046875 24.088541666666664 8.301678777304348 11.068905036405797
0 60.986328125 20.052083333333336 7.574263699945591 10.099018266594122
0 65.72265625 21.940104166666664 7.92282408798045 10.5637654506406
0 64.94140625 19.661458333333336 7.500125566067204 10.00016742142294
0 65.4296875 12.3046875 5.933295317145868 7.911060422861158
0 65.576171875 13.8671875 6.298757153488249 8.398342871317666
0 67.041015625 17.578125 7.091644310682526 9.455525747576702
0 67.28515625 13.020833333333334 6.103515625 8.138020833333332
0 68.994140625 11.9140625 5.838356466585996 7.784475288781327
0 68.896484375 13.8671875 6.298757153488249 8.398342871317666
0 71.533203125 12.825520833333334 6.057566296777102 8.076755062369468
0 72.94921875 12.825520833333334 6.057566296777102 8.076755062369468
0 73.6328125 16.861979166666664 6.945682786096826 9.260910381462436
0 75.341796875 14.0625 6.342959500374307 8.457279333832409
0 75.87890625 20.572916666666664 7.672000176987631 10.229333569316841
0 77.83203125 18.9453125 7.3622668956389274 9.816355860851903
0 79.541015625 17.1875 7.012405574387241 9.349874099182989
0 79.296875 13.671875 6.254242410864013 8.338989881152017
0 80.46875 15.104166666666666 6.573687508709111 8.764916678278816
0 81.25 14.778645833333334 6.502464524127966 8.669952698837287
0 82.861328125 13.8671875 6.298757153488249 8.398342871317666
0 82.861328125 16.861979166666664 6.945682786096826 9.260910381462436
0 82.71484375 20.377604166666664 7.635495607419925 10.180660809893233
0 84.814453125 14.778645833333334 6.502464524127966 8.669952698837287
0 85.7421875 15.8203125 6.72772451325946 8.970299351012613
0 84.66796875 18.098958333333336 7.195938795502683 9.594585060670244
0 85.888671875 19.3359375 7.437779301119349 9.917039068159132
0 86.81640625 16.015625 6.7691262856502785 9.025501714200372
0 87.98828125 16.015625 6.7691262856502785 9.025501714200372
0 89.453125 15.625 6.686066375795484 8.914755167727312
0 91.943359375 18.9453125 7.3622668956389274 9.816355860851903
0 93.65234375 16.536458333333336 6.878312786611722 9.171083715482297
0 94.43359375 18.098958333333336 7.195938795502683 9.594585060670244
0 97.216796875 18.9453125 7.3622668956389274 9.816355860851903
0 93.65234375 20.703125 7.6962403643301345 10.261653819106845
0 98.92578125 18.294270833333336 7.234661615679748 9.646215487572997
0 99.853515625 19.53125 7.475249459177179 9.966999278902906
0 99.169921875 22.65625 8.051090062422436 10.734786749896582
0 96.044921875 25.325520833333332 8.512161670520847 11.349548894027794
0 91.40625 22.330729166666664 7.993042513249997 10.657390017666662
0 88.37890625 23.177083333333336 8.143105507889608 10.857474010519478
0 82.861328125 24.739583333333336 8.413115693414442 11.217487591219255
0 59.521484375 18.098958333333336 7.195938795502683 9.594585060670244
0 61.767578125 17.903645833333336 7.157006469457137 9.542675292609516
0 66.748046875 24.609375 8.39094670707246 11.187928942763282
0 68.505859375 22.65625 8.051090062422436 10.734786749896582
0 69.140625 17.7734375 7.130933499479933 9.50791133263991
0 70.458984375 17.903645833333336 7.157006469457137 9.542675292609516
0 78.125 16.015625 6.7691262856502785 9.025501714200372
0 80.76171875 24.934895833333336 8.446260072691679 11.26168009692224
0 79.833984375 23.567708333333336 8.211440458419013 10.948587277892017
0 86.1328125 21.809895833333336 7.8992792392241125 10.532372318965482
0 87.451171875 18.294270833333336 7.234661615679748 9.646215487572997
0 89.306640625 20.703125 7.6962403643301345 10.261653819106845
0 92.48046875 21.809895833333336 7.8992792392241125 10.532372318965482
0 93.798828125 22.65625 8.051090062422436 10.734786749896582
0 96.2890625 20.052083333333336 7.574263699945591 10.099018266594122
0 89.306640625 27.408854166666668 8.855357744474432 11.807143659299243
0 90.771484375 23.893229166666664 8.267954824306681 11.023939765742242
0 93.65234375 30.729166666666668 9.376398618003673 12.501864824004896
0 92.724609375 32.87760416666667 9.698638050580264 12.931517400773687
0 84.033203125 40.55989583333333 10.77231603681811 14.363088049090814
0 94.04296875 69.01041666666666 14.051348185084642 18.735130913446188
0 72.94921875 24.739583333333336 8.413115693414442 11.217487591219255
0 73.876953125 32.68229166666667 9.669787303317175 12.893049737756234
0 77.05078125 31.966145833333332 9.56325660155786 12.751008802077147
0 85.107421875 51.627604166666664 12.153508149255297 16.204677532340394
0 89.013671875 34.04947916666667 9.869971697263324 13.159962263017766
0 86.669921875 37.95572916666667 10.420758715187912 13.894344953583882
0 76.3671875 25.651041666666668 8.566692411876344 11.422256549168457
0 70.458984375 27.083333333333332 8.802615418613255 11.736820558151006
0 67.822265625 30.924479166666668 9.406149296522488 12.541532395363317
0 70.60546875 39.71354166666667 10.65933178501769 14.212442380023585
0 61.083984375 56.901041666666664 12.75912167991142 17.012162239881892
0 59.66796875 28.841145833333332 9.083786661460703 12.11171554861427
0 63.623046875 29.6875 9.216106488367615 12.288141984490153
0 58.203125 33.72395833333333 9.82267879603948 13.096905061385971
0 60.986328125 35.48177083333333 10.075423595714831 13.433898127619774
0 50.048828125 51.822916666666664 12.176475429235841 16.235300572314458
0 46.630859375 47.265625 11.628759084019562 15.505012112026082
0 22.119140625 54.622395833333336 12.501037077797877 16.668049437063836
0 37.255859375 38.671875 10.518608361580863 14.024811148774482
0 41.357421875 38.4765625 10.492012596234792 13.989350128313058
0 29.4921875 34.9609375 10.001202153426476 13.334936204568635
0 30.95703125 33.3984375 9.775157091093119 13.033542788124159
0 1.953125 59.5703125 13.054961936161765 17.406615914882355
0 6.298828125 36.19791666666667 10.17659423860661 13.568792318142146
0 47.021484375 37.23958333333333 10.321981521782082 13.762642029042777
0 42.67578125 41.47135416666667 10.892680845687712 14.523574460916949
0 40.4296875 60.286458333333336 13.133199945892343 17.51093326118979
0 32.763671875 19.140625 7.400119417103358 9.866825889471144
0 30.517578125 21.223958333333336 7.792447103762027 10.389929471682702
0 33.69140625 23.567708333333336 8.211440458419013 10.948587277892017
0 33.30078125 42.31770833333333 11.00326927326657 14.671025697688759
0 25.927734375 29.361979166666668 9.16544031840894 12.220587091211922
0 24.462890625 47.59114583333333 11.66873431048899 15.55831241398532
0 17.626953125 81.18489583333334 15.240467516093473 20.320623354791298
0 5.224609375 74.47916666666666 14.597486258668699 19.463315011558265
0 15.673828125 61.848958333333336 13.302303904848248 17.73640520646433
0 5.517578125 52.669270833333336 12.275503760448466 16.36733834726462
0 4.833984375 42.1875 10.986328125 14.6484375
0 8.935546875 30.729166666666668 9.376398618003673 12.501864824004896
0 12.890625 33.91927083333333 9.851081781963485 13.134775709284646
