0 3.7109375 79.36197916666666 15.06839220657777 20.091189608770357
0 20.41015625 71.875 14.340014800379311 19.12001973383908
0 1.220703125 57.096354166666664 12.781000727155718 17.04133430287429
0 35.400390625 61.71875 13.288294102219997 17.717725469626664
0 31.0546875 34.9609375 10.001202153426476 13.334936204568635
0 38.916015625 41.40625 10.884127502518925 14.512170003358568
0 51.611328125 47.72135416666667 11.684686107834867 15.579581477113155
0 52.880859375 35.9375 10.139921707663666 13.51989561021822
0 62.59765625 35.09114583333333 10.019809057239993 13.359745409653323
0 66.845703125 58.072916666666664 12.889838917201462 17.18645188960195
0 89.453125 63.0859375 13.434668397860802 17.912891197147736
0 92.28515625 91.2109375 16.154150717609923 21.538867623479895
0 93.06640625 49.73958333333333 11.929211600153849 15.905615466871797
0 79.345703125 36.58854166666667 10.231356576074347 13.641808768099132
0 50.87890625 27.9296875 8.939098215256843 11.918797620342456
0 40.283203125 26.302083333333332 8.674725588105405 11.56630078414054
0 21.435546875 25.260416666666668 8.501213548086012 11.334951397448016
0 10.302734375 27.604166666666668 8.886852892188134 11.849137189584178
0 4.19921875 30.924479166666668 9.406149296522488 12.541532395363317
0 16.552734375 19.661458333333336 7.500125566067204 10.00016742142294
0 27.685546875 23.763020833333336 8.245395560367612 10.993860747156816
0 12.939453125 17.96875 7.170007400189656 9.56000986691954
0 5.078125 24.283854166666664 8.33526628646708 11.113688381956106
0 29.638671875 14.778645833333334 6.502464524127966 8.669952698837287
0 52.978515625 21.158854166666664 7.780486318348366 10.373981757797822
0 61.865234375 28.776041666666668 9.073528288158268 12.098037717544358
0 74.560546875 31.770833333333332 9.53399618640949 12.711994915212655
0 67.48046875 23.6328125 8.222774405094897 10.963699206793196
0 85.791015625 28.645833333333332 9.052976668817948 12.07063555842393
0 81.8359375 17.447916666666664 7.065330140863174 9.420440187817565
0 64.599609375 14.127604166666666 6.3576253222655215 8.476833763020695
0 97.900390625 24.609375 8.39094670707246 11.187928942763282
0 99.4140625 41.6015625 10.909767414379564 14.546356552506085
0 76.07421875 28.125 8.970299351012615 11.960399134683486
0 88.916015625 32.29166666666667 9.611826018080825 12.815768024107768
0 72.705078125 22.265625 7.981382342908947 10.641843123878598
0 46.875 12.825520833333334 6.057566296777102 8.076755062369468
0 35.888671875 17.7734375 7.130933499479933 9.50791133263991
0 25.146484375 19.661458333333336 7.500125566067204 10.00016742142294
0 7.8125 15.8203125 6.72772451325946 8.970299351012613
0 9.814453125 15.950520833333334 6.755353888299149 9.0071385177322
0 21.77734375 15.625 6.686066375795484 8.914755167727312
0 22.802734375 13.151041666666666 6.133957288281793 8.178609717709058
0 26.025390625 13.802083333333334 6.283953943473511 8.378605257964681
0 25.29296875 11.653645833333332 5.7741967555006415 7.698929007334189
0 30.6640625 13.28125 6.16424861960576 8.218998159474348
0 32.177734375 28.255208333333332 8.991039955234518 11.988053273646026
0 3.564453125 16.9921875 6.972448522214271 9.296598029619028
0 5.46875 15.950520833333334 6.755353888299149 9.0071385177322
0 39.2578125 13.671875 6.254242410864013 8.338989881152017
0 43.017578125 24.934895833333336 8.446260072691679 11.26168009692224
0 45.751953125 23.4375 8.188725503539269 10.918300671385692
0 48.876953125 17.122395833333336 6.9991119025755095 9.332149203434014
0 61.474609375 13.997395833333334 6.328259690346595 8.437679587128793
0 86.572265625 17.317708333333336 7.038917599286375 9.385223465715166
0 91.552734375 18.294270833333336 7.234661615679748 9.646215487572997
0 83.935546875 22.4609375 8.016311973000304 10.688415964000404
0 68.359375 13.671875 6.254242410864013 8.338989881152017
0 52.63671875 16.796875 6.932261164306974 9.243014885742634
0 77.9296875 21.2890625 7.804389558437758 10.405852744583676
0 99.0234375 18.294270833333336 7.234661615679748 9.646215487572997
0 83.447265625 14.453125 6.430452730012657 8.57393697335021
