0 32.666015625 63.8671875 13.517599237274231 18.023465649698974
0 50.390625 50.520833333333336 12.022531496333135 16.030041995110846
0 66.796875 62.239583333333336 13.344245061691556 17.792326748922076
0 2.001953125 33.0078125 9.717824296930333 12.957099062573777
0 89.6484375 90.4296875 16.084819278691942 21.44642570492259
0 85.7421875 63.671875 13.496914299008777 17.995885732011704
0 3.564453125 88.0859375 15.875008305224553 21.166677740299402
0 22.36328125 50.716145833333336 12.045748508295013 16.06099801106002
0 3.564453125 61.783854166666664 13.29530084887205 17.727067798496066
0 92.041015625 52.408854166666664 12.245118803551563 16.32682507140208
0 74.169921875 54.1015625 12.441294623193059 16.58839283092408
0 97.94921875 41.53645833333333 10.901227477717134 14.53496997028951
0 52.24609375 28.580729166666668 9.042683343523592 12.056911124698123
0 43.1640625 33.59375 9.803697756475225 13.071597008633635
0 21.09375 32.74739583333333 9.679413773897526 12.905885031863368
0 15.625 40.10416666666667 10.711626449453275 14.282168599271033
0 6.54296875 39.6484375 10.650591044076627 14.200788058768838
0 61.03515625 18.815104166666664 7.336923388776433 9.782564518368577
0 27.978515625 23.372395833333336 8.177344364608315 10.903125819477753
0 16.2109375 24.0234375 8.290452702152177 11.053936936202902
0 96.875 27.34375 8.84483443981289 11.793112586417188
0 48.974609375 36.5234375 10.22224989284926 13.629666523799013
0 86.865234375 36.328125 10.194881035455362 13.593174713940485
0 71.97265625 18.359375 7.247523246483103 9.663364328644137
0 84.326171875 26.953125 8.78142979122202 11.708573054962693
0 60.05859375 36.71875 10.24954566879069 13.66606089172092
0 64.16015625 25.911458333333332 8.610068346964042 11.480091129285388
0 47.998046875 21.484375 7.840107775064166 10.453477033418888
0 58.984375 24.21875 8.324085508414218 11.098780677885625
0 74.169921875 27.994791666666668 8.94951068030712 11.932680907076158
0 80.76171875 40.69010416666667 10.789593218788873 14.386124291718497
0 73.876953125 33.3984375 9.775157091093119 13.033542788124159
0 66.796875 43.81510416666667 11.196250200100184 14.928333600133579
0 34.08203125 44.07552083333333 11.229473567489073 14.972631423318763
0 32.373046875 33.7890625 9.832155574699105 13.109540766265473
0 10.44921875 28.190104166666668 8.980675640601907 11.974234187469209
0 34.228515625 29.427083333333332 9.175595934065496 12.234127912087327
0 11.376953125 22.981770833333336 8.108722079825698 10.811629439767596
0 3.369140625 24.609375 8.39094670707246 11.187928942763282
0 21.875 26.302083333333332 8.674725588105405 11.56630078414054
0 11.865234375 20.247395833333336 7.611061958825638 10.148082611767517
0 2.294921875 18.815104166666664 7.336923388776433 9.782564518368577
0 34.5703125 16.471354166666664 6.864759447755123 9.15301259700683
0 20.751953125 19.596354166666664 7.487697843252746 9.983597124336994
0 6.982421875 18.359375 7.247523246483103 9.663364328644137
0 19.82421875 16.471354166666664 6.864759447755123 9.15301259700683
0 11.083984375 17.513020833333336 7.0784994535786145 9.437999271438152
0 27.490234375 38.21614583333333 10.456446349494515 13.941928465992687
0 21.09375 27.34375 8.84483443981289 11.793112586417188
0 30.810546875 33.7890625 9.832155574699105 13.109540766265473
0 40.966796875 20.442708333333336 7.647683158045451 10.196910877393934
0 37.98828125 21.484375 7.840107775064166 10.453477033418888
0 68.212890625 19.596354166666664 7.487697843252746 9.983597124336994
0 53.662109375 18.359375 7.247523246483103 9.663364328644137
0 49.267578125 18.1640625 7.208869513560617 9.611826018080823
0 77.9296875 19.401041666666664 7.450290292806215 9.933720390408286
0 93.75 21.09375 7.768507117527988 10.358009490037318
0 82.6171875 19.205729166666664 7.412693970636669 9.883591960848893
0 99.21875 21.2890625 7.804389558437758 10.405852744583676
0 81.0546875 30.078125 9.276540621075844 12.368720828101127
0 59.27734375 12.955729166666666 6.088237714617921 8.117650286157229
0 89.6484375 34.24479166666667 9.898238977189243 13.197651969585658
0 55.37109375 14.388020833333334 6.415953381844678 8.554604509126236
0 92.1875 30.2734375 9.306610523667546 12.408814031556727
0 68.994140625 13.802083333333334 6.283953943473511 8.378605257964681
0 88.0859375 27.34375 8.84483443981289 11.793112586417188
0 74.658203125 14.84375 6.516771394062079 8.689028525416106
0 90.625 25.065104166666668 8.468284256293707 11.291045675058275
0 80.908203125 25.260416666666668 8.501213548086012 11.334951397448016
0 88.0859375 19.596354166666664 7.487697843252746 9.983597124336994
0 95.751953125 21.2890625 7.804389558437758 10.405852744583676
0 78.076171875 15.0390625 6.559504779115197 8.746006372153596
