0 47.8515625 75.1953125 14.667498584836322 19.556664779781762
0 54.4921875 60.286458333333336 13.133199945892343 17.51093326118979
0 68.310546875 56.4453125 12.707924080601204 16.94389877413494
0 75.48828125 51.7578125 12.168824485703665 16.225099314271553
0 77.978515625 44.46614583333333 11.279125129746294 15.038833506328391
0 85.986328125 59.765625 13.076345999529144 17.43512799937219
0 91.69921875 49.28385416666667 11.874436314907054 15.832581753209407
0 97.265625 50.0 11.960399134683488 15.947198846244651
0 98.33984375 42.31770833333333 11.00326927326657 14.671025697688759
0 88.134765625 36.71875 10.24954566879069 13.66606089172092
0 78.076171875 35.61197916666667 10.093893681970965 13.458524909294619
0 62.20703125 38.60677083333333 10.509750584547465 14.01300077939662
0 51.611328125 43.61979166666667 11.171267833082963 14.895023777443953
0 21.09375 49.609375 11.913587216762167 15.884782955682889
0 5.224609375 74.15364583333334 14.565551225319487 19.42073496709265
0 32.12890625 38.99739583333333 10.562785827561513 14.083714436748682
0 38.232421875 36.328125 10.194881035455362 13.593174713940485
0 47.94921875 33.33333333333333 9.765625 13.020833333333334
0 42.919921875 32.87760416666667 9.698638050580264 12.931517400773687
0 61.03515625 30.859375 9.396242870080965 12.52832382677462
0 71.77734375 27.604166666666668 8.886852892188134 11.849137189584178
0 78.80859375 28.7109375 9.063258303782652 12.084344405043536
0 89.013671875 31.4453125 9.485028239697298 12.646704319596397
0 93.408203125 29.427083333333332 9.175595934065496 12.234127912087327
0 99.169921875 29.752604166666668 9.22620633412535 12.301608445500468
0 10.986328125 36.19791666666667 10.17659423860661 13.568792318142146
0 16.259765625 35.48177083333333 10.075423595714831 13.433898127619774
0 31.0546875 32.29166666666667 9.611826018080825 12.815768024107768
0 26.318359375 25.716145833333332 8.57755695956738 11.436742612756506
0 21.484375 23.307291666666664 8.165947363439729 10.88792981791964
0 64.0625 27.34375 8.84483443981289 11.793112586417188
0 50.09765625 26.302083333333332 8.674725588105405 11.56630078414054
0 34.912109375 25.325520833333332 8.512161670520847 11.349548894027794
0 35.986328125 19.010416666666664 7.37490598974278 9.833207986323707
0 42.3828125 21.875 7.911060422861158 10.548080563814876
0 48.193359375 20.182291666666664 7.598815672600545 10.13175423013406
0 29.345703125 17.903645833333336 7.157006469457137 9.542675292609516
0 21.09375 19.140625 7.400119417103358 9.866825889471144
0 8.544921875 25.911458333333332 8.610068346964042 11.480091129285388
0 13.916015625 20.8984375 7.732458166088822 10.309944221451763
0 2.24609375 60.15625 13.119009558230394 17.492012744307193
0 57.275390625 20.3125 7.62328857226367 10.164384763018226
0 62.353515625 22.005208333333336 7.9345703125 10.579427083333332
0 67.041015625 23.567708333333336 8.211440458419013 10.948587277892017
0 86.1328125 20.768229166666664 7.708331872750909 10.277775830334546
0 96.19140625 26.041666666666668 8.631674575031099 11.508899433374797
0 83.984375 20.442708333333336 7.647683158045451 10.196910877393934
0 67.236328125 19.596354166666664 7.487697843252746 9.983597124336994
0 49.8046875 17.1875 7.012405574387241 9.349874099182989
0 41.455078125 18.619791666666664 7.298743129334349 9.731657505779133
0 22.900390625 16.6015625 6.891839471823862 9.189119295765149
0 4.150390625 21.484375 7.840107775064166 10.453477033418888
0 3.41796875 28.190104166666668 8.980675640601907 11.974234187469209
0 7.373046875 18.619791666666664 7.298743129334349 9.731657505779133
0 77.34375 68.1640625 13.96491844317328 18.619891257564372
0 87.40234375 67.90364583333334 13.938216853844281 18.58428913845904
0 93.310546875 54.296875 12.463731601966636 16.61830880262218
0 66.943359375 62.760416666666664 13.399962402404874 17.866616536539834
0 22.36328125 53.90625 12.418817107773318 16.558422810364423
0 48.828125 49.28385416666667 11.874436314907054 15.832581753209407
0 75.09765625 56.184895833333336 12.678575486963496 16.90476731595133
0 52.490234375 51.302083333333336 12.115132593554204 16.153510124738936
0 73.876953125 33.33333333333333 9.765625 13.020833333333334
0 78.80859375 40.4296875 10.755011100284483 14.340014800379311
0 95.654296875 32.74739583333333 9.679413773897526 12.905885031863368
0 71.09375 31.901041666666668 9.55351308746248 12.738017449949975
0 72.314453125 22.200520833333336 7.969705113037473 10.626273484049964
0 60.7421875 25.0 8.457279333832409 11.276372445109878
0 50.634765625 29.752604166666668 9.22620633412535 12.301608445500468
0 48.828125 38.02083333333333 10.429692071920813 13.906256095894417
0 5.126953125 33.13802083333333 9.736972737758677 12.982630317011571
0 47.021484375 39.71354166666667 10.65933178501769 14.212442380023585
0 21.38671875 27.473958333333332 8.865868558553435 11.821158078071248
0 0.927734375 31.575520833333332 9.50464569238125 12.672860923174998
0 59.326171875 37.17447916666667 10.31295486371814 13.75060648495752
0 52.685546875 31.0546875 9.425930915210266 12.567907886947022
0 58.7890625 24.153645833333336 8.312889692307273 11.083852923076364
0 49.70703125 22.005208333333336 7.9345703125 10.579427083333332
0 42.919921875 25.1953125 8.490251308132054 11.320335077509403
0 29.443359375 23.567708333333336 8.211440458419013 10.948587277892017
0 19.775390625 27.864583333333332 8.928673607377803 11.904898143170405
0 17.236328125 21.028645833333336 7.756509415978292 10.342012554637723
0 4.78515625 24.869791666666664 8.435226416678011 11.246968555570682
0 2.24609375 23.893229166666664 8.267954824306681 11.023939765742242
0 83.740234375 40.625 10.780958088779109 14.374610785038813
0 82.12890625 23.177083333333336 8.143105507889608 10.857474010519478
0 69.189453125 25.5859375 8.555814067917595 11.407752090556793
0 81.8359375 18.880208333333336 7.349606066157407 9.799474754876544
0 92.87109375 24.153645833333336 8.312889692307273 11.083852923076364
0 86.42578125 23.177083333333336 8.143105507889608 10.857474010519478
0 98.2421875 24.739583333333336 8.413115693414442 11.217487591219255
0 70.458984375 22.591145833333336 8.039514082226251 10.719352109635
0 60.7421875 20.442708333333336 7.647683158045451 10.196910877393934
0 97.802734375 22.721354166666664 8.062649422377262 10.75019922983635
0 63.525390625 17.578125 7.091644310682526 9.455525747576702
0 96.2890625 20.768229166666664 7.708331872750909 10.277775830334546
0 60.302734375 17.057291666666664 6.985792933508055 9.31439057801074
0 55.56640625 15.755208333333334 6.7138671875 8.951822916666668
0 12.744140625 18.75 7.32421875 9.765625
0 39.501953125 15.299479166666666 6.61605328023645 8.821404373648601
0 46.77734375 15.299479166666666 6.61605328023645 8.821404373648601
0 33.203125 16.861979166666664 6.945682786096826 9.260910381462436
0 52.05078125 17.578125 7.091644310682526 9.455525747576702
0 86.1328125 15.885416666666666 6.741553355216833 8.988737806955777
0 87.939453125 25.325520833333332 8.512161670520847 11.349548894027794
0 97.802734375 19.010416666666664 7.37490598974278 9.833207986323707
0 89.6484375 22.200520833333336 7.969705113037473 10.626273484049964
0 81.93359375 15.625 6.686066375795484 8.914755167727312
0 93.1640625 16.6015625 6.891839471823862 9.189119295765149
0 99.4140625 23.763020833333336 8.245395560367612 10.993860747156816
0 92.333984375 19.3359375 7.437779301119349 9.917039068159132
0 80.029296875 16.145833333333336 6.796587356970242 9.062116475960323
0 70.8984375 17.1875 7.012405574387241 9.349874099182989
0 74.658203125 25.0 8.457279333832409 11.276372445109878
0 77.978515625 14.713541666666666 6.488126106405426 8.650834808540568
0 80.76171875 27.34375 8.84483443981289 11.793112586417188
0 78.7109375 18.880208333333336 7.349606066157407 9.799474754876544
0 71.875 12.890625 6.072921369058959 8.097228492078614
0 75.48828125 29.752604166666668 9.22620633412535 12.301608445500468
0 61.376953125 10.7421875 5.543793372981247 7.391724497308329
0 69.62890625 13.997395833333334 6.328259690346595 8.437679587128793
0 61.1328125 15.0390625 6.559504779115197 8.746006372153596
0 68.115234375 14.192708333333334 6.372257390692475 8.496343187589966
0 58.056640625 12.3046875 5.933295317145868 7.911060422861158
0 51.171875 14.583333333333334 6.459353786778786 8.612471715705048
0 45.3125 15.0390625 6.559504779115197 8.746006372153596
0 60.7421875 13.28125 6.16424861960576 8.218998159474348
0 42.919921875 16.6015625 6.891839471823862 9.189119295765149
0 55.56640625 10.872395833333332 5.577290918730793 7.436387891641058
0 41.015625 13.151041666666666 6.133957288281793 8.178609717709058
0 32.568359375 14.908854166666666 6.531046923532928 8.708062564710572
0 24.51171875 13.4765625 6.209408553886659 8.279211405182211
0 18.84765625 17.903645833333336 7.157006469457137 9.542675292609516
0 27.294921875 20.052083333333336 7.574263699945591 10.099018266594122
0 33.935546875 12.890625 6.072921369058959 8.097228492078614
0 20.21484375 15.0390625 6.559504779115197 8.746006372153596
0 11.5234375 17.1875 7.012405574387241 9.349874099182989
0 3.41796875 17.578125 7.091644310682526 9.455525747576702
0 16.162109375 15.885416666666666 6.741553355216833 8.988737806955777
0 6.201171875 15.0390625 6.559504779115197 8.746006372153596
0 13.4765625 16.015625 6.7691262856502785 9.025501714200372
0 26.5625 13.997395833333334 6.328259690346595 8.437679587128793
0 19.04296875 14.322916666666666 6.401421192444773 8.53522825659303
0 0.927734375 17.057291666666664 6.985792933508055 9.31439057801074
0 36.62109375 14.713541666666666 6.488126106405426 8.650834808540568
0 2.099609375 16.145833333333336 6.796587356970242 9.062116475960323
0 12.20703125 13.606770833333334 6.2393335877260965 8.319111450301463
0 37.890625 12.890625 6.072921369058959 8.097228492078614
0 44.53125 12.760416666666666 6.042172202521769 8.056229603362357
0 10.44921875 15.4296875 6.644147051109997 8.858862734813329
0 28.90625 13.997395833333334 6.328259690346595 8.437679587128793
0 16.9921875 17.447916666666664 7.065330140863174 9.420440187817565
0 39.208984375 13.606770833333334 6.2393335877260965 8.319111450301463
0 75.48828125 13.606770833333334 6.2393335877260965 8.319111450301463
0 84.716796875 15.169270833333334 6.587839704871492 8.783786273161988
0 76.708984375 13.8671875 6.298757153488249 8.398342871317666
0 73.681640625 13.4765625 6.209408553886659 8.279211405182211
0 65.13671875 13.4765625 6.209408553886659 8.279211405182211
0 66.50390625 14.583333333333334 6.459353786778786 8.612471715705048
0 87.939453125 19.7265625 7.512532730158185 10.01671030687758
0 87.841796875 15.755208333333334 6.7138671875 8.951822916666668
0 89.6484375 17.057291666666664 6.985792933508055 9.31439057801074
0 95.21484375 18.424479166666664 7.2603620931215325 9.680482790828709
0 20.1171875 12.760416666666666 6.042172202521769 8.056229603362357
0 31.0546875 13.736979166666666 6.269115778861736 8.358821038482315
