0 23.4375 44.98697916666667 11.344989193994817 15.126652258659753
0 72.4609375 61.848958333333336 13.302303904848248 17.73640520646433
0 62.20703125 42.70833333333333 11.053936936202902 14.738582581603868
0 58.10546875 111.58854166666667 17.86777486365289 23.823699818203856
0 30.56640625 39.19270833333333 10.589203840879804 14.118938454506406
0 38.18359375 26.171875 8.653226854710587 11.537635806280782
0 47.314453125 20.052083333333336 7.574263699945591 10.099018266594122
0 57.71484375 17.7734375 7.130933499479933 9.50791133263991
0 59.033203125 31.8359375 9.543759625922785 12.725012834563712
0 26.7578125 24.283854166666664 8.33526628646708 11.113688381956106
0 5.908203125 29.6875 9.216106488367615 12.288141984490153
0 16.69921875 19.140625 7.400119417103358 9.866825889471144
0 9.08203125 17.3828125 7.052136235529384 9.40284831403918
0 12.5 18.619791666666664 7.298743129334349 9.731657505779133
0 5.6640625 19.140625 7.400119417103358 9.866825889471144
0 1.025390625 19.3359375 7.437779301119349 9.917039068159132
0 3.02734375 17.057291666666664 6.985792933508055 9.31439057801074
0 0.87890625 16.536458333333336 6.878312786611722 9.171083715482297
0 21.484375 14.388020833333334 6.415953381844678 8.554604509126236
0 25.537109375 14.583333333333334 6.459353786778786 8.612471715705048
0 24.12109375 17.903645833333336 7.157006469457137 9.542675292609516
0 28.076171875 20.052083333333336 7.574263699945591 10.099018266594122
0 79.736328125 21.940104166666664 7.92282408798045 10.5637654506406
0 35.44921875 19.010416666666664 7.37490598974278 9.833207986323707
0 30.712890625 17.903645833333336 7.157006469457137 9.542675292609516
0 32.03125 14.908854166666666 6.531046923532928 8.708062564710572
0 45.166015625 16.341145833333336 6.837572174807153 9.116762899742872
0 45.849609375 12.825520833333334 6.057566296777102 8.076755062369468
0 56.25 13.541666666666666 6.224389054678692 8.299185406238257
0 64.55078125 15.625 6.686066375795484 8.914755167727312
0 67.87109375 14.2578125 6.386855937639267 8.515807916852356
0 80.76171875 16.341145833333336 6.837572174807153 9.116762899742872
0 74.560546875 15.494791666666666 6.658149484030587 8.877532645374115
0 72.607421875 14.908854166666666 6.531046923532928 8.708062564710572
0 79.345703125 14.583333333333334 6.459353786778786 8.612471715705048
0 86.328125 32.16145833333333 9.592427762147041 12.789903682862722
0 86.71875 39.90885416666667 10.685511108405517 14.24734814454069
0 89.35546875 25.455729166666668 8.53401578009617 11.378687706794894
0 98.193359375 31.4453125 9.485028239697298 12.646704319596397
0 99.21875 47.98177083333333 11.716524548616007 15.622032731488009
0 95.01953125 20.8984375 7.732458166088822 10.309944221451763
0 99.365234375 20.377604166666664 7.635495607419925 10.180660809893233
0 87.109375 16.341145833333336 6.837572174807153 9.116762899742872
