0 33.7890625 43.42447916666667 11.146229472503464 14.861639296671287
0 50.830078125 48.50260416666667 11.779943277355214 15.706591036473618
0 37.01171875 61.588541666666664 13.274269513508024 17.6990260180107
0 21.533203125 49.28385416666667 11.874436314907054 15.832581753209407
0 2.392578125 73.50260416666666 14.50147017885342 19.33529357180456
0 1.3671875 59.765625 13.076345999529144 17.43512799937219
0 1.123046875 44.07552083333333 11.229473567489073 14.972631423318763
0 3.466796875 32.16145833333333 9.592427762147041 12.789903682862722
0 19.62890625 32.35677083333333 9.621510480001493 12.828680640001991
0 3.271484375 25.065104166666668 8.468284256293707 11.291045675058275
0 11.5234375 22.65625 8.051090062422436 10.734786749896582
0 21.337890625 27.5390625 8.876366926421502 11.835155901895336
0 27.5390625 23.372395833333336 8.177344364608315 10.903125819477753
0 32.03125 22.0703125 7.946299173761924 10.595065565015899
0 42.626953125 30.403645833333332 9.326603265341873 12.43547102045583
0 42.3828125 85.02604166666666 15.596841234351363 20.795788312468485
0 64.6484375 61.002604166666664 13.210974622749855 17.61463283033314
0 87.939453125 65.16927083333334 13.65469807201971 18.20626409602628
0 79.345703125 55.6640625 12.619673540121662 16.826231386828884
0 96.875 53.841145833333336 12.411315556434788 16.54842074191305
0 92.626953125 92.51302083333334 16.2690465518333 21.692062069111063
0 64.013671875 41.796875 10.935347208965403 14.580462945287206
0 79.345703125 38.28125 10.46534924284805 13.953798990464069
0 88.37890625 36.58854166666667 10.231356576074347 13.641808768099132
0 98.4375 40.8203125 10.806842779312605 14.40912370575014
0 91.50390625 31.25 9.4555257475767 12.607367663435602
0 74.0234375 33.3984375 9.775157091093119 13.033542788124159
0 60.400390625 36.00260416666667 10.149102263376399 13.53213635116853
0 50.830078125 38.28125 10.46534924284805 13.953798990464069
0 49.51171875 29.036458333333332 9.114492506755418 12.15265667567389
0 62.451171875 30.859375 9.396242870080965 12.52832382677462
0 58.88671875 24.739583333333336 8.413115693414442 11.217487591219255
0 67.67578125 24.0234375 8.290452702152177 11.053936936202902
0 71.875 21.354166666666664 7.816313766397521 10.421751688530028
0 32.12890625 29.947916666666668 9.25643975103949 12.341919668052654
0 20.654296875 20.768229166666664 7.708331872750909 10.277775830334546
0 4.345703125 21.809895833333336 7.8992792392241125 10.532372318965482
0 10.9375 20.1171875 7.586549618320344 10.115399491093791
0 18.84765625 16.080729166666664 6.782870718656271 9.043827624875028
0 28.662109375 14.6484375 6.473755931273323 8.631674575031097
0 36.23046875 18.489583333333336 7.273178276253042 9.697571035004056
0 42.236328125 24.153645833333336 8.312889692307273 11.083852923076364
0 47.412109375 23.111979166666664 8.131660519088275 10.842214025451032
0 60.009765625 21.354166666666664 7.816313766397521 10.421751688530028
0 50.1953125 20.3125 7.62328857226367 10.164384763018226
0 41.064453125 18.229166666666664 7.221777078979024 9.629036105305365
0 21.728515625 16.861979166666664 6.945682786096826 9.260910381462436
0 5.37109375 17.317708333333336 7.038917599286375 9.385223465715166
0 10.400390625 16.9921875 6.972448522214271 9.296598029619028
0 2.1484375 18.619791666666664 7.298743129334349 9.731657505779133
0 8.30078125 29.622395833333332 9.205995562132786 12.274660749510382
0 7.71484375 19.401041666666664 7.450290292806215 9.933720390408286
0 13.623046875 17.317708333333336 7.038917599286375 9.385223465715166
0 36.9140625 14.518229166666666 6.444919458600731 8.593225944800976
0 48.291015625 17.447916666666664 7.065330140863174 9.420440187817565
0 55.17578125 13.932291666666666 6.313525654778199 8.418034206370931
0 51.708984375 17.317708333333336 7.038917599286375 9.385223465715166
0 59.521484375 16.40625 6.8511792970714245 9.134905729428567
0 70.01953125 14.0625 6.342959500374307 8.457279333832409
0 64.111328125 16.6015625 6.891839471823862 9.189119295765149
0 79.248046875 24.479166666666664 8.36871899463018 11.15829199284024
0 75.048828125 28.776041666666668 9.073528288158268 12.098037717544358
0 79.736328125 19.205729166666664 7.412693970636669 9.883591960848893
0 89.74609375 24.0234375 8.290452702152177 11.053936936202902
0 86.181640625 18.684895833333336 7.311492035346033 9.748656047128044
0 78.02734375 17.903645833333336 7.157006469457137 9.542675292609516
0 82.51953125 14.973958333333334 6.545291317604741 8.727055090139656
0 95.654296875 23.567708333333336 8.211440458419013 10.948587277892017
0 71.58203125 18.1640625 7.208869513560617 9.611826018080823
0 67.08984375 16.9921875 6.972448522214271 9.296598029619028
0 31.201171875 37.23958333333333 10.321981521782082 13.762642029042777
0 39.111328125 13.8671875 6.298757153488249 8.398342871317666
0 80.517578125 16.731770833333336 6.9188135063199665 9.225084675093289
0 41.455078125 14.322916666666666 6.401421192444773 8.53522825659303
0 89.404296875 20.572916666666664 7.672000176987631 10.229333569316841
0 95.849609375 19.53125 7.475249459177179 9.966999278902906
0 91.064453125 18.9453125 7.3622668956389274 9.816355860851903
