0 69.775390625 64.97395833333334 13.634221132622484 18.17896151016331
0 87.451171875 62.825520833333336 13.406910788872556 17.875881051830074
0 92.333984375 81.38020833333334 15.2587890625 20.345052083333336
0 95.751953125 91.73177083333334 16.200206835921627 21.600275781228838
0 37.20703125 85.22135416666666 15.614744635578651 20.819659514104867
0 20.458984375 79.4921875 15.080748413825484 20.107664551767314
0 6.25 70.703125 14.222632077308402 18.963509436411204
0 2.05078125 54.4921875 12.486128262621328 16.648171016828435
0 36.9140625 62.434895833333336 13.365166284459344 17.820221712612458
0 39.404296875 55.924479166666664 12.649158798866397 16.865545065155196
0 50.87890625 50.325520833333336 11.999269562583924 15.99902608344523
0 53.61328125 42.578125 11.037073559585647 14.716098079447528
0 66.162109375 39.97395833333333 10.694223308065938 14.258964410754585
0 70.556640625 34.11458333333333 9.87940311049722 13.17253748066296
0 80.37109375 37.56510416666667 10.366996918617573 13.822662558156765
0 90.625 38.21614583333333 10.456446349494515 13.941928465992687
0 84.130859375 47.00520833333333 11.5966796875 15.462239583333334
0 97.55859375 49.67447916666667 11.92140196815467 15.895202624206226
0 97.8515625 36.06770833333333 10.158274522151634 13.544366029535512
0 91.943359375 30.078125 9.276540621075844 12.368720828101127
0 87.646484375 32.6171875 9.660151239834237 12.880201653112316
0 83.251953125 28.645833333333332 9.052976668817948 12.07063555842393
0 75.68359375 27.408854166666668 8.855357744474432 11.807143659299243
0 60.595703125 32.74739583333333 9.679413773897526 12.905885031863368
0 62.5 26.7578125 8.749555167743805 11.66607355699174
0 53.41796875 31.705729166666668 9.524222738236839 12.698963650982451
0 49.4140625 36.71875 10.24954566879069 13.66606089172092
0 36.5234375 41.14583333333333 10.849846700824694 14.466462267766259
0 25.634765625 48.6328125 11.795744683891412 15.727659578521882
0 20.458984375 42.90364583333333 11.079183874921476 14.772245166561968
0 29.150390625 38.8671875 10.545137050275265 14.060182733700355
0 37.01171875 31.705729166666668 9.524222738236839 12.698963650982451
0 18.84765625 31.315104166666668 9.465370128949479 12.62049350526597
0 12.646484375 34.11458333333333 9.87940311049722 13.17253748066296
0 9.27734375 29.036458333333332 9.114492506755418 12.15265667567389
0 4.345703125 30.46875 9.336583582018038 12.448778109357384
0 3.955078125 22.65625 8.051090062422436 10.734786749896582
0 8.056640625 19.205729166666664 7.412693970636669 9.883591960848893
0 12.646484375 21.158854166666664 7.780486318348366 10.373981757797822
0 89.74609375 24.739583333333336 8.413115693414442 11.217487591219255
0 79.345703125 23.828125 8.256682897014576 11.008910529352768
0 85.05859375 18.880208333333336 7.349606066157407 9.799474754876544
0 99.0234375 27.669270833333332 8.897326499702912 11.863101999603883
0 94.62890625 23.307291666666664 8.165947363439729 10.88792981791964
0 58.59375 24.21875 8.324085508414218 11.098780677885625
0 50.29296875 25.9765625 8.620878229873984 11.494504306498644
0 42.08984375 29.6875 9.216106488367615 12.288141984490153
0 66.357421875 19.205729166666664 7.412693970636669 9.883591960848893
0 65.869140625 24.869791666666664 8.435226416678011 11.246968555570682
0 77.1484375 21.028645833333336 7.756509415978292 10.342012554637723
0 75.87890625 15.299479166666666 6.61605328023645 8.821404373648601
0 32.03125 27.018229166666668 8.792028986137655 11.722705314850208
0 25.146484375 31.184895833333332 9.445671106287941 12.594228141717254
0 18.06640625 27.408854166666668 8.855357744474432 11.807143659299243
0 10.64453125 26.627604166666668 8.728240750778255 11.637654334371007
0 1.66015625 26.627604166666668 8.728240750778255 11.637654334371007
0 15.625 18.489583333333336 7.273178276253042 9.697571035004056
0 22.216796875 20.247395833333336 7.611061958825638 10.148082611767517
0 92.333984375 20.768229166666664 7.708331872750909 10.277775830334546
0 65.771484375 12.630208333333334 6.011265748166568 8.015020997555423
0 61.376953125 17.578125 7.091644310682526 9.455525747576702
0 73.486328125 16.666666666666664 6.905339660024879 9.207119546699838
0 78.662109375 15.0390625 6.559504779115197 8.746006372153596
0 81.640625 20.1171875 7.586549618320344 10.115399491093791
0 39.892578125 16.276041666666664 6.823937919616058 9.09858389282141
0 39.794921875 19.466145833333336 7.462780310447684 9.950373747263578
0 31.93359375 14.2578125 6.386855937639267 8.515807916852356
0 24.0234375 13.4765625 6.209408553886659 8.279211405182211
0 45.41015625 15.690104166666666 6.699981201202437 8.933308268269917
0 10.15625 19.596354166666664 7.487697843252746 9.983597124336994
0 68.5546875 15.950520833333334 6.755353888299149 9.0071385177322
0 81.54296875 17.057291666666664 6.985792933508055 9.31439057801074
0 87.060546875 19.010416666666664 7.37490598974278 9.833207986323707
0 93.9453125 17.447916666666664 7.065330140863174 9.420440187817565
0 98.4375 21.549479166666664 7.85197774064246 10.469303654189947
0 47.509765625 22.135416666666664 7.958010748538389 10.610680998051187
0 53.173828125 18.489583333333336 7.273178276253042 9.697571035004056
0 41.9921875 14.778645833333334 6.502464524127966 8.669952698837287
0 35.7421875 19.010416666666664 7.37490598974278 9.833207986323707
0 28.80859375 18.880208333333336 7.349606066157407 9.799474754876544
0 34.228515625 15.559895833333334 6.672122530845778 8.896163374461038
0 27.63671875 17.1875 7.012405574387241 9.349874099182989
0 63.37890625 15.4296875 6.644147051109997 8.858862734813329
0 49.21875 15.0390625 6.559504779115197 8.746006372153596
0 57.470703125 15.559895833333334 6.672122530845778 8.896163374461038
0 19.3359375 14.778645833333334 6.502464524127966 8.669952698837287
0 23.046875 25.716145833333332 8.57755695956738 11.436742612756506
0 12.841796875 14.908854166666666 6.531046923532928 8.708062564710572
0 57.275390625 11.979166666666668 5.854286527481347 7.805715369975129
0 73.779296875 13.4765625 6.209408553886659 8.279211405182211
0 86.1328125 15.8203125 6.72772451325946 8.970299351012613
0 3.369140625 17.447916666666664 7.065330140863174 9.420440187817565
0 38.330078125 14.6484375 6.473755931273323 8.631674575031097
0 44.287109375 13.4765625 6.209408553886659 8.279211405182211
0 70.99609375 24.869791666666664 8.435226416678011 11.246968555570682
0 74.951171875 58.333333333333336 12.918707573557572 17.224943431410097
0 72.8515625 29.427083333333332 9.175595934065496 12.234127912087327
0 20.01953125 23.4375 8.188725503539269 10.918300671385692
0 56.787109375 19.466145833333336 7.462780310447684 9.950373747263578
0 21.044921875 17.578125 7.091644310682526 9.455525747576702
0 51.806640625 15.559895833333334 6.672122530845778 8.896163374461038
0 69.970703125 18.619791666666664 7.298743129334349 9.731657505779133
0 8.935546875 23.307291666666664 8.165947363439729 10.88792981791964
0 36.71875 16.276041666666664 6.823937919616058 9.09858389282141
0 0.68359375 43.03385416666667 11.095983253599758 14.794644338133011
0 64.404296875 13.020833333333334 6.103515625 8.138020833333332
0 83.349609375 15.169270833333334 6.587839704871492 8.783786273161988
0 48.92578125 13.020833333333334 6.103515625 8.138020833333332
0 28.02734375 13.606770833333334 6.2393335877260965 8.319111450301463
0 95.947265625 19.3359375 7.437779301119349 9.917039068159132
0 27.24609375 22.786458333333336 8.074192233473482 10.765589644631309
0 17.919921875 17.838541666666664 7.143981879101334 9.525309172135112
0 41.2109375 24.479166666666664 8.36871899463018 11.15829199284024
0 59.27734375 19.986979166666664 7.561957820656658 10.08261042754221
0 42.626953125 20.1171875 7.586549618320344 10.115399491093791
0 17.138671875 14.778645833333334 6.502464524127966 8.669952698837287
0 7.275390625 15.4296875 6.644147051109997 8.858862734813329
0 88.8671875 16.40625 6.8511792970714245 9.134905729428567
0 32.51953125 19.986979166666664 7.561957820656658 10.08261042754221
0 26.025390625 15.690104166666666 6.699981201202437 8.933308268269917
0 39.013671875 23.177083333333336 8.143105507889608 10.857474010519478
