0 92.431640625 32.6171875 9.660151239834237 12.880201653112316
0 86.572265625 30.924479166666668 9.406149296522488 12.541532395363317
0 82.568359375 32.6171875 9.660151239834237 12.880201653112316
0 75.9765625 30.143229166666668 9.286574740419274 12.382099653892366
0 93.5546875 23.111979166666664 8.131660519088275 10.842214025451032
0 91.455078125 18.1640625 7.208869513560617 9.611826018080823
0 90.91796875 20.1171875 7.586549618320344 10.115399491093791
0 89.697265625 18.1640625 7.208869513560617 9.611826018080823
0 88.57421875 18.489583333333336 7.273178276253042 9.697571035004056
0 87.20703125 21.2890625 7.804389558437758 10.405852744583676
0 85.693359375 18.9453125 7.3622668956389274 9.816355860851903
0 84.5703125 17.447916666666664 7.065330140863174 9.420440187817565
0 83.30078125 17.96875 7.170007400189656 9.56000986691954
0 81.93359375 22.981770833333336 8.108722079825698 10.811629439767596
0 54.8828125 35.61197916666667 10.093893681970965 13.458524909294619
0 79.931640625 17.317708333333336 7.038917599286375 9.385223465715166
0 77.685546875 17.122395833333336 6.9991119025755095 9.332149203434014
0 74.31640625 16.276041666666664 6.823937919616058 9.09858389282141
0 73.095703125 19.466145833333336 7.462780310447684 9.950373747263578
0 69.3359375 15.950520833333334 6.755353888299149 9.0071385177322
0 71.19140625 13.997395833333334 6.328259690346595 8.437679587128793
0 67.96875 15.494791666666666 6.658149484030587 8.877532645374115
0 63.96484375 14.973958333333334 6.545291317604741 8.727055090139656
0 67.724609375 19.270833333333336 7.425247229367944 9.900329639157258
0 61.376953125 14.127604166666666 6.3576253222655215 8.476833763020695
0 55.76171875 15.169270833333334 6.587839704871492 8.783786273161988
0 54.00390625 13.671875 6.254242410864013 8.338989881152017
0 50.48828125 14.127604166666666 6.3576253222655215 8.476833763020695
0 45.5078125 14.453125 6.430452730012657 8.57393697335021
0 46.142578125 17.447916666666664 7.065330140863174 9.420440187817565
0 46.38671875 22.65625 8.051090062422436 10.734786749896582
0 78.7109375 21.158854166666664 7.780486318348366 10.373981757797822
0 37.646484375 14.973958333333334 6.545291317604741 8.727055090139656
0 44.140625 15.950520833333334 6.755353888299149 9.0071385177322
0 36.5234375 14.973958333333334 6.545291317604741 8.727055090139656
0 37.255859375 18.294270833333336 7.234661615679748 9.646215487572997
0 45.5078125 43.09895833333333 11.10437341226822 14.805831216357626
0 34.033203125 17.122395833333336 6.9991119025755095 9.332149203434014
0 35.15625 16.276041666666664 6.823937919616058 9.09858389282141
0 31.54296875 14.778645833333334 6.502464524127966 8.669952698837287
0 32.177734375 16.471354166666664 6.864759447755123 9.15301259700683
0 31.0546875 15.950520833333334 6.755353888299149 9.0071385177322
0 28.90625 16.666666666666664 6.905339660024879 9.207119546699838
0 26.416015625 15.8203125 6.72772451325946 8.970299351012613
0 25.29296875 16.145833333333336 6.796587356970242 9.062116475960323
0 22.314453125 16.796875 6.932261164306974 9.243014885742634
0 17.431640625 13.997395833333334 6.328259690346595 8.437679587128793
0 15.576171875 16.471354166666664 6.864759447755123 9.15301259700683
0 12.6953125 18.619791666666664 7.298743129334349 9.731657505779133
0 10.44921875 18.489583333333336 7.273178276253042 9.697571035004056
0 8.056640625 18.815104166666664 7.336923388776433 9.782564518368577
0 5.95703125 18.619791666666664 7.298743129334349 9.731657505779133
0 3.955078125 18.294270833333336 7.234661615679748 9.646215487572997
0 3.564453125 20.963541666666664 7.7444931277157725 10.325990836954363
0 2.197265625 18.619791666666664 7.298743129334349 9.731657505779133
0 1.46484375 22.265625 7.981382342908947 10.641843123878598
