0 74.8046875 67.05729166666666 13.851081198620872 18.46810826482783
0 56.54296875 87.6953125 15.839769619581274 21.119692826108363
0 46.2890625 84.50520833333334 15.548998050362545 20.731997400483394
0 11.03515625 85.02604166666666 15.596841234351363 20.795788312468485
0 31.93359375 58.528645833333336 12.940316801217158 17.25375573495621
0 40.673828125 61.5234375 13.267251659719333 17.689668879625778
0 5.17578125 52.864583333333336 12.298243212652517 16.397657616870024
0 27.05078125 42.3828125 11.01173007365034 14.682306764867118
0 33.154296875 47.20052083333333 11.620747537023785 15.494330049365049
0 7.8125 38.671875 10.518608361580863 14.024811148774482
0 14.892578125 39.38802083333333 10.615556110184379 14.154074813579173
0 20.01953125 31.380208333333332 9.475204282385269 12.633605709847027
0 34.66796875 33.72395833333333 9.82267879603948 13.096905061385971
0 38.671875 43.359375 11.137870844051916 14.850494458735888
0 56.640625 52.018229166666664 12.199399469791677 16.265865959722237
0 83.7890625 70.5078125 14.202973972436642 18.93729862991552
0 92.529296875 83.72395833333334 15.476955973029744 20.63594129737299
0 81.396484375 60.221354166666664 13.126106669681741 17.501475559575656
0 68.408203125 54.6875 12.508484821728025 16.677979762304034
0 57.421875 47.72135416666667 11.684686107834867 15.579581477113155
0 71.2890625 46.02864583333333 11.475583298927713 15.300777731903617
0 82.51953125 47.72135416666667 11.684686107834867 15.579581477113155
0 98.14453125 43.68489583333333 11.179601491707887 14.906135322277184
0 65.91796875 37.5 10.358009490037318 13.810679320049758
0 54.150390625 36.84895833333333 10.267702539831983 13.690270053109312
0 49.90234375 35.87239583333333 10.130732832457173 13.507643776609566
0 30.17578125 33.72395833333333 9.82267879603948 13.096905061385971
0 27.05078125 26.041666666666668 8.631674575031099 11.508899433374797
0 32.8125 28.190104166666668 8.980675640601907 11.974234187469209
0 42.7734375 31.0546875 9.425930915210266 12.567907886947022
0 51.26953125 28.841145833333332 9.083786661460703 12.11171554861427
