0 8.447265625 15.885416666666666 6.741553355216833 8.988737806955777
0 3.662109375 30.989583333333332 9.416045300623482 12.554727067497975
0 19.7265625 31.966145833333332 9.56325660155786 12.751008802077147
0 9.765625 38.54166666666667 10.500885335745396 14.001180447660527
0 9.619140625 28.580729166666668 9.042683343523592 12.056911124698123
0 21.533203125 26.627604166666668 8.728240750778255 11.637654334371007
0 12.890625 21.875 7.911060422861158 10.548080563814876
0 25.9765625 23.046875 8.120199399200482 10.82693253226731
0 22.265625 48.2421875 11.748276705883885 15.664368941178514
0 37.01171875 65.69010416666666 13.709153714121216 18.278871618828287
0 1.26953125 59.9609375 13.097695150070152 17.46359353342687
0 34.47265625 43.48958333333333 11.154581837461587 14.872775783282115
0 42.822265625 84.5703125 15.554986495818673 20.739981994424898
0 31.640625 35.546875 10.084662867345157 13.44621715646021
0 16.748046875 22.0703125 7.946299173761924 10.595065565015899
0 32.51953125 22.0703125 7.946299173761924 10.595065565015899
0 49.21875 38.93229166666667 10.553965128046011 14.07195350406135
0 40.576171875 33.203125 9.746532850751532 12.995377134335376
0 32.2265625 28.385416666666668 9.011732824849489 12.015643766465985
0 20.80078125 16.536458333333336 6.878312786611722 9.171083715482297
0 51.123046875 51.041666666666664 12.084344405043538 16.112459206724715
0 65.576171875 60.7421875 13.18274601224071 17.57699468298761
0 85.05859375 65.69010416666666 13.709153714121216 18.278871618828287
0 75.244140625 52.604166666666664 12.267914576563586 16.357219435418116
0 96.240234375 53.190104166666664 12.336049152470542 16.44806553662739
0 64.404296875 41.92708333333333 10.952367214920875 14.603156286561166
0 49.51171875 28.580729166666668 9.042683343523592 12.056911124698123
0 39.697265625 25.455729166666668 8.53401578009617 11.378687706794894
0 93.84765625 46.09375 11.48369611952318 15.311594826030909
0 79.541015625 39.71354166666667 10.65933178501769 14.212442380023585
0 98.92578125 42.70833333333333 11.053936936202902 14.738582581603868
0 87.59765625 37.17447916666667 10.31295486371814 13.75060648495752
0 4.39453125 25.065104166666668 8.468284256293707 11.291045675058275
0 41.015625 21.484375 7.840107775064166 10.453477033418888
0 50.09765625 22.8515625 8.085718566584333 10.780958088779109
0 66.748046875 24.0234375 8.290452702152177 11.053936936202902
0 42.529296875 18.489583333333336 7.273178276253042 9.697571035004056
0 29.248046875 18.880208333333336 7.349606066157407 9.799474754876544
0 58.740234375 25.455729166666668 8.53401578009617 11.378687706794894
0 73.92578125 33.59375 9.803697756475225 13.071597008633635
0 59.765625 36.328125 10.194881035455362 13.593174713940485
0 74.51171875 27.213541666666668 8.823750179932228 11.765000239909636
0 62.01171875 31.184895833333332 9.445671106287941 12.594228141717254
0 59.912109375 20.703125 7.6962403643301345 10.261653819106845
0 80.322265625 24.4140625 8.357582969744357 11.143443959659143
0 92.041015625 30.403645833333332 9.326603265341873 12.43547102045583
0 71.6796875 22.8515625 8.085718566584333 10.780958088779109
0 49.365234375 19.661458333333336 7.500125566067204 10.00016742142294
0 69.873046875 18.880208333333336 7.349606066157407 9.799474754876544
0 97.412109375 27.604166666666668 8.886852892188134 11.849137189584178
0 83.0078125 22.4609375 8.016311973000304 10.688415964000404
0 92.67578125 19.075520833333336 7.3875234600282 9.850031280037602
0 57.373046875 13.736979166666666 6.269115778861736 8.358821038482315
0 37.59765625 14.127604166666666 6.3576253222655215 8.476833763020695
0 67.96875 14.127604166666666 6.3576253222655215 8.476833763020695
0 88.916015625 24.4140625 8.357582969744357 11.143443959659143
0 52.05078125 17.317708333333336 7.038917599286375 9.385223465715166
0 19.7265625 20.247395833333336 7.611061958825638 10.148082611767517
0 89.0625 28.385416666666668 9.011732824849489 12.015643766465985
0 88.76953125 17.903645833333336 7.157006469457137 9.542675292609516
0 72.8515625 16.341145833333336 6.837572174807153 9.116762899742872
0 84.1796875 20.052083333333336 7.574263699945591 10.099018266594122
0 75.830078125 21.6796875 7.875664001809045 10.500885335745393
0 61.865234375 18.098958333333336 7.195938795502683 9.594585060670244
0 89.0625 33.984375 9.860531263063667 13.147375017418222
0 35.498046875 19.466145833333336 7.462780310447684 9.950373747263578
0 2.490234375 19.466145833333336 7.462780310447684 9.950373747263578
0 12.01171875 18.489583333333336 7.273178276253042 9.697571035004056
0 64.990234375 14.322916666666666 6.401421192444773 8.53522825659303
