0 89.84375 45.5078125 11.410473080956981 15.213964107942642
0 82.568359375 40.49479166666667 10.763667046233154 14.351556061644205
0 75.830078125 54.817708333333336 12.523367021901361 16.69782269586848
0 99.21875 76.88802083333334 14.831668554959554 19.775558073279406
0 97.94921875 53.125 12.32849723921152 16.437996318948695
0 96.728515625 40.16927083333333 10.720317425689878 14.293756567586504
0 94.3359375 31.510416666666668 9.494842032534208 12.659789376712277
0 88.720703125 26.302083333333332 8.674725588105405 11.56630078414054
0 96.484375 20.703125 7.6962403643301345 10.261653819106845
0 86.083984375 18.098958333333336 7.195938795502683 9.594585060670244
0 78.3203125 17.057291666666664 6.985792933508055 9.31439057801074
0 96.044921875 16.276041666666664 6.823937919616058 9.09858389282141
0 88.037109375 16.6015625 6.891839471823862 9.189119295765149
0 97.607421875 16.40625 6.8511792970714245 9.134905729428567
0 98.193359375 26.041666666666668 8.631674575031099 11.508899433374797
0 77.294921875 28.3203125 9.001392336274797 12.001856448366395
0 79.00390625 37.56510416666667 10.366996918617573 13.822662558156765
0 70.01953125 60.546875 13.161534822294815 17.548713096393087
0 61.42578125 63.932291666666664 13.52448718637716 18.032649581836214
0 62.59765625 85.09114583333334 15.602811317339132 20.803748423118844
0 44.677734375 84.1796875 15.519021160999902 20.692028214666536
0 56.396484375 48.69791666666667 11.803637454720285 15.738183272960379
0 63.37890625 47.33072916666667 11.63676511531837 15.515686820424493
0 61.42578125 35.9375 10.139921707663666 13.51989561021822
0 73.779296875 29.6875 9.216106488367615 12.288141984490153
0 65.4296875 37.890625 10.411817693623036 13.88242359149738
0 56.73828125 27.5390625 8.876366926421502 11.835155901895336
0 50.927734375 36.19791666666667 10.17659423860661 13.568792318142146
0 45.458984375 28.776041666666668 9.073528288158268 12.098037717544358
0 43.75 42.7734375 11.062358984614171 14.74981197948556
0 39.74609375 48.56770833333333 11.787846628312968 15.717128837750623
0 32.32421875 51.302083333333336 12.115132593554204 16.153510124738936
0 32.568359375 39.453125 10.624325674761481 14.165767566348642
0 61.9140625 24.674479166666664 8.402038511923953 11.202718015898604
0 57.32421875 19.661458333333336 7.500125566067204 10.00016742142294
0 50.927734375 17.96875 7.170007400189656 9.56000986691954
0 66.455078125 15.950520833333334 6.755353888299149 9.0071385177322
0 34.27734375 22.8515625 8.085718566584333 10.780958088779109
0 33.447265625 31.8359375 9.543759625922785 12.725012834563712
0 28.3203125 35.28645833333333 10.047654805392046 13.39687307385606
0 10.546875 38.02083333333333 10.429692071920813 13.906256095894417
0 15.771484375 89.6484375 16.01518769946524 21.35358359928699
0 5.95703125 54.036458333333336 12.433806632973244 16.578408843964322
0 5.517578125 39.12760416666667 10.580405165624827 14.107206887499771
0 8.69140625 26.302083333333332 8.674725588105405 11.56630078414054
0 20.8984375 22.395833333333336 8.00468569861084 10.672914264814453
0 18.65234375 31.0546875 9.425930915210266 12.567907886947022
0 11.42578125 22.981770833333336 8.108722079825698 10.811629439767596
0 13.37890625 32.09635416666667 9.58271390875707 12.77695187834276
0 29.833984375 19.921875 7.549631882844837 10.066175843793117
0 20.01953125 16.276041666666664 6.823937919616058 9.09858389282141
0 3.90625 19.205729166666664 7.412693970636669 9.883591960848893
0 41.89453125 19.010416666666664 7.37490598974278 9.833207986323707
0 50.927734375 28.450520833333332 9.02206146184966 12.029415282466214
0 42.138671875 24.479166666666664 8.36871899463018 11.15829199284024
0 93.1640625 16.276041666666664 6.823937919616058 9.09858389282141
0 88.37890625 20.377604166666664 7.635495607419925 10.180660809893233
0 91.552734375 17.513020833333336 7.0784994535786145 9.437999271438152
0 88.37890625 15.8203125 6.72772451325946 8.970299351012613
0 83.59375 17.1875 7.012405574387241 9.349874099182989
0 69.091796875 15.950520833333334 6.755353888299149 9.0071385177322
0 58.935546875 18.75 7.32421875 9.765625
0 48.095703125 16.40625 6.8511792970714245 9.134905729428567
0 31.73828125 18.424479166666664 7.2603620931215325 9.680482790828709
0 35.64453125 17.1875 7.012405574387241 9.349874099182989
0 87.01171875 16.276041666666664 6.823937919616058 9.09858389282141
0 20.1171875 17.513020833333336 7.0784994535786145 9.437999271438152
0 9.375 19.466145833333336 7.462780310447684 9.950373747263578
0 27.978515625 15.690104166666666 6.699981201202437 8.933308268269917
0 42.041015625 15.364583333333334 6.6301150458985685 8.840153394531425
0 30.517578125 16.276041666666664 6.823937919616058 9.09858389282141
0 20.703125 18.880208333333336 7.349606066157407 9.799474754876544
0 28.80859375 23.567708333333336 8.211440458419013 10.948587277892017
0 14.74609375 17.3828125 7.052136235529384 9.40284831403918
0 1.171875 16.927083333333336 6.959078522333606 9.278771363111476
0 8.447265625 17.057291666666664 6.985792933508055 9.31439057801074
0 14.74609375 20.572916666666664 7.672000176987631 10.229333569316841
0 46.826171875 12.760416666666666 6.042172202521769 8.056229603362357
0 37.451171875 14.583333333333334 6.459353786778786 8.612471715705048
0 64.306640625 19.791666666666664 7.524919437217989 10.033225916290652
0 69.873046875 24.21875 8.324085508414218 11.098780677885625
0 77.5390625 23.111979166666664 8.131660519088275 10.842214025451032
0 84.619140625 34.24479166666667 9.898238977189243 13.197651969585658
0 91.357421875 30.598958333333332 9.35651227829339 12.475349704391189
0 85.05859375 31.8359375 9.543759625922785 12.725012834563712
0 81.73828125 25.5859375 8.555814067917595 11.407752090556793
0 94.189453125 21.614583333333336 7.863829789260941 10.485106385681254
0 72.607421875 15.0390625 6.559504779115197 8.746006372153596
0 61.669921875 13.411458333333334 6.194391824397107 8.259189099196142
0 56.298828125 15.364583333333334 6.6301150458985685 8.840153394531425
0 51.611328125 21.614583333333336 7.863829789260941 10.485106385681254
0 52.197265625 12.3046875 5.933295317145868 7.911060422861158
