0 86.9140625 56.901041666666664 12.75912167991142 17.012162239881892
0 82.8125 32.8125 9.689030680168178 12.918707573557572
0 72.8515625 33.59375 9.803697756475225 13.071597008633635
0 86.865234375 29.557291666666668 9.195873518871684 12.261164691828911
0 95.1171875 29.817708333333332 9.236295135755345 12.315060181007127
0 98.974609375 22.916666666666664 8.097228492078614 10.796304656104818
0 95.1171875 21.158854166666664 7.780486318348366 10.373981757797822
0 99.70703125 25.911458333333332 8.610068346964042 11.480091129285388
0 87.646484375 22.981770833333336 8.108722079825698 10.811629439767596
0 82.71484375 22.005208333333336 7.9345703125 10.579427083333332
0 89.990234375 24.153645833333336 8.312889692307273 11.083852923076364
0 82.2265625 18.229166666666664 7.221777078979024 9.629036105305365
0 87.59765625 18.229166666666664 7.221777078979024 9.629036105305365
0 83.544921875 19.53125 7.475249459177179 9.966999278902906
0 77.05078125 20.377604166666664 7.635495607419925 10.180660809893233
0 64.84375 16.861979166666664 6.945682786096826 9.260910381462436
0 49.658203125 15.885416666666666 6.741553355216833 8.988737806955777
0 45.01953125 16.080729166666664 6.782870718656271 9.043827624875028
0 47.998046875 25.911458333333332 8.610068346964042 11.480091129285388
0 43.06640625 23.828125 8.256682897014576 11.008910529352768
0 28.857421875 29.361979166666668 9.16544031840894 12.220587091211922
0 28.90625 38.34635416666667 10.474244568927316 13.965659425236424
0 41.455078125 20.5078125 7.659851317145468 10.21313508952729
0 30.615234375 23.828125 8.256682897014576 11.008910529352768
0 25.830078125 24.088541666666664 8.301678777304348 11.068905036405797
0 21.826171875 22.591145833333336 8.039514082226251 10.719352109635
0 11.62109375 29.6875 9.216106488367615 12.288141984490153
0 18.994140625 23.958333333333336 8.279211405182211 11.038948540242949
0 5.078125 34.63541666666667 9.954532733337459 13.272710311116612
0 9.5703125 20.3125 7.62328857226367 10.164384763018226
0 4.833984375 21.809895833333336 7.8992792392241125 10.532372318965482
0 30.126953125 16.927083333333336 6.959078522333606 9.278771363111476
0 24.21875 19.140625 7.400119417103358 9.866825889471144
0 4.736328125 17.252604166666664 7.025674092542321 9.367565456723094
0 34.814453125 16.536458333333336 6.878312786611722 9.171083715482297
0 28.02734375 16.6015625 6.891839471823862 9.189119295765149
0 37.01171875 17.057291666666664 6.985792933508055 9.31439057801074
0 8.30078125 18.684895833333336 7.311492035346033 9.748656047128044
0 17.1875 15.4296875 6.644147051109997 8.858862734813329
0 60.791015625 15.234375 6.60196156395994 8.802615418613254
0 56.591796875 15.690104166666666 6.699981201202437 8.933308268269917
