0 7.470703125 69.3359375 14.0844491689628 18.779265558617066
0 2.392578125 49.609375 11.913587216762167 15.884782955682889
0 1.220703125 59.114583333333336 13.004929048255931 17.339905397674574
0 43.26171875 86.06770833333334 15.69209000510552 20.922786673474025
0 43.26171875 72.8515625 14.437104702776942 19.249472937035925
0 35.44921875 62.565104166666664 13.379095591298201 17.838794121730935
0 22.0703125 48.828125 11.819407184470878 15.759209579294502
0 18.017578125 41.40625 10.884127502518925 14.512170003358568
0 84.375 63.4765625 13.476197610973886 17.968263481298514
0 68.75 58.919270833333336 12.983427359730621 17.311236479640826
0 53.80859375 48.6328125 11.795744683891412 15.727659578521882
0 37.109375 44.40104166666667 11.270865058971795 15.027820078629059
0 33.203125 35.546875 10.084662867345157 13.44621715646021
0 12.59765625 40.625 10.780958088779109 14.374610785038813
0 98.14453125 53.7109375 12.396298835198914 16.528398446931885
0 94.091796875 43.29427083333333 11.129505937994672 14.839341250659563
0 79.98046875 46.74479166666667 11.564511304624277 15.419348406165703
0 73.828125 47.265625 11.628759084019562 15.505012112026082
0 65.91796875 42.96875 11.087586745962493 14.783448994616657
0 73.388671875 39.6484375 10.650591044076627 14.200788058768838
0 80.810546875 37.43489583333333 10.349014256477766 13.798685675303688
0 86.279296875 35.546875 10.084662867345157 13.44621715646021
0 60.107421875 35.09114583333333 10.019809057239993 13.359745409653323
0 49.072265625 38.41145833333333 10.483132346995646 13.977509795994195
0 44.580078125 33.0078125 9.717824296930333 12.957099062573777
0 31.884765625 29.557291666666668 9.195873518871684 12.261164691828911
0 23.486328125 30.46875 9.336583582018038 12.448778109357384
0 17.7734375 33.7890625 9.832155574699105 13.109540766265473
0 5.37109375 29.557291666666668 9.195873518871684 12.261164691828911
0 10.44921875 28.450520833333332 9.02206146184966 12.029415282466214
0 20.5078125 27.1484375 8.81318913463968 11.750918846186241
0 74.90234375 32.68229166666667 9.669787303317175 12.893049737756234
0 98.974609375 35.87239583333333 10.130732832457173 13.507643776609566
0 83.203125 27.34375 8.84483443981289 11.793112586417188
0 89.35546875 34.11458333333333 9.87940311049722 13.17253748066296
0 76.66015625 28.580729166666668 9.042683343523592 12.056911124698123
0 62.841796875 30.338541666666668 9.316612257369233 12.42214967649231
0 58.203125 26.888020833333332 8.770817787597604 11.694423716796805
0 64.013671875 21.940104166666664 7.92282408798045 10.5637654506406
0 49.560546875 29.036458333333332 9.114492506755418 12.15265667567389
0 26.806640625 24.8046875 8.424178309229896 11.23223774563986
0 39.2578125 27.473958333333332 8.865868558553435 11.821158078071248
0 87.353515625 27.9296875 8.939098215256843 11.918797620342456
0 97.900390625 29.8828125 9.24637292940864 12.32849723921152
0 89.84375 30.46875 9.336583582018038 12.448778109357384
0 92.67578125 17.708333333333336 7.117861199762329 9.490481599683106
0 89.599609375 26.5625 8.717563999686098 11.62341866624813
0 96.58203125 19.596354166666664 7.487697843252746 9.983597124336994
0 89.599609375 22.265625 7.981382342908947 10.641843123878598
0 92.08984375 31.575520833333332 9.50464569238125 12.672860923174998
0 98.388671875 42.1875 10.986328125 14.6484375
0 4.638671875 25.78125 8.588407763348565 11.451210351131419
0 12.451171875 19.7265625 7.512532730158185 10.01671030687758
0 19.921875 21.614583333333336 7.863829789260941 10.485106385681254
0 12.109375 22.916666666666664 8.097228492078614 10.796304656104818
0 6.201171875 18.294270833333336 7.234661615679748 9.646215487572997
0 3.3203125 21.484375 7.840107775064166 10.453477033418888
0 13.76953125 17.057291666666664 6.985792933508055 9.31439057801074
0 6.787109375 21.614583333333336 7.863829789260941 10.485106385681254
0 21.826171875 17.513020833333336 7.0784994535786145 9.437999271438152
0 10.107421875 18.033854166666664 7.182984799767957 9.577313066357275
0 1.07421875 19.270833333333336 7.425247229367944 9.900329639157258
0 4.052734375 18.619791666666664 7.298743129334349 9.731657505779133
0 11.865234375 16.731770833333336 6.9188135063199665 9.225084675093289
0 10.107421875 20.5078125 7.659851317145468 10.21313508952729
0 8.056640625 17.3828125 7.052136235529384 9.40284831403918
0 31.884765625 22.265625 7.981382342908947 10.641843123878598
0 27.392578125 16.145833333333336 6.796587356970242 9.062116475960323
0 37.451171875 19.596354166666664 7.487697843252746 9.983597124336994
0 28.955078125 20.5078125 7.659851317145468 10.21313508952729
0 26.07421875 19.270833333333336 7.425247229367944 9.900329639157258
0 24.560546875 15.0390625 6.559504779115197 8.746006372153596
0 42.333984375 22.4609375 8.016311973000304 10.688415964000404
0 50.634765625 20.377604166666664 7.635495607419925 10.180660809893233
0 45.5078125 23.567708333333336 8.211440458419013 10.948587277892017
0 36.5234375 17.838541666666664 7.143981879101334 9.525309172135112
0 29.98046875 17.513020833333336 7.0784994535786145 9.437999271438152
0 41.259765625 16.731770833333336 6.9188135063199665 9.225084675093289
0 47.998046875 14.713541666666666 6.488126106405426 8.650834808540568
0 41.259765625 20.833333333333336 7.720404443770458 10.293872591693944
0 37.451171875 14.192708333333334 6.372257390692475 8.496343187589966
0 45.166015625 17.1875 7.012405574387241 9.349874099182989
0 34.27734375 16.276041666666664 6.823937919616058 9.09858389282141
0 58.056640625 14.0625 6.342959500374307 8.457279333832409
0 94.580078125 20.833333333333336 7.720404443770458 10.293872591693944
0 91.50390625 26.236979166666668 8.66398288975732 11.551977186343091
0 86.03515625 22.591145833333336 8.039514082226251 10.719352109635
0 91.015625 19.7265625 7.512532730158185 10.01671030687758
0 83.88671875 21.354166666666664 7.816313766397521 10.421751688530028
0 78.466796875 19.7265625 7.512532730158185 10.01671030687758
0 85.791015625 18.294270833333336 7.234661615679748 9.646215487572997
0 73.486328125 16.731770833333336 6.9188135063199665 9.225084675093289
0 83.7890625 16.40625 6.8511792970714245 9.134905729428567
0 75.48828125 17.1875 7.012405574387241 9.349874099182989
0 87.451171875 17.1875 7.012405574387241 9.349874099182989
0 74.90234375 21.809895833333336 7.8992792392241125 10.532372318965482
0 66.748046875 20.052083333333336 7.574263699945591 10.099018266594122
0 61.5234375 15.950520833333334 6.755353888299149 9.0071385177322
0 53.7109375 14.0625 6.342959500374307 8.457279333832409
0 49.072265625 22.721354166666664 8.062649422377262 10.75019922983635
0 56.4453125 16.927083333333336 6.959078522333606 9.278771363111476
0 72.0703125 23.2421875 8.154534433525017 10.872712578033356
0 66.6015625 25.130208333333332 8.479274895904423 11.305699861205897
0 61.03515625 22.4609375 8.016311973000304 10.688415964000404
0 71.337890625 19.140625 7.400119417103358 9.866825889471144
0 65.185546875 16.731770833333336 6.9188135063199665 9.225084675093289
0 82.861328125 19.140625 7.400119417103358 9.866825889471144
0 60.693359375 18.619791666666664 7.298743129334349 9.731657505779133
0 81.0546875 23.046875 8.120199399200482 10.82693253226731
0 42.919921875 15.950520833333334 6.755353888299149 9.0071385177322
0 32.71484375 16.731770833333336 6.9188135063199665 9.225084675093289
0 18.017578125 18.033854166666664 7.182984799767957 9.577313066357275
0 17.333984375 20.052083333333336 7.574263699945591 10.099018266594122
0 42.1875 25.5859375 8.555814067917595 11.407752090556793
