0 75.68359375 47.65625 11.676712933171991 15.568950577562655
0 57.12890625 46.875 11.580606665655687 15.440808887540916
0 41.9921875 25.716145833333332 8.57755695956738 11.436742612756506
0 32.177734375 44.59635416666667 11.295627150464934 15.060836200619912
0 62.939453125 47.33072916666667 11.63676511531837 15.515686820424493
0 62.939453125 32.6171875 9.660151239834237 12.880201653112316
0 45.60546875 34.11458333333333 9.87940311049722 13.17253748066296
0 46.826171875 45.37760416666667 11.394137391720257 15.192183188960342
0 34.619140625 34.24479166666667 9.898238977189243 13.197651969585658
0 20.80078125 29.1015625 9.124704826492952 12.166273101990603
0 24.169921875 15.364583333333334 6.6301150458985685 8.840153394531425
0 40.673828125 15.364583333333334 6.6301150458985685 8.840153394531425
0 60.15625 14.0625 6.342959500374307 8.457279333832409
0 74.560546875 17.122395833333336 6.9991119025755095 9.332149203434014
0 77.001953125 26.822916666666668 8.760192928715409 11.680257238287211
0 79.78515625 44.07552083333333 11.229473567489073 14.972631423318763
0 86.962890625 27.1484375 8.81318913463968 11.750918846186241
0 74.8046875 34.11458333333333 9.87940311049722 13.17253748066296
0 56.54296875 21.484375 7.840107775064166 10.453477033418888
0 63.671875 22.916666666666664 8.097228492078614 10.796304656104818
0 68.26171875 57.8125 12.860905460025315 17.14787394670042
0 50.732421875 57.682291666666664 12.846414294341546 17.128552392455397
0 23.681640625 63.4765625 13.476197610973886 17.968263481298514
0 18.26171875 59.765625 13.076345999529144 17.43512799937219
0 18.359375 44.27083333333333 11.254326730093856 15.005768973458474
0 13.37890625 86.9140625 15.76905600923317 21.025408012310894
0 15.087890625 79.296875 15.06221030182259 20.082947069096786
0 18.017578125 70.57291666666666 14.209529695828632 18.946039594438176
0 12.40234375 93.22916666666666 16.331894726879458 21.77585963583928
0 21.875 75.5859375 14.70554663471284 19.607395512950454
0 24.8046875 84.83072916666666 15.57891725842312 20.77188967789749
0 26.611328125 92.70833333333334 16.286211015779216 21.714948021038957
0 16.650390625 86.45833333333334 15.727659578521882 20.970212771362508
0 23.193359375 85.15625 15.608779116875516 20.811705489167352
0 34.228515625 71.09375 14.261866998959865 19.01582266527982
0 33.740234375 79.94791666666666 15.123915641313316 20.16522085508442
0 33.49609375 89.32291666666666 15.986085026499994 21.314780035333325
0 33.49609375 75.13020833333334 14.661147643389056 19.548196857852073
0 33.251953125 85.80729166666666 15.668332095939252 20.891109461252334
0 33.88671875 68.03385416666666 13.951574036453199 18.60209871527093
0 33.740234375 92.90364583333334 16.303357408682963 21.73780987824395
0 40.283203125 93.359375 16.343295701899272 21.7910609358657
0 46.337890625 93.68489583333334 16.371763404543042 21.829017872724055
0 37.646484375 93.5546875 16.360382267676037 21.81384302356805
0 44.287109375 94.3359375 16.428550822381315 21.904734429841753
0 54.1015625 69.79166666666666 14.130660281726348 18.84088037563513
0 54.1015625 77.40885416666666 14.881818042281017 19.84242405637469
0 53.759765625 85.28645833333334 15.62070787606168 20.82761050141557
0 54.00390625 94.98697916666666 16.48514262215516 21.980190162873544
0 53.857421875 74.47916666666666 14.597486258668699 19.463315011558265
0 53.759765625 91.6015625 16.188705090179255 21.584940120239004
0 57.12890625 69.46614583333334 14.097667800843624 18.796890401124834
0 63.427734375 69.46614583333334 14.097667800843624 18.796890401124834
0 69.7265625 69.01041666666666 14.051348185084642 18.735130913446188
0 57.12890625 83.0078125 15.4106215490144 20.547495398685868
0 63.57421875 82.68229166666666 15.380374961369817 20.507166615159754
0 57.373046875 94.01041666666666 16.400181692559084 21.86690892341211
0 64.2578125 94.66145833333334 16.456871048233353 21.942494730977806
0 70.80078125 94.20572916666666 16.41720905311617 21.88961207082156
0 54.345703125 80.46875 15.173099236640688 20.230798982187583
0 61.376953125 83.203125 15.428741039751634 20.571654719668846
0 60.986328125 70.24739583333334 14.176720763350751 18.902294351134334
0 67.333984375 69.3359375 14.0844491689628 18.779265558617066
0 60.400390625 94.53125 16.445548810189795 21.927398413586392
0 67.7734375 94.66145833333334 16.456871048233353 21.942494730977806
0 75.439453125 69.140625 14.06459792700551 18.752797236007346
0 79.296875 75.45572916666666 14.692874898938872 19.59049986525183
0 82.958984375 81.90104166666666 15.30753931150446 20.410052415339276
0 87.060546875 88.34635416666666 15.898457370155159 21.19794316020688
0 92.3828125 94.66145833333334 16.456871048233353 21.942494730977806
0 78.564453125 95.96354166666666 16.569667920530062 22.09289056070675
0 81.25 85.80729166666666 15.668332095939252 20.891109461252334
0 85.83984375 76.10677083333334 14.756124760420633 19.674833013894176
0 89.2578125 67.05729166666666 13.851081198620872 18.46810826482783
0 75.78125 71.22395833333334 14.274921342195434 19.033228456260577
0 87.40234375 70.76822916666666 14.229178743743612 18.972238324991483
0 80.17578125 91.40625 16.171437133168666 21.561916177558217
0 89.599609375 91.6015625 16.188705090179255 21.584940120239004
0 80.859375 77.5390625 14.894329030654822 19.85910537420643
0 85.009765625 85.80729166666666 15.668332095939252 20.891109461252334
0 84.765625 77.734375 14.913075833582296 19.884101111443062
0 77.587890625 73.95833333333334 14.546356552506085 19.395142070008113
0 81.982421875 79.62239583333334 15.0930945054666 20.1241260072888
0 75.927734375 17.317708333333336 7.038917599286375 9.385223465715166
0 59.423828125 10.677083333333332 5.526968468101451 7.369291290801934
0 43.212890625 11.328125 5.692980379082528 7.590640505443372
0 24.90234375 16.796875 6.932261164306974 9.243014885742634
0 47.314453125 27.1484375 8.81318913463968 11.750918846186241
0 54.1015625 40.69010416666667 10.789593218788873 14.386124291718497
0 22.36328125 40.69010416666667 10.789593218788873 14.386124291718497
0 38.96484375 58.0078125 12.882611645022848 17.17681552669713
0 81.8359375 48.76302083333333 11.811524951393816 15.748699935191754
0 81.103515625 25.716145833333332 8.57755695956738 11.436742612756506
0 55.810546875 30.6640625 9.366460725843998 12.48861430112533
0 67.7734375 52.1484375 12.214658261834412 16.286211015779216
0 41.6015625 50.390625 12.007028547916262 16.00937139722168
0 19.189453125 38.80208333333333 10.536301575703167 14.048402100937555
0 12.40234375 15.8203125 6.72772451325946 8.970299351012613
0 3.22265625 7.096354166666667 4.505866412424743 6.0078218832329915
0 3.22265625 35.22135416666667 10.038381471800859 13.384508629067811
0 5.859375 45.8984375 11.459340426952263 15.279120569269683
0 13.623046875 24.21875 8.324085508414218 11.098780677885625
0 36.42578125 28.580729166666668 9.042683343523592 12.056911124698123
0 82.32421875 8.268229166666668 4.8637016145352865 6.484935486047048
0 91.40625 9.505208333333332 5.214846035960407 6.953128047947208
0 16.064453125 76.10677083333334 14.756124760420633 19.674833013894176
0 23.4375 79.94791666666666 15.123915641313316 20.16522085508442
0 25.732421875 89.84375 16.03262394600061 21.376831928000808
0 12.548828125 90.625 16.10218012484487 21.469573499793164
0 14.501953125 81.57552083333334 15.277088636210726 20.369451514947635
0 20.3125 73.828125 14.533546020252267 19.378061360336353
0 20.654296875 85.80729166666666 15.668332095939252 20.891109461252334
0 71.435546875 34.24479166666667 9.898238977189243 13.197651969585658
