0 17.08984375 94.7265625 16.462529247144992 21.950038996193324
0 41.455078125 86.39322916666666 15.721736904774486 20.962315873032647
0 55.126953125 67.83854166666666 13.931533460099278 18.575377946799033
0 3.564453125 75.32552083333334 14.680192225104607 19.57358963347281
0 23.2421875 60.807291666666664 13.18980882871967 17.586411771626228
0 43.84765625 58.919270833333336 12.983427359730621 17.311236479640826
0 60.205078125 54.752604166666664 12.515928133795093 16.687904178393456
0 77.099609375 52.473958333333336 12.25272210686324 16.336962809150986
0 93.896484375 56.184895833333336 12.678575486963496 16.90476731595133
0 96.77734375 69.7265625 14.124067950935224 18.832090601246964
0 93.212890625 42.05729166666667 10.969360812751116 14.62581441700149
0 85.64453125 45.76822916666667 11.443074499055587 15.25743266540745
0 81.298828125 39.51822916666667 10.633088006704314 14.177450675605751
0 85.25390625 36.1328125 10.167438506443897 13.556584675258529
0 98.388671875 37.109375 10.30392029793343 13.738560397244573
0 87.20703125 33.72395833333333 9.82267879603948 13.096905061385971
0 95.21484375 32.48697916666667 9.640850219074288 12.854466958765718
0 91.650390625 27.083333333333332 8.802615418613255 11.736820558151006
0 85.009765625 29.557291666666668 9.195873518871684 12.261164691828911
0 78.173828125 28.776041666666668 9.073528288158268 12.098037717544358
0 73.6328125 31.315104166666668 9.465370128949479 12.62049350526597
0 70.5078125 37.76041666666667 10.393912576859377 13.85855010247917
0 67.041015625 42.70833333333333 11.053936936202902 14.738582581603868
0 59.375 45.1171875 11.361395549918386 15.148527399891181
0 1.3671875 54.036458333333336 12.433806632973244 16.578408843964322
0 16.748046875 48.50260416666667 11.779943277355214 15.706591036473618
0 19.53125 40.625 10.780958088779109 14.374610785038813
0 24.90234375 35.87239583333333 10.130732832457173 13.507643776609566
0 36.23046875 40.0390625 10.70292841598522 14.270571221313624
0 39.892578125 47.52604166666667 11.660750228602783 15.547666971470377
0 41.455078125 33.72395833333333 9.82267879603948 13.096905061385971
0 54.78515625 35.546875 10.084662867345157 13.44621715646021
0 50.0 30.533854166666668 9.346553241646458 12.462070988861944
0 36.669921875 27.34375 8.84483443981289 11.793112586417188
0 38.8671875 21.875 7.911060422861158 10.548080563814876
0 37.890625 16.6015625 6.891839471823862 9.189119295765149
0 33.642578125 18.033854166666664 7.182984799767957 9.577313066357275
0 9.814453125 35.15625 10.029099563693228 13.372132751590971
0 4.4921875 31.0546875 9.425930915210266 12.567907886947022
0 2.099609375 26.236979166666668 8.66398288975732 11.551977186343091
0 1.66015625 20.3125 7.62328857226367 10.164384763018226
0 7.177734375 24.348958333333336 8.346432086900233 11.128576115866979
0 4.248046875 19.3359375 7.437779301119349 9.917039068159132
0 9.08203125 18.5546875 7.28597191547444 9.714629220632586
0 11.328125 24.934895833333336 8.446260072691679 11.26168009692224
0 21.435546875 31.705729166666668 9.524222738236839 12.698963650982451
0 25.87890625 28.3203125 9.001392336274797 12.001856448366395
0 12.646484375 22.526041666666664 8.027921409891299 10.703895213188398
0 6.884765625 20.182291666666664 7.598815672600545 10.13175423013406
0 14.94140625 18.880208333333336 7.349606066157407 9.799474754876544
0 31.0546875 20.768229166666664 7.708331872750909 10.277775830334546
0 25.634765625 24.0234375 8.290452702152177 11.053936936202902
0 43.310546875 26.5625 8.717563999686098 11.62341866624813
0 51.220703125 19.075520833333336 7.3875234600282 9.850031280037602
0 41.69921875 18.5546875 7.28597191547444 9.714629220632586
0 46.19140625 23.697916666666664 8.234092750996119 10.978790334661493
0 36.23046875 23.502604166666664 8.200090846279542 10.933454461706056
0 25.048828125 21.614583333333336 7.863829789260941 10.485106385681254
0 57.91015625 36.1328125 10.167438506443897 13.556584675258529
0 53.857421875 27.213541666666668 8.823750179932228 11.765000239909636
0 63.671875 31.315104166666668 9.465370128949479 12.62049350526597
0 67.724609375 25.911458333333332 8.610068346964042 11.480091129285388
0 74.267578125 23.372395833333336 8.177344364608315 10.903125819477753
0 79.541015625 21.158854166666664 7.780486318348366 10.373981757797822
0 88.18359375 24.0234375 8.290452702152177 11.053936936202902
0 62.109375 27.473958333333332 8.865868558553435 11.821158078071248
0 64.55078125 21.744791666666664 7.887480458569388 10.51664061142585
0 57.2265625 25.130208333333332 8.479274895904423 11.305699861205897
0 29.736328125 24.674479166666664 8.402038511923953 11.202718015898604
0 18.06640625 24.348958333333336 8.346432086900233 11.128576115866979
0 22.265625 18.359375 7.247523246483103 9.663364328644137
0 95.849609375 23.2421875 8.154534433525017 10.872712578033356
0 91.650390625 22.0703125 7.946299173761924 10.595065565015899
0 81.787109375 20.3125 7.62328857226367 10.164384763018226
0 77.734375 26.041666666666668 8.631674575031099 11.508899433374797
0 84.521484375 23.697916666666664 8.234092750996119 10.978790334661493
0 60.546875 16.145833333333336 6.796587356970242 9.062116475960323
0 56.4453125 18.229166666666664 7.221777078979024 9.629036105305365
0 52.05078125 15.234375 6.60196156395994 8.802615418613254
0 51.318359375 21.158854166666664 7.780486318348366 10.373981757797822
0 48.681640625 20.963541666666664 7.7444931277157725 10.325990836954363
0 29.345703125 19.075520833333336 7.3875234600282 9.850031280037602
0 19.04296875 19.53125 7.475249459177179 9.966999278902906
0 19.62890625 21.484375 7.840107775064166 10.453477033418888
0 6.4453125 35.02604166666667 10.010509928501419 13.347346571335224
0 26.3671875 18.098958333333336 7.195938795502683 9.594585060670244
0 10.05859375 20.3125 7.62328857226367 10.164384763018226
0 43.310546875 21.614583333333336 7.863829789260941 10.485106385681254
0 52.5390625 22.916666666666664 8.097228492078614 10.796304656104818
0 56.25 20.768229166666664 7.708331872750909 10.277775830334546
0 58.984375 21.419270833333336 7.828219811023351 10.437626414697803
0 75.1953125 27.669270833333332 8.897326499702912 11.863101999603883
0 89.501953125 21.744791666666664 7.887480458569388 10.51664061142585
0 97.75390625 27.669270833333332 8.897326499702912 11.863101999603883
0 16.650390625 28.776041666666668 9.073528288158268 12.098037717544358
0 99.4140625 26.106770833333332 8.642457433170346 11.52327657756046
0 98.583984375 32.48697916666667 9.640850219074288 12.854466958765718
