0 68.84765625 17.1875 7.012405574387241 9.349874099182989
0 69.287109375 18.098958333333336 7.195938795502683 9.594585060670244
0 74.0234375 16.40625 6.8511792970714245 9.134905729428567
0 84.619140625 18.880208333333336 7.349606066157407 9.799474754876544
0 89.501953125 19.661458333333336 7.500125566067204 10.00016742142294
0 61.083984375 15.8203125 6.72772451325946 8.970299351012613
0 61.9140625 15.690104166666666 6.699981201202437 8.933308268269917
0 58.447265625 14.583333333333334 6.459353786778786 8.612471715705048
0 53.369140625 13.346354166666666 6.179338602086361 8.239118136115147
0 52.685546875 12.109375 5.886017310176364 7.848023080235151
