0 88.037109375 86.00260416666666 15.686153901240719 20.914871868320958
0 85.25390625 62.890625 13.413855576071724 17.88514076809563
0 91.69921875 50.911458333333336 12.06892085771801 16.091894476957346
0 75.537109375 51.041666666666664 12.084344405043538 16.112459206724715
0 63.916015625 54.947916666666664 12.538231557723472 16.71764207696463
0 53.61328125 46.02864583333333 11.475583298927713 15.300777731903617
0 63.916015625 40.29947916666667 10.737678274999501 14.316904366666003
0 76.46484375 41.2109375 10.85842704752026 14.477902730027015
0 83.837890625 43.22916666666667 11.121134740166381 14.828179653555177
0 77.490234375 33.85416666666667 9.841623227903504 13.122164303871338
0 73.53515625 29.361979166666668 9.16544031840894 12.220587091211922
0 87.01171875 37.95572916666667 10.420758715187912 13.894344953583882
0 77.734375 28.7109375 9.063258303782652 12.084344405043536
0 88.76953125 30.729166666666668 9.376398618003673 12.501864824004896
0 93.212890625 28.90625 9.094033462982996 12.125377950643994
0 89.453125 25.78125 8.588407763348565 11.451210351131419
0 90.283203125 23.111979166666664 8.131660519088275 10.842214025451032
0 92.96875 25.0 8.457279333832409 11.276372445109878
0 99.4140625 33.72395833333333 9.82267879603948 13.096905061385971
0 96.484375 21.223958333333336 7.792447103762027 10.389929471682702
0 86.62109375 21.09375 7.768507117527988 10.358009490037318
0 99.755859375 39.51822916666667 10.633088006704314 14.177450675605751
0 91.2109375 19.075520833333336 7.3875234600282 9.850031280037602
0 92.48046875 17.643229166666664 7.104764847914316 9.473019797219088
0 95.41015625 19.075520833333336 7.3875234600282 9.850031280037602
0 97.65625 19.075520833333336 7.3875234600282 9.850031280037602
0 89.208984375 17.96875 7.170007400189656 9.56000986691954
0 99.755859375 21.09375 7.768507117527988 10.358009490037318
0 80.419921875 22.005208333333336 7.9345703125 10.579427083333332
0 99.4140625 18.75 7.32421875 9.765625
0 87.109375 16.731770833333336 6.9188135063199665 9.225084675093289
0 86.865234375 67.578125 13.904767761101706 18.539690348135608
0 84.1796875 67.12239583333334 13.857803393240637 18.477071190987516
0 63.330078125 61.067708333333336 13.218022355778636 17.624029807704847
0 90.13671875 56.8359375 12.751820322129015 17.00242709617202
0 76.46484375 55.403645833333336 12.590119228965008 16.78682563862001
0 74.12109375 54.817708333333336 12.523367021901361 16.69782269586848
0 64.404296875 43.5546875 11.162927952985768 14.883903937314358
0 60.7421875 36.06770833333333 10.158274522151634 13.544366029535512
0 58.3984375 35.61197916666667 10.093893681970965 13.458524909294619
0 51.513671875 51.236979166666664 12.107442886277694 16.14325718170359
0 21.77734375 54.036458333333336 12.433806632973244 16.578408843964322
0 30.419921875 36.06770833333333 10.158274522151634 13.544366029535512
0 33.0078125 37.5 10.358009490037318 13.810679320049758
0 1.416015625 32.94270833333333 9.708235913444133 12.944314551258843
0 4.1015625 33.26822916666667 9.756083595670033 13.008111460893376
0 2.587890625 25.78125 8.588407763348565 11.451210351131419
0 20.60546875 27.1484375 8.81318913463968 11.750918846186241
0 27.1484375 25.260416666666668 8.501213548086012 11.334951397448016
0 31.396484375 22.005208333333336 7.9345703125 10.579427083333332
0 48.2421875 39.6484375 10.650591044076627 14.200788058768838
0 49.4140625 30.143229166666668 9.286574740419274 12.382099653892366
0 41.69921875 25.78125 8.588407763348565 11.451210351131419
0 87.79296875 34.375 9.91703906815913 13.222718757545508
0 92.724609375 31.8359375 9.543759625922785 12.725012834563712
0 88.28125 29.036458333333332 9.114492506755418 12.15265667567389
0 78.80859375 25.0 8.457279333832409 11.276372445109878
0 60.546875 25.455729166666668 8.53401578009617 11.378687706794894
0 58.642578125 25.130208333333332 8.479274895904423 11.305699861205897
0 84.27734375 20.8984375 7.732458166088822 10.309944221451763
0 73.974609375 33.3984375 9.775157091093119 13.033542788124159
0 72.021484375 33.26822916666667 9.756083595670033 13.008111460893376
0 25.732421875 18.880208333333336 7.349606066157407 9.799474754876544
0 48.095703125 17.7734375 7.130933499479933 9.50791133263991
0 65.8203125 22.981770833333336 8.108722079825698 10.811629439767596
0 48.92578125 23.2421875 8.154534433525017 10.872712578033356
0 73.974609375 16.2109375 6.810276368536802 9.080368491382403
0 17.7734375 21.09375 7.768507117527988 10.358009490037318
0 38.525390625 59.765625 13.076345999529144 17.43512799937219
0 14.990234375 64.453125 13.579465003226924 18.105953337635896
0 22.802734375 48.37239583333333 11.764120646604239 15.68549419547232
0 33.59375 44.66145833333333 11.303869126862875 15.071825502483835
0 32.763671875 32.16145833333333 9.592427762147041 12.789903682862722
0 40.72265625 33.26822916666667 9.756083595670033 13.008111460893376
0 47.75390625 34.04947916666667 9.869971697263324 13.159962263017766
0 60.15625 32.03125 9.572990198582838 12.763986931443785
0 62.40234375 29.4921875 9.185740321833748 12.247653762444997
0 60.7421875 22.005208333333336 7.9345703125 10.579427083333332
0 44.7265625 24.348958333333336 8.346432086900233 11.128576115866979
0 42.041015625 22.65625 8.051090062422436 10.734786749896582
0 41.552734375 19.205729166666664 7.412693970636669 9.883591960848893
0 33.837890625 26.041666666666668 8.631674575031099 11.508899433374797
0 17.67578125 33.26822916666667 9.756083595670033 13.008111460893376
0 8.056640625 36.5234375 10.22224989284926 13.629666523799013
0 1.025390625 58.072916666666664 12.889838917201462 17.18645188960195
0 0.439453125 45.76822916666667 11.443074499055587 15.25743266540745
0 2.9296875 29.817708333333332 9.236295135755345 12.315060181007127
0 9.716796875 28.90625 9.094033462982996 12.125377950643994
0 3.759765625 21.6796875 7.875664001809045 10.500885335745393
0 9.130859375 21.223958333333336 7.792447103762027 10.389929471682702
0 21.19140625 23.4375 8.188725503539269 10.918300671385692
0 27.1484375 22.4609375 8.016311973000304 10.688415964000404
0 0.5859375 20.442708333333336 7.647683158045451 10.196910877393934
0 3.02734375 17.643229166666664 7.104764847914316 9.473019797219088
0 5.126953125 18.880208333333336 7.349606066157407 9.799474754876544
0 7.373046875 17.1875 7.012405574387241 9.349874099182989
0 8.642578125 15.950520833333334 6.755353888299149 9.0071385177322
0 12.40234375 17.643229166666664 7.104764847914316 9.473019797219088
0 11.1328125 14.518229166666666 6.444919458600731 8.593225944800976
0 14.16015625 16.536458333333336 6.878312786611722 9.171083715482297
0 15.4296875 14.0625 6.342959500374307 8.457279333832409
0 19.775390625 19.53125 7.475249459177179 9.966999278902906
0 17.08984375 15.625 6.686066375795484 8.914755167727312
0 18.84765625 13.28125 6.16424861960576 8.218998159474348
0 20.1171875 14.973958333333334 6.545291317604741 8.727055090139656
0 22.216796875 15.4296875 6.644147051109997 8.858862734813329
0 24.21875 12.3046875 5.933295317145868 7.911060422861158
0 26.708984375 16.080729166666664 6.782870718656271 9.043827624875028
0 28.076171875 16.2109375 6.810276368536802 9.080368491382403
0 25.87890625 12.5 5.980199567341744 7.973599423122326
0 29.638671875 15.4296875 6.644147051109997 8.858862734813329
0 32.080078125 18.5546875 7.28597191547444 9.714629220632586
0 33.935546875 16.861979166666664 6.945682786096826 9.260910381462436
0 32.421875 14.192708333333334 6.372257390692475 8.496343187589966
0 31.25 12.955729166666666 6.088237714617921 8.117650286157229
0 37.20703125 15.169270833333334 6.587839704871492 8.783786273161988
0 36.865234375 19.205729166666664 7.412693970636669 9.883591960848893
0 40.52734375 17.317708333333336 7.038917599286375 9.385223465715166
0 37.59765625 11.848958333333332 5.8223828211483495 7.763177094864466
0 40.283203125 14.518229166666666 6.444919458600731 8.593225944800976
0 40.869140625 12.174479166666668 5.901818727360142 7.8690916364801895
0 43.212890625 14.388020833333334 6.415953381844678 8.554604509126236
0 45.556640625 16.536458333333336 6.878312786611722 9.171083715482297
0 44.7265625 13.0859375 6.118755388111396 8.15834051748186
0 46.728515625 13.606770833333334 6.2393335877260965 8.319111450301463
0 50.68359375 18.294270833333336 7.234661615679748 9.646215487572997
0 48.828125 20.442708333333336 7.647683158045451 10.196910877393934
0 50.830078125 26.822916666666668 8.760192928715409 11.680257238287211
0 49.267578125 15.169270833333334 6.587839704871492 8.783786273161988
0 51.416015625 14.84375 6.516771394062079 8.689028525416106
0 54.931640625 12.5 5.980199567341744 7.973599423122326
0 56.4453125 14.518229166666666 6.444919458600731 8.593225944800976
0 58.203125 16.536458333333336 6.878312786611722 9.171083715482297
0 60.15625 17.96875 7.170007400189656 9.56000986691954
0 60.546875 15.755208333333334 6.7138671875 8.951822916666668
0 57.2265625 12.174479166666668 5.901818727360142 7.8690916364801895
0 58.203125 12.955729166666666 6.088237714617921 8.117650286157229
0 61.23046875 13.606770833333334 6.2393335877260965 8.319111450301463
0 60.7421875 10.481770833333332 5.476183607460437 7.301578143280583
0 62.3046875 15.299479166666666 6.61605328023645 8.821404373648601
0 64.16015625 11.393229166666668 5.7093160808928545 7.612421441190473
0 67.333984375 11.393229166666668 5.7093160808928545 7.612421441190473
0 66.748046875 13.8671875 6.298757153488249 8.398342871317666
0 69.3359375 11.263020833333332 5.676597667766807 7.568796890355743
0 68.359375 13.8671875 6.298757153488249 8.398342871317666
0 70.1171875 13.736979166666666 6.269115778861736 8.358821038482315
0 72.36328125 13.0859375 6.118755388111396 8.15834051748186
0 75.634765625 13.411458333333334 6.194391824397107 8.259189099196142
0 78.90625 11.71875 5.790303332827843 7.720404443770458
0 76.708984375 14.388020833333334 6.415953381844678 8.554604509126236
0 71.630859375 15.755208333333334 6.7138671875 8.951822916666668
0 69.775390625 16.731770833333336 6.9188135063199665 9.225084675093289
0 70.263671875 19.986979166666664 7.561957820656658 10.08261042754221
0 68.017578125 22.330729166666664 7.993042513249997 10.657390017666662
0 73.779296875 25.260416666666668 8.501213548086012 11.334951397448016
0 76.5625 21.549479166666664 7.85197774064246 10.469303654189947
0 79.4921875 18.75 7.32421875 9.765625
0 79.98046875 15.625 6.686066375795484 8.914755167727312
0 78.466796875 15.299479166666666 6.61605328023645 8.821404373648601
0 81.591796875 16.9921875 6.972448522214271 9.296598029619028
0 83.10546875 15.299479166666666 6.61605328023645 8.821404373648601
0 84.27734375 18.294270833333336 7.234661615679748 9.646215487572997
0 99.169921875 29.361979166666668 9.16544031840894 12.220587091211922
