0 3.41796875 25.846354166666668 8.59924487524742 11.465659833663226
0 87.353515625 31.8359375 9.543759625922785 12.725012834563712
0 98.828125 22.526041666666664 8.027921409891299 10.703895213188398
0 4.833984375 19.140625 7.400119417103358 9.866825889471144
0 37.3046875 20.052083333333336 7.574263699945591 10.099018266594122
0 7.6171875 16.666666666666664 6.905339660024879 9.207119546699838
0 24.12109375 15.8203125 6.72772451325946 8.970299351012613
0 11.71875 20.8984375 7.732458166088822 10.309944221451763
0 38.57421875 15.625 6.686066375795484 8.914755167727312
0 49.560546875 17.7734375 7.130933499479933 9.50791133263991
0 73.779296875 15.104166666666666 6.573687508709111 8.764916678278816
0 42.138671875 14.583333333333334 6.459353786778786 8.612471715705048
0 67.333984375 14.908854166666666 6.531046923532928 8.708062564710572
0 47.412109375 14.778645833333334 6.502464524127966 8.669952698837287
0 77.63671875 14.583333333333334 6.459353786778786 8.612471715705048
0 86.71875 18.619791666666664 7.298743129334349 9.731657505779133
0 58.251953125 15.299479166666666 6.61605328023645 8.821404373648601
0 81.689453125 19.53125 7.475249459177179 9.966999278902906
0 15.52734375 17.252604166666664 7.025674092542321 9.367565456723094
0 66.552734375 14.778645833333334 6.502464524127966 8.669952698837287
