0 27.294921875 75.91145833333334 14.737178305236373 19.6495710736485
0 15.771484375 70.703125 14.222632077308402 18.963509436411204
0 50.29296875 86.45833333333334 15.727659578521882 20.970212771362508
0 61.23046875 67.44791666666666 13.891365572193653 18.52182076292487
0 71.533203125 52.083333333333336 12.20703125 16.276041666666664
0 75.146484375 38.34635416666667 10.474244568927316 13.965659425236424
0 79.1015625 31.901041666666668 9.55351308746248 12.738017449949975
0 35.44921875 30.6640625 9.366460725843998 12.48861430112533
0 19.384765625 36.71875 10.24954566879069 13.66606089172092
0 18.1640625 29.036458333333332 9.114492506755418 12.15265667567389
0 10.302734375 28.645833333333332 9.052976668817948 12.07063555842393
0 18.798828125 22.591145833333336 8.039514082226251 10.719352109635
0 31.201171875 19.3359375 7.437779301119349 9.917039068159132
0 45.458984375 22.200520833333336 7.969705113037473 10.626273484049964
0 72.412109375 66.66666666666666 13.810679320049758 18.414239093399676
0 45.166015625 62.174479166666664 13.33726402796152 17.783018703948695
0 46.97265625 54.4921875 12.486128262621328 16.648171016828435
0 34.86328125 46.02864583333333 11.475583298927713 15.300777731903617
0 23.33984375 45.24739583333333 11.377778248478545 15.170370997971395
0 59.08203125 23.4375 8.188725503539269 10.918300671385692
0 39.404296875 59.375 13.033542788124159 17.37805705083221
0 51.220703125 36.328125 10.194881035455362 13.593174713940485
0 66.650390625 35.546875 10.084662867345157 13.44621715646021
0 85.15625 32.29166666666667 9.611826018080825 12.815768024107768
0 1.513671875 24.21875 8.324085508414218 11.098780677885625
0 5.126953125 21.354166666666664 7.816313766397521 10.421751688530028
0 14.55078125 21.354166666666664 7.816313766397521 10.421751688530028
0 9.716796875 18.9453125 7.3622668956389274 9.816355860851903
0 16.650390625 15.755208333333334 6.7138671875 8.951822916666668
0 21.533203125 17.7734375 7.130933499479933 9.50791133263991
0 25.146484375 15.299479166666666 6.61605328023645 8.821404373648601
0 28.173828125 15.755208333333334 6.7138671875 8.951822916666668
0 36.03515625 15.755208333333334 6.7138671875 8.951822916666668
0 42.138671875 17.7734375 7.130933499479933 9.50791133263991
0 51.220703125 12.5 5.980199567341744 7.973599423122326
0 56.982421875 14.908854166666666 6.531046923532928 8.708062564710572
0 60.888671875 14.908854166666666 6.531046923532928 8.708062564710572
0 66.357421875 15.755208333333334 6.7138671875 8.951822916666668
0 63.916015625 22.981770833333336 8.108722079825698 10.811629439767596
0 48.193359375 24.609375 8.39094670707246 11.187928942763282
0 67.578125 27.473958333333332 8.865868558553435 11.821158078071248
0 71.19140625 24.21875 8.324085508414218 11.098780677885625
0 73.33984375 18.5546875 7.28597191547444 9.714629220632586
0 77.880859375 25.846354166666668 8.59924487524742 11.465659833663226
0 79.1015625 19.3359375 7.437779301119349 9.917039068159132
0 83.0078125 20.963541666666664 7.7444931277157725 10.325990836954363
0 87.890625 18.1640625 7.208869513560617 9.611826018080823
0 86.03515625 25.846354166666668 8.59924487524742 11.465659833663226
0 93.017578125 31.0546875 9.425930915210266 12.567907886947022
