0 16.943359375 13.8671875 6.298757153488249 8.398342871317666
0 72.509765625 21.09375 7.768507117527988 10.358009490037318
0 55.419921875 81.90104166666666 15.30753931150446 20.410052415339276
0 31.884765625 60.15625 13.119009558230394 17.492012744307193
0 58.0078125 67.578125 13.904767761101706 18.539690348135608
0 48.974609375 45.5078125 11.410473080956981 15.213964107942642
0 67.626953125 21.875 7.911060422861158 10.548080563814876
0 58.69140625 17.643229166666664 7.104764847914316 9.473019797219088
0 66.845703125 14.322916666666666 6.401421192444773 8.53522825659303
0 73.828125 27.1484375 8.81318913463968 11.750918846186241
0 55.615234375 92.578125 16.27477005123704 21.69969340164939
0 94.53125 19.596354166666664 7.487697843252746 9.983597124336994
0 51.318359375 11.458333333333332 5.72560517556571 7.634140234087614
0 37.548828125 17.447916666666664 7.065330140863174 9.420440187817565
0 42.87109375 21.09375 7.768507117527988 10.358009490037318
0 25.439453125 18.5546875 7.28597191547444 9.714629220632586
0 46.337890625 21.549479166666664 7.85197774064246 10.469303654189947
0 27.44140625 18.098958333333336 7.195938795502683 9.594585060670244
0 49.31640625 21.09375 7.768507117527988 10.358009490037318
0 30.17578125 18.359375 7.247523246483103 9.663364328644137
0 21.923828125 17.317708333333336 7.038917599286375 9.385223465715166
0 12.646484375 17.1875 7.012405574387241 9.349874099182989
0 19.677734375 18.098958333333336 7.195938795502683 9.594585060670244
0 22.705078125 25.911458333333332 8.610068346964042 11.480091129285388
0 18.212890625 20.3125 7.62328857226367 10.164384763018226
0 9.814453125 17.903645833333336 7.157006469457137 9.542675292609516
0 13.232421875 27.734375 8.907787792557633 11.877050390076842
0 6.884765625 20.182291666666664 7.598815672600545 10.13175423013406
0 16.943359375 22.786458333333336 8.074192233473482 10.765589644631309
0 4.052734375 19.466145833333336 7.462780310447684 9.950373747263578
0 5.76171875 27.278645833333332 8.83429859993294 11.779064799910586
0 11.083984375 20.182291666666664 7.598815672600545 10.13175423013406
0 1.806640625 21.419270833333336 7.828219811023351 10.437626414697803
0 14.013671875 18.359375 7.247523246483103 9.663364328644137
0 31.640625 15.950520833333334 6.755353888299149 9.0071385177322
0 8.349609375 16.861979166666664 6.945682786096826 9.260910381462436
0 35.05859375 15.0390625 6.559504779115197 8.746006372153596
0 43.65234375 16.861979166666664 6.945682786096826 9.260910381462436
0 35.400390625 17.7734375 7.130933499479933 9.50791133263991
0 28.955078125 16.145833333333336 6.796587356970242 9.062116475960323
0 40.380859375 17.317708333333336 7.038917599286375 9.385223465715166
0 46.337890625 15.234375 6.60196156395994 8.802615418613254
0 54.4921875 23.502604166666664 8.200090846279542 10.933454461706056
0 38.8671875 16.40625 6.8511792970714245 9.134905729428567
0 54.296875 17.643229166666664 7.104764847914316 9.473019797219088
0 51.66015625 28.645833333333332 9.052976668817948 12.07063555842393
0 51.220703125 17.1875 7.012405574387241 9.349874099182989
0 58.10546875 27.864583333333332 8.928673607377803 11.904898143170405
0 48.14453125 17.057291666666664 6.985792933508055 9.31439057801074
0 56.201171875 13.997395833333334 6.328259690346595 8.437679587128793
0 57.568359375 22.916666666666664 8.097228492078614 10.796304656104818
0 54.833984375 15.234375 6.60196156395994 8.802615418613254
0 61.962890625 23.177083333333336 8.143105507889608 10.857474010519478
0 42.529296875 25.455729166666668 8.53401578009617 11.378687706794894
0 62.060546875 12.955729166666666 6.088237714617921 8.117650286157229
0 44.53125 28.3203125 9.001392336274797 12.001856448366395
0 64.208984375 16.40625 6.8511792970714245 9.134905729428567
0 38.76953125 27.864583333333332 8.928673607377803 11.904898143170405
0 66.162109375 19.921875 7.549631882844837 10.066175843793117
0 32.568359375 21.6796875 7.875664001809045 10.500885335745393
0 21.923828125 32.09635416666667 9.58271390875707 12.77695187834276
0 36.181640625 30.2734375 9.306610523667546 12.408814031556727
0 27.44140625 28.971354166666668 9.104268731797058 12.139024975729411
0 40.0390625 37.109375 10.30392029793343 13.738560397244573
0 29.931640625 27.604166666666668 8.886852892188134 11.849137189584178
0 41.845703125 31.0546875 9.425930915210266 12.567907886947022
0 30.2734375 32.421875 9.631185203893738 12.84158027185832
0 13.232421875 45.96354166666667 11.467464738803672 15.289952985071562
0 1.66015625 49.28385416666667 11.874436314907054 15.832581753209407
0 6.298828125 57.161458333333336 12.788285424656348 17.05104723287513
0 17.529296875 52.799479166666664 12.290668069825603 16.38755742643414
0 64.453125 24.544270833333336 8.379840220792225 11.173120294389632
0 69.3359375 15.364583333333334 6.6301150458985685 8.840153394531425
0 78.80859375 15.494791666666666 6.658149484030587 8.877532645374115
0 70.80078125 15.0390625 6.559504779115197 8.746006372153596
0 80.2734375 17.317708333333336 7.038917599286375 9.385223465715166
0 73.974609375 16.276041666666664 6.823937919616058 9.09858389282141
0 72.802734375 31.380208333333332 9.475204282385269 12.633605709847027
0 67.87109375 26.236979166666668 8.66398288975732 11.551977186343091
0 76.220703125 32.87760416666667 9.698638050580264 12.931517400773687
0 76.318359375 17.643229166666664 7.104764847914316 9.473019797219088
0 84.130859375 17.1875 7.012405574387241 9.349874099182989
0 91.162109375 22.4609375 8.016311973000304 10.688415964000404
0 82.421875 18.684895833333336 7.311492035346033 9.748656047128044
0 75.78125 23.046875 8.120199399200482 10.82693253226731
0 87.40234375 19.7265625 7.512532730158185 10.01671030687758
0 86.71875 30.143229166666668 9.286574740419274 12.382099653892366
0 81.787109375 34.04947916666667 9.869971697263324 13.159962263017766
0 91.50390625 31.184895833333332 9.445671106287941 12.594228141717254
0 80.17578125 22.005208333333336 7.9345703125 10.579427083333332
0 94.873046875 31.640625 9.51443925056146 12.685919000748614
0 77.44140625 20.3125 7.62328857226367 10.164384763018226
0 84.716796875 20.182291666666664 7.598815672600545 10.13175423013406
0 99.51171875 25.78125 8.588407763348565 11.451210351131419
0 92.87109375 20.3125 7.62328857226367 10.164384763018226
0 96.240234375 33.33333333333333 9.765625 13.020833333333334
0 89.35546875 19.921875 7.549631882844837 10.066175843793117
0 88.57421875 34.50520833333333 9.935803586486637 13.247738115315515
0 58.69140625 20.638020833333336 7.684129829110212 10.245506438813615
0 97.94921875 36.45833333333333 10.21313508952729 13.617513452703053
0 63.0859375 20.5078125 7.659851317145468 10.21313508952729
0 95.80078125 38.8671875 10.545137050275265 14.060182733700355
0 60.05859375 19.140625 7.400119417103358 9.866825889471144
0 51.806640625 40.4296875 10.755011100284483 14.340014800379311
0 95.654296875 22.786458333333336 8.074192233473482 10.765589644631309
0 91.69921875 57.6171875 12.83916257810219 17.118883437469588
0 92.96875 22.786458333333336 8.074192233473482 10.765589644631309
0 41.845703125 15.234375 6.60196156395994 8.802615418613254
0 36.71875 42.51302083333333 11.02863220189981 14.704842935866417
0 42.87109375 44.59635416666667 11.295627150464934 15.060836200619912
0 26.806640625 47.91666666666667 11.708573054962693 15.611430739950258
0 35.25390625 51.236979166666664 12.107442886277694 16.14325718170359
0 38.76953125 76.88802083333334 14.831668554959554 19.775558073279406
0 70.654296875 72.20052083333334 14.372450975728293 19.163267967637722
0 95.99609375 66.796875 13.824159732551422 18.43221297673523
0 65.13671875 31.184895833333332 9.445671106287941 12.594228141717254
0 50.0 55.924479166666664 12.649158798866397 16.865545065155196
0 5.615234375 18.229166666666664 7.221777078979024 9.629036105305365
0 16.6015625 17.447916666666664 7.065330140863174 9.420440187817565
0 1.46484375 17.643229166666664 7.104764847914316 9.473019797219088
0 56.787109375 15.8203125 6.72772451325946 8.970299351012613
0 67.96875 18.5546875 7.28597191547444 9.714629220632586
0 98.73046875 22.005208333333336 7.9345703125 10.579427083333332
0 26.318359375 15.690104166666666 6.699981201202437 8.933308268269917
