0 82.12890625 79.03645833333334 15.03745726898794 20.04994302531725
0 88.427734375 62.044270833333336 13.323290986903732 17.76438798253831
0 73.876953125 62.109375 13.3302793382822 17.77370578437627
0 77.83203125 49.609375 11.913587216762167 15.884782955682889
0 85.05859375 50.260416666666664 11.991505556877746 15.988674075836995
0 93.9453125 44.07552083333333 11.229473567489073 14.972631423318763
0 92.626953125 46.54947916666667 11.54032617260073 15.38710156346764
0 97.900390625 52.734375 12.283088255308904 16.377451007078538
0 68.408203125 36.5234375 10.22224989284926 13.629666523799013
0 79.296875 38.4765625 10.492012596234792 13.989350128313058
0 64.208984375 42.3828125 11.01173007365034 14.682306764867118
0 50.9765625 48.89322916666667 11.82728416447516 15.76971221930021
0 37.890625 64.77864583333334 13.613713393063637 18.15161785741818
0 42.3828125 85.3515625 15.62666884093275 20.835558454577
0 9.130859375 75.65104166666666 14.711878409660583 19.615837879547446
0 2.9296875 58.3984375 12.925914663420027 17.234552884560035
0 2.44140625 44.921875 11.336777112430854 15.11570281657447
0 23.681640625 51.3671875 12.122817423120853 16.16375656416114
0 32.8125 47.65625 11.676712933171991 15.568950577562655
0 29.1015625 41.47135416666667 10.892680845687712 14.523574460916949
0 29.00390625 35.28645833333333 10.047654805392046 13.39687307385606
0 48.193359375 36.19791666666667 10.17659423860661 13.568792318142146
0 58.349609375 34.1796875 9.888825528576445 13.185100704768596
0 63.427734375 29.817708333333332 9.236295135755345 12.315060181007127
0 66.259765625 25.260416666666668 8.501213548086012 11.334951397448016
0 74.462890625 32.29166666666667 9.611826018080825 12.815768024107768
0 74.462890625 27.864583333333332 8.928673607377803 11.904898143170405
0 79.150390625 25.520833333333332 8.544921875 11.393229166666668
0 87.744140625 34.1796875 9.888825528576445 13.185100704768596
0 91.552734375 30.989583333333332 9.416045300623482 12.554727067497975
0 87.158203125 28.971354166666668 9.104268731797058 12.139024975729411
