0 68.75 56.901041666666664 12.75912167991142 17.012162239881892
0 76.611328125 58.138020833333336 12.897062139352686 17.196082852470248
0 72.265625 86.00260416666666 15.686153901240719 20.914871868320958
0 90.478515625 48.50260416666667 11.779943277355214 15.706591036473618
0 98.2421875 62.825520833333336 13.406910788872556 17.875881051830074
0 81.787109375 45.76822916666667 11.443074499055587 15.25743266540745
0 32.91015625 57.03125 12.773711875278535 17.031615833704713
0 28.076171875 66.66666666666666 13.810679320049758 18.414239093399676
0 14.990234375 68.61979166666666 14.011523783262936 18.682031711017245
0 3.3203125 56.0546875 12.663875684354508 16.885167579139345
0 1.26953125 42.83854166666667 11.070774625986973 14.761032834649296
0 11.1328125 39.32291666666667 10.606779295033428 14.142372393377903
0 43.1640625 45.57291666666667 11.418632161785709 15.224842882380946
0 62.01171875 40.95052083333333 10.824064850444458 14.432086467259278
0 76.953125 34.1796875 9.888825528576445 13.185100704768596
0 98.486328125 39.453125 10.624325674761481 14.165767566348642
0 67.431640625 40.75520833333333 10.79822144345345 14.397628591271266
0 85.302734375 37.56510416666667 10.366996918617573 13.822662558156765
0 62.59765625 33.984375 9.860531263063667 13.147375017418222
0 50.634765625 36.26302083333333 10.185741740892722 13.580988987856962
0 47.021484375 44.140625 11.237764062208234 14.983685416277645
0 31.689453125 34.1796875 9.888825528576445 13.185100704768596
0 24.8046875 37.36979166666667 10.340011197569225 13.786681596758967
0 13.818359375 32.87760416666667 9.698638050580264 12.931517400773687
0 18.896484375 40.10416666666667 10.711626449453275 14.282168599271033
0 24.169921875 29.166666666666668 9.134905729428569 12.17987430590476
0 31.93359375 28.515625 9.03237828793258 12.043171050576774
0 37.6953125 34.63541666666667 9.954532733337459 13.272710311116612
0 10.64453125 26.953125 8.78142979122202 11.708573054962693
0 41.6015625 28.7109375 9.063258303782652 12.084344405043536
0 5.46875 27.213541666666668 8.823750179932228 11.765000239909636
0 92.7734375 31.575520833333332 9.50464569238125 12.672860923174998
0 80.95703125 25.9765625 8.620878229873984 11.494504306498644
0 63.330078125 25.651041666666668 8.566692411876344 11.422256549168457
0 47.265625 31.25 9.4555257475767 12.607367663435602
0 26.85546875 25.651041666666668 8.566692411876344 11.422256549168457
0 47.265625 23.046875 8.120199399200482 10.82693253226731
0 58.59375 23.567708333333336 8.211440458419013 10.948587277892017
0 51.025390625 27.864583333333332 8.928673607377803 11.904898143170405
0 37.6953125 21.419270833333336 7.828219811023351 10.437626414697803
0 29.248046875 18.5546875 7.28597191547444 9.714629220632586
0 76.708984375 19.986979166666664 7.561957820656658 10.08261042754221
0 70.80078125 28.841145833333332 9.083786661460703 12.11171554861427
0 62.6953125 29.4921875 9.185740321833748 12.247653762444997
0 42.431640625 21.09375 7.768507117527988 10.358009490037318
0 32.275390625 21.614583333333336 7.863829789260941 10.485106385681254
0 11.767578125 18.880208333333336 7.349606066157407 9.799474754876544
0 50.146484375 22.0703125 7.946299173761924 10.595065565015899
0 57.177734375 19.3359375 7.437779301119349 9.917039068159132
0 87.01171875 25.130208333333332 8.479274895904423 11.305699861205897
0 97.36328125 28.385416666666668 9.011732824849489 12.015643766465985
0 91.455078125 25.130208333333332 8.479274895904423 11.305699861205897
0 80.95703125 19.3359375 7.437779301119349 9.917039068159132
0 67.529296875 19.010416666666664 7.37490598974278 9.833207986323707
0 75.78125 28.059895833333332 8.959911044862793 11.946548059817056
0 85.05859375 19.53125 7.475249459177179 9.966999278902906
0 98.828125 31.901041666666668 9.55351308746248 12.738017449949975
0 67.67578125 24.674479166666664 8.402038511923953 11.202718015898604
0 48.486328125 19.205729166666664 7.412693970636669 9.883591960848893
0 70.947265625 21.614583333333336 7.863829789260941 10.485106385681254
0 40.625 23.567708333333336 8.211440458419013 10.948587277892017
0 23.2421875 21.614583333333336 7.863829789260941 10.485106385681254
0 20.458984375 29.361979166666668 9.16544031840894 12.220587091211922
0 3.90625 22.591145833333336 8.039514082226251 10.719352109635
0 32.51953125 16.6015625 6.891839471823862 9.189119295765149
0 55.712890625 18.229166666666664 7.221777078979024 9.629036105305365
0 39.892578125 18.880208333333336 7.349606066157407 9.799474754876544
0 20.458984375 18.5546875 7.28597191547444 9.714629220632586
0 13.57421875 21.940104166666664 7.92282408798045 10.5637654506406
0 7.03125 17.903645833333336 7.157006469457137 9.542675292609516
0 79.4921875 23.372395833333336 8.177344364608315 10.903125819477753
0 96.044921875 26.432291666666668 8.696171172348027 11.594894896464037
0 83.10546875 21.940104166666664 7.92282408798045 10.5637654506406
0 87.939453125 32.2265625 9.60213178866716 12.802842384889546
0 96.533203125 21.614583333333336 7.863829789260941 10.485106385681254
0 90.625 29.6875 9.216106488367615 12.288141984490153
0 78.662109375 19.986979166666664 7.561957820656658 10.08261042754221
0 60.302734375 16.796875 6.932261164306974 9.243014885742634
0 35.888671875 17.7734375 7.130933499479933 9.50791133263991
0 17.919921875 22.591145833333336 8.039514082226251 10.719352109635
0 9.5703125 18.033854166666664 7.182984799767957 9.577313066357275
0 18.017578125 26.302083333333332 8.674725588105405 11.56630078414054
0 34.228515625 15.169270833333334 6.587839704871492 8.783786273161988
0 2.685546875 17.7734375 7.130933499479933 9.50791133263991
0 87.939453125 17.578125 7.091644310682526 9.455525747576702
0 95.556640625 18.033854166666664 7.182984799767957 9.577313066357275
0 79.638671875 14.388020833333334 6.415953381844678 8.554604509126236
0 63.671875 14.0625 6.342959500374307 8.457279333832409
0 72.36328125 17.7734375 7.130933499479933 9.50791133263991
0 84.9609375 15.950520833333334 6.755353888299149 9.0071385177322
0 53.41796875 14.388020833333334 6.415953381844678 8.554604509126236
0 27.34375 14.0625 6.342959500374307 8.457279333832409
0 15.869140625 17.447916666666664 7.065330140863174 9.420440187817565
0 7.763671875 21.614583333333336 7.863829789260941 10.485106385681254
0 56.689453125 15.8203125 6.72772451325946 8.970299351012613
0 72.509765625 13.8671875 6.298757153488249 8.398342871317666
0 91.357421875 18.684895833333336 7.311492035346033 9.748656047128044
0 99.31640625 19.856770833333336 7.537285788103314 10.049714384137753
0 72.509765625 31.575520833333332 9.50464569238125 12.672860923174998
0 61.865234375 21.419270833333336 7.828219811023351 10.437626414697803
0 66.6015625 14.192708333333334 6.372257390692475 8.496343187589966
0 50.87890625 13.8671875 6.298757153488249 8.398342871317666
0 37.6953125 16.276041666666664 6.823937919616058 9.09858389282141
0 24.658203125 14.973958333333334 6.545291317604741 8.727055090139656
0 18.408203125 11.9140625 5.838356466585996 7.784475288781327
0 12.939453125 16.276041666666664 6.823937919616058 9.09858389282141
0 5.126953125 17.7734375 7.130933499479933 9.50791133263991
0 29.736328125 13.8671875 6.298757153488249 8.398342871317666
0 46.875 17.578125 7.091644310682526 9.455525747576702
0 60.05859375 13.541666666666666 6.224389054678692 8.299185406238257
0 77.197265625 15.494791666666666 6.658149484030587 8.877532645374115
0 86.5234375 17.252604166666664 7.025674092542321 9.367565456723094
0 14.306640625 17.7734375 7.130933499479933 9.50791133263991
0 0.390625 18.359375 7.247523246483103 9.663364328644137
0 37.01171875 13.541666666666666 6.224389054678692 8.299185406238257
0 22.265625 14.0625 6.342959500374307 8.457279333832409
0 39.0625 14.192708333333334 6.372257390692475 8.496343187589966
0 56.0546875 13.216145833333334 6.149121606326259 8.198828808435012
0 48.583984375 15.299479166666666 6.61605328023645 8.821404373648601
0 42.431640625 14.84375 6.516771394062079 8.689028525416106
0 73.92578125 15.8203125 6.72772451325946 8.970299351012613
0 44.23828125 16.796875 6.932261164306974 9.243014885742634
0 31.93359375 13.541666666666666 6.224389054678692 8.299185406238257
0 93.1640625 17.578125 7.091644310682526 9.455525747576702
0 70.458984375 13.541666666666666 6.224389054678692 8.299185406238257
0 61.865234375 13.216145833333334 6.149121606326259 8.198828808435012
0 47.607421875 13.0859375 6.118755388111396 8.15834051748186
0 57.51953125 13.216145833333334 6.149121606326259 8.198828808435012
0 39.990234375 13.0859375 6.118755388111396 8.15834051748186
0 26.953125 17.447916666666664 7.065330140863174 9.420440187817565
0 14.6484375 15.625 6.686066375795484 8.914755167727312
0 75.87890625 17.252604166666664 7.025674092542321 9.367565456723094
0 90.13671875 16.927083333333336 6.959078522333606 9.278771363111476
0 99.169921875 23.2421875 8.154534433525017 10.872712578033356
0 87.353515625 15.299479166666666 6.61605328023645 8.821404373648601
0 65.478515625 16.471354166666664 6.864759447755123 9.15301259700683
0 45.458984375 14.388020833333334 6.415953381844678 8.554604509126236
0 23.583984375 12.565104166666666 5.995752778438873 7.9943370379184975
0 1.025390625 22.721354166666664 8.062649422377262 10.75019922983635
0 92.919921875 23.567708333333336 8.211440458419013 10.948587277892017
0 30.46875 16.796875 6.932261164306974 9.243014885742634
0 89.794921875 20.833333333333336 7.720404443770458 10.293872591693944
0 50.390625 17.122395833333336 6.9991119025755095 9.332149203434014
0 94.140625 21.614583333333336 7.863829789260941 10.485106385681254
0 18.017578125 18.684895833333336 7.311492035346033 9.748656047128044
0 1.26953125 16.276041666666664 6.823937919616058 9.09858389282141
0 17.7734375 15.299479166666666 6.61605328023645 8.821404373648601
