0 88.818359375 92.7734375 16.2919284851552 21.722571313540264
0 41.11328125 82.2265625 15.33792953262825 20.450572710171
0 2.24609375 56.575520833333336 12.722572989304096 16.96343065240546
0 22.55859375 48.76302083333333 11.811524951393816 15.748699935191754
0 36.328125 62.434895833333336 13.365166284459344 17.820221712612458
0 63.76953125 68.48958333333334 13.998223805151019 18.664298406868028
0 52.294921875 47.00520833333333 11.5966796875 15.462239583333334
0 70.5078125 57.421875 12.8173828125 17.08984375
0 85.205078125 62.3046875 13.351222445207128 17.801629926942837
0 98.4375 50.130208333333336 11.975962445281118 15.967949927041488
0 78.7109375 52.213541666666664 12.222280514221671 16.29637401896223
0 78.7109375 36.97916666666667 10.285827359834423 13.714436479779232
0 69.482421875 41.86197916666667 10.943860520654974 14.591814027539964
0 60.7421875 25.911458333333332 8.610068346964042 11.480091129285388
0 49.853515625 26.236979166666668 8.66398288975732 11.551977186343091
0 49.31640625 37.6953125 10.38494844187839 13.84659792250452
0 36.474609375 42.1875 10.986328125 14.6484375
0 19.580078125 32.29166666666667 9.611826018080825 12.815768024107768
0 32.177734375 36.1328125 10.167438506443897 13.556584675258529
0 22.412109375 26.7578125 8.749555167743805 11.66607355699174
0 8.0078125 17.7734375 7.130933499479933 9.50791133263991
0 11.1328125 27.083333333333332 8.802615418613255 11.736820558151006
0 4.345703125 30.208333333333332 9.296598029619028 12.395464039492039
0 2.392578125 43.359375 11.137870844051916 14.850494458735888
0 30.078125 27.799479166666668 8.918236814088415 11.890982418784553
0 42.1875 22.591145833333336 8.039514082226251 10.719352109635
0 60.7421875 34.04947916666667 9.869971697263324 13.159962263017766
0 74.0234375 26.5625 8.717563999686098 11.62341866624813
0 87.939453125 34.1796875 9.888825528576445 13.185100704768596
0 72.314453125 31.966145833333332 9.56325660155786 12.751008802077147
0 98.33984375 34.70052083333333 9.963884104806219 13.28517880640829
0 57.275390625 20.182291666666664 7.598815672600545 10.13175423013406
0 65.576171875 12.6953125 6.026738787271576 8.0356517163621
0 25.537109375 13.216145833333334 6.149121606326259 8.198828808435012
0 12.79296875 21.744791666666664 7.887480458569388 10.51664061142585
0 31.005859375 20.3125 7.62328857226367 10.164384763018226
0 41.259765625 19.140625 7.400119417103358 9.866825889471144
0 51.123046875 16.341145833333336 6.837572174807153 9.116762899742872
0 37.353515625 19.661458333333336 7.500125566067204 10.00016742142294
0 66.6015625 24.153645833333336 8.312889692307273 11.083852923076364
0 79.8828125 25.1953125 8.490251308132054 11.320335077509403
0 60.7421875 21.875 7.911060422861158 10.548080563814876
0 71.6796875 22.0703125 7.946299173761924 10.595065565015899
0 91.162109375 24.869791666666664 8.435226416678011 11.246968555570682
0 81.15234375 21.354166666666664 7.816313766397521 10.421751688530028
0 72.216796875 17.7734375 7.130933499479933 9.50791133263991
0 55.810546875 15.494791666666666 6.658149484030587 8.877532645374115
0 49.31640625 18.229166666666664 7.221777078979024 9.629036105305365
0 70.361328125 12.890625 6.072921369058959 8.097228492078614
0 85.986328125 21.028645833333336 7.756509415978292 10.342012554637723
0 98.73046875 23.6328125 8.222774405094897 10.963699206793196
0 20.849609375 16.536458333333336 6.878312786611722 9.171083715482297
