0 75.29296875 55.338541666666664 12.582719804741396 16.776959739655194
0 73.291015625 33.07291666666667 9.727403229070575 12.9698709720941
0 87.841796875 29.427083333333332 9.175595934065496 12.234127912087327
0 28.955078125 28.776041666666668 9.073528288158268 12.098037717544358
0 11.03515625 30.013020833333332 9.266495636406846 12.35532751520913
0 1.611328125 40.16927083333333 10.720317425689878 14.293756567586504
0 8.056640625 20.963541666666664 7.7444931277157725 10.325990836954363
0 22.021484375 20.572916666666664 7.672000176987631 10.229333569316841
0 17.67578125 23.828125 8.256682897014576 11.008910529352768
0 10.05859375 18.1640625 7.208869513560617 9.611826018080823
0 1.171875 18.5546875 7.28597191547444 9.714629220632586
0 5.419921875 22.981770833333336 8.108722079825698 10.811629439767596
0 11.474609375 19.270833333333336 7.425247229367944 9.900329639157258
0 24.21875 17.7734375 7.130933499479933 9.50791133263991
0 13.37890625 19.401041666666664 7.450290292806215 9.933720390408286
0 22.119140625 16.9921875 6.972448522214271 9.296598029619028
0 26.7578125 20.963541666666664 7.7444931277157725 10.325990836954363
0 35.7421875 19.53125 7.475249459177179 9.966999278902906
0 29.39453125 23.111979166666664 8.131660519088275 10.842214025451032
0 47.607421875 24.348958333333336 8.346432086900233 11.128576115866979
0 29.78515625 16.861979166666664 6.945682786096826 9.260910381462436
0 39.0625 16.276041666666664 6.823937919616058 9.09858389282141
0 30.810546875 15.234375 6.60196156395994 8.802615418613254
0 44.775390625 15.755208333333334 6.7138671875 8.951822916666668
0 31.005859375 17.3828125 7.052136235529384 9.40284831403918
0 46.6796875 20.442708333333336 7.647683158045451 10.196910877393934
0 70.068359375 19.140625 7.400119417103358 9.866825889471144
0 43.896484375 23.111979166666664 8.131660519088275 10.842214025451032
0 93.505859375 24.739583333333336 8.413115693414442 11.217487591219255
0 98.14453125 31.705729166666668 9.524222738236839 12.698963650982451
0 90.185546875 23.828125 8.256682897014576 11.008910529352768
0 82.91015625 22.330729166666664 7.993042513249997 10.657390017666662
0 90.576171875 20.572916666666664 7.672000176987631 10.229333569316841
0 98.53515625 23.111979166666664 8.131660519088275 10.842214025451032
0 64.599609375 16.276041666666664 6.823937919616058 9.09858389282141
0 79.6875 21.6796875 7.875664001809045 10.500885335745393
0 73.974609375 19.53125 7.475249459177179 9.966999278902906
0 97.021484375 21.6796875 7.875664001809045 10.500885335745393
0 91.6015625 21.940104166666664 7.92282408798045 10.5637654506406
0 80.712890625 17.513020833333336 7.0784994535786145 9.437999271438152
0 73.974609375 16.276041666666664 6.823937919616058 9.09858389282141
0 61.572265625 15.364583333333334 6.6301150458985685 8.840153394531425
0 76.07421875 16.9921875 6.972448522214271 9.296598029619028
0 83.349609375 18.033854166666664 7.182984799767957 9.577313066357275
0 99.658203125 21.6796875 7.875664001809045 10.500885335745393
0 35.107421875 16.40625 6.8511792970714245 9.134905729428567
0 16.796875 16.536458333333336 6.878312786611722 9.171083715482297
0 84.9609375 20.703125 7.6962403643301345 10.261653819106845
