0 94.384765625 28.776041666666668 9.073528288158268 12.098037717544358
0 92.87109375 21.028645833333336 7.756509415978292 10.342012554637723
0 84.912109375 18.9453125 7.3622668956389274 9.816355860851903
0 78.515625 21.744791666666664 7.887480458569388 10.51664061142585
0 74.365234375 16.927083333333336 6.959078522333606 9.278771363111476
0 59.130859375 18.359375 7.247523246483103 9.663364328644137
0 9.375 20.377604166666664 7.635495607419925 10.180660809893233
0 41.9921875 24.088541666666664 8.301678777304348 11.068905036405797
0 57.470703125 15.234375 6.60196156395994 8.802615418613254
0 1.025390625 20.1171875 7.586549618320344 10.115399491093791
0 65.52734375 16.015625 6.7691262856502785 9.025501714200372
0 6.93359375 18.229166666666664 7.221777078979024 9.629036105305365
0 70.361328125 15.104166666666666 6.573687508709111 8.764916678278816
0 5.17578125 18.033854166666664 7.182984799767957 9.577313066357275
0 82.275390625 17.317708333333336 7.038917599286375 9.385223465715166
0 3.076171875 18.359375 7.247523246483103 9.663364328644137
0 95.80078125 21.2890625 7.804389558437758 10.405852744583676
0 0.5859375 18.033854166666664 7.182984799767957 9.577313066357275
0 99.267578125 24.4140625 8.357582969744357 11.143443959659143
0 86.81640625 17.7734375 7.130933499479933 9.50791133263991
0 99.12109375 20.833333333333336 7.720404443770458 10.293872591693944
