0 42.041015625 23.763020833333336 8.245395560367612 10.993860747156816
0 20.80078125 20.377604166666664 7.635495607419925 10.180660809893233
0 9.1796875 22.200520833333336 7.969705113037473 10.626273484049964
0 1.07421875 22.526041666666664 8.027921409891299 10.703895213188398
0 57.666015625 15.690104166666666 6.699981201202437 8.933308268269917
0 61.81640625 13.997395833333334 6.328259690346595 8.437679587128793
0 39.306640625 16.276041666666664 6.823937919616058 9.09858389282141
0 33.837890625 16.731770833333336 6.9188135063199665 9.225084675093289
0 94.677734375 27.408854166666668 8.855357744474432 11.807143659299243
0 98.4375 23.567708333333336 8.211440458419013 10.948587277892017
0 98.4375 21.2890625 7.804389558437758 10.405852744583676
0 76.416015625 18.880208333333336 7.349606066157407 9.799474754876544
0 85.107421875 20.247395833333336 7.611061958825638 10.148082611767517
0 0.48828125 18.880208333333336 7.349606066157407 9.799474754876544
0 1.513671875 18.424479166666664 7.2603620931215325 9.680482790828709
0 4.052734375 19.3359375 7.437779301119349 9.917039068159132
0 5.078125 17.96875 7.170007400189656 9.56000986691954
0 5.859375 18.75 7.32421875 9.765625
0 11.9140625 19.205729166666664 7.412693970636669 9.883591960848893
0 7.32421875 18.880208333333336 7.349606066157407 9.799474754876544
0 81.787109375 18.424479166666664 7.2603620931215325 9.680482790828709
0 84.1796875 17.513020833333336 7.0784994535786145 9.437999271438152
0 87.01171875 17.513020833333336 7.0784994535786145 9.437999271438152
0 80.078125 16.6015625 6.891839471823862 9.189119295765149
