0 92.7734375 50.455729166666664 12.01478252260103 16.019710030134707
0 87.20703125 59.9609375 13.097695150070152 17.46359353342687
0 75.1953125 51.7578125 12.168824485703665 16.225099314271553
0 88.720703125 33.85416666666667 9.841623227903504 13.122164303871338
0 93.45703125 29.8828125 9.24637292940864 12.32849723921152
0 99.072265625 25.9765625 8.620878229873984 11.494504306498644
0 79.58984375 36.84895833333333 10.267702539831983 13.690270053109312
0 75.537109375 31.966145833333332 9.56325660155786 12.751008802077147
0 66.40625 41.6015625 10.909767414379564 14.546356552506085
0 67.138671875 58.3984375 12.925914663420027 17.234552884560035
0 52.783203125 46.02864583333333 11.475583298927713 15.300777731903617
0 68.45703125 12.5 5.980199567341744 7.973599423122326
0 78.515625 17.252604166666664 7.025674092542321 9.367565456723094
0 84.716796875 24.21875 8.324085508414218 11.098780677885625
0 75.927734375 27.083333333333332 8.802615418613255 11.736820558151006
0 71.875 20.8984375 7.732458166088822 10.309944221451763
0 62.5 15.364583333333334 6.6301150458985685 8.840153394531425
0 57.03125 18.359375 7.247523246483103 9.663364328644137
0 62.255859375 28.190104166666668 8.980675640601907 11.974234187469209
0 67.48046875 23.2421875 8.154534433525017 10.872712578033356
0 80.419921875 15.690104166666666 6.699981201202437 8.933308268269917
0 89.697265625 19.921875 7.549631882844837 10.066175843793117
0 91.11328125 23.893229166666664 8.267954824306681 11.023939765742242
0 50.048828125 35.28645833333333 10.047654805392046 13.39687307385606
0 37.6953125 41.14583333333333 10.849846700824694 14.466462267766259
0 37.939453125 61.848958333333336 13.302303904848248 17.73640520646433
0 21.6796875 47.91666666666667 11.708573054962693 15.611430739950258
0 32.958984375 35.41666666666667 10.066175843793117 13.421567791724156
0 22.75390625 31.510416666666668 9.494842032534208 12.659789376712277
0 8.056640625 32.94270833333333 9.708235913444133 12.944314551258843
0 3.271484375 53.776041666666664 12.403809468323715 16.53841262443162
0 1.513671875 44.921875 11.336777112430854 15.11570281657447
0 4.1015625 31.184895833333332 9.445671106287941 12.594228141717254
0 10.986328125 27.994791666666668 8.94951068030712 11.932680907076158
0 17.7734375 19.596354166666664 7.487697843252746 9.983597124336994
0 22.265625 26.236979166666668 8.66398288975732 11.551977186343091
0 28.564453125 22.786458333333336 8.074192233473482 10.765589644631309
0 32.958984375 28.3203125 9.001392336274797 12.001856448366395
0 44.7265625 28.645833333333332 9.052976668817948 12.07063555842393
0 51.708984375 26.432291666666668 8.696171172348027 11.594894896464037
0 42.67578125 15.494791666666666 6.658149484030587 8.877532645374115
0 35.546875 15.8203125 6.72772451325946 8.970299351012613
0 14.697265625 21.809895833333336 7.8992792392241125 10.532372318965482
0 3.515625 23.763020833333336 8.245395560367612 10.993860747156816
0 91.455078125 27.864583333333332 8.928673607377803 11.904898143170405
0 80.322265625 24.0234375 8.290452702152177 11.053936936202902
0 60.25390625 20.703125 7.6962403643301345 10.261653819106845
0 50.634765625 15.494791666666666 6.658149484030587 8.877532645374115
0 56.787109375 22.135416666666664 7.958010748538389 10.610680998051187
0 41.9921875 24.0234375 8.290452702152177 11.053936936202902
0 40.33203125 15.494791666666666 6.658149484030587 8.877532645374115
0 31.15234375 19.010416666666664 7.37490598974278 9.833207986323707
0 48.2421875 22.135416666666664 7.958010748538389 10.610680998051187
0 60.9375 34.83072916666667 9.982560567502519 13.310080756670025
0 82.32421875 20.703125 7.6962403643301345 10.261653819106845
0 95.947265625 22.4609375 8.016311973000304 10.688415964000404
0 86.572265625 30.6640625 9.366460725843998 12.48861430112533
0 99.072265625 30.078125 9.276540621075844 12.368720828101127
0 68.310546875 17.708333333333336 7.117861199762329 9.490481599683106
0 60.498046875 12.825520833333334 6.057566296777102 8.076755062369468
0 38.18359375 14.713541666666666 6.488126106405426 8.650834808540568
0 29.4921875 14.84375 6.516771394062079 8.689028525416106
0 20.849609375 20.247395833333336 7.611061958825638 10.148082611767517
0 18.45703125 14.84375 6.516771394062079 8.689028525416106
0 9.716796875 16.145833333333336 6.796587356970242 9.062116475960323
0 26.171875 12.825520833333334 6.057566296777102 8.076755062369468
0 19.775390625 17.252604166666664 7.025674092542321 9.367565456723094
0 7.91015625 20.1171875 7.586549618320344 10.115399491093791
0 42.1875 19.466145833333336 7.462780310447684 9.950373747263578
0 60.7421875 17.252604166666664 7.025674092542321 9.367565456723094
0 71.142578125 13.151041666666666 6.133957288281793 8.178609717709058
0 94.921875 19.466145833333336 7.462780310447684 9.950373747263578
0 87.890625 18.359375 7.247523246483103 9.663364328644137
0 74.0234375 16.6015625 6.891839471823862 9.189119295765149
0 77.685546875 21.223958333333336 7.792447103762027 10.389929471682702
0 86.474609375 20.8984375 7.732458166088822 10.309944221451763
0 52.63671875 10.9375 5.593964471381641 7.458619295175521
0 63.330078125 12.630208333333334 6.011265748166568 8.015020997555423
0 92.7734375 18.033854166666664 7.182984799767957 9.577313066357275
0 26.318359375 18.033854166666664 7.182984799767957 9.577313066357275
0 11.81640625 18.033854166666664 7.182984799767957 9.577313066357275
0 2.001953125 18.1640625 7.208869513560617 9.611826018080823
