0 25.830078125 59.700520833333336 13.069221866066808 17.425629154755743
0 7.12890625 75.26041666666666 14.673846777552866 19.565129036737154
0 1.5625 58.333333333333336 12.918707573557572 17.224943431410097
0 62.060546875 54.622395833333336 12.501037077797877 16.668049437063836
0 59.619140625 44.59635416666667 11.295627150464934 15.060836200619912
0 44.04296875 46.2890625 11.508000265481447 15.344000353975263
0 34.47265625 40.4296875 10.755011100284483 14.340014800379311
0 21.875 49.4140625 11.89011214525034 15.853482860333786
0 22.36328125 39.97395833333333 10.694223308065938 14.258964410754585
0 14.74609375 38.60677083333333 10.509750584547465 14.01300077939662
0 9.765625 34.89583333333333 9.991885707852113 13.322514277136149
0 8.056640625 30.143229166666668 9.286574740419274 12.382099653892366
0 16.69921875 25.520833333333332 8.544921875 11.393229166666668
0 28.7109375 30.924479166666668 9.406149296522488 12.541532395363317
0 43.115234375 37.6953125 10.38494844187839 13.84659792250452
0 60.302734375 34.765625 9.973226707988399 13.297635610651199
0 96.875 64.453125 13.579465003226924 18.105953337635896
0 83.154296875 66.6015625 13.803934177122365 18.405245569496486
0 93.65234375 56.770833333333336 12.74451478138495 16.992686375179932
0 79.1015625 55.533854166666664 12.604905046425404 16.80654006190054
0 74.51171875 48.6328125 11.795744683891412 15.727659578521882
0 72.16796875 41.86197916666667 10.943860520654974 14.591814027539964
0 89.16015625 43.5546875 11.162927952985768 14.883903937314358
0 73.583984375 37.04427083333333 10.29487780360901 13.726503738145347
0 84.423828125 40.625 10.780958088779109 14.374610785038813
0 95.166015625 40.29947916666667 10.737678274999501 14.316904366666003
0 85.9375 35.41666666666667 10.066175843793117 13.421567791724156
0 99.4140625 37.23958333333333 10.321981521782082 13.762642029042777
0 89.84375 33.72395833333333 9.82267879603948 13.096905061385971
0 97.36328125 31.510416666666668 9.494842032534208 12.659789376712277
0 89.74609375 29.361979166666668 9.16544031840894 12.220587091211922
0 76.3671875 31.705729166666668 9.524222738236839 12.698963650982451
0 81.298828125 28.776041666666668 9.073528288158268 12.098037717544358
0 97.900390625 27.994791666666668 8.94951068030712 11.932680907076158
0 90.185546875 23.046875 8.120199399200482 10.82693253226731
0 51.318359375 30.794270833333332 9.386325988299376 12.515101317732501
0 43.701171875 33.07291666666667 9.727403229070575 12.9698709720941
0 38.037109375 27.083333333333332 8.802615418613255 11.736820558151006
0 40.478515625 20.768229166666664 7.708331872750909 10.277775830334546
0 46.337890625 26.302083333333332 8.674725588105405 11.56630078414054
0 57.177734375 27.669270833333332 8.897326499702912 11.863101999603883
0 63.525390625 30.924479166666668 9.406149296522488 12.541532395363317
0 70.361328125 25.260416666666668 8.501213548086012 11.334951397448016
0 13.232421875 25.390625 8.523095729839442 11.364127639785922
0 4.78515625 27.083333333333332 8.802615418613255 11.736820558151006
0 20.849609375 29.557291666666668 9.195873518871684 12.261164691828911
0 26.025390625 25.716145833333332 8.57755695956738 11.436742612756506
0 99.560546875 23.046875 8.120199399200482 10.82693253226731
0 78.759765625 27.5390625 8.876366926421502 11.835155901895336
0 92.48046875 25.846354166666668 8.59924487524742 11.465659833663226
0 86.865234375 18.619791666666664 7.298743129334349 9.731657505779133
0 81.201171875 17.708333333333336 7.117861199762329 9.490481599683106
0 69.873046875 15.364583333333334 6.6301150458985685 8.840153394531425
0 66.064453125 22.4609375 8.016311973000304 10.688415964000404
0 59.375 24.283854166666664 8.33526628646708 11.113688381956106
0 48.193359375 21.6796875 7.875664001809045 10.500885335745393
0 31.591796875 23.567708333333336 8.211440458419013 10.948587277892017
0 5.95703125 22.591145833333336 8.039514082226251 10.719352109635
0 11.62109375 17.96875 7.170007400189656 9.56000986691954
0 1.904296875 22.4609375 8.016311973000304 10.688415964000404
0 22.705078125 16.471354166666664 6.864759447755123 9.15301259700683
0 2.490234375 19.401041666666664 7.450290292806215 9.933720390408286
0 33.984375 17.057291666666664 6.985792933508055 9.31439057801074
0 42.529296875 15.559895833333334 6.672122530845778 8.896163374461038
0 37.451171875 16.927083333333336 6.959078522333606 9.278771363111476
0 22.705078125 16.6015625 6.891839471823862 9.189119295765149
0 55.126953125 16.927083333333336 6.959078522333606 9.278771363111476
0 28.466796875 22.005208333333336 7.9345703125 10.579427083333332
0 23.291015625 20.638020833333336 7.684129829110212 10.245506438813615
0 35.25390625 19.401041666666664 7.450290292806215 9.933720390408286
0 70.21484375 21.354166666666664 7.816313766397521 10.421751688530028
0 77.734375 21.354166666666664 7.816313766397521 10.421751688530028
0 25.68359375 21.09375 7.768507117527988 10.358009490037318
0 19.23828125 23.372395833333336 8.177344364608315 10.903125819477753
0 10.693359375 21.549479166666664 7.85197774064246 10.469303654189947
0 16.69921875 20.768229166666664 7.708331872750909 10.277775830334546
0 74.609375 24.934895833333336 8.446260072691679 11.26168009692224
0 84.765625 25.260416666666668 8.501213548086012 11.334951397448016
0 5.712890625 18.9453125 7.3622668956389274 9.816355860851903
0 61.474609375 17.96875 7.170007400189656 9.56000986691954
0 32.373046875 18.75 7.32421875 9.765625
0 45.21484375 18.1640625 7.208869513560617 9.611826018080823
0 18.994140625 19.401041666666664 7.450290292806215 9.933720390408286
0 26.85546875 17.708333333333336 7.117861199762329 9.490481599683106
0 17.724609375 17.708333333333336 7.117861199762329 9.490481599683106
0 91.2109375 19.401041666666664 7.450290292806215 9.933720390408286
0 54.443359375 12.760416666666666 6.042172202521769 8.056229603362357
0 79.78515625 23.372395833333336 8.177344364608315 10.903125819477753
0 48.291015625 18.75 7.32421875 9.765625
0 80.37109375 21.223958333333336 7.792447103762027 10.389929471682702
0 45.556640625 66.6015625 13.803934177122365 18.405245569496486
0 45.41015625 56.4453125 12.707924080601204 16.94389877413494
0 79.345703125 18.75 7.32421875 9.765625
0 65.72265625 26.171875 8.653226854710587 11.537635806280782
0 55.322265625 21.549479166666664 7.85197774064246 10.469303654189947
0 20.849609375 15.104166666666666 6.573687508709111 8.764916678278816
0 7.32421875 19.401041666666664 7.450290292806215 9.933720390408286
0 21.19140625 18.9453125 7.3622668956389274 9.816355860851903
0 86.376953125 28.450520833333332 9.02206146184966 12.029415282466214
0 7.470703125 22.135416666666664 7.958010748538389 10.610680998051187
