0 58.447265625 42.25260416666667 10.994801962067763 14.659735949423682
0 63.76953125 27.018229166666668 8.792028986137655 11.722705314850208
0 78.515625 24.609375 8.39094670707246 11.187928942763282
0 77.197265625 37.56510416666667 10.366996918617573 13.822662558156765
0 97.314453125 31.380208333333332 9.475204282385269 12.633605709847027
0 91.6015625 26.041666666666668 8.631674575031099 11.508899433374797
0 80.859375 20.1171875 7.586549618320344 10.115399491093791
0 77.197265625 17.1875 7.012405574387241 9.349874099182989
0 66.162109375 16.731770833333336 6.9188135063199665 9.225084675093289
0 63.134765625 18.619791666666664 7.298743129334349 9.731657505779133
0 48.876953125 20.377604166666664 7.635495607419925 10.180660809893233
0 52.587890625 16.731770833333336 6.9188135063199665 9.225084675093289
0 35.9375 18.684895833333336 7.311492035346033 9.748656047128044
0 27.83203125 16.861979166666664 6.945682786096826 9.260910381462436
0 23.193359375 26.432291666666668 8.696171172348027 11.594894896464037
0 14.501953125 17.708333333333336 7.117861199762329 9.490481599683106
0 9.423828125 25.260416666666668 8.501213548086012 11.334951397448016
0 6.25 29.622395833333332 9.205995562132786 12.274660749510382
0 7.32421875 19.270833333333336 7.425247229367944 9.900329639157258
0 0.537109375 20.1171875 7.586549618320344 10.115399491093791
0 22.94921875 17.643229166666664 7.104764847914316 9.473019797219088
0 32.6171875 16.40625 6.8511792970714245 9.134905729428567
0 41.259765625 15.755208333333334 6.7138671875 8.951822916666668
0 29.345703125 16.080729166666664 6.782870718656271 9.043827624875028
0 55.615234375 15.885416666666666 6.741553355216833 8.988737806955777
0 97.802734375 24.088541666666664 8.301678777304348 11.068905036405797
0 93.06640625 20.8984375 7.732458166088822 10.309944221451763
0 74.51171875 20.247395833333336 7.611061958825638 10.148082611767517
0 74.169921875 15.234375 6.60196156395994 8.802615418613254
0 58.88671875 14.583333333333334 6.459353786778786 8.612471715705048
0 46.6796875 16.536458333333336 6.878312786611722 9.171083715482297
0 38.57421875 17.057291666666664 6.985792933508055 9.31439057801074
0 31.4453125 15.299479166666666 6.61605328023645 8.821404373648601
0 26.806640625 15.625 6.686066375795484 8.914755167727312
0 17.529296875 17.708333333333336 7.117861199762329 9.490481599683106
0 11.23046875 18.1640625 7.208869513560617 9.611826018080823
0 3.61328125 19.661458333333336 7.500125566067204 10.00016742142294
0 34.47265625 16.861979166666664 6.945682786096826 9.260910381462436
0 44.287109375 15.885416666666666 6.741553355216833 8.988737806955777
0 50.537109375 16.341145833333336 6.837572174807153 9.116762899742872
0 57.373046875 14.908854166666666 6.531046923532928 8.708062564710572
0 68.84765625 16.080729166666664 6.782870718656271 9.043827624875028
0 79.248046875 17.057291666666664 6.985792933508055 9.31439057801074
0 88.18359375 18.033854166666664 7.182984799767957 9.577313066357275
0 97.16796875 21.744791666666664 7.887480458569388 10.51664061142585
0 91.015625 20.703125 7.6962403643301345 10.261653819106845
0 99.560546875 21.419270833333336 7.828219811023351 10.437626414697803
0 95.703125 21.6796875 7.875664001809045 10.500885335745393
0 80.95703125 17.057291666666664 6.985792933508055 9.31439057801074
0 71.142578125 15.104166666666666 6.573687508709111 8.764916678278816
0 64.453125 15.299479166666666 6.61605328023645 8.821404373648601
0 23.33984375 15.755208333333334 6.7138671875 8.951822916666668
0 2.001953125 18.684895833333336 7.311492035346033 9.748656047128044
0 49.31640625 15.885416666666666 6.741553355216833 8.988737806955777
0 56.494140625 14.6484375 6.473755931273323 8.631674575031097
0 78.759765625 18.359375 7.247523246483103 9.663364328644137
0 84.326171875 17.3828125 7.052136235529384 9.40284831403918
0 77.783203125 20.768229166666664 7.708331872750909 10.277775830334546
0 98.876953125 20.442708333333336 7.647683158045451 10.196910877393934
0 90.185546875 19.791666666666664 7.524919437217989 10.033225916290652
0 86.03515625 19.140625 7.400119417103358 9.866825889471144
0 82.51953125 23.828125 8.256682897014576 11.008910529352768
0 87.01171875 33.65885416666667 9.813192865486773 13.084257153982362
0 87.5 28.450520833333332 9.02206146184966 12.029415282466214
0 76.07421875 27.864583333333332 8.928673607377803 11.904898143170405
0 67.138671875 36.19791666666667 10.17659423860661 13.568792318142146
0 47.412109375 27.34375 8.84483443981289 11.793112586417188
0 45.60546875 21.744791666666664 7.887480458569388 10.51664061142585
0 28.662109375 23.502604166666664 8.200090846279542 10.933454461706056
0 20.99609375 24.088541666666664 8.301678777304348 11.068905036405797
0 11.572265625 21.744791666666664 7.887480458569388 10.51664061142585
0 1.416015625 24.4140625 8.357582969744357 11.143443959659143
0 19.189453125 23.6328125 8.222774405094897 10.963699206793196
0 9.86328125 20.8984375 7.732458166088822 10.309944221451763
0 29.833984375 17.3828125 7.052136235529384 9.40284831403918
0 41.259765625 17.643229166666664 7.104764847914316 9.473019797219088
0 56.640625 16.861979166666664 6.945682786096826 9.260910381462436
0 16.40625 22.526041666666664 8.027921409891299 10.703895213188398
0 54.19921875 16.015625 6.7691262856502785 9.025501714200372
0 86.62109375 22.981770833333336 8.108722079825698 10.811629439767596
0 96.09375 23.763020833333336 8.245395560367612 10.993860747156816
0 65.087890625 17.057291666666664 6.985792933508055 9.31439057801074
0 84.47265625 19.661458333333336 7.500125566067204 10.00016742142294
0 88.57421875 23.046875 8.120199399200482 10.82693253226731
0 95.751953125 29.947916666666668 9.25643975103949 12.341919668052654
0 94.384765625 23.763020833333336 8.245395560367612 10.993860747156816
0 10.595703125 19.270833333333336 7.425247229367944 9.900329639157258
0 89.16015625 24.8046875 8.424178309229896 11.23223774563986
0 61.42578125 17.1875 7.012405574387241 9.349874099182989
0 8.935546875 20.1171875 7.586549618320344 10.115399491093791
0 43.75 18.489583333333336 7.273178276253042 9.697571035004056
0 10.498046875 22.8515625 8.085718566584333 10.780958088779109
0 83.3984375 21.223958333333336 7.792447103762027 10.389929471682702
0 90.13671875 22.65625 8.051090062422436 10.734786749896582
0 36.767578125 25.5859375 8.555814067917595 11.407752090556793
0 4.931640625 21.549479166666664 7.85197774064246 10.469303654189947
0 25.537109375 15.625 6.686066375795484 8.914755167727312
0 47.412109375 19.921875 7.549631882844837 10.066175843793117
0 83.10546875 19.661458333333336 7.500125566067204 10.00016742142294
0 88.232421875 21.223958333333336 7.792447103762027 10.389929471682702
0 24.90234375 17.1875 7.012405574387241 9.349874099182989
0 14.013671875 23.828125 8.256682897014576 11.008910529352768
