0 7.177734375 75.13020833333334 14.661147643389056 19.548196857852073
0 1.611328125 59.1796875 13.012088382158108 17.34945117621081
0 1.26953125 44.140625 11.237764062208234 14.983685416277645
0 39.35546875 83.91927083333334 15.494997894026005 20.659997192034673
0 22.75390625 51.692708333333336 12.161168728742233 16.214891638322978
0 36.1328125 61.979166666666664 13.316298968061174 17.75506529074823
0 3.125 32.74739583333333 9.679413773897526 12.905885031863368
0 12.98828125 35.02604166666667 10.010509928501419 13.347346571335224
0 18.798828125 31.966145833333332 9.56325660155786 12.751008802077147
0 10.498046875 27.408854166666668 8.855357744474432 11.807143659299243
0 4.78515625 25.716145833333332 8.57755695956738 11.436742612756506
0 20.654296875 27.213541666666668 8.823750179932228 11.765000239909636
0 18.26171875 22.005208333333336 7.9345703125 10.579427083333332
0 28.564453125 25.0 8.457279333832409 11.276372445109878
0 32.421875 29.4921875 9.185740321833748 12.247653762444997
0 43.1640625 32.94270833333333 9.708235913444133 12.944314551258843
0 39.111328125 28.515625 9.03237828793258 12.043171050576774
0 48.876953125 38.15104166666667 10.447535869521296 13.930047826028394
0 52.197265625 47.72135416666667 11.684686107834867 15.579581477113155
0 69.140625 58.203125 12.904281318277572 17.205708424370094
0 88.18359375 64.84375 13.620552737073607 18.16073698276481
0 97.8515625 51.432291666666664 12.130497384247919 16.17399651233056
0 76.611328125 53.515625 12.37373958295489 16.498319443939856
0 85.205078125 45.8984375 11.459340426952263 15.279120569269683
0 99.072265625 37.76041666666667 10.393912576859377 13.85855010247917
0 99.072265625 43.5546875 11.162927952985768 14.883903937314358
0 89.990234375 38.02083333333333 10.429692071920813 13.906256095894417
0 65.673828125 43.81510416666667 11.196250200100184 14.928333600133579
0 61.328125 35.67708333333333 10.103116062772735 13.470821417030313
0 63.0859375 29.4921875 9.185740321833748 12.247653762444997
0 16.943359375 19.466145833333336 7.462780310447684 9.950373747263578
0 24.951171875 19.921875 7.549631882844837 10.066175843793117
0 31.884765625 21.875 7.911060422861158 10.548080563814876
0 2.099609375 20.572916666666664 7.672000176987631 10.229333569316841
0 12.6953125 19.661458333333336 7.500125566067204 10.00016742142294
0 8.0078125 18.684895833333336 7.311492035346033 9.748656047128044
0 13.916015625 18.098958333333336 7.195938795502683 9.594585060670244
0 21.630859375 17.708333333333336 7.117861199762329 9.490481599683106
0 28.125 17.96875 7.170007400189656 9.56000986691954
0 18.798828125 16.2109375 6.810276368536802 9.080368491382403
0 8.642578125 17.708333333333336 7.117861199762329 9.490481599683106
0 28.955078125 13.8671875 6.298757153488249 8.398342871317666
0 12.158203125 17.252604166666664 7.025674092542321 9.367565456723094
0 37.79296875 19.921875 7.549631882844837 10.066175843793117
0 10.302734375 17.708333333333336 7.117861199762329 9.490481599683106
0 14.2578125 16.015625 6.7691262856502785 9.025501714200372
0 9.66796875 16.731770833333336 6.9188135063199665 9.225084675093289
0 10.302734375 22.265625 7.981382342908947 10.641843123878598
0 30.224609375 19.3359375 7.437779301119349 9.917039068159132
0 6.34765625 16.731770833333336 6.9188135063199665 9.225084675093289
0 8.447265625 16.080729166666664 6.782870718656271 9.043827624875028
0 4.931640625 18.684895833333336 7.311492035346033 9.748656047128044
0 1.26953125 16.341145833333336 6.837572174807153 9.116762899742872
0 22.4609375 14.518229166666666 6.444919458600731 8.593225944800976
0 24.51171875 15.234375 6.60196156395994 8.802615418613254
0 25.78125 16.731770833333336 6.9188135063199665 9.225084675093289
0 27.83203125 15.234375 6.60196156395994 8.802615418613254
0 30.517578125 35.9375 10.139921707663666 13.51989561021822
0 34.86328125 43.29427083333333 11.129505937994672 14.839341250659563
0 41.50390625 24.479166666666664 8.36871899463018 11.15829199284024
0 50.439453125 28.776041666666668 9.073528288158268 12.098037717544358
0 36.962890625 17.317708333333336 7.038917599286375 9.385223465715166
0 35.205078125 16.471354166666664 6.864759447755123 9.15301259700683
0 32.421875 16.471354166666664 6.864759447755123 9.15301259700683
0 33.935546875 15.104166666666666 6.573687508709111 8.764916678278816
0 35.791015625 15.364583333333334 6.6301150458985685 8.840153394531425
0 37.060546875 15.104166666666666 6.573687508709111 8.764916678278816
0 34.765625 14.6484375 6.473755931273323 8.631674575031097
0 40.380859375 21.028645833333336 7.756509415978292 10.342012554637723
0 42.67578125 19.791666666666664 7.524919437217989 10.033225916290652
0 41.943359375 17.252604166666664 7.025674092542321 9.367565456723094
0 40.185546875 15.364583333333334 6.6301150458985685 8.840153394531425
0 43.06640625 14.778645833333334 6.502464524127966 8.669952698837287
0 44.23828125 17.252604166666664 7.025674092542321 9.367565456723094
0 46.09375 16.471354166666664 6.864759447755123 9.15301259700683
0 47.94921875 15.104166666666666 6.573687508709111 8.764916678278816
0 47.8515625 23.372395833333336 8.177344364608315 10.903125819477753
0 49.31640625 19.661458333333336 7.500125566067204 10.00016742142294
0 53.955078125 14.518229166666666 6.444919458600731 8.593225944800976
0 54.78515625 12.3046875 5.933295317145868 7.911060422861158
0 56.591796875 16.471354166666664 6.864759447755123 9.15301259700683
0 58.203125 13.997395833333334 6.328259690346595 8.437679587128793
0 61.23046875 13.151041666666666 6.133957288281793 8.178609717709058
0 65.283203125 24.739583333333336 8.413115693414442 11.217487591219255
0 62.59765625 25.9765625 8.620878229873984 11.494504306498644
0 57.71484375 25.5859375 8.555814067917595 11.407752090556793
0 59.86328125 22.265625 7.981382342908947 10.641843123878598
0 58.30078125 19.3359375 7.437779301119349 9.917039068159132
0 63.525390625 16.9921875 6.972448522214271 9.296598029619028
0 66.943359375 19.53125 7.475249459177179 9.966999278902906
0 60.83984375 17.96875 7.170007400189656 9.56000986691954
0 51.171875 17.578125 7.091644310682526 9.455525747576702
0 81.15234375 39.453125 10.624325674761481 14.165767566348642
0 74.31640625 33.203125 9.746532850751532 12.995377134335376
0 74.31640625 27.408854166666668 8.855357744474432 11.807143659299243
0 71.38671875 22.526041666666664 8.027921409891299 10.703895213188398
0 86.669921875 33.72395833333333 9.82267879603948 13.096905061385971
0 98.486328125 30.013020833333332 9.266495636406846 12.35532751520913
0 92.87109375 31.25 9.4555257475767 12.607367663435602
0 87.451171875 28.385416666666668 9.011732824849489 12.015643766465985
0 80.322265625 25.5859375 8.555814067917595 11.407752090556793
0 75.78125 21.875 7.911060422861158 10.548080563814876
0 85.693359375 21.419270833333336 7.828219811023351 10.437626414697803
0 80.126953125 22.786458333333336 8.074192233473482 10.765589644631309
0 88.18359375 25.846354166666668 8.59924487524742 11.465659833663226
0 78.955078125 19.205729166666664 7.412693970636669 9.883591960848893
0 91.2109375 25.5859375 8.555814067917595 11.407752090556793
0 81.591796875 18.098958333333336 7.195938795502683 9.594585060670244
0 92.236328125 23.111979166666664 8.131660519088275 10.842214025451032
0 80.224609375 16.731770833333336 6.9188135063199665 9.225084675093289
0 99.21875 25.5859375 8.555814067917595 11.407752090556793
0 81.982421875 15.494791666666666 6.658149484030587 8.877532645374115
0 95.751953125 23.958333333333336 8.279211405182211 11.038948540242949
0 85.83984375 18.424479166666664 7.2603620931215325 9.680482790828709
0 98.779296875 21.744791666666664 7.887480458569388 10.51664061142585
0 92.578125 21.028645833333336 7.756509415978292 10.342012554637723
0 87.79296875 19.921875 7.549631882844837 10.066175843793117
0 89.6484375 18.815104166666664 7.336923388776433 9.782564518368577
0 91.11328125 16.9921875 6.972448522214271 9.296598029619028
0 96.826171875 18.9453125 7.3622668956389274 9.816355860851903
0 95.166015625 20.638020833333336 7.684129829110212 10.245506438813615
