0 4.19921875 31.4453125 9.485028239697298 12.646704319596397
0 11.083984375 26.953125 8.78142979122202 11.708573054962693
0 4.19921875 24.283854166666664 8.33526628646708 11.113688381956106
0 12.353515625 18.684895833333336 7.311492035346033 9.748656047128044
0 2.099609375 22.395833333333336 8.00468569861084 10.672914264814453
0 3.271484375 19.921875 7.549631882844837 10.066175843793117
0 5.615234375 20.8984375 7.732458166088822 10.309944221451763
0 7.470703125 17.7734375 7.130933499479933 9.50791133263991
0 4.443359375 17.578125 7.091644310682526 9.455525747576702
0 15.0390625 16.9921875 6.972448522214271 9.296598029619028
0 20.5078125 20.572916666666664 7.672000176987631 10.229333569316841
0 18.06640625 18.684895833333336 7.311492035346033 9.748656047128044
0 21.240234375 17.317708333333336 7.038917599286375 9.385223465715166
0 18.896484375 15.559895833333334 6.672122530845778 8.896163374461038
0 22.75390625 24.934895833333336 8.446260072691679 11.26168009692224
0 27.392578125 23.372395833333336 8.177344364608315 10.903125819477753
0 31.73828125 28.776041666666668 9.073528288158268 12.098037717544358
0 31.591796875 34.70052083333333 9.963884104806219 13.28517880640829
0 31.591796875 21.028645833333336 7.756509415978292 10.342012554637723
0 29.98046875 19.140625 7.400119417103358 9.866825889471144
0 32.177734375 17.578125 7.091644310682526 9.455525747576702
0 28.80859375 18.098958333333336 7.195938795502683 9.594585060670244
0 28.564453125 16.341145833333336 6.837572174807153 9.116762899742872
0 26.3671875 19.010416666666664 7.37490598974278 9.833207986323707
0 24.70703125 15.4296875 6.644147051109997 8.858862734813329
0 26.611328125 13.216145833333334 6.149121606326259 8.198828808435012
