0 67.87109375 59.114583333333336 13.004929048255931 17.339905397674574
0 73.193359375 61.002604166666664 13.210974622749855 17.61463283033314
0 37.40234375 63.216145833333336 13.448525718097354 17.931367624129805
0 27.001953125 87.04427083333334 15.780863615536983 21.041151487382646
0 50.927734375 50.520833333333336 12.022531496333135 16.030041995110846
0 79.443359375 54.036458333333336 12.433806632973244 16.578408843964322
0 85.498046875 60.481770833333336 13.154456825105168 17.53927576680689
0 93.9453125 70.1171875 14.163575910488637 18.884767880651516
0 93.45703125 89.12760416666666 15.968597963807532 21.291463951743374
0 98.291015625 90.49479166666666 16.090608308671957 21.454144411562613
0 23.53515625 50.520833333333336 12.022531496333135 16.030041995110846
0 11.9140625 37.43489583333333 10.349014256477766 13.798685675303688
0 1.3671875 45.5078125 11.410473080956981 15.213964107942642
0 4.443359375 30.989583333333332 9.416045300623482 12.554727067497975
0 19.873046875 32.09635416666667 9.58271390875707 12.77695187834276
0 33.3984375 35.41666666666667 10.066175843793117 13.421567791724156
0 50.68359375 36.328125 10.194881035455362 13.593174713940485
0 60.498046875 36.328125 10.194881035455362 13.593174713940485
0 66.064453125 41.9921875 10.960867307170393 14.614489742893857
0 77.83203125 38.99739583333333 10.562785827561513 14.083714436748682
0 87.744140625 38.99739583333333 10.562785827561513 14.083714436748682
0 90.8203125 45.63802083333333 11.426785416777987 15.235713889037317
0 89.0625 33.7890625 9.832155574699105 13.109540766265473
0 97.36328125 39.77864583333333 10.668065364348472 14.224087152464628
0 95.1171875 54.036458333333336 12.433806632973244 16.578408843964322
0 43.701171875 32.68229166666667 9.669787303317175 12.893049737756234
0 62.98828125 31.119791666666668 9.4358061729372 12.5810748972496
0 72.94921875 33.203125 9.746532850751532 12.995377134335376
0 74.609375 29.036458333333332 9.114492506755418 12.15265667567389
0 82.91015625 28.580729166666668 9.042683343523592 12.056911124698123
0 92.3828125 29.557291666666668 9.195873518871684 12.261164691828911
0 89.6484375 24.153645833333336 8.312889692307273 11.083852923076364
0 94.53125 25.455729166666668 8.53401578009617 11.378687706794894
0 79.6875 24.153645833333336 8.312889692307273 11.083852923076364
0 68.115234375 24.153645833333336 8.312889692307273 11.083852923076364
0 59.912109375 24.153645833333336 8.312889692307273 11.083852923076364
0 50.68359375 28.125 8.970299351012615 11.960399134683486
0 42.28515625 25.130208333333332 8.479274895904423 11.305699861205897
0 31.591796875 29.8828125 9.24637292940864 12.32849723921152
0 22.021484375 26.888020833333332 8.770817787597604 11.694423716796805
0 19.140625 18.1640625 7.208869513560617 9.611826018080823
0 25.439453125 16.40625 6.8511792970714245 9.134905729428567
0 33.251953125 21.028645833333336 7.756509415978292 10.342012554637723
0 34.814453125 18.815104166666664 7.336923388776433 9.782564518368577
0 36.083984375 15.0390625 6.559504779115197 8.746006372153596
0 41.30859375 15.169270833333334 6.587839704871492 8.783786273161988
0 45.80078125 12.630208333333334 6.011265748166568 8.015020997555423
0 50.341796875 19.270833333333336 7.425247229367944 9.900329639157258
0 55.078125 13.28125 6.16424861960576 8.218998159474348
0 63.4765625 12.5 5.980199567341744 7.973599423122326
0 70.703125 15.8203125 6.72772451325946 8.970299351012613
0 71.19140625 20.5078125 7.659851317145468 10.21313508952729
0 59.814453125 21.028645833333336 7.756509415978292 10.342012554637723
0 3.173828125 22.4609375 8.016311973000304 10.688415964000404
0 4.931640625 16.731770833333336 6.9188135063199665 9.225084675093289
0 14.55078125 16.731770833333336 6.9188135063199665 9.225084675093289
0 24.365234375 13.0859375 6.118755388111396 8.15834051748186
0 38.57421875 14.518229166666666 6.444919458600731 8.593225944800976
0 82.91015625 16.40625 6.8511792970714245 9.134905729428567
0 78.759765625 19.140625 7.400119417103358 9.866825889471144
0 87.060546875 16.6015625 6.891839471823862 9.189119295765149
0 94.970703125 19.401041666666664 7.450290292806215 9.933720390408286
0 113.232421875 39.51822916666667 10.633088006704314 14.177450675605751
