0 24.267578125 61.393229166666664 13.253204803838173 17.670939738450897
0 33.203125 56.315104166666664 12.693258266043348 16.924344354724465
0 37.744140625 56.8359375 12.751820322129015 17.00242709617202
0 64.453125 53.971354166666664 12.426314130555623 16.568418840740833
0 70.5078125 53.125 12.32849723921152 16.437996318948695
0 79.248046875 66.53645833333334 13.79718573664223 18.39624764885631
0 78.173828125 77.08333333333334 14.850494458735888 19.800659278314516
0 77.1484375 49.21875 11.866590634291736 15.822120845722315
0 83.203125 45.8984375 11.459340426952263 15.279120569269683
0 88.37890625 47.98177083333333 11.716524548616007 15.622032731488009
0 91.9921875 52.018229166666664 12.199399469791677 16.265865959722237
0 93.65234375 44.140625 11.237764062208234 14.983685416277645
0 98.681640625 43.5546875 11.162927952985768 14.883903937314358
0 84.66796875 38.99739583333333 10.562785827561513 14.083714436748682
0 81.494140625 35.80729166666667 10.121535615098267 13.495380820131023
0 77.978515625 36.9140625 10.276768945607138 13.702358594142853
0 75.78125 33.0078125 9.717824296930333 12.957099062573777
0 66.943359375 34.24479166666667 9.898238977189243 13.197651969585658
0 70.654296875 37.56510416666667 10.366996918617573 13.822662558156765
0 57.71484375 40.234375 10.72900136184506 14.305335149126746
0 55.56640625 45.37760416666667 11.394137391720257 15.192183188960342
0 41.552734375 44.98697916666667 11.344989193994817 15.126652258659753
0 34.130859375 38.21614583333333 10.456446349494515 13.941928465992687
0 22.75390625 37.23958333333333 10.321981521782082 13.762642029042777
0 19.23828125 33.984375 9.860531263063667 13.147375017418222
0 10.595703125 28.580729166666668 9.042683343523592 12.056911124698123
0 14.55078125 30.6640625 9.366460725843998 12.48861430112533
0 29.541015625 35.41666666666667 10.066175843793117 13.421567791724156
0 29.541015625 30.729166666666668 9.376398618003673 12.501864824004896
0 32.958984375 29.296875 9.1552734375 12.20703125
0 35.64453125 33.0078125 9.717824296930333 12.957099062573777
0 43.65234375 30.46875 9.336583582018038 12.448778109357384
0 49.12109375 35.22135416666667 10.038381471800859 13.384508629067811
0 52.63671875 29.231770833333332 9.145095253766906 12.193460338355873
0 58.251953125 26.7578125 8.749555167743805 11.66607355699174
0 53.857421875 27.34375 8.84483443981289 11.793112586417188
0 61.42578125 26.106770833333332 8.642457433170346 11.52327657756046
0 66.162109375 26.953125 8.78142979122202 11.708573054962693
0 62.6953125 24.283854166666664 8.33526628646708 11.113688381956106
0 69.091796875 23.6328125 8.222774405094897 10.963699206793196
0 77.9296875 26.627604166666668 8.728240750778255 11.637654334371007
0 81.005859375 30.533854166666668 9.346553241646458 12.462070988861944
0 82.03125 25.1953125 8.490251308132054 11.320335077509403
0 2.001953125 18.1640625 7.208869513560617 9.611826018080823
0 5.615234375 20.638020833333336 7.684129829110212 10.245506438813615
0 9.5703125 20.638020833333336 7.684129829110212 10.245506438813615
0 3.22265625 20.052083333333336 7.574263699945591 10.099018266594122
0 9.521484375 16.927083333333336 6.959078522333606 9.278771363111476
0 12.353515625 19.270833333333336 7.425247229367944 9.900329639157258
0 17.7734375 18.5546875 7.28597191547444 9.714629220632586
0 14.16015625 18.294270833333336 7.234661615679748 9.646215487572997
0 19.580078125 13.802083333333334 6.283953943473511 8.378605257964681
0 23.193359375 18.489583333333336 7.273178276253042 9.697571035004056
0 27.1484375 15.690104166666666 6.699981201202437 8.933308268269917
0 25.830078125 20.833333333333336 7.720404443770458 10.293872591693944
0 32.03125 17.447916666666664 7.065330140863174 9.420440187817565
0 38.671875 16.2109375 6.810276368536802 9.080368491382403
0 43.505859375 16.276041666666664 6.823937919616058 9.09858389282141
0 50.146484375 17.447916666666664 7.065330140863174 9.420440187817565
0 42.333984375 21.6796875 7.875664001809045 10.500885335745393
0 35.25390625 23.502604166666664 8.200090846279542 10.933454461706056
0 39.16015625 24.283854166666664 8.33526628646708 11.113688381956106
0 57.32421875 22.200520833333336 7.969705113037473 10.626273484049964
0 54.8828125 16.080729166666664 6.782870718656271 9.043827624875028
0 61.572265625 13.802083333333334 6.283953943473511 8.378605257964681
0 64.84375 16.40625 6.8511792970714245 9.134905729428567
0 74.90234375 16.6015625 6.891839471823862 9.189119295765149
0 67.724609375 17.122395833333336 6.9991119025755095 9.332149203434014
0 80.810546875 16.927083333333336 6.959078522333606 9.278771363111476
0 84.716796875 16.536458333333336 6.878312786611722 9.171083715482297
0 90.234375 20.052083333333336 7.574263699945591 10.099018266594122
0 80.615234375 22.395833333333336 8.00468569861084 10.672914264814453
0 71.97265625 22.591145833333336 8.039514082226251 10.719352109635
0 51.3671875 22.526041666666664 8.027921409891299 10.703895213188398
0 45.5078125 23.111979166666664 8.131660519088275 10.842214025451032
0 31.54296875 13.736979166666666 6.269115778861736 8.358821038482315
0 35.83984375 16.796875 6.932261164306974 9.243014885742634
0 45.166015625 13.736979166666666 6.269115778861736 8.358821038482315
0 55.810546875 13.0859375 6.118755388111396 8.15834051748186
0 98.193359375 21.158854166666664 7.780486318348366 10.373981757797822
0 95.41015625 25.0 8.457279333832409 11.276372445109878
0 76.07421875 19.075520833333336 7.3875234600282 9.850031280037602
0 91.552734375 17.057291666666664 6.985792933508055 9.31439057801074
0 15.478515625 16.276041666666664 6.823937919616058 9.09858389282141
0 35.44921875 20.442708333333336 7.647683158045451 10.196910877393934
0 29.248046875 14.973958333333334 6.545291317604741 8.727055090139656
0 47.021484375 16.6015625 6.891839471823862 9.189119295765149
0 69.580078125 16.276041666666664 6.823937919616058 9.09858389282141
0 81.884765625 18.489583333333336 7.273178276253042 9.697571035004056
0 76.611328125 16.080729166666664 6.782870718656271 9.043827624875028
0 25.439453125 16.2109375 6.810276368536802 9.080368491382403
0 30.615234375 15.299479166666666 6.61605328023645 8.821404373648601
0 10.986328125 17.7734375 7.130933499479933 9.50791133263991
0 16.259765625 18.294270833333336 7.234661615679748 9.646215487572997
0 19.873046875 15.364583333333334 6.6301150458985685 8.840153394531425
0 0.390625 20.442708333333336 7.647683158045451 10.196910877393934
0 40.33203125 16.536458333333336 6.878312786611722 9.171083715482297
0 60.83984375 17.643229166666664 7.104764847914316 9.473019797219088
0 57.03125 16.276041666666664 6.823937919616058 9.09858389282141
0 72.802734375 18.5546875 7.28597191547444 9.714629220632586
0 52.1484375 19.075520833333336 7.3875234600282 9.850031280037602
0 90.478515625 22.981770833333336 8.108722079825698 10.811629439767596
0 33.740234375 16.536458333333336 6.878312786611722 9.171083715482297
