0 42.87109375 79.94791666666666 15.123915641313316 20.16522085508442
0 53.80859375 84.63541666666666 15.560972636696732 20.747963515595643
0 55.126953125 68.9453125 14.044718626713685 18.726291502284912
0 41.650390625 52.213541666666664 12.222280514221671 16.29637401896223
0 2.099609375 55.989583333333336 12.65651938069319 16.875359174257586
0 13.671875 52.604166666666664 12.267914576563586 16.357219435418116
0 9.814453125 41.6015625 10.909767414379564 14.546356552506085
0 15.33203125 37.890625 10.411817693623036 13.88242359149738
0 25.0 43.61979166666667 11.171267833082963 14.895023777443953
0 18.84765625 34.70052083333333 9.963884104806219 13.28517880640829
0 17.041015625 28.125 8.970299351012615 11.960399134683486
0 21.19140625 31.184895833333332 9.445671106287941 12.594228141717254
0 9.912109375 26.7578125 8.749555167743805 11.66607355699174
0 4.39453125 27.864583333333332 8.928673607377803 11.904898143170405
0 26.513671875 27.864583333333332 8.928673607377803 11.904898143170405
0 22.0703125 27.018229166666668 8.792028986137655 11.722705314850208
0 30.419921875 29.427083333333332 9.175595934065496 12.234127912087327
0 33.30078125 33.72395833333333 9.82267879603948 13.096905061385971
0 41.943359375 38.54166666666667 10.500885335745396 14.001180447660527
0 48.681640625 44.59635416666667 11.295627150464934 15.060836200619912
0 50.5859375 37.890625 10.411817693623036 13.88242359149738
0 45.751953125 35.22135416666667 10.038381471800859 13.384508629067811
0 42.7734375 28.90625 9.094033462982996 12.125377950643994
0 48.876953125 23.828125 8.256682897014576 11.008910529352768
0 54.4921875 27.864583333333332 8.928673607377803 11.904898143170405
0 61.71875 46.74479166666667 11.564511304624277 15.419348406165703
0 64.94140625 38.80208333333333 10.536301575703167 14.048402100937555
0 80.126953125 54.752604166666664 12.515928133795093 16.687904178393456
0 84.130859375 69.98697916666666 14.150418846886756 18.86722512918234
0 94.384765625 57.552083333333336 12.831906763689355 17.10920901825247
0 89.55078125 49.15364583333333 11.85873976301602 15.811653017354693
0 48.876953125 12.3046875 5.933295317145868 7.911060422861158
0 44.384765625 13.671875 6.254242410864013 8.338989881152017
0 37.646484375 15.104166666666666 6.573687508709111 8.764916678278816
0 32.8125 13.411458333333334 6.194391824397107 8.259189099196142
0 18.65234375 13.411458333333334 6.194391824397107 8.259189099196142
0 2.099609375 16.861979166666664 6.945682786096826 9.260910381462436
0 7.6171875 15.494791666666666 6.658149484030587 8.877532645374115
0 1.416015625 19.53125 7.475249459177179 9.966999278902906
0 9.423828125 16.861979166666664 6.945682786096826 9.260910381462436
0 5.224609375 19.270833333333336 7.425247229367944 9.900329639157258
0 12.939453125 23.697916666666664 8.234092750996119 10.978790334661493
0 14.6484375 15.104166666666666 6.573687508709111 8.764916678278816
0 6.396484375 16.471354166666664 6.864759447755123 9.15301259700683
0 4.4921875 16.731770833333336 6.9188135063199665 9.225084675093289
0 10.44921875 18.880208333333336 7.349606066157407 9.799474754876544
0 12.939453125 16.2109375 6.810276368536802 9.080368491382403
0 13.232421875 19.661458333333336 7.500125566067204 10.00016742142294
0 21.38671875 13.151041666666666 6.133957288281793 8.178609717709058
0 16.357421875 18.489583333333336 7.273178276253042 9.697571035004056
0 18.5546875 18.75 7.32421875 9.765625
0 20.458984375 16.861979166666664 6.945682786096826 9.260910381462436
0 23.486328125 17.252604166666664 7.025674092542321 9.367565456723094
0 23.974609375 14.84375 6.516771394062079 8.689028525416106
0 25.78125 14.192708333333334 6.372257390692475 8.496343187589966
0 25.87890625 20.638020833333336 7.684129829110212 10.245506438813615
0 28.61328125 18.359375 7.247523246483103 9.663364328644137
0 29.19921875 14.453125 6.430452730012657 8.57393697335021
0 30.029296875 13.411458333333334 6.194391824397107 8.259189099196142
0 31.298828125 16.471354166666664 6.864759447755123 9.15301259700683
0 35.64453125 16.861979166666664 6.945682786096826 9.260910381462436
0 38.96484375 22.330729166666664 7.993042513249997 10.657390017666662
0 32.03125 21.028645833333336 7.756509415978292 10.342012554637723
0 28.80859375 24.739583333333336 8.413115693414442 11.217487591219255
0 42.041015625 14.453125 6.430452730012657 8.57393697335021
0 41.162109375 22.0703125 7.946299173761924 10.595065565015899
0 46.58203125 13.802083333333334 6.283953943473511 8.378605257964681
0 39.94140625 18.229166666666664 7.221777078979024 9.629036105305365
0 55.908203125 13.0859375 6.118755388111396 8.15834051748186
0 52.392578125 17.7734375 7.130933499479933 9.50791133263991
0 47.998046875 18.489583333333336 7.273178276253042 9.697571035004056
0 52.392578125 13.541666666666666 6.224389054678692 8.299185406238257
0 58.837890625 10.677083333333332 5.526968468101451 7.369291290801934
0 61.962890625 11.5234375 5.74184805976159 7.6557974130154545
0 59.716796875 12.174479166666668 5.901818727360142 7.8690916364801895
0 60.107421875 14.583333333333334 6.459353786778786 8.612471715705048
0 60.7421875 17.7734375 7.130933499479933 9.50791133263991
0 59.228515625 21.419270833333336 7.828219811023351 10.437626414697803
0 62.841796875 23.828125 8.256682897014576 11.008910529352768
0 60.009765625 30.403645833333332 9.326603265341873 12.43547102045583
0 80.419921875 36.26302083333333 10.185741740892722 13.580988987856962
0 67.28515625 23.697916666666664 8.234092750996119 10.978790334661493
0 71.484375 19.140625 7.400119417103358 9.866825889471144
0 72.55859375 29.8828125 9.24637292940864 12.32849723921152
0 66.943359375 12.955729166666666 6.088237714617921 8.117650286157229
0 65.234375 18.75 7.32421875 9.765625
0 65.33203125 15.104166666666666 6.573687508709111 8.764916678278816
0 64.0625 14.322916666666666 6.401421192444773 8.53522825659303
0 69.970703125 13.932291666666666 6.313525654778199 8.418034206370931
0 93.84765625 27.473958333333332 8.865868558553435 11.821158078071248
0 76.806640625 15.234375 6.60196156395994 8.802615418613254
0 72.607421875 13.28125 6.16424861960576 8.218998159474348
0 74.4140625 14.84375 6.516771394062079 8.689028525416106
0 71.09375 15.690104166666666 6.699981201202437 8.933308268269917
0 79.19921875 15.950520833333334 6.755353888299149 9.0071385177322
0 90.673828125 16.6015625 6.891839471823862 9.189119295765149
0 83.203125 15.950520833333334 6.755353888299149 9.0071385177322
0 96.09375 18.489583333333336 7.273178276253042 9.697571035004056
0 88.623046875 29.166666666666668 9.134905729428569 12.17987430590476
0 79.00390625 27.994791666666668 8.94951068030712 11.932680907076158
0 95.99609375 46.484375 11.532253190729483 15.376337587639311
0 98.583984375 39.19270833333333 10.589203840879804 14.118938454506406
0 81.494140625 17.513020833333336 7.0784994535786145 9.437999271438152
0 84.912109375 20.052083333333336 7.574263699945591 10.099018266594122
0 79.1015625 22.916666666666664 8.097228492078614 10.796304656104818
0 83.544921875 24.479166666666664 8.36871899463018 11.15829199284024
0 98.583984375 25.5859375 8.555814067917595 11.407752090556793
0 92.236328125 21.940104166666664 7.92282408798045 10.5637654506406
0 92.236328125 18.359375 7.247523246483103 9.663364328644137
0 92.67578125 17.122395833333336 6.9991119025755095 9.332149203434014
0 94.580078125 19.401041666666664 7.450290292806215 9.933720390408286
0 86.962890625 18.880208333333336 7.349606066157407 9.799474754876544
0 87.060546875 16.861979166666664 6.945682786096826 9.260910381462436
0 88.8671875 23.046875 8.120199399200482 10.82693253226731
0 90.771484375 24.739583333333336 8.413115693414442 11.217487591219255
0 91.162109375 28.385416666666668 9.011732824849489 12.015643766465985
0 98.974609375 29.6875 9.216106488367615 12.288141984490153
