0 73.92578125 34.44010416666667 9.926425761285763 13.235234348381017
0 32.568359375 33.65885416666667 9.813192865486773 13.084257153982362
0 54.78515625 23.697916666666664 8.234092750996119 10.978790334661493
0 25.1953125 24.869791666666664 8.435226416678011 11.246968555570682
0 14.697265625 41.015625 10.832665618468535 14.443554157958047
0 10.302734375 26.432291666666668 8.696171172348027 11.594894896464037
0 1.123046875 37.56510416666667 10.366996918617573 13.822662558156765
0 7.2265625 83.26822916666666 15.434776143068593 20.57970152409146
0 80.322265625 42.05729166666667 10.969360812751116 14.62581441700149
0 61.865234375 46.484375 11.532253190729483 15.376337587639311
0 86.81640625 30.6640625 9.366460725843998 12.48861430112533
0 81.103515625 22.65625 8.051090062422436 10.734786749896582
0 75.5859375 14.518229166666666 6.444919458600731 8.593225944800976
0 60.986328125 17.96875 7.170007400189656 9.56000986691954
0 50.830078125 11.393229166666668 5.7093160808928545 7.612421441190473
0 59.86328125 14.388020833333334 6.415953381844678 8.554604509126236
0 42.28515625 20.963541666666664 7.7444931277157725 10.325990836954363
0 44.384765625 28.3203125 9.001392336274797 12.001856448366395
0 35.3515625 24.609375 8.39094670707246 11.187928942763282
0 31.201171875 18.75 7.32421875 9.765625
0 22.94921875 21.223958333333336 7.792447103762027 10.389929471682702
0 17.724609375 19.661458333333336 7.500125566067204 10.00016742142294
0 9.86328125 16.080729166666664 6.782870718656271 9.043827624875028
0 18.115234375 14.518229166666666 6.444919458600731 8.593225944800976
0 27.783203125 15.4296875 6.644147051109997 8.858862734813329
0 18.84765625 12.825520833333334 6.057566296777102 8.076755062369468
0 14.794921875 15.950520833333334 6.755353888299149 9.0071385177322
0 10.791015625 17.96875 7.170007400189656 9.56000986691954
0 3.7109375 17.578125 7.091644310682526 9.455525747576702
0 11.376953125 16.341145833333336 6.837572174807153 9.116762899742872
0 51.416015625 15.559895833333334 6.672122530845778 8.896163374461038
