0 94.873046875 54.296875 12.463731601966636 16.61830880262218
0 92.724609375 39.2578125 10.597995211294762 14.130660281726351
0 99.4140625 35.7421875 10.11233003282525 13.483106710433667
0 89.6484375 31.380208333333332 9.475204282385269 12.633605709847027
0 85.15625 36.97916666666667 10.285827359834423 13.714436479779232
0 88.8671875 43.9453125 11.212874188765769 14.950498918354358
0 97.802734375 31.575520833333332 9.50464569238125 12.672860923174998
0 85.693359375 30.338541666666668 9.316612257369233 12.42214967649231
0 76.07421875 51.888020833333336 12.184121568406452 16.245495424541936
0 86.03515625 34.44010416666667 9.926425761285763 13.235234348381017
0 87.98828125 27.604166666666668 8.886852892188134 11.849137189584178
0 93.1640625 25.065104166666668 8.468284256293707 11.291045675058275
0 75.732421875 30.46875 9.336583582018038 12.448778109357384
0 72.36328125 67.7734375 13.924846858581342 18.566462478108456
0 46.77734375 81.4453125 15.264891357909912 20.353188477213216
0 46.435546875 65.75520833333334 13.715945467678365 18.287927290237818
0 4.931640625 75.45572916666666 14.692874898938872 19.59049986525183
0 0.634765625 56.705729166666664 12.737205050481693 16.982940067308924
0 23.486328125 54.752604166666664 12.515928133795093 16.687904178393456
0 32.763671875 63.0859375 13.434668397860802 17.912891197147736
0 42.041015625 56.705729166666664 12.737205050481693 16.982940067308924
0 61.962890625 55.533854166666664 12.604905046425404 16.80654006190054
0 58.544921875 43.75 11.187928942763282 14.917238590351042
0 68.1640625 42.83854166666667 11.070774625986973 14.761032834649296
0 72.36328125 36.06770833333333 10.158274522151634 13.544366029535512
0 55.37109375 36.5234375 10.22224989284926 13.629666523799013
0 43.06640625 45.703125 11.434932858395506 15.24657714452734
0 22.55859375 43.48958333333333 11.154581837461587 14.872775783282115
0 5.615234375 36.84895833333333 10.267702539831983 13.690270053109312
0 24.169921875 38.34635416666667 10.474244568927316 13.965659425236424
0 40.33203125 37.76041666666667 10.393912576859377 13.85855010247917
0 41.357421875 71.54947916666666 14.307505090003714 19.076673453338287
0 88.8671875 34.11458333333333 9.87940311049722 13.17253748066296
