0 98.4375 22.265625 7.981382342908947 10.641843123878598
0 84.66796875 30.143229166666668 9.286574740419274 12.382099653892366
0 90.869140625 22.786458333333336 8.074192233473482 10.765589644631309
0 94.53125 20.3125 7.62328857226367 10.164384763018226
0 89.35546875 20.182291666666664 7.598815672600545 10.13175423013406
0 82.51953125 20.963541666666664 7.7444931277157725 10.325990836954363
0 72.314453125 20.3125 7.62328857226367 10.164384763018226
0 84.5703125 18.684895833333336 7.311492035346033 9.748656047128044
0 81.005859375 18.359375 7.247523246483103 9.663364328644137
0 88.28125 18.684895833333336 7.311492035346033 9.748656047128044
0 87.255859375 17.838541666666664 7.143981879101334 9.525309172135112
0 76.123046875 16.536458333333336 6.878312786611722 9.171083715482297
0 68.701171875 15.364583333333334 6.6301150458985685 8.840153394531425
0 64.6484375 15.885416666666666 6.741553355216833 8.988737806955777
0 43.994140625 16.2109375 6.810276368536802 9.080368491382403
0 57.666015625 15.364583333333334 6.6301150458985685 8.840153394531425
0 60.498046875 15.169270833333334 6.587839704871492 8.783786273161988
0 34.033203125 16.536458333333336 6.878312786611722 9.171083715482297
0 28.662109375 16.40625 6.8511792970714245 9.134905729428567
0 25.048828125 16.536458333333336 6.878312786611722 9.171083715482297
0 10.400390625 20.638020833333336 7.684129829110212 10.245506438813615
0 4.541015625 20.963541666666664 7.7444931277157725 10.325990836954363
0 0.634765625 18.033854166666664 7.182984799767957 9.577313066357275
0 7.12890625 18.033854166666664 7.182984799767957 9.577313066357275
0 73.14453125 15.885416666666666 6.741553355216833 8.988737806955777
