0 98.4375 22.981770833333336 8.108722079825698 10.811629439767596
0 90.673828125 22.591145833333336 8.039514082226251 10.719352109635
0 85.595703125 23.763020833333336 8.245395560367612 10.993860747156816
0 41.064453125 20.768229166666664 7.708331872750909 10.277775830334546
0 82.861328125 20.638020833333336 7.684129829110212 10.245506438813615
0 42.28515625 15.4296875 6.644147051109997 8.858862734813329
0 83.642578125 18.1640625 7.208869513560617 9.611826018080823
0 35.986328125 18.1640625 7.208869513560617 9.611826018080823
0 27.1484375 24.8046875 8.424178309229896 11.23223774563986
0 20.80078125 20.768229166666664 7.708331872750909 10.277775830334546
0 10.205078125 20.8984375 7.732458166088822 10.309944221451763
0 5.419921875 17.3828125 7.052136235529384 9.40284831403918
0 0.9765625 19.7265625 7.512532730158185 10.01671030687758
