0 46.484375 75.13020833333334 14.661147643389056 19.548196857852073
0 35.498046875 62.044270833333336 13.323290986903732 17.76438798253831
0 12.939453125 17.513020833333336 7.0784994535786145 9.437999271438152
0 5.810546875 17.7734375 7.130933499479933 9.50791133263991
0 24.951171875 17.643229166666664 7.104764847914316 9.473019797219088
0 38.818359375 15.104166666666666 6.573687508709111 8.764916678278816
0 23.388671875 15.690104166666666 6.699981201202437 8.933308268269917
0 19.7265625 15.690104166666666 6.699981201202437 8.933308268269917
0 76.025390625 19.7265625 7.512532730158185 10.01671030687758
0 55.46875 20.8984375 7.732458166088822 10.309944221451763
0 54.833984375 16.471354166666664 6.864759447755123 9.15301259700683
0 76.26953125 16.6015625 6.891839471823862 9.189119295765149
0 60.595703125 63.8671875 13.517599237274231 18.023465649698974
0 63.720703125 51.822916666666664 12.176475429235841 16.235300572314458
0 75.927734375 45.63802083333333 11.426785416777987 15.235713889037317
0 77.1484375 34.24479166666667 9.898238977189243 13.197651969585658
0 67.041015625 32.6171875 9.660151239834237 12.880201653112316
0 49.8046875 40.75520833333333 10.79822144345345 14.397628591271266
0 35.15625 40.625 10.780958088779109 14.374610785038813
0 25.5859375 40.625 10.780958088779109 14.374610785038813
0 18.9453125 30.208333333333332 9.296598029619028 12.395464039492039
0 10.15625 39.58333333333333 10.641843123878598 14.189124165171464
0 1.953125 41.6015625 10.909767414379564 14.546356552506085
0 15.283203125 33.0078125 9.717824296930333 12.957099062573777
0 6.494140625 31.705729166666668 9.524222738236839 12.698963650982451
0 15.478515625 25.78125 8.588407763348565 11.451210351131419
0 3.173828125 28.450520833333332 9.02206146184966 12.029415282466214
0 38.818359375 32.421875 9.631185203893738 12.84158027185832
0 33.056640625 32.16145833333333 9.592427762147041 12.789903682862722
0 26.171875 31.380208333333332 9.475204282385269 12.633605709847027
0 33.59375 26.041666666666668 8.631674575031099 11.508899433374797
0 45.80078125 21.158854166666664 7.780486318348366 10.373981757797822
0 52.05078125 23.828125 8.256682897014576 11.008910529352768
0 57.470703125 25.78125 8.588407763348565 11.451210351131419
0 69.482421875 27.994791666666668 8.94951068030712 11.932680907076158
0 60.595703125 22.65625 8.051090062422436 10.734786749896582
0 50.68359375 20.442708333333336 7.647683158045451 10.196910877393934
0 66.357421875 23.828125 8.256682897014576 11.008910529352768
0 78.173828125 28.125 8.970299351012615 11.960399134683486
0 92.48046875 27.5390625 8.876366926421502 11.835155901895336
0 85.498046875 27.864583333333332 8.928673607377803 11.904898143170405
0 6.15234375 25.1953125 8.490251308132054 11.320335077509403
0 21.728515625 23.567708333333336 8.211440458419013 10.948587277892017
0 38.916015625 25.455729166666668 8.53401578009617 11.378687706794894
0 32.275390625 22.786458333333336 8.074192233473482 10.765589644631309
0 2.1484375 22.200520833333336 7.969705113037473 10.626273484049964
0 11.03515625 26.953125 8.78142979122202 11.708573054962693
0 26.46484375 23.567708333333336 8.211440458419013 10.948587277892017
0 29.39453125 29.947916666666668 9.25643975103949 12.341919668052654
0 40.283203125 22.786458333333336 8.074192233473482 10.765589644631309
0 9.375 23.4375 8.188725503539269 10.918300671385692
0 39.2578125 19.401041666666664 7.450290292806215 9.933720390408286
0 46.923828125 18.098958333333336 7.195938795502683 9.594585060670244
0 61.71875 18.9453125 7.3622668956389274 9.816355860851903
0 71.484375 20.768229166666664 7.708331872750909 10.277775830334546
0 79.833984375 24.609375 8.39094670707246 11.187928942763282
0 87.060546875 23.2421875 8.154534433525017 10.872712578033356
0 78.02734375 22.526041666666664 8.027921409891299 10.703895213188398
0 60.693359375 17.643229166666664 7.104764847914316 9.473019797219088
0 57.373046875 20.8984375 7.732458166088822 10.309944221451763
0 16.943359375 15.4296875 6.644147051109997 8.858862734813329
0 4.39453125 18.815104166666664 7.336923388776433 9.782564518368577
0 0.244140625 23.111979166666664 8.131660519088275 10.842214025451032
0 13.28125 21.940104166666664 7.92282408798045 10.5637654506406
0 90.72265625 22.786458333333336 8.074192233473482 10.765589644631309
0 84.716796875 18.359375 7.247523246483103 9.663364328644137
0 94.580078125 22.200520833333336 7.969705113037473 10.626273484049964
0 82.275390625 17.317708333333336 7.038917599286375 9.385223465715166
0 50.244140625 16.276041666666664 6.823937919616058 9.09858389282141
0 43.26171875 16.471354166666664 6.864759447755123 9.15301259700683
0 27.1484375 16.861979166666664 6.945682786096826 9.260910381462436
0 33.837890625 17.317708333333336 7.038917599286375 9.385223465715166
0 11.71875 20.1171875 7.586549618320344 10.115399491093791
0 29.39453125 16.471354166666664 6.864759447755123 9.15301259700683
0 31.396484375 15.8203125 6.72772451325946 8.970299351012613
0 9.47265625 20.1171875 7.586549618320344 10.115399491093791
0 1.806640625 19.401041666666664 7.450290292806215 9.933720390408286
0 66.943359375 16.276041666666664 6.823937919616058 9.09858389282141
0 77.587890625 17.513020833333336 7.0784994535786145 9.437999271438152
0 89.0625 16.731770833333336 6.9188135063199665 9.225084675093289
0 35.595703125 17.643229166666664 7.104764847914316 9.473019797219088
0 82.6171875 24.869791666666664 8.435226416678011 11.246968555570682
0 73.73046875 17.903645833333336 7.157006469457137 9.542675292609516
0 74.70703125 16.731770833333336 6.9188135063199665 9.225084675093289
0 97.16796875 21.614583333333336 7.863829789260941 10.485106385681254
0 41.259765625 15.8203125 6.72772451325946 8.970299351012613
0 66.943359375 16.471354166666664 6.864759447755123 9.15301259700683
0 99.609375 32.16145833333333 9.592427762147041 12.789903682862722
0 45.01953125 16.6015625 6.891839471823862 9.189119295765149
0 47.021484375 16.015625 6.7691262856502785 9.025501714200372
0 32.373046875 17.057291666666664 6.985792933508055 9.31439057801074
0 5.615234375 20.768229166666664 7.708331872750909 10.277775830334546
0 23.92578125 23.111979166666664 8.131660519088275 10.842214025451032
0 23.388671875 28.3203125 9.001392336274797 12.001856448366395
0 28.7109375 22.395833333333336 8.00468569861084 10.672914264814453
0 32.275390625 19.401041666666664 7.450290292806215 9.933720390408286
0 7.91015625 19.986979166666664 7.561957820656658 10.08261042754221
0 80.029296875 18.815104166666664 7.336923388776433 9.782564518368577
0 92.724609375 19.986979166666664 7.561957820656658 10.08261042754221
