0 48.876953125 87.04427083333334 15.780863615536983 21.041151487382646
0 61.962890625 73.56770833333334 14.507891020513567 19.343854694018088
0 52.9296875 55.338541666666664 12.582719804741396 16.776959739655194
0 71.533203125 51.236979166666664 12.107442886277694 16.14325718170359
0 19.3359375 61.588541666666664 13.274269513508024 17.6990260180107
0 7.6171875 57.942708333333336 12.875380315996695 17.16717375466226
0 27.001953125 41.14583333333333 10.849846700824694 14.466462267766259
0 54.541015625 35.67708333333333 10.103116062772735 13.470821417030313
0 38.427734375 34.5703125 9.945172568847854 13.26023009179714
0 40.869140625 29.1015625 9.124704826492952 12.166273101990603
0 19.7265625 40.75520833333333 10.79822144345345 14.397628591271266
0 15.283203125 38.0859375 10.438617783500408 13.918157044667211
0 80.908203125 42.83854166666667 11.070774625986973 14.761032834649296
0 70.751953125 37.95572916666667 10.420758715187912 13.894344953583882
0 89.892578125 42.578125 11.037073559585647 14.716098079447528
0 97.802734375 51.7578125 12.168824485703665 16.225099314271553
0 99.609375 44.921875 11.336777112430854 15.11570281657447
0 99.4140625 57.03125 12.773711875278535 17.031615833704713
0 91.943359375 68.42447916666666 13.991569075131407 18.655425433508544
0 90.283203125 32.74739583333333 9.679413773897526 12.905885031863368
0 95.3125 27.9296875 8.939098215256843 11.918797620342456
0 98.681640625 33.13802083333333 9.736972737758677 12.982630317011571
0 98.92578125 35.3515625 10.056919588186085 13.409226117581447
0 64.501953125 32.6171875 9.660151239834237 12.880201653112316
0 65.625 25.065104166666668 8.468284256293707 11.291045675058275
0 38.330078125 29.296875 9.1552734375 12.20703125
0 63.57421875 27.799479166666668 8.918236814088415 11.890982418784553
0 49.609375 29.8828125 9.24637292940864 12.32849723921152
0 52.490234375 25.520833333333332 8.544921875 11.393229166666668
0 50.9765625 30.2734375 9.306610523667546 12.408814031556727
0 3.515625 25.390625 8.523095729839442 11.364127639785922
0 72.998046875 70.44270833333334 14.196415221695565 18.92855362892742
0 90.8203125 78.515625 14.98782856177817 19.983771415704226
0 39.697265625 72.20052083333334 14.372450975728293 19.163267967637722
0 2.392578125 65.36458333333334 13.675144349614307 18.233525799485744
0 29.150390625 54.622395833333336 12.501037077797877 16.668049437063836
0 12.939453125 41.08072916666667 10.841259563190683 14.45501275092091
0 10.400390625 32.35677083333333 9.621510480001493 12.828680640001991
0 33.0078125 34.765625 9.973226707988399 13.297635610651199
0 25.830078125 30.2734375 9.306610523667546 12.408814031556727
0 46.630859375 35.3515625 10.056919588186085 13.409226117581447
0 44.82421875 29.166666666666668 9.134905729428569 12.17987430590476
0 38.232421875 25.520833333333332 8.544921875 11.393229166666668
0 26.171875 23.567708333333336 8.211440458419013 10.948587277892017
0 17.7734375 22.526041666666664 8.027921409891299 10.703895213188398
0 12.3046875 22.916666666666664 8.097228492078614 10.796304656104818
0 27.490234375 21.549479166666664 7.85197774064246 10.469303654189947
0 40.087890625 19.075520833333336 7.3875234600282 9.850031280037602
0 46.044921875 23.567708333333336 8.211440458419013 10.948587277892017
0 54.00390625 23.567708333333336 8.211440458419013 10.948587277892017
0 56.884765625 21.6796875 7.875664001809045 10.500885335745393
0 68.5546875 23.893229166666664 8.267954824306681 11.023939765742242
0 60.791015625 50.260416666666664 11.991505556877746 15.988674075836995
0 76.171875 43.68489583333333 11.179601491707887 14.906135322277184
0 71.435546875 22.65625 8.051090062422436 10.734786749896582
0 78.7109375 27.799479166666668 8.918236814088415 11.890982418784553
0 77.490234375 21.940104166666664 7.92282408798045 10.5637654506406
0 75.634765625 32.74739583333333 9.679413773897526 12.905885031863368
0 84.765625 38.21614583333333 10.456446349494515 13.941928465992687
0 87.353515625 30.403645833333332 9.326603265341873 12.43547102045583
0 87.353515625 24.4140625 8.357582969744357 11.143443959659143
0 94.580078125 23.4375 8.188725503539269 10.918300671385692
0 93.06640625 22.330729166666664 7.993042513249997 10.657390017666662
0 92.041015625 56.510416666666664 12.715250644531043 16.95366752604139
0 86.62109375 20.572916666666664 7.672000176987631 10.229333569316841
0 50.634765625 12.239583333333332 5.917577950947668 7.8901039345968895
0 62.01171875 13.606770833333334 6.2393335877260965 8.319111450301463
0 55.859375 15.104166666666666 6.573687508709111 8.764916678278816
0 51.26953125 15.8203125 6.72772451325946 8.970299351012613
0 38.134765625 16.341145833333336 6.837572174807153 9.116762899742872
0 24.0234375 18.098958333333336 7.195938795502683 9.594585060670244
0 16.2109375 13.8671875 6.298757153488249 8.398342871317666
0 9.375 18.5546875 7.28597191547444 9.714629220632586
0 36.42578125 16.080729166666664 6.782870718656271 9.043827624875028
0 58.251953125 14.713541666666666 6.488126106405426 8.650834808540568
0 66.650390625 15.559895833333334 6.672122530845778 8.896163374461038
0 67.431640625 16.731770833333336 6.9188135063199665 9.225084675093289
0 11.5234375 59.635416666666664 13.062093847065857 17.416125129421143
0 42.96875 44.921875 11.336777112430854 15.11570281657447
0 4.150390625 20.963541666666664 7.7444931277157725 10.325990836954363
0 7.177734375 19.075520833333336 7.3875234600282 9.850031280037602
0 19.82421875 21.158854166666664 7.780486318348366 10.373981757797822
0 25.439453125 19.466145833333336 7.462780310447684 9.950373747263578
0 77.099609375 19.466145833333336 7.462780310447684 9.950373747263578
0 33.837890625 21.419270833333336 7.828219811023351 10.437626414697803
0 33.447265625 15.234375 6.60196156395994 8.802615418613254
0 31.689453125 16.2109375 6.810276368536802 9.080368491382403
0 44.091796875 15.234375 6.60196156395994 8.802615418613254
0 85.791015625 28.776041666666668 9.073528288158268 12.098037717544358
0 94.482421875 20.572916666666664 7.672000176987631 10.229333569316841
0 77.783203125 16.2109375 6.810276368536802 9.080368491382403
0 78.41796875 17.708333333333336 7.117861199762329 9.490481599683106
0 74.51171875 26.7578125 8.749555167743805 11.66607355699174
0 79.541015625 24.153645833333336 8.312889692307273 11.083852923076364
0 84.375 20.442708333333336 7.647683158045451 10.196910877393934
0 45.947265625 16.2109375 6.810276368536802 9.080368491382403
0 53.61328125 15.8203125 6.72772451325946 8.970299351012613
0 1.953125 19.205729166666664 7.412693970636669 9.883591960848893
0 0.634765625 20.572916666666664 7.672000176987631 10.229333569316841
0 21.435546875 15.559895833333334 6.672122530845778 8.896163374461038
0 23.681640625 14.84375 6.516771394062079 8.689028525416106
0 48.779296875 22.526041666666664 8.027921409891299 10.703895213188398
0 65.185546875 20.963541666666664 7.7444931277157725 10.325990836954363
0 75.830078125 16.080729166666664 6.782870718656271 9.043827624875028
0 73.681640625 17.057291666666664 6.985792933508055 9.31439057801074
0 0.537109375 46.94010416666667 11.588645963163772 15.45152795088503
