0 0.78125 17.708333333333336 7.117861199762329 9.490481599683106
0 1.611328125 16.341145833333336 6.837572174807153 9.116762899742872
0 3.857421875 16.796875 6.932261164306974 9.243014885742634
0 5.078125 18.424479166666664 7.2603620931215325 9.680482790828709
0 4.833984375 17.057291666666664 6.985792933508055 9.31439057801074
0 5.810546875 16.927083333333336 6.959078522333606 9.278771363111476
0 7.568359375 17.252604166666664 7.025674092542321 9.367565456723094
0 10.9375 15.950520833333334 6.755353888299149 9.0071385177322
0 9.619140625 17.643229166666664 7.104764847914316 9.473019797219088
0 3.466796875 19.791666666666664 7.524919437217989 10.033225916290652
0 3.515625 21.354166666666664 7.816313766397521 10.421751688530028
0 7.2265625 20.638020833333336 7.684129829110212 10.245506438813615
0 4.443359375 23.4375 8.188725503539269 10.918300671385692
0 8.837890625 24.0234375 8.290452702152177 11.053936936202902
0 1.708984375 25.651041666666668 8.566692411876344 11.422256549168457
0 6.0546875 26.171875 8.653226854710587 11.537635806280782
0 6.884765625 30.794270833333332 9.386325988299376 12.515101317732501
0 10.64453125 28.841145833333332 9.083786661460703 12.11171554861427
0 0.927734375 35.9375 10.139921707663666 13.51989561021822
0 -0.732421875 44.3359375 11.262598930203817 15.016798573605088
0 3.22265625 55.6640625 12.619673540121662 16.826231386828884
0 10.400390625 49.86979166666667 11.944815546130936 15.92642072817458
0 12.255859375 37.6953125 10.38494844187839 13.84659792250452
0 11.62109375 19.986979166666664 7.561957820656658 10.08261042754221
0 12.744140625 18.229166666666664 7.221777078979024 9.629036105305365
0 13.671875 16.080729166666664 6.782870718656271 9.043827624875028
0 14.306640625 16.796875 6.932261164306974 9.243014885742634
0 18.06640625 14.388020833333334 6.415953381844678 8.554604509126236
0 19.189453125 15.625 6.686066375795484 8.914755167727312
0 15.869140625 17.838541666666664 7.143981879101334 9.525309172135112
0 18.06640625 18.489583333333336 7.273178276253042 9.697571035004056
0 17.87109375 19.596354166666664 7.487697843252746 9.983597124336994
0 13.96484375 21.744791666666664 7.887480458569388 10.51664061142585
0 21.2890625 16.145833333333336 6.796587356970242 9.062116475960323
0 21.09375 17.578125 7.091644310682526 9.455525747576702
0 23.046875 18.229166666666664 7.221777078979024 9.629036105305365
0 20.8984375 18.75 7.32421875 9.765625
0 20.80078125 20.638020833333336 7.684129829110212 10.245506438813615
0 17.529296875 21.875 7.911060422861158 10.548080563814876
0 21.044921875 24.544270833333336 8.379840220792225 11.173120294389632
0 18.310546875 25.651041666666668 8.566692411876344 11.422256549168457
0 22.55859375 25.846354166666668 8.59924487524742 11.465659833663226
0 22.65625 30.46875 9.336583582018038 12.448778109357384
0 19.62890625 32.2265625 9.60213178866716 12.802842384889546
0 18.65234375 38.28125 10.46534924284805 13.953798990464069
0 21.533203125 44.7265625 11.312105098175438 15.082806797567253
0 28.955078125 48.76302083333333 11.811524951393816 15.748699935191754
0 37.158203125 58.463541666666664 12.93311773707098 17.244156982761304
0 46.728515625 82.16145833333334 15.331856307471279 20.442475076628373
0 64.599609375 62.565104166666664 13.379095591298201 17.838794121730935
0 64.501953125 81.31510416666666 15.252684325683349 20.336912434244468
0 24.4140625 14.127604166666666 6.3576253222655215 8.476833763020695
0 23.291015625 15.0390625 6.559504779115197 8.746006372153596
0 26.3671875 14.192708333333334 6.372257390692475 8.496343187589966
0 28.22265625 13.736979166666666 6.269115778861736 8.358821038482315
0 28.80859375 13.606770833333334 6.2393335877260965 8.319111450301463
0 30.322265625 13.802083333333334 6.283953943473511 8.378605257964681
0 31.884765625 14.127604166666666 6.3576253222655215 8.476833763020695
0 29.00390625 15.299479166666666 6.61605328023645 8.821404373648601
0 28.7109375 16.536458333333336 6.878312786611722 9.171083715482297
0 24.951171875 16.6015625 6.891839471823862 9.189119295765149
0 26.123046875 16.40625 6.8511792970714245 9.134905729428567
0 25.5859375 18.294270833333336 7.234661615679748 9.646215487572997
0 26.611328125 18.75 7.32421875 9.765625
0 28.3203125 21.028645833333336 7.756509415978292 10.342012554637723
0 27.734375 23.177083333333336 8.143105507889608 10.857474010519478
0 31.4453125 16.145833333333336 6.796587356970242 9.062116475960323
0 33.154296875 15.690104166666666 6.699981201202437 8.933308268269917
0 33.837890625 15.0390625 6.559504779115197 8.746006372153596
0 34.814453125 13.932291666666666 6.313525654778199 8.418034206370931
0 35.791015625 14.908854166666666 6.531046923532928 8.708062564710572
0 37.5 14.192708333333334 6.372257390692475 8.496343187589966
0 37.646484375 15.885416666666666 6.741553355216833 8.988737806955777
0 36.083984375 16.9921875 6.972448522214271 9.296598029619028
0 34.66796875 16.40625 6.8511792970714245 9.134905729428567
0 33.30078125 17.057291666666664 6.985792933508055 9.31439057801074
0 30.95703125 18.098958333333336 7.195938795502683 9.594585060670244
0 29.736328125 19.3359375 7.437779301119349 9.917039068159132
0 34.130859375 19.401041666666664 7.450290292806215 9.933720390408286
0 31.54296875 21.223958333333336 7.792447103762027 10.389929471682702
0 39.599609375 14.127604166666666 6.3576253222655215 8.476833763020695
0 41.259765625 14.388020833333334 6.415953381844678 8.554604509126236
0 42.08984375 14.388020833333334 6.415953381844678 8.554604509126236
0 39.111328125 15.494791666666666 6.658149484030587 8.877532645374115
0 40.13671875 16.40625 6.8511792970714245 9.134905729428567
0 42.1875 16.9921875 6.972448522214271 9.296598029619028
0 37.158203125 18.684895833333336 7.311492035346033 9.748656047128044
0 39.35546875 19.53125 7.475249459177179 9.966999278902906
0 44.677734375 15.885416666666666 6.741553355216833 8.988737806955777
0 45.8984375 13.932291666666666 6.313525654778199 8.418034206370931
0 46.6796875 15.755208333333334 6.7138671875 8.951822916666668
0 48.876953125 14.583333333333334 6.459353786778786 8.612471715705048
0 44.189453125 18.294270833333336 7.234661615679748 9.646215487572997
0 41.89453125 20.703125 7.6962403643301345 10.261653819106845
0 41.552734375 23.6328125 8.222774405094897 10.963699206793196
0 36.62109375 27.1484375 8.81318913463968 11.750918846186241
0 32.177734375 29.1015625 9.124704826492952 12.166273101990603
0 31.0546875 35.28645833333333 10.047654805392046 13.39687307385606
0 37.98828125 33.33333333333333 9.765625 13.020833333333334
0 40.771484375 28.971354166666668 9.104268731797058 12.139024975729411
0 40.72265625 41.08072916666667 10.841259563190683 14.45501275092091
0 34.66796875 40.88541666666667 10.81545724284018 14.42060965712024
0 48.046875 46.6796875 11.556455217749932 15.40860695699991
0 54.345703125 48.6328125 11.795744683891412 15.727659578521882
0 48.14453125 17.903645833333336 7.157006469457137 9.542675292609516
0 51.7578125 17.1875 7.012405574387241 9.349874099182989
0 49.31640625 19.7265625 7.512532730158185 10.01671030687758
0 48.193359375 21.744791666666664 7.887480458569388 10.51664061142585
0 45.80078125 22.591145833333336 8.039514082226251 10.719352109635
0 52.099609375 25.5859375 8.555814067917595 11.407752090556793
0 51.3671875 26.497395833333332 8.706874156303165 11.609165541737553
0 44.189453125 31.184895833333332 9.445671106287941 12.594228141717254
0 47.216796875 32.94270833333333 9.708235913444133 12.944314551258843
0 54.443359375 30.598958333333332 9.35651227829339 12.475349704391189
0 51.513671875 35.09114583333333 10.019809057239993 13.359745409653323
0 52.5390625 14.84375 6.516771394062079 8.689028525416106
0 54.00390625 13.932291666666666 6.313525654778199 8.418034206370931
0 55.76171875 11.653645833333332 5.7741967555006415 7.698929007334189
0 56.8359375 13.0859375 6.118755388111396 8.15834051748186
0 58.349609375 12.434895833333332 5.964605800076924 7.952807733435899
0 56.396484375 13.997395833333334 6.328259690346595 8.437679587128793
0 56.201171875 16.40625 6.8511792970714245 9.134905729428567
0 61.572265625 13.0859375 6.118755388111396 8.15834051748186
0 62.646484375 17.3828125 7.052136235529384 9.40284831403918
0 60.44921875 18.229166666666664 7.221777078979024 9.629036105305365
0 57.03125 20.052083333333336 7.574263699945591 10.099018266594122
0 60.791015625 21.2890625 7.804389558437758 10.405852744583676
0 57.71484375 23.372395833333336 8.177344364608315 10.903125819477753
0 59.765625 25.1953125 8.490251308132054 11.320335077509403
0 63.525390625 25.5859375 8.555814067917595 11.407752090556793
0 60.9375 28.580729166666668 9.042683343523592 12.056911124698123
0 60.64453125 31.8359375 9.543759625922785 12.725012834563712
0 65.72265625 39.51822916666667 10.633088006704314 14.177450675605751
0 66.11328125 43.22916666666667 11.121134740166381 14.828179653555177
0 76.513671875 52.213541666666664 12.222280514221671 16.29637401896223
0 76.07421875 57.877604166666664 12.868144923283701 17.157526564378266
0 84.619140625 46.09375 11.48369611952318 15.311594826030909
0 90.380859375 49.47916666666667 11.897942315440629 15.863923087254172
0 65.72265625 14.388020833333334 6.415953381844678 8.554604509126236
0 67.333984375 14.388020833333334 6.415953381844678 8.554604509126236
0 68.06640625 13.736979166666666 6.269115778861736 8.358821038482315
0 68.798828125 14.453125 6.430452730012657 8.57393697335021
0 68.359375 17.578125 7.091644310682526 9.455525747576702
0 72.16796875 13.802083333333334 6.283953943473511 8.378605257964681
0 73.828125 13.346354166666666 6.179338602086361 8.239118136115147
0 75.0 14.388020833333334 6.415953381844678 8.554604509126236
0 77.197265625 13.346354166666666 6.179338602086361 8.239118136115147
0 75.87890625 16.6015625 6.891839471823862 9.189119295765149
0 73.876953125 16.40625 6.8511792970714245 9.134905729428567
0 69.970703125 17.838541666666664 7.143981879101334 9.525309172135112
0 69.62890625 21.223958333333336 7.792447103762027 10.389929471682702
0 71.435546875 21.6796875 7.875664001809045 10.500885335745393
0 67.333984375 23.4375 8.188725503539269 10.918300671385692
0 70.60546875 26.627604166666668 8.728240750778255 11.637654334371007
0 72.16796875 30.598958333333332 9.35651227829339 12.475349704391189
0 72.998046875 18.294270833333336 7.234661615679748 9.646215487572997
0 78.173828125 15.690104166666666 6.699981201202437 8.933308268269917
0 79.296875 20.377604166666664 7.635495607419925 10.180660809893233
0 81.201171875 15.0390625 6.559504779115197 8.746006372153596
0 82.91015625 15.0390625 6.559504779115197 8.746006372153596
0 81.93359375 16.731770833333336 6.9188135063199665 9.225084675093289
0 82.51953125 19.596354166666664 7.487697843252746 9.983597124336994
0 84.1796875 19.140625 7.400119417103358 9.866825889471144
0 81.201171875 20.572916666666664 7.672000176987631 10.229333569316841
0 85.15625 21.223958333333336 7.792447103762027 10.389929471682702
0 83.49609375 21.875 7.911060422861158 10.548080563814876
0 82.2265625 22.135416666666664 7.958010748538389 10.610680998051187
0 75.244140625 21.223958333333336 7.792447103762027 10.389929471682702
0 77.34375 26.302083333333332 8.674725588105405 11.56630078414054
0 80.224609375 24.479166666666664 8.36871899463018 11.15829199284024
0 79.736328125 26.822916666666668 8.760192928715409 11.680257238287211
0 81.396484375 23.6328125 8.222774405094897 10.963699206793196
0 85.888671875 17.838541666666664 7.143981879101334 9.525309172135112
0 88.525390625 16.6015625 6.891839471823862 9.189119295765149
0 87.890625 19.856770833333336 7.537285788103314 10.049714384137753
0 90.91796875 19.205729166666664 7.412693970636669 9.883591960848893
0 91.40625 16.9921875 6.972448522214271 9.296598029619028
0 93.65234375 16.927083333333336 6.959078522333606 9.278771363111476
0 95.751953125 18.424479166666664 7.2603620931215325 9.680482790828709
0 98.14453125 19.205729166666664 7.412693970636669 9.883591960848893
0 97.216796875 19.856770833333336 7.537285788103314 10.049714384137753
0 93.701171875 20.052083333333336 7.574263699945591 10.099018266594122
0 99.4140625 22.395833333333336 8.00468569861084 10.672914264814453
0 92.87109375 21.6796875 7.875664001809045 10.500885335745393
0 91.69921875 21.940104166666664 7.92282408798045 10.5637654506406
0 95.80078125 22.135416666666664 7.958010748538389 10.610680998051187
0 94.82421875 23.372395833333336 8.177344364608315 10.903125819477753
0 98.828125 26.041666666666668 8.631674575031099 11.508899433374797
0 96.2890625 26.171875 8.653226854710587 11.537635806280782
0 92.333984375 24.283854166666664 8.33526628646708 11.113688381956106
0 87.01171875 24.479166666666664 8.36871899463018 11.15829199284024
0 89.501953125 24.934895833333336 8.446260072691679 11.26168009692224
0 91.748046875 26.171875 8.653226854710587 11.537635806280782
0 91.11328125 27.734375 8.907787792557633 11.877050390076842
0 90.576171875 29.8828125 9.24637292940864 12.32849723921152
0 86.9140625 29.817708333333332 9.236295135755345 12.315060181007127
0 87.6953125 31.901041666666668 9.55351308746248 12.738017449949975
0 83.49609375 33.13802083333333 9.736972737758677 12.982630317011571
0 77.392578125 34.375 9.91703906815913 13.222718757545508
0 94.287109375 33.3984375 9.775157091093119 13.033542788124159
0 98.974609375 30.46875 9.336583582018038 12.448778109357384
0 99.90234375 33.984375 9.860531263063667 13.147375017418222
0 99.951171875 39.97395833333333 10.694223308065938 14.258964410754585
0 100.78125 48.2421875 11.748276705883885 15.664368941178514
0 99.267578125 63.606770833333336 13.49001227130148 17.986683028401973
