0 48.33984375 20.182291666666664 7.598815672600545 10.13175423013406
0 29.541015625 23.111979166666664 8.131660519088275 10.842214025451032
0 5.17578125 18.880208333333336 7.349606066157407 9.799474754876544
0 66.89453125 23.828125 8.256682897014576 11.008910529352768
0 80.029296875 23.828125 8.256682897014576 11.008910529352768
0 94.482421875 21.809895833333336 7.8992792392241125 10.532372318965482
0 72.8515625 18.880208333333336 7.349606066157407 9.799474754876544
0 88.671875 24.609375 8.39094670707246 11.187928942763282
0 98.095703125 27.083333333333332 8.802615418613255 11.736820558151006
0 64.0625 16.015625 6.7691262856502785 9.025501714200372
0 99.560546875 30.859375 9.396242870080965 12.52832382677462
0 37.451171875 17.3828125 7.052136235529384 9.40284831403918
0 58.740234375 15.0390625 6.559504779115197 8.746006372153596
0 86.083984375 19.3359375 7.437779301119349 9.917039068159132
0 69.62890625 16.40625 6.8511792970714245 9.134905729428567
0 90.673828125 19.856770833333336 7.537285788103314 10.049714384137753
0 33.251953125 17.057291666666664 6.985792933508055 9.31439057801074
0 45.8984375 15.885416666666666 6.741553355216833 8.988737806955777
0 35.3515625 17.3828125 7.052136235529384 9.40284831403918
0 1.220703125 18.359375 7.247523246483103 9.663364328644137
0 8.49609375 19.53125 7.475249459177179 9.966999278902906
0 40.4296875 16.40625 6.8511792970714245 9.134905729428567
0 41.796875 16.536458333333336 6.878312786611722 9.171083715482297
0 43.1640625 16.731770833333336 6.9188135063199665 9.225084675093289
