0 95.263671875 61.979166666666664 13.316298968061174 17.75506529074823
0 1.806640625 16.731770833333336 6.9188135063199665 9.225084675093289
0 17.67578125 14.453125 6.430452730012657 8.57393697335021
0 3.125 18.619791666666664 7.298743129334349 9.731657505779133
0 11.23046875 18.75 7.32421875 9.765625
0 0.9765625 19.010416666666664 7.37490598974278 9.833207986323707
0 12.841796875 17.643229166666664 7.104764847914316 9.473019797219088
0 4.736328125 18.619791666666664 7.298743129334349 9.731657505779133
0 11.865234375 16.471354166666664 6.864759447755123 9.15301259700683
0 6.298828125 21.158854166666664 7.780486318348366 10.373981757797822
0 14.94140625 19.140625 7.400119417103358 9.866825889471144
0 3.02734375 22.330729166666664 7.993042513249997 10.657390017666662
0 19.775390625 15.364583333333334 6.6301150458985685 8.840153394531425
0 5.810546875 27.473958333333332 8.865868558553435 11.821158078071248
0 22.0703125 14.453125 6.430452730012657 8.57393697335021
0 8.349609375 25.1953125 8.490251308132054 11.320335077509403
0 23.095703125 17.252604166666664 7.025674092542321 9.367565456723094
0 17.67578125 23.307291666666664 8.165947363439729 10.88792981791964
0 21.58203125 16.6015625 6.891839471823862 9.189119295765149
0 14.74609375 29.036458333333332 9.114492506755418 12.15265667567389
0 18.359375 18.619791666666664 7.298743129334349 9.731657505779133
0 25.0 15.364583333333334 6.6301150458985685 8.840153394531425
0 22.36328125 25.1953125 8.490251308132054 11.320335077509403
0 27.392578125 15.234375 6.60196156395994 8.802615418613254
0 29.58984375 25.325520833333332 8.512161670520847 11.349548894027794
0 29.931640625 15.559895833333334 6.672122530845778 8.896163374461038
0 28.41796875 21.2890625 7.804389558437758 10.405852744583676
0 31.93359375 15.104166666666666 6.573687508709111 8.764916678278816
0 35.9375 23.958333333333336 8.279211405182211 11.038948540242949
0 32.8125 18.359375 7.247523246483103 9.663364328644137
0 40.966796875 16.471354166666664 6.864759447755123 9.15301259700683
0 35.25390625 15.559895833333334 6.672122530845778 8.896163374461038
0 43.06640625 15.364583333333334 6.6301150458985685 8.840153394531425
0 37.451171875 18.229166666666664 7.221777078979024 9.629036105305365
0 38.232421875 15.494791666666666 6.658149484030587 8.877532645374115
0 44.677734375 20.247395833333336 7.611061958825638 10.148082611767517
0 20.361328125 37.63020833333333 10.3759765625 13.834635416666666
0 45.361328125 15.559895833333334 6.672122530845778 8.896163374461038
0 51.904296875 13.932291666666666 6.313525654778199 8.418034206370931
0 43.75 16.861979166666664 6.945682786096826 9.260910381462436
0 53.02734375 17.252604166666664 7.025674092542321 9.367565456723094
0 47.705078125 15.104166666666666 6.573687508709111 8.764916678278816
0 48.486328125 17.3828125 7.052136235529384 9.40284831403918
0 47.607421875 20.182291666666664 7.598815672600545 10.13175423013406
0 50.68359375 27.604166666666668 8.886852892188134 11.849137189584178
0 43.84765625 29.6875 9.216106488367615 12.288141984490153
0 55.712890625 17.7734375 7.130933499479933 9.50791133263991
0 53.515625 24.21875 8.324085508414218 11.098780677885625
0 54.58984375 33.59375 9.803697756475225 13.071597008633635
0 57.03125 42.1875 10.986328125 14.6484375
0 53.7109375 28.515625 9.03237828793258 12.043171050576774
0 56.73828125 14.84375 6.516771394062079 8.689028525416106
0 65.33203125 15.559895833333334 6.672122530845778 8.896163374461038
0 58.935546875 13.802083333333334 6.283953943473511 8.378605257964681
0 65.4296875 17.838541666666664 7.143981879101334 9.525309172135112
0 58.837890625 15.559895833333334 6.672122530845778 8.896163374461038
0 66.552734375 23.697916666666664 8.234092750996119 10.978790334661493
0 61.1328125 13.541666666666666 6.224389054678692 8.299185406238257
0 59.521484375 19.270833333333336 7.425247229367944 9.900329639157258
0 55.322265625 22.591145833333336 8.039514082226251 10.719352109635
0 61.81640625 14.713541666666666 6.488126106405426 8.650834808540568
0 57.91015625 22.916666666666664 8.097228492078614 10.796304656104818
0 58.0078125 29.6875 9.216106488367615 12.288141984490153
0 64.84375 33.72395833333333 9.82267879603948 13.096905061385971
0 69.775390625 30.6640625 9.366460725843998 12.48861430112533
0 64.16015625 27.278645833333332 8.83429859993294 11.779064799910586
0 69.677734375 23.958333333333336 8.279211405182211 11.038948540242949
0 68.06640625 14.973958333333334 6.545291317604741 8.727055090139656
0 71.19140625 13.541666666666666 6.224389054678692 8.299185406238257
0 69.873046875 17.643229166666664 7.104764847914316 9.473019797219088
0 73.779296875 15.690104166666666 6.699981201202437 8.933308268269917
0 77.001953125 26.106770833333332 8.642457433170346 11.52327657756046
0 75.390625 16.6015625 6.891839471823862 9.189119295765149
0 79.1015625 23.828125 8.256682897014576 11.008910529352768
0 77.490234375 15.8203125 6.72772451325946 8.970299351012613
0 43.06640625 52.994791666666664 12.313379517719735 16.41783935695965
0 75.68359375 21.6796875 7.875664001809045 10.500885335745393
0 81.201171875 23.828125 8.256682897014576 11.008910529352768
0 96.38671875 28.255208333333332 8.991039955234518 11.988053273646026
0 83.447265625 18.098958333333336 7.195938795502683 9.594585060670244
0 80.908203125 17.3828125 7.052136235529384 9.40284831403918
0 79.4921875 16.341145833333336 6.837572174807153 9.116762899742872
0 78.90625 17.643229166666664 7.104764847914316 9.473019797219088
0 77.783203125 18.359375 7.247523246483103 9.663364328644137
0 81.640625 21.549479166666664 7.85197774064246 10.469303654189947
0 88.623046875 17.252604166666664 7.025674092542321 9.367565456723094
0 93.75 19.401041666666664 7.450290292806215 9.933720390408286
0 87.451171875 17.643229166666664 7.104764847914316 9.473019797219088
0 98.095703125 23.046875 8.120199399200482 10.82693253226731
0 85.107421875 19.010416666666664 7.37490598974278 9.833207986323707
0 89.84375 24.21875 8.324085508414218 11.098780677885625
0 89.0625 22.330729166666664 7.993042513249997 10.657390017666662
0 86.23046875 29.8828125 9.24637292940864 12.32849723921152
0 86.62109375 23.958333333333336 8.279211405182211 11.038948540242949
0 94.970703125 23.697916666666664 8.234092750996119 10.978790334661493
0 90.13671875 19.270833333333336 7.425247229367944 9.900329639157258
0 96.19140625 21.2890625 7.804389558437758 10.405852744583676
0 99.267578125 30.403645833333332 9.326603265341873 12.43547102045583
0 88.134765625 20.052083333333336 7.574263699945591 10.099018266594122
0 91.748046875 19.140625 7.400119417103358 9.866825889471144
0 89.16015625 28.255208333333332 8.991039955234518 11.988053273646026
0 94.482421875 40.29947916666667 10.737678274999501 14.316904366666003
0 86.1328125 44.07552083333333 11.229473567489073 14.972631423318763
0 81.396484375 38.93229166666667 10.553965128046011 14.07195350406135
0 66.552734375 45.5078125 11.410473080956981 15.213964107942642
0 98.095703125 42.578125 11.037073559585647 14.716098079447528
0 83.837890625 34.375 9.91703906815913 13.222718757545508
0 34.912109375 53.7109375 12.396298835198914 16.528398446931885
0 13.671875 50.846354166666664 12.061201687847598 16.081602250463465
0 8.740234375 59.9609375 13.097695150070152 17.46359353342687
