0 97.36328125 88.34635416666666 15.898457370155159 21.19794316020688
0 86.03515625 66.796875 13.824159732551422 18.43221297673523
0 91.11328125 51.041666666666664 12.084344405043538 16.112459206724715
0 93.26171875 46.15885416666667 11.491803212745808 15.322404283661076
0 98.53515625 43.359375 11.137870844051916 14.850494458735888
0 99.169921875 38.99739583333333 10.562785827561513 14.083714436748682
0 99.169921875 29.622395833333332 9.205995562132786 12.274660749510382
0 96.435546875 26.236979166666668 8.66398288975732 11.551977186343091
0 99.658203125 25.5859375 8.555814067917595 11.407752090556793
0 98.73046875 20.703125 7.6962403643301345 10.261653819106845
0 97.216796875 18.9453125 7.3622668956389274 9.816355860851903
0 95.41015625 21.940104166666664 7.92282408798045 10.5637654506406
0 93.701171875 24.21875 8.324085508414218 11.098780677885625
0 95.21484375 20.703125 7.6962403643301345 10.261653819106845
0 94.580078125 19.205729166666664 7.412693970636669 9.883591960848893
0 93.06640625 18.9453125 7.3622668956389274 9.816355860851903
0 91.650390625 21.09375 7.768507117527988 10.358009490037318
0 89.892578125 27.994791666666668 8.94951068030712 11.932680907076158
0 87.744140625 35.22135416666667 10.038381471800859 13.384508629067811
0 76.171875 54.296875 12.463731601966636 16.61830880262218
0 80.56640625 40.10416666666667 10.711626449453275 14.282168599271033
0 87.59765625 21.484375 7.840107775064166 10.453477033418888
0 88.818359375 20.052083333333336 7.574263699945591 10.099018266594122
0 84.033203125 19.466145833333336 7.462780310447684 9.950373747263578
0 85.546875 17.578125 7.091644310682526 9.455525747576702
0 83.3984375 15.299479166666666 6.61605328023645 8.821404373648601
0 81.884765625 15.4296875 6.644147051109997 8.858862734813329
0 81.982421875 18.098958333333336 7.195938795502683 9.594585060670244
0 82.275390625 21.940104166666664 7.92282408798045 10.5637654506406
0 82.177734375 25.716145833333332 8.57755695956738 11.436742612756506
0 80.56640625 27.473958333333332 8.865868558553435 11.821158078071248
0 73.2421875 27.864583333333332 8.928673607377803 11.904898143170405
0 75.87890625 25.455729166666668 8.53401578009617 11.378687706794894
0 76.904296875 19.7265625 7.512532730158185 10.01671030687758
0 78.3203125 17.1875 7.012405574387241 9.349874099182989
0 77.83203125 14.583333333333334 6.459353786778786 8.612471715705048
0 75.87890625 14.0625 6.342959500374307 8.457279333832409
0 75.146484375 17.1875 7.012405574387241 9.349874099182989
0 72.314453125 18.229166666666664 7.221777078979024 9.629036105305365
0 71.484375 21.484375 7.840107775064166 10.453477033418888
0 72.021484375 12.434895833333332 5.964605800076924 7.952807733435899
0 68.5546875 19.7265625 7.512532730158185 10.01671030687758
0 70.361328125 14.583333333333334 6.459353786778786 8.612471715705048
0 66.40625 19.661458333333336 7.500125566067204 10.00016742142294
0 69.091796875 14.778645833333334 6.502464524127966 8.669952698837287
0 67.138671875 12.6953125 6.026738787271576 8.0356517163621
0 69.140625 11.9140625 5.838356466585996 7.784475288781327
0 65.478515625 13.541666666666666 6.224389054678692 8.299185406238257
0 63.96484375 16.471354166666664 6.864759447755123 9.15301259700683
0 63.037109375 13.151041666666666 6.133957288281793 8.178609717709058
0 61.5234375 14.192708333333334 6.372257390692475 8.496343187589966
0 59.08203125 13.802083333333334 6.283953943473511 8.378605257964681
0 57.470703125 13.346354166666666 6.179338602086361 8.239118136115147
0 55.76171875 12.044270833333332 5.870173358664351 7.826897811552468
0 54.541015625 13.802083333333334 6.283953943473511 8.378605257964681
0 56.54296875 15.8203125 6.72772451325946 8.970299351012613
0 59.08203125 17.838541666666664 7.143981879101334 9.525309172135112
0 60.009765625 20.052083333333336 7.574263699945591 10.099018266594122
0 60.009765625 23.307291666666664 8.165947363439729 10.88792981791964
0 62.158203125 30.859375 9.396242870080965 12.52832382677462
0 61.1328125 36.5234375 10.22224989284926 13.629666523799013
0 48.4375 29.361979166666668 9.16544031840894 12.220587091211922
0 51.07421875 27.083333333333332 8.802615418613255 11.736820558151006
0 49.658203125 21.940104166666664 7.92282408798045 10.5637654506406
0 47.94921875 22.721354166666664 8.062649422377262 10.75019922983635
0 48.828125 15.8203125 6.72772451325946 8.970299351012613
0 51.3671875 15.950520833333334 6.755353888299149 9.0071385177322
0 47.021484375 14.778645833333334 6.502464524127966 8.669952698837287
0 45.60546875 12.044270833333332 5.870173358664351 7.826897811552468
0 44.384765625 16.6015625 6.891839471823862 9.189119295765149
0 44.43359375 14.778645833333334 6.502464524127966 8.669952698837287
0 43.1640625 14.453125 6.430452730012657 8.57393697335021
0 41.2109375 13.28125 6.16424861960576 8.218998159474348
0 41.552734375 21.354166666666664 7.816313766397521 10.421751688530028
0 43.65234375 22.981770833333336 8.108722079825698 10.811629439767596
0 42.822265625 29.231770833333332 9.145095253766906 12.193460338355873
0 39.697265625 20.833333333333336 7.720404443770458 10.293872591693944
0 39.501953125 13.802083333333334 6.283953943473511 8.378605257964681
0 36.5234375 17.578125 7.091644310682526 9.455525747576702
0 37.744140625 15.169270833333334 6.587839704871492 8.783786273161988
0 33.59375 15.169270833333334 6.587839704871492 8.783786273161988
0 31.884765625 15.4296875 6.644147051109997 8.858862734813329
0 31.93359375 21.2890625 7.804389558437758 10.405852744583676
0 29.345703125 19.075520833333336 7.3875234600282 9.850031280037602
0 28.80859375 16.40625 6.8511792970714245 9.134905729428567
0 29.1015625 13.802083333333334 6.283953943473511 8.378605257964681
0 26.5625 13.541666666666666 6.224389054678692 8.299185406238257
0 26.66015625 17.1875 7.012405574387241 9.349874099182989
0 24.951171875 18.9453125 7.3622668956389274 9.816355860851903
0 24.462890625 12.174479166666668 5.901818727360142 7.8690916364801895
0 21.77734375 14.778645833333334 6.502464524127966 8.669952698837287
0 20.654296875 13.932291666666666 6.313525654778199 8.418034206370931
0 18.5546875 15.559895833333334 6.672122530845778 8.896163374461038
0 20.068359375 16.6015625 6.891839471823862 9.189119295765149
0 20.263671875 20.442708333333336 7.647683158045451 10.196910877393934
0 18.84765625 22.721354166666664 8.062649422377262 10.75019922983635
0 14.0625 21.2890625 7.804389558437758 10.405852744583676
0 14.55078125 16.080729166666664 6.782870718656271 9.043827624875028
0 11.03515625 15.299479166666666 6.61605328023645 8.821404373648601
0 11.1328125 18.424479166666664 7.2603620931215325 9.680482790828709
0 10.107421875 21.484375 7.840107775064166 10.453477033418888
0 8.0078125 20.052083333333336 7.574263699945591 10.099018266594122
0 6.640625 17.708333333333336 7.117861199762329 9.490481599683106
0 4.345703125 16.6015625 6.891839471823862 9.189119295765149
0 0.439453125 16.6015625 6.891839471823862 9.189119295765149
0 5.56640625 20.3125 7.62328857226367 10.164384763018226
0 4.345703125 28.3203125 9.001392336274797 12.001856448366395
0 8.59375 27.604166666666668 8.886852892188134 11.849137189584178
0 12.841796875 34.50520833333333 9.935803586486637 13.247738115315515
0 20.166015625 29.622395833333332 9.205995562132786 12.274660749510382
0 21.728515625 26.236979166666668 8.66398288975732 11.551977186343091
0 26.5625 22.916666666666664 8.097228492078614 10.796304656104818
0 31.25 27.604166666666668 8.886852892188134 11.849137189584178
0 29.638671875 34.50520833333333 9.935803586486637 13.247738115315515
0 23.2421875 50.911458333333336 12.06892085771801 16.091894476957346
0 0.9765625 58.528645833333336 12.940316801217158 17.25375573495621
0 2.783203125 70.96354166666666 14.24880069571381 18.998400927618412
0 33.984375 65.55989583333334 13.695560102732468 18.26074680364329
0 44.775390625 48.37239583333333 11.764120646604239 15.68549419547232
0 50.68359375 49.54427083333333 11.905767335895483 15.874356447860643
0 33.30078125 42.83854166666667 11.070774625986973 14.761032834649296
0 50.78125 36.84895833333333 10.267702539831983 13.690270053109312
0 65.185546875 42.51302083333333 11.02863220189981 14.704842935866417
0 74.658203125 33.984375 9.860531263063667 13.147375017418222
0 65.72265625 61.1328125 13.225066333020294 17.633421777360393
