0 4.4921875 19.986979166666664 7.561957820656658 10.08261042754221
0 8.056640625 24.088541666666664 8.301678777304348 11.068905036405797
0 11.5234375 19.986979166666664 7.561957820656658 10.08261042754221
0 16.943359375 20.572916666666664 7.672000176987631 10.229333569316841
0 25.244140625 17.708333333333336 7.117861199762329 9.490481599683106
0 32.275390625 16.6015625 6.891839471823862 9.189119295765149
0 23.876953125 15.950520833333334 6.755353888299149 9.0071385177322
0 35.25390625 16.145833333333336 6.796587356970242 9.062116475960323
0 26.7578125 17.317708333333336 7.038917599286375 9.385223465715166
0 39.208984375 15.364583333333334 6.6301150458985685 8.840153394531425
0 45.068359375 15.494791666666666 6.658149484030587 8.877532645374115
0 56.8359375 15.234375 6.60196156395994 8.802615418613254
0 67.529296875 15.625 6.686066375795484 8.914755167727312
0 58.203125 15.625 6.686066375795484 8.914755167727312
0 73.6328125 15.8203125 6.72772451325946 8.970299351012613
0 59.912109375 15.234375 6.60196156395994 8.802615418613254
0 74.90234375 18.1640625 7.208869513560617 9.611826018080823
0 80.76171875 19.466145833333336 7.462780310447684 9.950373747263578
0 86.328125 23.6328125 8.222774405094897 10.963699206793196
0 97.36328125 27.1484375 8.81318913463968 11.750918846186241
0 78.7109375 18.1640625 7.208869513560617 9.611826018080823
0 76.85546875 16.276041666666664 6.823937919616058 9.09858389282141
0 83.447265625 17.513020833333336 7.0784994535786145 9.437999271438152
0 84.375 20.247395833333336 7.611061958825638 10.148082611767517
0 85.64453125 17.317708333333336 7.038917599286375 9.385223465715166
0 87.59765625 19.205729166666664 7.412693970636669 9.883591960848893
0 94.482421875 20.8984375 7.732458166088822 10.309944221451763
0 96.19140625 21.549479166666664 7.85197774064246 10.469303654189947
0 98.73046875 22.005208333333336 7.9345703125 10.579427083333332
0 47.8515625 15.8203125 6.72772451325946 8.970299351012613
0 89.55078125 19.3359375 7.437779301119349 9.917039068159132
