0 12.548828125 16.2109375 6.810276368536802 9.080368491382403
0 12.548828125 21.549479166666664 7.85197774064246 10.469303654189947
0 5.17578125 18.880208333333336 7.349606066157407 9.799474754876544
0 52.734375 14.908854166666666 6.531046923532928 8.708062564710572
0 7.8125 19.3359375 7.437779301119349 9.917039068159132
0 67.67578125 15.885416666666666 6.741553355216833 8.988737806955777
0 73.828125 15.885416666666666 6.741553355216833 8.988737806955777
0 78.662109375 18.489583333333336 7.273178276253042 9.697571035004056
0 85.3515625 18.684895833333336 7.311492035346033 9.748656047128044
0 80.95703125 20.052083333333336 7.574263699945591 10.099018266594122
0 47.65625 14.388020833333334 6.415953381844678 8.554604509126236
0 2.685546875 19.010416666666664 7.37490598974278 9.833207986323707
0 99.21875 21.419270833333336 7.828219811023351 10.437626414697803
0 3.662109375 19.3359375 7.437779301119349 9.917039068159132
