0 80.615234375 15.559895833333334 6.672122530845778 8.896163374461038
0 72.0703125 12.239583333333332 5.917577950947668 7.8901039345968895
0 82.275390625 14.84375 6.516771394062079 8.689028525416106
0 69.921875 11.5234375 5.74184805976159 7.6557974130154545
0 78.125 13.4765625 6.209408553886659 8.279211405182211
0 63.525390625 12.239583333333332 5.917577950947668 7.8901039345968895
0 75.0 14.583333333333334 6.459353786778786 8.612471715705048
0 61.376953125 13.020833333333334 6.103515625 8.138020833333332
0 53.125 10.546875 5.4931640625 7.32421875
0 57.6171875 13.151041666666666 6.133957288281793 8.178609717709058
0 47.607421875 13.736979166666666 6.269115778861736 8.358821038482315
0 38.134765625 14.127604166666666 6.3576253222655215 8.476833763020695
0 43.994140625 15.4296875 6.644147051109997 8.858862734813329
0 33.59375 13.606770833333334 6.2393335877260965 8.319111450301463
0 40.52734375 14.127604166666666 6.3576253222655215 8.476833763020695
0 29.833984375 13.216145833333334 6.149121606326259 8.198828808435012
0 21.826171875 13.216145833333334 6.149121606326259 8.198828808435012
0 27.24609375 13.020833333333334 6.103515625 8.138020833333332
0 19.82421875 13.020833333333334 6.103515625 8.138020833333332
0 31.298828125 14.2578125 6.386855937639267 8.515807916852356
0 15.869140625 13.8671875 6.298757153488249 8.398342871317666
0 27.978515625 16.927083333333336 6.959078522333606 9.278771363111476
0 12.98828125 14.322916666666666 6.401421192444773 8.53522825659303
0 25.5859375 19.010416666666664 7.37490598974278 9.833207986323707
0 7.958984375 15.690104166666666 6.699981201202437 8.933308268269917
0 25.439453125 13.8671875 6.298757153488249 8.398342871317666
0 11.42578125 20.5078125 7.659851317145468 10.21313508952729
0 24.0234375 14.973958333333334 6.545291317604741 8.727055090139656
0 15.673828125 20.963541666666664 7.7444931277157725 10.325990836954363
0 2.685546875 16.927083333333336 6.959078522333606 9.278771363111476
0 17.041015625 18.424479166666664 7.2603620931215325 9.680482790828709
0 0.87890625 16.666666666666664 6.905339660024879 9.207119546699838
0 5.908203125 20.377604166666664 7.635495607419925 10.180660809893233
0 9.423828125 28.450520833333332 9.02206146184966 12.029415282466214
0 2.587890625 19.401041666666664 7.450290292806215 9.933720390408286
0 4.150390625 30.794270833333332 9.386325988299376 12.515101317732501
0 4.541015625 17.643229166666664 7.104764847914316 9.473019797219088
0 23.486328125 26.497395833333332 8.706874156303165 11.609165541737553
0 14.55078125 16.927083333333336 6.959078522333606 9.278771363111476
0 19.3359375 28.971354166666668 9.104268731797058 12.139024975729411
0 27.05078125 22.916666666666664 8.097228492078614 10.796304656104818
0 33.88671875 25.390625 8.523095729839442 11.364127639785922
0 30.126953125 18.424479166666664 7.2603620931215325 9.680482790828709
0 35.25390625 17.447916666666664 7.065330140863174 9.420440187817565
0 41.796875 19.140625 7.400119417103358 9.866825889471144
0 31.93359375 20.247395833333336 7.611061958825638 10.148082611767517
0 41.357421875 16.536458333333336 6.878312786611722 9.171083715482297
0 48.583984375 17.7734375 7.130933499479933 9.50791133263991
0 42.96875 21.223958333333336 7.792447103762027 10.389929471682702
0 48.681640625 22.916666666666664 8.097228492078614 10.796304656104818
0 51.708984375 16.536458333333336 6.878312786611722 9.171083715482297
0 42.138671875 25.130208333333332 8.479274895904423 11.305699861205897
0 56.0546875 15.234375 6.60196156395994 8.802615418613254
0 58.88671875 24.8046875 8.424178309229896 11.23223774563986
0 55.029296875 14.322916666666666 6.401421192444773 8.53522825659303
0 63.671875 16.536458333333336 6.878312786611722 9.171083715482297
0 57.080078125 20.5078125 7.659851317145468 10.21313508952729
0 68.017578125 19.401041666666664 7.450290292806215 9.933720390408286
0 60.64453125 17.447916666666664 7.065330140863174 9.420440187817565
0 65.625 15.8203125 6.72772451325946 8.970299351012613
0 70.1171875 16.666666666666664 6.905339660024879 9.207119546699838
0 76.26953125 20.247395833333336 7.611061958825638 10.148082611767517
0 84.47265625 20.1171875 7.586549618320344 10.115399491093791
0 92.041015625 20.1171875 7.586549618320344 10.115399491093791
0 96.630859375 25.651041666666668 8.566692411876344 11.422256549168457
0 95.60546875 19.270833333333336 7.425247229367944 9.900329639157258
0 99.267578125 27.213541666666668 8.823750179932228 11.765000239909636
0 99.267578125 21.09375 7.768507117527988 10.358009490037318
0 91.11328125 23.567708333333336 8.211440458419013 10.948587277892017
0 99.365234375 32.74739583333333 9.679413773897526 12.905885031863368
0 95.60546875 22.786458333333336 8.074192233473482 10.765589644631309
0 86.5234375 21.940104166666664 7.92282408798045 10.5637654506406
0 92.87109375 22.916666666666664 8.097228492078614 10.796304656104818
0 88.18359375 19.7265625 7.512532730158185 10.01671030687758
0 89.990234375 26.497395833333332 8.706874156303165 11.609165541737553
0 87.59765625 35.546875 10.084662867345157 13.44621715646021
0 92.919921875 30.6640625 9.366460725843998 12.48861430112533
0 81.54296875 22.591145833333336 8.039514082226251 10.719352109635
0 88.18359375 28.841145833333332 9.083786661460703 12.11171554861427
0 79.98046875 24.869791666666664 8.435226416678011 11.246968555570682
0 72.16796875 22.4609375 8.016311973000304 10.688415964000404
0 80.517578125 28.580729166666668 9.042683343523592 12.056911124698123
0 61.376953125 29.557291666666668 9.195873518871684 12.261164691828911
0 72.705078125 28.190104166666668 8.980675640601907 11.974234187469209
0 66.064453125 23.177083333333336 8.143105507889608 10.857474010519478
0 73.53515625 34.83072916666667 9.982560567502519 13.310080756670025
0 60.44921875 33.984375 9.860531263063667 13.147375017418222
0 49.4140625 28.580729166666668 9.042683343523592 12.056911124698123
0 45.1171875 30.533854166666668 9.346553241646458 12.462070988861944
0 49.072265625 35.67708333333333 10.103116062772735 13.470821417030313
0 32.2265625 28.580729166666668 9.042683343523592 12.056911124698123
0 31.494140625 35.80729166666667 10.121535615098267 13.495380820131023
0 22.94921875 50.78125 12.053477574543152 16.0713034327242
0 5.615234375 25.78125 8.588407763348565 11.451210351131419
0 1.7578125 46.875 11.580606665655687 15.440808887540916
0 0.29296875 57.877604166666664 12.868144923283701 17.157526564378266
0 6.103515625 82.421875 15.356134796642 20.474846395522665
0 36.376953125 64.90885416666666 13.627388648538883 18.169851531385177
0 33.984375 43.42447916666667 11.146229472503464 14.861639296671287
0 51.46484375 48.30729166666667 11.756201345372451 15.674935127163266
0 64.0625 42.83854166666667 11.070774625986973 14.761032834649296
0 64.35546875 61.458333333333336 13.260230091797137 17.68030678906285
0 76.66015625 53.125 12.32849723921152 16.437996318948695
0 78.61328125 38.99739583333333 10.562785827561513 14.083714436748682
0 97.705078125 41.08072916666667 10.841259563190683 14.45501275092091
0 93.212890625 45.24739583333333 11.377778248478545 15.170370997971395
0 90.72265625 54.231770833333336 12.456257099584077 16.608342799445435
0 85.498046875 66.34114583333334 13.776920581415663 18.36922744188755
0 89.6484375 32.74739583333333 9.679413773897526 12.905885031863368
0 87.158203125 16.341145833333336 6.837572174807153 9.116762899742872
0 97.36328125 19.401041666666664 7.450290292806215 9.933720390408286
