0 96.6796875 80.53385416666666 15.179235980768906 20.238981307691876
0 94.62890625 58.463541666666664 12.93311773707098 17.244156982761304
0 79.8828125 58.984375 12.990598543574682 17.320798058099577
0 75.0 51.171875 12.099748291991583 16.132997722655443
0 87.6953125 42.70833333333333 11.053936936202902 14.738582581603868
0 94.53125 40.4296875 10.755011100284483 14.340014800379311
0 82.71484375 36.71875 10.24954566879069 13.66606089172092
0 90.478515625 32.29166666666667 9.611826018080825 12.815768024107768
0 73.33984375 36.19791666666667 10.17659423860661 13.568792318142146
0 86.328125 33.91927083333333 9.851081781963485 13.134775709284646
0 98.876953125 36.19791666666667 10.17659423860661 13.568792318142146
0 90.234375 28.125 8.970299351012615 11.960399134683486
0 98.388671875 30.989583333333332 9.416045300623482 12.554727067497975
0 86.328125 28.125 8.970299351012615 11.960399134683486
0 99.51171875 26.822916666666668 8.760192928715409 11.680257238287211
0 78.41796875 27.278645833333332 8.83429859993294 11.779064799910586
0 70.01953125 42.3828125 11.01173007365034 14.682306764867118
0 75.390625 30.533854166666668 9.346553241646458 12.462070988861944
0 70.751953125 25.520833333333332 8.544921875 11.393229166666668
0 65.625 30.208333333333332 9.296598029619028 12.395464039492039
0 60.05859375 45.76822916666667 11.443074499055587 15.25743266540745
0 65.283203125 25.9765625 8.620878229873984 11.494504306498644
0 60.888671875 33.46354166666667 9.784679896167846 13.046239861557126
0 55.419921875 37.04427083333333 10.29487780360901 13.726503738145347
0 62.5 53.776041666666664 12.403809468323715 16.53841262443162
0 52.24609375 64.12760416666666 13.545130017805265 18.060173357073687
0 42.87109375 85.09114583333334 15.602811317339132 20.803748423118844
0 42.96875 58.463541666666664 12.93311773707098 17.244156982761304
0 41.748046875 47.265625 11.628759084019562 15.505012112026082
0 39.84375 38.15104166666667 10.447535869521296 13.930047826028394
0 42.3828125 31.184895833333332 9.445671106287941 12.594228141717254
0 51.025390625 30.989583333333332 9.416045300623482 12.554727067497975
0 58.10546875 24.544270833333336 8.379840220792225 11.173120294389632
0 24.70703125 56.510416666666664 12.715250644531043 16.95366752604139
0 22.509765625 48.89322916666667 11.82728416447516 15.76971221930021
0 13.8671875 45.3125 11.385960758165057 15.181281010886744
0 21.6796875 39.6484375 10.650591044076627 14.200788058768838
0 6.103515625 37.6953125 10.38494844187839 13.84659792250452
0 11.328125 33.13802083333333 9.736972737758677 12.982630317011571
0 4.4921875 26.953125 8.78142979122202 11.708573054962693
0 12.646484375 23.893229166666664 8.267954824306681 11.023939765742242
0 8.154296875 29.8828125 9.24637292940864 12.32849723921152
0 20.80078125 27.278645833333332 8.83429859993294 11.779064799910586
0 28.02734375 29.8828125 9.24637292940864 12.32849723921152
0 36.9140625 26.171875 8.653226854710587 11.537635806280782
0 45.80078125 24.869791666666664 8.435226416678011 11.246968555570682
0 25.927734375 24.674479166666664 8.402038511923953 11.202718015898604
0 1.806640625 22.591145833333336 8.039514082226251 10.719352109635
0 11.42578125 19.140625 7.400119417103358 9.866825889471144
0 4.00390625 20.768229166666664 7.708331872750909 10.277775830334546
0 17.1875 14.322916666666666 6.401421192444773 8.53522825659303
0 27.294921875 16.2109375 6.810276368536802 9.080368491382403
0 19.970703125 18.815104166666664 7.336923388776433 9.782564518368577
0 9.619140625 20.963541666666664 7.7444931277157725 10.325990836954363
0 19.482421875 23.372395833333336 8.177344364608315 10.903125819477753
0 25.09765625 17.3828125 7.052136235529384 9.40284831403918
0 17.28515625 22.916666666666664 8.097228492078614 10.796304656104818
0 22.16796875 15.885416666666666 6.741553355216833 8.988737806955777
0 16.2109375 20.638020833333336 7.684129829110212 10.245506438813615
0 27.5390625 20.963541666666664 7.7444931277157725 10.325990836954363
0 18.994140625 16.536458333333336 6.878312786611722 9.171083715482297
0 39.599609375 22.591145833333336 8.039514082226251 10.719352109635
0 47.36328125 20.963541666666664 7.7444931277157725 10.325990836954363
0 40.4296875 16.861979166666664 6.945682786096826 9.260910381462436
0 48.2421875 17.057291666666664 6.985792933508055 9.31439057801074
0 36.767578125 18.033854166666664 7.182984799767957 9.577313066357275
0 51.171875 18.684895833333336 7.311492035346033 9.748656047128044
0 31.54296875 16.861979166666664 6.945682786096826 9.260910381462436
0 52.490234375 15.4296875 6.644147051109997 8.858862734813329
0 29.833984375 17.3828125 7.052136235529384 9.40284831403918
0 55.908203125 20.1171875 7.586549618320344 10.115399491093791
0 61.1328125 18.033854166666664 7.182984799767957 9.577313066357275
0 69.921875 19.661458333333336 7.500125566067204 10.00016742142294
0 53.80859375 18.489583333333336 7.273178276253042 9.697571035004056
0 65.283203125 20.963541666666664 7.7444931277157725 10.325990836954363
0 55.2734375 13.997395833333334 6.328259690346595 8.437679587128793
0 64.0625 17.3828125 7.052136235529384 9.40284831403918
0 57.861328125 16.40625 6.8511792970714245 9.134905729428567
0 69.921875 15.885416666666666 6.741553355216833 8.988737806955777
0 62.01171875 16.2109375 6.810276368536802 9.080368491382403
0 72.4609375 19.140625 7.400119417103358 9.866825889471144
0 80.126953125 23.697916666666664 8.234092750996119 10.978790334661493
0 73.92578125 16.536458333333336 6.878312786611722 9.171083715482297
0 83.544921875 24.0234375 8.290452702152177 11.053936936202902
0 76.708984375 17.3828125 7.052136235529384 9.40284831403918
0 75.48828125 24.544270833333336 8.379840220792225 11.173120294389632
0 81.005859375 18.033854166666664 7.182984799767957 9.577313066357275
0 90.869140625 23.567708333333336 8.211440458419013 10.948587277892017
0 80.517578125 21.09375 7.768507117527988 10.358009490037318
0 87.548828125 23.2421875 8.154534433525017 10.872712578033356
0 79.052734375 18.815104166666664 7.336923388776433 9.782564518368577
0 87.548828125 20.1171875 7.586549618320344 10.115399491093791
0 94.53125 25.9765625 8.620878229873984 11.494504306498644
0 83.203125 18.815104166666664 7.336923388776433 9.782564518368577
0 97.0703125 22.265625 7.981382342908947 10.641843123878598
0 84.912109375 21.419270833333336 7.828219811023351 10.437626414697803
0 94.384765625 21.09375 7.768507117527988 10.358009490037318
0 5.126953125 72.78645833333334 14.430652365157334 19.24086982020978
0 1.806640625 55.859375 12.641793931401354 16.855725241868473
