0 32.080078125 33.33333333333333 9.765625 13.020833333333334
0 56.298828125 28.450520833333332 9.02206146184966 12.029415282466214
0 57.91015625 21.158854166666664 7.780486318348366 10.373981757797822
0 65.087890625 23.893229166666664 8.267954824306681 11.023939765742242
0 93.408203125 37.43489583333333 10.349014256477766 13.798685675303688
0 84.375 26.171875 8.653226854710587 11.537635806280782
0 94.873046875 24.21875 8.324085508414218 11.098780677885625
0 27.44140625 16.731770833333336 6.9188135063199665 9.225084675093289
0 35.205078125 16.731770833333336 6.9188135063199665 9.225084675093289
0 60.302734375 15.364583333333334 6.6301150458985685 8.840153394531425
0 66.69921875 17.3828125 7.052136235529384 9.40284831403918
0 76.611328125 16.927083333333336 6.959078522333606 9.278771363111476
0 87.255859375 20.572916666666664 7.672000176987631 10.229333569316841
0 71.484375 15.364583333333334 6.6301150458985685 8.840153394531425
0 64.6484375 16.731770833333336 6.9188135063199665 9.225084675093289
0 79.248046875 18.294270833333336 7.234661615679748 9.646215487572997
0 62.109375 15.690104166666666 6.699981201202437 8.933308268269917
0 81.0546875 18.75 7.32421875 9.765625
0 83.10546875 17.513020833333336 7.0784994535786145 9.437999271438152
0 90.771484375 19.921875 7.549631882844837 10.066175843793117
