0 1.5625 58.0078125 12.882611645022848 17.17681552669713
0 3.076171875 73.37239583333334 14.48861995906887 19.318159945425162
0 36.572265625 60.286458333333336 13.133199945892343 17.51093326118979
0 46.337890625 82.35677083333334 15.35006877436437 20.46675836581916
0 21.240234375 51.041666666666664 12.084344405043538 16.112459206724715
0 11.71875 41.47135416666667 10.892680845687712 14.523574460916949
0 4.345703125 28.645833333333332 9.052976668817948 12.07063555842393
0 1.318359375 42.96875 11.087586745962493 14.783448994616657
0 14.94140625 39.71354166666667 10.65933178501769 14.212442380023585
0 9.423828125 27.473958333333332 8.865868558553435 11.821158078071248
0 19.189453125 33.13802083333333 9.736972737758677 12.982630317011571
0 30.126953125 35.546875 10.084662867345157 13.44621715646021
0 33.251953125 43.09895833333333 11.10437341226822 14.805831216357626
0 55.224609375 49.15364583333333 11.85873976301602 15.811653017354693
0 50.0 37.3046875 10.331000292853245 13.77466705713766
0 43.45703125 32.8125 9.689030680168178 12.918707573557572
0 51.123046875 27.994791666666668 8.94951068030712 11.932680907076158
0 59.86328125 35.02604166666667 10.010509928501419 13.347346571335224
0 67.578125 41.86197916666667 10.943860520654974 14.591814027539964
0 71.19140625 59.895833333333336 13.090582635209483 17.45411018027931
0 77.9296875 52.864583333333336 12.298243212652517 16.397657616870024
0 85.44921875 51.041666666666664 12.084344405043538 16.112459206724715
0 88.671875 64.71354166666666 13.60687061133298 18.142494148443973
0 93.310546875 73.50260416666666 14.50147017885342 19.33529357180456
0 94.287109375 93.03385416666666 16.314778325956617 21.753037767942153
0 97.94921875 50.9765625 12.076635093633655 16.10218012484487
0 79.78515625 36.97916666666667 10.285827359834423 13.714436479779232
0 87.548828125 37.95572916666667 10.420758715187912 13.894344953583882
0 97.8515625 42.64322916666667 11.045508466097326 14.7273446214631
0 75.146484375 27.734375 8.907787792557633 11.877050390076842
0 62.40234375 30.403645833333332 9.326603265341873 12.43547102045583
0 74.0234375 32.94270833333333 9.708235913444133 12.944314551258843
0 86.328125 33.3984375 9.775157091093119 13.033542788124159
0 77.24609375 19.140625 7.400119417103358 9.866825889471144
0 70.80078125 22.8515625 8.085718566584333 10.780958088779109
0 59.08203125 25.065104166666668 8.468284256293707 11.291045675058275
0 66.552734375 23.958333333333336 8.279211405182211 11.038948540242949
0 91.69921875 30.989583333333332 9.416045300623482 12.554727067497975
0 56.982421875 11.067708333333332 5.627163365046928 7.502884486729237
0 98.53515625 29.361979166666668 9.16544031840894 12.220587091211922
0 75.537109375 14.778645833333334 6.502464524127966 8.669952698837287
0 90.087890625 25.5859375 8.555814067917595 11.407752090556793
0 79.8828125 25.325520833333332 8.512161670520847 11.349548894027794
0 87.646484375 28.645833333333332 9.052976668817948 12.07063555842393
0 21.630859375 26.627604166666668 8.728240750778255 11.637654334371007
0 27.587890625 23.177083333333336 8.143105507889608 10.857474010519478
0 31.005859375 28.90625 9.094033462982996 12.125377950643994
0 15.380859375 23.828125 8.256682897014576 11.008910529352768
0 32.2265625 21.028645833333336 7.756509415978292 10.342012554637723
0 18.896484375 20.963541666666664 7.7444931277157725 10.325990836954363
0 5.6640625 24.609375 8.39094670707246 11.187928942763282
0 40.087890625 19.401041666666664 7.450290292806215 9.933720390408286
0 41.11328125 25.716145833333332 8.57755695956738 11.436742612756506
0 51.025390625 16.927083333333336 6.959078522333606 9.278771363111476
0 47.8515625 23.046875 8.120199399200482 10.82693253226731
0 44.3359375 15.494791666666666 6.658149484030587 8.877532645374115
0 56.0546875 16.796875 6.932261164306974 9.243014885742634
0 40.91796875 21.940104166666664 7.92282408798045 10.5637654506406
0 59.47265625 17.252604166666664 7.025674092542321 9.367565456723094
0 64.013671875 12.890625 6.072921369058959 8.097228492078614
0 59.66796875 19.270833333333336 7.425247229367944 9.900329639157258
0 46.142578125 12.369791666666668 5.948971157720314 7.931961543627086
0 36.767578125 13.997395833333334 6.328259690346595 8.437679587128793
0 32.12890625 16.927083333333336 6.959078522333606 9.278771363111476
0 26.26953125 18.815104166666664 7.336923388776433 9.782564518368577
0 22.119140625 14.2578125 6.386855937639267 8.515807916852356
0 11.71875 19.010416666666664 7.37490598974278 9.833207986323707
0 20.21484375 17.3828125 7.052136235529384 9.40284831403918
0 25.439453125 15.364583333333334 6.6301150458985685 8.840153394531425
0 85.64453125 22.330729166666664 7.993042513249997 10.657390017666662
0 9.814453125 16.927083333333336 6.959078522333606 9.278771363111476
0 83.7890625 15.494791666666666 6.658149484030587 8.877532645374115
0 97.119140625 22.330729166666664 7.993042513249997 10.657390017666662
0 36.083984375 19.401041666666664 7.450290292806215 9.933720390408286
0 81.201171875 18.033854166666664 7.182984799767957 9.577313066357275
