0 2.9296875 20.442708333333336 7.647683158045451 10.196910877393934
0 7.6171875 20.3125 7.62328857226367 10.164384763018226
0 13.18359375 17.447916666666664 7.065330140863174 9.420440187817565
0 18.06640625 19.3359375 7.437779301119349 9.917039068159132
0 21.77734375 16.731770833333336 6.9188135063199665 9.225084675093289
0 25.341796875 14.127604166666666 6.3576253222655215 8.476833763020695
0 29.052734375 12.630208333333334 6.011265748166568 8.015020997555423
0 34.1796875 15.299479166666666 6.61605328023645 8.821404373648601
0 40.13671875 14.973958333333334 6.545291317604741 8.727055090139656
0 46.19140625 15.299479166666666 6.61605328023645 8.821404373648601
0 50.341796875 16.40625 6.8511792970714245 9.134905729428567
0 53.80859375 13.671875 6.254242410864013 8.338989881152017
0 60.3515625 17.838541666666664 7.143981879101334 9.525309172135112
0 66.89453125 15.950520833333334 6.755353888299149 9.0071385177322
0 70.263671875 18.424479166666664 7.2603620931215325 9.680482790828709
0 60.693359375 21.09375 7.768507117527988 10.358009490037318
0 61.962890625 15.104166666666666 6.573687508709111 8.764916678278816
0 74.365234375 16.40625 6.8511792970714245 9.134905729428567
0 79.150390625 16.015625 6.7691262856502785 9.025501714200372
0 82.32421875 18.424479166666664 7.2603620931215325 9.680482790828709
0 86.865234375 22.0703125 7.946299173761924 10.595065565015899
0 77.197265625 21.809895833333336 7.8992792392241125 10.532372318965482
0 4.833984375 24.934895833333336 8.446260072691679 11.26168009692224
0 3.857421875 30.598958333333332 9.35651227829339 12.475349704391189
0 10.986328125 28.125 8.970299351012615 11.960399134683486
0 12.548828125 22.330729166666664 7.993042513249997 10.657390017666662
0 20.703125 32.35677083333333 9.621510480001493 12.828680640001991
0 1.7578125 57.877604166666664 12.868144923283701 17.157526564378266
0 0.5859375 45.83333333333333 11.45121035113142 15.268280468175227
0 16.552734375 40.29947916666667 10.737678274999501 14.316904366666003
0 20.263671875 48.30729166666667 11.756201345372451 15.674935127163266
0 34.033203125 63.671875 13.496914299008777 17.995885732011704
0 38.28125 42.51302083333333 11.02863220189981 14.704842935866417
0 32.861328125 35.41666666666667 10.066175843793117 13.421567791724156
0 32.6171875 29.8828125 9.24637292940864 12.32849723921152
0 27.978515625 19.205729166666664 7.412693970636669 9.883591960848893
0 35.986328125 18.75 7.32421875 9.765625
0 41.89453125 19.3359375 7.437779301119349 9.917039068159132
0 41.89453125 25.260416666666668 8.501213548086012 11.334951397448016
0 43.408203125 33.3984375 9.775157091093119 13.033542788124159
0 50.0 37.17447916666667 10.31295486371814 13.75060648495752
0 51.025390625 48.046875 11.724470649596281 15.632627532795041
0 51.66015625 28.776041666666668 9.073528288158268 12.098037717544358
0 48.046875 22.200520833333336 7.969705113037473 10.626273484049964
0 59.5703125 25.260416666666668 8.501213548086012 11.334951397448016
0 60.986328125 29.752604166666668 9.22620633412535 12.301608445500468
0 61.1328125 36.1328125 10.167438506443897 13.556584675258529
0 65.673828125 41.2109375 10.85842704752026 14.477902730027015
0 64.599609375 57.877604166666664 12.868144923283701 17.157526564378266
0 74.90234375 52.34375 12.237510776222791 16.31668103496372
0 86.23046875 66.40625 13.783678943647724 18.378238591530298
0 95.1171875 52.799479166666664 12.290668069825603 16.38755742643414
0 99.267578125 43.48958333333333 11.154581837461587 14.872775783282115
0 80.56640625 40.0390625 10.70292841598522 14.270571221313624
0 88.0859375 38.99739583333333 10.562785827561513 14.083714436748682
0 74.072265625 32.48697916666667 9.640850219074288 12.854466958765718
0 67.1875 24.934895833333336 8.446260072691679 11.26168009692224
0 72.314453125 22.916666666666664 8.097228492078614 10.796304656104818
0 81.25 25.846354166666668 8.59924487524742 11.465659833663226
0 89.0625 33.52864583333333 9.794193442310311 13.05892458974708
0 90.380859375 28.190104166666668 8.980675640601907 11.974234187469209
0 93.84765625 30.794270833333332 9.386325988299376 12.515101317732501
0 91.2109375 25.390625 8.523095729839442 11.364127639785922
0 95.80078125 23.502604166666664 8.200090846279542 10.933454461706056
0 99.462890625 22.0703125 7.946299173761924 10.595065565015899
0 99.072265625 31.640625 9.51443925056146 12.685919000748614
0 89.2578125 20.768229166666664 7.708331872750909 10.277775830334546
