0 61.71875 11.588541666666668 5.758045124546267 7.677393499395023
0 18.84765625 12.369791666666668 5.948971157720314 7.931961543627086
0 57.2265625 12.239583333333332 5.917577950947668 7.8901039345968895
0 20.80078125 13.606770833333334 6.2393335877260965 8.319111450301463
0 58.69140625 14.0625 6.342959500374307 8.457279333832409
0 22.021484375 12.955729166666666 6.088237714617921 8.117650286157229
0 56.787109375 14.778645833333334 6.502464524127966 8.669952698837287
0 22.509765625 15.234375 6.60196156395994 8.802615418613254
0 64.55078125 14.453125 6.430452730012657 8.57393697335021
0 23.974609375 13.606770833333334 6.2393335877260965 8.319111450301463
0 54.150390625 13.8671875 6.298757153488249 8.398342871317666
0 17.3828125 13.28125 6.16424861960576 8.218998159474348
0 52.685546875 11.588541666666668 5.758045124546267 7.677393499395023
0 25.9765625 13.606770833333334 6.2393335877260965 8.319111450301463
0 50.634765625 12.825520833333334 6.057566296777102 8.076755062369468
0 27.587890625 12.955729166666666 6.088237714617921 8.117650286157229
0 51.5625 15.559895833333334 6.672122530845778 8.896163374461038
0 28.466796875 13.8671875 6.298757153488249 8.398342871317666
0 48.6328125 12.5 5.980199567341744 7.973599423122326
0 30.078125 13.411458333333334 6.194391824397107 8.259189099196142
0 47.802734375 14.0625 6.342959500374307 8.457279333832409
0 20.458984375 16.471354166666664 6.864759447755123 9.15301259700683
0 45.8984375 13.28125 6.16424861960576 8.218998159474348
0 26.220703125 16.276041666666664 6.823937919616058 9.09858389282141
0 43.505859375 12.955729166666666 6.088237714617921 8.117650286157229
0 28.7109375 15.8203125 6.72772451325946 8.970299351012613
0 44.43359375 14.453125 6.430452730012657 8.57393697335021
0 16.845703125 15.690104166666666 6.699981201202437 8.933308268269917
0 41.6015625 14.192708333333334 6.372257390692475 8.496343187589966
0 12.890625 14.453125 6.430452730012657 8.57393697335021
0 40.380859375 12.955729166666666 6.088237714617921 8.117650286157229
0 14.208984375 15.690104166666666 6.699981201202437 8.933308268269917
0 38.8671875 14.0625 6.342959500374307 8.457279333832409
0 11.42578125 14.322916666666666 6.401421192444773 8.53522825659303
0 32.2265625 13.28125 6.16424861960576 8.218998159474348
0 9.716796875 16.276041666666664 6.823937919616058 9.09858389282141
0 37.20703125 14.192708333333334 6.372257390692475 8.496343187589966
0 3.7109375 18.424479166666664 7.2603620931215325 9.680482790828709
0 33.935546875 13.736979166666666 6.269115778861736 8.358821038482315
0 5.17578125 15.364583333333334 6.6301150458985685 8.840153394531425
0 35.400390625 14.322916666666666 6.401421192444773 8.53522825659303
0 2.9296875 15.690104166666666 6.699981201202437 8.933308268269917
0 32.763671875 15.104166666666666 6.573687508709111 8.764916678278816
0 1.123046875 17.643229166666664 7.104764847914316 9.473019797219088
0 34.912109375 16.6015625 6.891839471823862 9.189119295765149
0 6.787109375 18.098958333333336 7.195938795502683 9.594585060670244
0 30.517578125 16.6015625 6.891839471823862 9.189119295765149
0 12.060546875 17.1875 7.012405574387241 9.349874099182989
0 28.466796875 18.229166666666664 7.221777078979024 9.629036105305365
0 4.736328125 23.2421875 8.154534433525017 10.872712578033356
0 41.50390625 17.057291666666664 6.985792933508055 9.31439057801074
0 11.181640625 20.182291666666664 7.598815672600545 10.13175423013406
0 16.69921875 18.098958333333336 7.195938795502683 9.594585060670244
0 27.9296875 21.549479166666664 7.85197774064246 10.469303654189947
0 33.59375 18.5546875 7.28597191547444 9.714629220632586
0 11.865234375 22.330729166666664 7.993042513249997 10.657390017666662
0 31.54296875 21.09375 7.768507117527988 10.358009490037318
0 10.400390625 25.651041666666668 8.566692411876344 11.422256549168457
0 38.427734375 17.1875 7.012405574387241 9.349874099182989
0 14.794921875 25.651041666666668 8.566692411876344 11.422256549168457
0 39.453125 20.052083333333336 7.574263699945591 10.099018266594122
0 18.408203125 22.65625 8.051090062422436 10.734786749896582
0 36.962890625 22.786458333333336 8.074192233473482 10.765589644631309
0 22.265625 20.052083333333336 7.574263699945591 10.099018266594122
0 41.69921875 23.958333333333336 8.279211405182211 11.038948540242949
0 24.658203125 22.65625 8.051090062422436 10.734786749896582
0 35.83984375 27.9296875 8.939098215256843 11.918797620342456
0 21.826171875 24.609375 8.39094670707246 11.187928942763282
0 48.73046875 18.684895833333336 7.311492035346033 9.748656047128044
0 65.72265625 12.5 5.980199567341744 7.973599423122326
0 75.09765625 13.151041666666666 6.133957288281793 8.178609717709058
0 67.529296875 15.234375 6.60196156395994 8.802615418613254
0 80.517578125 15.104166666666666 6.573687508709111 8.764916678278816
0 69.677734375 13.28125 6.16424861960576 8.218998159474348
0 77.001953125 13.28125 6.16424861960576 8.218998159474348
0 67.1875 13.151041666666666 6.133957288281793 8.178609717709058
0 78.125 13.8671875 6.298757153488249 8.398342871317666
0 58.251953125 20.052083333333336 7.574263699945591 10.099018266594122
0 71.826171875 13.28125 6.16424861960576 8.218998159474348
0 63.0859375 16.927083333333336 6.959078522333606 9.278771363111476
0 79.150390625 14.322916666666666 6.401421192444773 8.53522825659303
0 64.111328125 19.466145833333336 7.462780310447684 9.950373747263578
0 82.568359375 16.471354166666664 6.864759447755123 9.15301259700683
0 74.169921875 16.276041666666664 6.823937919616058 9.09858389282141
0 83.59375 15.690104166666666 6.699981201202437 8.933308268269917
0 71.826171875 20.377604166666664 7.635495607419925 10.180660809893233
0 86.083984375 15.364583333333334 6.6301150458985685 8.840153394531425
0 77.1484375 16.731770833333336 6.9188135063199665 9.225084675093289
0 87.40234375 16.015625 6.7691262856502785 9.025501714200372
0 77.44140625 20.5078125 7.659851317145468 10.21313508952729
0 89.35546875 16.471354166666664 6.864759447755123 9.15301259700683
0 80.615234375 21.2890625 7.804389558437758 10.405852744583676
0 87.548828125 19.3359375 7.437779301119349 9.917039068159132
0 76.318359375 24.609375 8.39094670707246 11.187928942763282
0 91.162109375 17.317708333333336 7.038917599286375 9.385223465715166
0 70.21484375 25.065104166666668 8.468284256293707 11.291045675058275
0 91.845703125 18.880208333333336 7.349606066157407 9.799474754876544
0 63.671875 23.697916666666664 8.234092750996119 10.978790334661493
0 93.408203125 17.96875 7.170007400189656 9.56000986691954
0 61.962890625 27.473958333333332 8.865868558553435 11.821158078071248
0 95.1171875 18.880208333333336 7.349606066157407 9.799474754876544
0 65.380859375 30.794270833333332 9.386325988299376 12.515101317732501
0 97.16796875 18.684895833333336 7.311492035346033 9.748656047128044
0 84.375 20.833333333333336 7.720404443770458 10.293872591693944
0 97.705078125 21.2890625 7.804389558437758 10.405852744583676
0 87.060546875 26.822916666666668 8.760192928715409 11.680257238287211
0 98.291015625 24.153645833333336 8.312889692307273 11.083852923076364
0 86.71875 30.924479166666668 9.406149296522488 12.541532395363317
0 99.31640625 28.059895833333332 8.959911044862793 11.946548059817056
0 86.962890625 38.4765625 10.492012596234792 13.989350128313058
0 99.169921875 20.963541666666664 7.7444931277157725 10.325990836954363
0 90.13671875 26.3671875 8.685454999241765 11.580606665655687
0 83.10546875 44.921875 11.336777112430854 15.11570281657447
0 95.654296875 21.875 7.911060422861158 10.548080563814876
0 88.671875 48.2421875 11.748276705883885 15.664368941178514
0 93.994140625 23.502604166666664 8.200090846279542 10.933454461706056
0 50.0 22.330729166666664 7.993042513249997 10.657390017666662
0 61.279296875 33.33333333333333 9.765625 13.020833333333334
0 53.02734375 23.697916666666664 8.234092750996119 10.978790334661493
0 59.716796875 40.75520833333333 10.79822144345345 14.397628591271266
0 50.29296875 27.1484375 8.81318913463968 11.750918846186241
0 54.736328125 43.42447916666667 11.146229472503464 14.861639296671287
0 50.439453125 33.65885416666667 9.813192865486773 13.084257153982362
0 69.53125 48.89322916666667 11.82728416447516 15.76971221930021
0 40.8203125 40.55989583333333 10.77231603681811 14.363088049090814
0 37.40234375 56.119791666666664 12.67122771730145 16.894970289735266
0 45.99609375 36.78385416666667 10.258628121320564 13.678170828427419
0 44.43359375 28.385416666666668 9.011732824849489 12.015643766465985
0 31.201171875 28.841145833333332 9.083786661460703 12.11171554861427
0 21.337890625 47.0703125 11.604707850238979 15.472943800318639
0 33.0078125 41.796875 10.935347208965403 14.580462945287206
0 26.220703125 49.8046875 11.937016122807584 15.916021497076779
0 30.419921875 35.61197916666667 10.093893681970965 13.458524909294619
0 72.265625 32.55208333333333 9.650505554713073 12.86734073961743
0 79.736328125 36.97916666666667 10.285827359834423 13.714436479779232
0 78.61328125 24.739583333333336 8.413115693414442 11.217487591219255
0 61.083984375 18.880208333333336 7.349606066157407 9.799474754876544
0 20.21484375 33.46354166666667 9.784679896167846 13.046239861557126
0 14.013671875 34.11458333333333 9.87940311049722 13.17253748066296
0 3.271484375 60.026041666666664 13.104803804677667 17.473071739570223
0 10.05859375 75.13020833333334 14.661147643389056 19.548196857852073
0 58.59375 76.62760416666666 14.8065301156106 19.742040154147467
0 63.427734375 65.0390625 13.641050194474493 18.18806692596599
0 84.47265625 76.62760416666666 14.8065301156106 19.742040154147467
0 97.16796875 62.565104166666664 13.379095591298201 17.838794121730935
0 97.802734375 48.2421875 11.748276705883885 15.664368941178514
0 15.478515625 30.598958333333332 9.35651227829339 12.475349704391189
0 6.54296875 22.330729166666664 7.993042513249997 10.657390017666662
0 36.279296875 19.791666666666664 7.524919437217989 10.033225916290652
0 53.955078125 17.317708333333336 7.038917599286375 9.385223465715166
0 42.3828125 19.596354166666664 7.487697843252746 9.983597124336994
0 39.35546875 81.31510416666666 15.252684325683349 20.336912434244468
0 60.498046875 22.65625 8.051090062422436 10.734786749896582
0 64.013671875 41.92708333333333 10.952367214920875 14.603156286561166
