0 98.291015625 20.963541666666664 7.7444931277157725 10.325990836954363
0 93.212890625 18.489583333333336 7.273178276253042 9.697571035004056
0 87.79296875 19.401041666666664 7.450290292806215 9.933720390408286
0 82.32421875 16.927083333333336 6.959078522333606 9.278771363111476
0 77.44140625 20.052083333333336 7.574263699945591 10.099018266594122
0 89.35546875 23.567708333333336 8.211440458419013 10.948587277892017
0 93.798828125 31.966145833333332 9.56325660155786 12.751008802077147
0 88.0859375 32.6171875 9.660151239834237 12.880201653112316
0 84.66796875 38.21614583333333 10.456446349494515 13.941928465992687
0 97.216796875 42.51302083333333 11.02863220189981 14.704842935866417
0 91.11328125 50.1953125 11.983736521039955 15.978315361386604
0 85.546875 46.94010416666667 11.588645963163772 15.45152795088503
0 82.2265625 54.166666666666664 12.448778109357384 16.598370812476514
0 86.328125 70.44270833333334 14.196415221695565 18.92855362892742
0 71.923828125 57.291666666666664 12.802842384889546 17.07045651318606
0 93.310546875 94.85677083333334 16.473839814777563 21.965119753036753
0 63.330078125 89.90885416666666 16.038431815760394 21.38457575434719
0 47.4609375 82.35677083333334 15.35006877436437 20.46675836581916
0 10.546875 83.7890625 15.48297228267312 20.643963043564163
0 33.935546875 64.71354166666666 13.60687061133298 18.142494148443973
0 43.9453125 54.817708333333336 12.523367021901361 16.69782269586848
0 26.708984375 49.54427083333333 11.905767335895483 15.874356447860643
0 36.23046875 47.4609375 11.652760676291981 15.537014235055976
0 39.84375 40.0390625 10.70292841598522 14.270571221313624
0 33.837890625 37.82552083333333 10.40286898746296 13.870491983283944
0 30.712890625 31.966145833333332 9.56325660155786 12.751008802077147
0 19.189453125 35.3515625 10.056919588186085 13.409226117581447
0 13.28125 38.8671875 10.545137050275265 14.060182733700355
0 8.203125 42.51302083333333 11.02863220189981 14.704842935866417
0 5.17578125 55.208333333333336 12.567907886947022 16.757210515929362
0 1.07421875 46.15885416666667 11.491803212745808 15.322404283661076
0 0.9765625 55.078125 12.553078491945271 16.73743798926036
0 5.859375 30.924479166666668 9.406149296522488 12.541532395363317
0 0.390625 29.361979166666668 9.16544031840894 12.220587091211922
0 12.109375 27.9296875 8.939098215256843 11.918797620342456
0 9.765625 20.703125 7.6962403643301345 10.261653819106845
0 5.17578125 25.130208333333332 8.479274895904423 11.305699861205897
0 18.701171875 27.018229166666668 8.792028986137655 11.722705314850208
0 23.583984375 30.6640625 9.366460725843998 12.48861430112533
0 24.951171875 22.395833333333336 8.00468569861084 10.672914264814453
0 12.890625 20.703125 7.6962403643301345 10.261653819106845
0 5.17578125 17.578125 7.091644310682526 9.455525747576702
0 14.74609375 17.708333333333336 7.117861199762329 9.490481599683106
0 22.705078125 20.703125 7.6962403643301345 10.261653819106845
0 5.46875 21.614583333333336 7.863829789260941 10.485106385681254
0 0.5859375 17.838541666666664 7.143981879101334 9.525309172135112
0 35.83984375 30.794270833333332 9.386325988299376 12.515101317732501
0 35.205078125 22.916666666666664 8.097228492078614 10.796304656104818
0 28.076171875 23.567708333333336 8.211440458419013 10.948587277892017
0 30.419921875 15.494791666666666 6.658149484030587 8.877532645374115
0 23.876953125 15.494791666666666 6.658149484030587 8.877532645374115
0 2.1484375 18.75 7.32421875 9.765625
0 42.7734375 30.6640625 9.366460725843998 12.48861430112533
0 50.0 36.26302083333333 10.185741740892722 13.580988987856962
0 53.41796875 43.5546875 11.162927952985768 14.883903937314358
0 58.642578125 47.59114583333333 11.66873431048899 15.55831241398532
0 64.892578125 40.4296875 10.755011100284483 14.340014800379311
0 69.091796875 34.5703125 9.945172568847854 13.26023009179714
0 61.474609375 32.74739583333333 9.679413773897526 12.905885031863368
0 54.19921875 32.74739583333333 9.679413773897526 12.905885031863368
0 48.046875 29.622395833333332 9.205995562132786 12.274660749510382
0 41.9921875 23.567708333333336 8.211440458419013 10.948587277892017
0 51.7578125 29.361979166666668 9.16544031840894 12.220587091211922
0 53.7109375 21.614583333333336 7.863829789260941 10.485106385681254
0 42.1875 18.75 7.32421875 9.765625
0 35.205078125 17.1875 7.012405574387241 9.349874099182989
0 35.400390625 24.609375 8.39094670707246 11.187928942763282
0 39.84375 18.489583333333336 7.273178276253042 9.697571035004056
0 27.783203125 18.489583333333336 7.273178276253042 9.697571035004056
0 19.677734375 17.838541666666664 7.143981879101334 9.525309172135112
0 36.71875 17.447916666666664 7.065330140863174 9.420440187817565
0 27.294921875 13.671875 6.254242410864013 8.338989881152017
0 12.5 15.755208333333334 6.7138671875 8.951822916666668
0 21.728515625 15.755208333333334 6.7138671875 8.951822916666668
0 32.568359375 17.1875 7.012405574387241 9.349874099182989
0 10.9375 17.838541666666664 7.143981879101334 9.525309172135112
0 46.2890625 24.348958333333336 8.346432086900233 11.128576115866979
0 51.66015625 18.359375 7.247523246483103 9.663364328644137
0 44.3359375 15.494791666666666 6.658149484030587 8.877532645374115
0 33.740234375 14.713541666666666 6.488126106405426 8.650834808540568
0 45.99609375 20.572916666666664 7.672000176987631 10.229333569316841
0 17.138671875 17.708333333333336 7.117861199762329 9.490481599683106
0 6.73828125 16.40625 6.8511792970714245 9.134905729428567
0 3.02734375 16.666666666666664 6.905339660024879 9.207119546699838
0 14.16015625 14.322916666666666 6.401421192444773 8.53522825659303
0 25.439453125 14.973958333333334 6.545291317604741 8.727055090139656
0 16.50390625 14.713541666666666 6.488126106405426 8.650834808540568
0 36.328125 13.802083333333334 6.283953943473511 8.378605257964681
0 29.443359375 13.411458333333334 6.194391824397107 8.259189099196142
0 18.896484375 15.104166666666666 6.573687508709111 8.764916678278816
0 38.18359375 14.0625 6.342959500374307 8.457279333832409
0 56.103515625 11.71875 5.790303332827843 7.720404443770458
0 59.033203125 20.182291666666664 7.598815672600545 10.13175423013406
0 64.501953125 23.958333333333336 8.279211405182211 11.038948540242949
0 66.357421875 30.6640625 9.366460725843998 12.48861430112533
0 72.607421875 29.8828125 9.24637292940864 12.32849723921152
0 72.314453125 22.526041666666664 8.027921409891299 10.703895213188398
0 64.111328125 18.098958333333336 7.195938795502683 9.594585060670244
0 61.376953125 12.109375 5.886017310176364 7.848023080235151
0 55.224609375 16.276041666666664 6.823937919616058 9.09858389282141
0 48.92578125 20.963541666666664 7.7444931277157725 10.325990836954363
0 47.16796875 13.671875 6.254242410864013 8.338989881152017
0 41.69921875 14.0625 6.342959500374307 8.457279333832409
0 48.2421875 17.838541666666664 7.143981879101334 9.525309172135112
0 58.935546875 13.671875 6.254242410864013 8.338989881152017
0 49.51171875 13.411458333333334 6.194391824397107 8.259189099196142
0 57.958984375 12.239583333333332 5.917577950947668 7.8901039345968895
0 67.626953125 16.276041666666664 6.823937919616058 9.09858389282141
0 75.78125 27.799479166666668 8.918236814088415 11.890982418784553
0 80.2734375 37.04427083333333 10.29487780360901 13.726503738145347
0 79.39453125 28.059895833333332 8.959911044862793 11.946548059817056
0 61.279296875 18.489583333333336 7.273178276253042 9.697571035004056
0 52.44140625 12.5 5.980199567341744 7.973599423122326
0 54.1015625 13.671875 6.254242410864013 8.338989881152017
0 63.427734375 12.760416666666666 6.042172202521769 8.056229603362357
0 82.71484375 26.7578125 8.749555167743805 11.66607355699174
0 75.29296875 19.010416666666664 7.37490598974278 9.833207986323707
0 73.046875 12.5 5.980199567341744 7.973599423122326
0 69.580078125 19.401041666666664 7.450290292806215 9.933720390408286
0 80.37109375 15.494791666666666 6.658149484030587 8.877532645374115
0 91.69921875 30.6640625 9.366460725843998 12.48861430112533
0 82.2265625 22.265625 7.981382342908947 10.641843123878598
0 71.533203125 13.802083333333334 6.283953943473511 8.378605257964681
0 68.017578125 12.239583333333332 5.917577950947668 7.8901039345968895
0 68.896484375 13.671875 6.254242410864013 8.338989881152017
0 64.990234375 21.223958333333336 7.792447103762027 10.389929471682702
0 84.9609375 21.744791666666664 7.887480458569388 10.51664061142585
0 99.560546875 32.2265625 9.60213178866716 12.802842384889546
0 99.267578125 25.0 8.457279333832409 11.276372445109878
0 91.796875 25.716145833333332 8.57755695956738 11.436742612756506
0 86.03515625 16.145833333333336 6.796587356970242 9.062116475960323
0 88.96484375 27.408854166666668 8.855357744474432 11.807143659299243
0 89.0625 16.536458333333336 6.878312786611722 9.171083715482297
0 76.26953125 13.411458333333334 6.194391824397107 8.259189099196142
0 78.515625 14.973958333333334 6.545291317604741 8.727055090139656
0 95.556640625 23.958333333333336 8.279211405182211 11.038948540242949
0 79.00390625 23.958333333333336 8.279211405182211 11.038948540242949
0 92.041015625 22.916666666666664 8.097228492078614 10.796304656104818
0 59.619140625 25.5859375 8.555814067917595 11.407752090556793
0 65.771484375 14.0625 6.342959500374307 8.457279333832409
0 90.33203125 20.052083333333336 7.574263699945591 10.099018266594122
0 95.556640625 17.578125 7.091644310682526 9.455525747576702
