0 86.279296875 64.58333333333334 13.593174713940485 18.124232951920646
0 98.291015625 51.888020833333336 12.184121568406452 16.245495424541936
0 79.296875 54.036458333333336 12.433806632973244 16.578408843964322
0 80.322265625 45.05208333333333 11.353195335533615 15.137593780711486
0 68.994140625 54.622395833333336 12.501037077797877 16.668049437063836
0 80.126953125 37.23958333333333 10.321981521782082 13.762642029042777
0 94.482421875 41.66666666666667 10.918300671385692 14.557734228514258
0 92.236328125 30.46875 9.336583582018038 12.448778109357384
0 87.79296875 32.48697916666667 9.640850219074288 12.854466958765718
0 98.583984375 41.27604166666667 10.867000619363317 14.489334159151088
0 99.0234375 33.59375 9.803697756475225 13.071597008633635
0 94.140625 23.177083333333336 8.143105507889608 10.857474010519478
0 98.193359375 29.6875 9.216106488367615 12.288141984490153
0 87.98828125 27.9296875 8.939098215256843 11.918797620342456
0 96.97265625 23.372395833333336 8.177344364608315 10.903125819477753
0 90.4296875 25.78125 8.588407763348565 11.451210351131419
0 74.365234375 32.35677083333333 9.621510480001493 12.828680640001991
0 80.126953125 24.8046875 8.424178309229896 11.23223774563986
0 88.818359375 19.986979166666664 7.561957820656658 10.08261042754221
0 83.056640625 22.135416666666664 7.958010748538389 10.610680998051187
0 77.490234375 21.744791666666664 7.887480458569388 10.51664061142585
0 73.6328125 27.278645833333332 8.83429859993294 11.779064799910586
0 66.162109375 38.99739583333333 10.562785827561513 14.083714436748682
0 85.791015625 20.8984375 7.732458166088822 10.309944221451763
0 92.138671875 20.638020833333336 7.684129829110212 10.245506438813615
0 79.296875 19.596354166666664 7.487697843252746 9.983597124336994
0 95.99609375 20.1171875 7.586549618320344 10.115399491093791
0 86.181640625 18.229166666666664 7.221777078979024 9.629036105305365
0 81.005859375 16.731770833333336 6.9188135063199665 9.225084675093289
0 75.68359375 18.489583333333336 7.273178276253042 9.697571035004056
0 70.99609375 22.005208333333336 7.9345703125 10.579427083333332
0 89.208984375 17.708333333333336 7.117861199762329 9.490481599683106
0 72.216796875 17.708333333333336 7.117861199762329 9.490481599683106
0 63.427734375 15.950520833333334 6.755353888299149 9.0071385177322
0 66.552734375 23.893229166666664 8.267954824306681 11.023939765742242
0 62.40234375 29.557291666666668 9.195873518871684 12.261164691828911
0 61.62109375 13.346354166666666 6.179338602086361 8.239118136115147
0 59.47265625 24.4140625 8.357582969744357 11.143443959659143
0 55.95703125 16.341145833333336 6.837572174807153 9.116762899742872
0 61.083984375 21.028645833333336 7.756509415978292 10.342012554637723
0 61.23046875 34.50520833333333 9.935803586486637 13.247738115315515
0 59.47265625 18.880208333333336 7.349606066157407 9.799474754876544
0 54.248046875 13.4765625 6.209408553886659 8.279211405182211
0 49.462890625 18.619791666666664 7.298743129334349 9.731657505779133
0 49.169921875 27.799479166666668 8.918236814088415 11.890982418784553
0 61.5234375 17.96875 7.170007400189656 9.56000986691954
0 57.958984375 14.192708333333334 6.372257390692475 8.496343187589966
0 47.36328125 22.526041666666664 8.027921409891299 10.703895213188398
0 45.458984375 15.494791666666666 6.658149484030587 8.877532645374115
0 42.3828125 23.6328125 8.222774405094897 10.963699206793196
0 41.6015625 31.4453125 9.485028239697298 12.646704319596397
0 50.1953125 36.65364583333333 10.240455160865794 13.653940214487726
0 54.052734375 46.35416666666667 11.516090249092533 15.354786998790045
0 39.16015625 22.135416666666664 7.958010748538389 10.610680998051187
0 41.40625 16.731770833333336 6.9188135063199665 9.225084675093289
0 30.37109375 27.5390625 8.876366926421502 11.835155901895336
0 40.966796875 19.140625 7.400119417103358 9.866825889471144
0 36.03515625 16.2109375 6.810276368536802 9.080368491382403
0 30.56640625 14.453125 6.430452730012657 8.57393697335021
0 32.177734375 35.22135416666667 10.038381471800859 13.384508629067811
0 35.44921875 41.92708333333333 10.952367214920875 14.603156286561166
0 37.451171875 62.825520833333336 13.406910788872556 17.875881051830074
0 69.921875 71.15885416666666 14.268395663526562 19.02452755136875
0 46.875 81.4453125 15.264891357909912 20.353188477213216
0 51.07421875 17.122395833333336 6.9991119025755095 9.332149203434014
0 53.02734375 11.197916666666668 5.660167538754702 7.546890051672936
0 37.548828125 18.098958333333336 7.195938795502683 9.594585060670244
0 32.51953125 15.364583333333334 6.6301150458985685 8.840153394531425
0 27.63671875 23.177083333333336 8.143105507889608 10.857474010519478
0 32.51953125 20.768229166666664 7.708331872750909 10.277775830334546
0 25.732421875 19.010416666666664 7.37490598974278 9.833207986323707
0 19.873046875 21.028645833333336 7.756509415978292 10.342012554637723
0 25.927734375 15.364583333333334 6.6301150458985685 8.840153394531425
0 19.04296875 33.07291666666667 9.727403229070575 12.9698709720941
0 22.900390625 26.302083333333332 8.674725588105405 11.56630078414054
0 20.99609375 17.3828125 7.052136235529384 9.40284831403918
0 21.77734375 50.325520833333336 11.999269562583924 15.99902608344523
0 22.607421875 14.192708333333334 6.372257390692475 8.496343187589966
0 17.333984375 19.270833333333336 7.425247229367944 9.900329639157258
0 2.978515625 59.049479166666664 12.99776577090262 17.330354361203494
0 1.85546875 44.3359375 11.262598930203817 15.016798573605088
0 19.04296875 14.973958333333334 6.545291317604741 8.727055090139656
0 12.59765625 19.140625 7.400119417103358 9.866825889471144
0 10.05859375 27.669270833333332 8.897326499702912 11.863101999603883
0 14.404296875 21.744791666666664 7.887480458569388 10.51664061142585
0 1.5625 17.122395833333336 6.9991119025755095 9.332149203434014
0 4.8828125 30.208333333333332 9.296598029619028 12.395464039492039
0 6.103515625 16.471354166666664 6.864759447755123 9.15301259700683
0 3.076171875 24.153645833333336 8.312889692307273 11.083852923076364
0 8.349609375 20.8984375 7.732458166088822 10.309944221451763
0 29.78515625 18.75 7.32421875 9.765625
0 5.322265625 20.5078125 7.659851317145468 10.21313508952729
0 15.4296875 17.513020833333336 7.0784994535786145 9.437999271438152
0 2.099609375 21.875 7.911060422861158 10.548080563814876
