0 8.251953125 34.83072916666667 9.982560567502519 13.310080756670025
0 8.59375 28.059895833333332 8.959911044862793 11.946548059817056
0 19.580078125 29.6875 9.216106488367615 12.288141984490153
0 27.392578125 21.809895833333336 7.8992792392241125 10.532372318965482
0 42.08984375 22.981770833333336 8.108722079825698 10.811629439767596
0 60.400390625 28.255208333333332 8.991039955234518 11.988053273646026
0 79.39453125 23.763020833333336 8.245395560367612 10.993860747156816
0 88.916015625 26.302083333333332 8.674725588105405 11.56630078414054
0 85.05859375 20.377604166666664 7.635495607419925 10.180660809893233
0 99.12109375 30.6640625 9.366460725843998 12.48861430112533
0 2.587890625 25.390625 8.523095729839442 11.364127639785922
0 8.837890625 18.75 7.32421875 9.765625
0 3.41796875 17.838541666666664 7.143981879101334 9.525309172135112
0 14.892578125 38.8671875 10.545137050275265 14.060182733700355
0 13.427734375 34.9609375 10.001202153426476 13.334936204568635
0 5.37109375 20.377604166666664 7.635495607419925 10.180660809893233
0 15.478515625 20.8984375 7.732458166088822 10.309944221451763
0 20.41015625 16.861979166666664 6.945682786096826 9.260910381462436
0 28.7109375 15.234375 6.60196156395994 8.802615418613254
0 36.669921875 16.9921875 6.972448522214271 9.296598029619028
0 42.578125 13.802083333333334 6.283953943473511 8.378605257964681
0 53.173828125 15.885416666666666 6.741553355216833 8.988737806955777
0 65.087890625 16.536458333333336 6.878312786611722 9.171083715482297
0 74.21875 18.9453125 7.3622668956389274 9.816355860851903
0 82.51953125 20.377604166666664 7.635495607419925 10.180660809893233
0 90.966796875 21.484375 7.840107775064166 10.453477033418888
0 66.650390625 15.559895833333334 6.672122530845778 8.896163374461038
0 56.787109375 15.234375 6.60196156395994 8.802615418613254
0 39.0625 15.885416666666666 6.741553355216833 8.988737806955777
0 22.705078125 17.1875 7.012405574387241 9.349874099182989
0 11.03515625 23.2421875 8.154534433525017 10.872712578033356
0 45.3125 13.346354166666666 6.179338602086361 8.239118136115147
0 25.68359375 16.9921875 6.972448522214271 9.296598029619028
