0 41.650390625 22.4609375 8.016311973000304 10.688415964000404
0 38.76953125 15.755208333333334 6.7138671875 8.951822916666668
0 67.431640625 15.169270833333334 6.587839704871492 8.783786273161988
0 58.0078125 15.0390625 6.559504779115197 8.746006372153596
0 74.0234375 17.447916666666664 7.065330140863174 9.420440187817565
0 91.064453125 19.140625 7.400119417103358 9.866825889471144
0 84.716796875 20.638020833333336 7.684129829110212 10.245506438813615
0 75.146484375 23.372395833333336 8.177344364608315 10.903125819477753
0 5.859375 22.005208333333336 7.9345703125 10.579427083333332
0 19.580078125 19.7265625 7.512532730158185 10.01671030687758
0 8.349609375 19.596354166666664 7.487697843252746 9.983597124336994
0 3.662109375 24.283854166666664 8.33526628646708 11.113688381956106
0 91.748046875 20.5078125 7.659851317145468 10.21313508952729
0 45.01953125 15.0390625 6.559504779115197 8.746006372153596
0 33.7890625 16.666666666666664 6.905339660024879 9.207119546699838
0 28.22265625 16.666666666666664 6.905339660024879 9.207119546699838
0 12.3046875 18.684895833333336 7.311492035346033 9.748656047128044
0 98.681640625 23.046875 8.120199399200482 10.82693253226731
0 81.494140625 18.229166666666664 7.221777078979024 9.629036105305365
0 75.830078125 18.359375 7.247523246483103 9.663364328644137
0 89.2578125 18.489583333333336 7.273178276253042 9.697571035004056
0 76.171875 16.2109375 6.810276368536802 9.080368491382403
0 85.25390625 18.815104166666664 7.336923388776433 9.782564518368577
0 95.60546875 20.768229166666664 7.708331872750909 10.277775830334546
0 85.400390625 16.861979166666664 6.945682786096826 9.260910381462436
0 35.9375 16.861979166666664 6.945682786096826 9.260910381462436
0 4.6875 18.229166666666664 7.221777078979024 9.629036105305365
0 23.779296875 16.536458333333336 6.878312786611722 9.171083715482297
0 2.294921875 19.401041666666664 7.450290292806215 9.933720390408286
0 1.171875 18.359375 7.247523246483103 9.663364328644137
