0 87.744140625 61.848958333333336 13.302303904848248 17.73640520646433
0 76.318359375 50.390625 12.007028547916262 16.00937139722168
0 79.39453125 38.60677083333333 10.509750584547465 14.01300077939662
0 51.611328125 40.16927083333333 10.720317425689878 14.293756567586504
0 33.935546875 36.58854166666667 10.231356576074347 13.641808768099132
0 21.044921875 44.53125 11.287379155826983 15.049838874435977
0 18.45703125 33.26822916666667 9.756083595670033 13.008111460893376
0 29.8828125 27.864583333333332 8.928673607377803 11.904898143170405
0 45.751953125 30.6640625 9.366460725843998 12.48861430112533
0 23.14453125 31.510416666666668 9.494842032534208 12.659789376712277
0 13.76953125 26.171875 8.653226854710587 11.537635806280782
0 29.8828125 20.1171875 7.586549618320344 10.115399491093791
0 43.017578125 23.763020833333336 8.245395560367612 10.993860747156816
0 51.07421875 23.567708333333336 8.211440458419013 10.948587277892017
0 63.427734375 30.46875 9.336583582018038 12.448778109357384
0 73.828125 38.4765625 10.492012596234792 13.989350128313058
0 85.15625 30.143229166666668 9.286574740419274 12.382099653892366
0 92.28515625 41.6015625 10.909767414379564 14.546356552506085
0 99.0234375 33.7890625 9.832155574699105 13.109540766265473
0 92.431640625 28.385416666666668 9.011732824849489 12.015643766465985
0 82.03125 27.213541666666668 8.823750179932228 11.765000239909636
0 66.30859375 25.651041666666668 8.566692411876344 11.422256549168457
0 72.509765625 21.2890625 7.804389558437758 10.405852744583676
0 77.978515625 25.78125 8.588407763348565 11.451210351131419
0 84.619140625 21.2890625 7.804389558437758 10.405852744583676
0 89.404296875 25.455729166666668 8.53401578009617 11.378687706794894
0 17.138671875 25.260416666666668 8.501213548086012 11.334951397448016
0 1.708984375 33.07291666666667 9.727403229070575 12.9698709720941
0 3.369140625 22.721354166666664 8.062649422377262 10.75019922983635
0 9.228515625 16.276041666666664 6.823937919616058 9.09858389282141
0 6.34765625 28.059895833333332 8.959911044862793 11.946548059817056
0 65.13671875 17.643229166666664 7.104764847914316 9.473019797219088
0 59.033203125 22.200520833333336 7.969705113037473 10.626273484049964
0 55.908203125 13.997395833333334 6.328259690346595 8.437679587128793
0 45.99609375 16.9921875 6.972448522214271 9.296598029619028
0 40.0390625 19.205729166666664 7.412693970636669 9.883591960848893
0 33.7890625 14.518229166666666 6.444919458600731 8.593225944800976
0 23.779296875 18.684895833333336 7.311492035346033 9.748656047128044
0 17.67578125 15.234375 6.60196156395994 8.802615418613254
0 24.70703125 14.908854166666666 6.531046923532928 8.708062564710572
0 15.33203125 15.950520833333334 6.755353888299149 9.0071385177322
0 7.12890625 17.643229166666664 7.104764847914316 9.473019797219088
0 14.306640625 14.388020833333334 6.415953381844678 8.554604509126236
0 21.337890625 18.359375 7.247523246483103 9.663364328644137
0 5.712890625 16.796875 6.932261164306974 9.243014885742634
0 34.326171875 25.455729166666668 8.53401578009617 11.378687706794894
0 39.404296875 13.4765625 6.209408553886659 8.279211405182211
0 50.29296875 13.997395833333334 6.328259690346595 8.437679587128793
0 59.66796875 12.955729166666666 6.088237714617921 8.117650286157229
0 71.875 16.080729166666664 6.782870718656271 9.043827624875028
0 81.884765625 16.276041666666664 6.823937919616058 9.09858389282141
0 88.623046875 16.9921875 6.972448522214271 9.296598029619028
0 98.92578125 23.2421875 8.154534433525017 10.872712578033356
0 92.138671875 20.1171875 7.586549618320344 10.115399491093791
0 92.138671875 33.26822916666667 9.756083595670033 13.008111460893376
0 68.75 24.609375 8.39094670707246 11.187928942763282
0 66.552734375 13.151041666666666 6.133957288281793 8.178609717709058
0 52.783203125 18.1640625 7.208869513560617 9.611826018080823
0 44.189453125 14.713541666666666 6.488126106405426 8.650834808540568
0 29.39453125 14.713541666666666 6.488126106405426 8.650834808540568
0 42.236328125 14.192708333333334 6.372257390692475 8.496343187589966
0 26.513671875 23.046875 8.120199399200482 10.82693253226731
0 46.77734375 12.434895833333332 5.964605800076924 7.952807733435899
0 31.689453125 18.5546875 7.28597191547444 9.714629220632586
0 0.927734375 17.643229166666664 7.104764847914316 9.473019797219088
0 36.376953125 14.388020833333334 6.415953381844678 8.554604509126236
0 22.4609375 14.518229166666666 6.444919458600731 8.593225944800976
0 14.697265625 20.638020833333336 7.684129829110212 10.245506438813615
0 52.001953125 12.434895833333332 5.964605800076924 7.952807733435899
0 64.599609375 14.713541666666666 6.488126106405426 8.650834808540568
0 74.609375 15.234375 6.60196156395994 8.802615418613254
0 85.25390625 17.513020833333336 7.0784994535786145 9.437999271438152
0 12.5 13.671875 6.254242410864013 8.338989881152017
0 81.34765625 23.046875 8.120199399200482 10.82693253226731
0 68.505859375 18.684895833333336 7.311492035346033 9.748656047128044
0 49.658203125 31.901041666666668 9.55351308746248 12.738017449949975
0 76.416015625 20.247395833333336 7.611061958825638 10.148082611767517
0 70.3125 13.8671875 6.298757153488249 8.398342871317666
0 58.251953125 18.359375 7.247523246483103 9.663364328644137
0 93.06640625 17.838541666666664 7.143981879101334 9.525309172135112
0 96.044921875 20.638020833333336 7.684129829110212 10.245506438813615
