0 86.81640625 65.69010416666666 13.709153714121216 18.278871618828287
0 94.677734375 51.692708333333336 12.161168728742233 16.214891638322978
0 99.21875 40.95052083333333 10.824064850444458 14.432086467259278
0 84.912109375 36.9140625 10.276768945607138 13.702358594142853
0 79.4921875 38.80208333333333 10.536301575703167 14.048402100937555
0 78.759765625 53.450520833333336 12.366210686862065 16.488280915816087
0 67.48046875 57.552083333333336 12.831906763689355 17.10920901825247
0 66.9921875 43.29427083333333 11.129505937994672 14.839341250659563
0 62.59765625 35.41666666666667 10.066175843793117 13.421567791724156
0 73.486328125 30.2734375 9.306610523667546 12.408814031556727
0 75.634765625 24.0234375 8.290452702152177 11.053936936202902
0 99.560546875 30.2734375 9.306610523667546 12.408814031556727
0 92.919921875 30.794270833333332 9.386325988299376 12.515101317732501
0 88.427734375 32.55208333333333 9.650505554713073 12.86734073961743
0 79.6875 17.7734375 7.130933499479933 9.50791133263991
0 61.474609375 30.013020833333332 9.266495636406846 12.35532751520913
0 52.197265625 49.28385416666667 11.874436314907054 15.832581753209407
0 50.1953125 37.82552083333333 10.40286898746296 13.870491983283944
0 49.755859375 28.90625 9.094033462982996 12.125377950643994
0 42.96875 21.158854166666664 7.780486318348366 10.373981757797822
0 32.470703125 35.67708333333333 10.103116062772735 13.470821417030313
0 36.669921875 44.66145833333333 11.303869126862875 15.071825502483835
0 37.158203125 62.6953125 13.393010411066705 17.857347214755606
0 20.166015625 49.67447916666667 11.92140196815467 15.895202624206226
0 2.44140625 58.919270833333336 12.983427359730621 17.311236479640826
0 1.7578125 44.921875 11.336777112430854 15.11570281657447
0 2.685546875 32.421875 9.631185203893738 12.84158027185832
0 4.6875 25.390625 8.523095729839442 11.364127639785922
0 9.86328125 27.799479166666668 8.918236814088415 11.890982418784553
0 17.822265625 32.55208333333333 9.650505554713073 12.86734073961743
0 21.19140625 26.5625 8.717563999686098 11.62341866624813
0 32.91015625 28.515625 9.03237828793258 12.043171050576774
0 28.90625 23.502604166666664 8.200090846279542 10.933454461706056
0 42.529296875 24.8046875 8.424178309229896 11.23223774563986
0 38.8671875 19.661458333333336 7.500125566067204 10.00016742142294
0 40.91796875 16.536458333333336 6.878312786611722 9.171083715482297
0 37.451171875 16.40625 6.8511792970714245 9.134905729428567
0 37.353515625 13.671875 6.254242410864013 8.338989881152017
0 39.794921875 14.388020833333334 6.415953381844678 8.554604509126236
0 42.87109375 13.997395833333334 6.328259690346595 8.437679587128793
0 43.994140625 16.145833333333336 6.796587356970242 9.062116475960323
0 47.119140625 14.6484375 6.473755931273323 8.631674575031097
0 45.01953125 14.908854166666666 6.531046923532928 8.708062564710572
0 68.994140625 13.541666666666666 6.224389054678692 8.299185406238257
0 3.466796875 19.921875 7.549631882844837 10.066175843793117
0 5.615234375 17.7734375 7.130933499479933 9.50791133263991
0 7.03125 16.276041666666664 6.823937919616058 9.09858389282141
0 18.84765625 15.169270833333334 6.587839704871492 8.783786273161988
0 22.021484375 21.549479166666664 7.85197774064246 10.469303654189947
0 17.919921875 19.140625 7.400119417103358 9.866825889471144
0 20.751953125 16.536458333333336 6.878312786611722 9.171083715482297
0 22.216796875 16.145833333333336 6.796587356970242 9.062116475960323
0 27.392578125 13.28125 6.16424861960576 8.218998159474348
0 28.80859375 12.890625 6.072921369058959 8.097228492078614
0 30.56640625 14.6484375 6.473755931273323 8.631674575031097
0 33.3984375 15.625 6.686066375795484 8.914755167727312
0 27.587890625 16.666666666666664 6.905339660024879 9.207119546699838
0 26.171875 19.010416666666664 7.37490598974278 9.833207986323707
0 29.541015625 19.270833333333336 7.425247229367944 9.900329639157258
0 31.25 20.768229166666664 7.708331872750909 10.277775830334546
0 35.546875 19.140625 7.400119417103358 9.866825889471144
0 15.185546875 16.666666666666664 6.905339660024879 9.207119546699838
0 13.76953125 16.276041666666664 6.823937919616058 9.09858389282141
0 11.62109375 18.424479166666664 7.2603620931215325 9.680482790828709
0 10.791015625 17.122395833333336 6.9991119025755095 9.332149203434014
0 14.6484375 20.377604166666664 7.635495607419925 10.180660809893233
0 6.103515625 20.5078125 7.659851317145468 10.21313508952729
0 67.7734375 24.0234375 8.290452702152177 11.053936936202902
0 59.9609375 25.130208333333332 8.479274895904423 11.305699861205897
0 71.240234375 22.526041666666664 8.027921409891299 10.703895213188398
0 60.3515625 21.2890625 7.804389558437758 10.405852744583676
0 48.4375 22.916666666666664 8.097228492078614 10.796304656104818
0 61.572265625 17.513020833333336 7.0784994535786145 9.437999271438152
0 50.29296875 19.270833333333336 7.425247229367944 9.900329639157258
0 58.544921875 18.75 7.32421875 9.765625
0 48.876953125 18.033854166666664 7.182984799767957 9.577313066357275
0 51.806640625 16.666666666666664 6.905339660024879 9.207119546699838
0 55.76171875 13.541666666666666 6.224389054678692 8.299185406238257
0 56.494140625 16.015625 6.7691262856502785 9.025501714200372
0 44.873046875 32.29166666666667 9.611826018080825 12.815768024107768
0 66.455078125 15.0390625 6.559504779115197 8.746006372153596
0 66.796875 18.424479166666664 7.2603620931215325 9.680482790828709
0 71.337890625 18.033854166666664 7.182984799767957 9.577313066357275
0 73.681640625 16.536458333333336 6.878312786611722 9.171083715482297
0 80.126953125 24.283854166666664 8.33526628646708 11.113688381956106
0 90.673828125 29.036458333333332 9.114492506755418 12.15265667567389
0 88.57421875 25.911458333333332 8.610068346964042 11.480091129285388
0 89.990234375 24.153645833333336 8.312889692307273 11.083852923076364
0 92.822265625 23.763020833333336 8.245395560367612 10.993860747156816
0 96.38671875 23.502604166666664 8.200090846279542 10.933454461706056
0 82.32421875 23.046875 8.120199399200482 10.82693253226731
0 78.173828125 15.494791666666666 6.658149484030587 8.877532645374115
0 72.4609375 14.908854166666666 6.531046923532928 8.708062564710572
0 80.615234375 15.625 6.686066375795484 8.914755167727312
0 81.34765625 18.619791666666664 7.298743129334349 9.731657505779133
0 83.349609375 20.5078125 7.659851317145468 10.21313508952729
0 85.791015625 21.875 7.911060422861158 10.548080563814876
0 86.42578125 18.033854166666664 7.182984799767957 9.577313066357275
0 89.2578125 20.638020833333336 7.684129829110212 10.245506438813615
0 91.89453125 20.5078125 7.659851317145468 10.21313508952729
0 94.23828125 19.140625 7.400119417103358 9.866825889471144
0 96.19140625 20.638020833333336 7.684129829110212 10.245506438813615
0 83.154296875 29.036458333333332 9.114492506755418 12.15265667567389
