0 68.26171875 81.90104166666666 15.30753931150446 20.410052415339276
0 79.98046875 81.38020833333334 15.2587890625 20.345052083333336
0 47.802734375 49.93489583333333 11.952609880106287 15.936813173475048
0 45.60546875 37.43489583333333 10.349014256477766 13.798685675303688
0 87.109375 32.68229166666667 9.669787303317175 12.893049737756234
0 91.9921875 34.9609375 10.001202153426476 13.334936204568635
0 35.44921875 30.078125 9.276540621075844 12.368720828101127
0 53.515625 23.893229166666664 8.267954824306681 11.023939765742242
0 26.07421875 30.208333333333332 9.296598029619028 12.395464039492039
0 1.708984375 45.3125 11.385960758165057 15.181281010886744
0 1.5625 19.53125 7.475249459177179 9.966999278902906
0 12.109375 20.8984375 7.732458166088822 10.309944221451763
0 17.919921875 16.341145833333336 6.837572174807153 9.116762899742872
0 24.609375 17.7734375 7.130933499479933 9.50791133263991
0 25.146484375 22.65625 8.051090062422436 10.734786749896582
0 36.62109375 26.3671875 8.685454999241765 11.580606665655687
0 71.533203125 36.71875 10.24954566879069 13.66606089172092
0 69.189453125 30.208333333333332 9.296598029619028 12.395464039492039
0 50.439453125 26.041666666666668 8.631674575031099 11.508899433374797
0 -4.78515625 89.453125 15.997732448829538 21.330309931772717
0 47.314453125 20.768229166666664 7.708331872750909 10.277775830334546
0 46.240234375 15.299479166666666 6.61605328023645 8.821404373648601
0 52.83203125 15.299479166666666 6.61605328023645 8.821404373648601
0 43.75 17.252604166666664 7.025674092542321 9.367565456723094
0 64.306640625 16.341145833333336 6.837572174807153 9.116762899742872
0 75.87890625 23.697916666666664 8.234092750996119 10.978790334661493
0 89.208984375 15.104166666666666 6.573687508709111 8.764916678278816
0 82.080078125 24.4140625 8.357582969744357 11.143443959659143
0 90.283203125 24.4140625 8.357582969744357 11.143443959659143
0 76.708984375 16.666666666666664 6.905339660024879 9.207119546699838
0 84.716796875 18.294270833333336 7.234661615679748 9.646215487572997
0 91.064453125 19.661458333333336 7.500125566067204 10.00016742142294
0 36.62109375 16.015625 6.7691262856502785 9.025501714200372
0 58.10546875 19.661458333333336 7.500125566067204 10.00016742142294
0 48.73046875 82.421875 15.356134796642 20.474846395522665
0 59.5703125 12.630208333333334 6.011265748166568 8.015020997555423
0 30.2734375 20.052083333333336 7.574263699945591 10.099018266594122
0 32.8125 19.010416666666664 7.37490598974278 9.833207986323707
0 8.544921875 15.8203125 6.72772451325946 8.970299351012613
