0 97.94921875 64.97395833333334 13.634221132622484 18.17896151016331
0 97.16796875 47.91666666666667 11.708573054962693 15.611430739950258
0 86.279296875 41.73177083333333 10.926827264384862 14.569103019179815
0 95.99609375 40.10416666666667 10.711626449453275 14.282168599271033
0 85.595703125 35.87239583333333 10.130732832457173 13.507643776609566
0 99.169921875 33.0078125 9.717824296930333 12.957099062573777
0 86.181640625 31.966145833333332 9.56325660155786 12.751008802077147
0 98.486328125 27.408854166666668 8.855357744474432 11.807143659299243
0 89.794921875 30.598958333333332 9.35651227829339 12.475349704391189
0 99.31640625 24.739583333333336 8.413115693414442 11.217487591219255
0 90.234375 25.455729166666668 8.53401578009617 11.378687706794894
0 97.705078125 22.786458333333336 8.074192233473482 10.765589644631309
0 93.505859375 27.864583333333332 8.928673607377803 11.904898143170405
0 98.974609375 21.6796875 7.875664001809045 10.500885335745393
0 85.15625 25.455729166666668 8.53401578009617 11.378687706794894
0 95.458984375 25.1953125 8.490251308132054 11.320335077509403
0 84.716796875 22.005208333333336 7.9345703125 10.579427083333332
0 93.505859375 23.046875 8.120199399200482 10.82693253226731
0 85.498046875 19.466145833333336 7.462780310447684 9.950373747263578
0 95.21484375 20.3125 7.62328857226367 10.164384763018226
0 89.013671875 20.963541666666664 7.7444931277157725 10.325990836954363
0 81.298828125 23.828125 8.256682897014576 11.008910529352768
0 90.0390625 19.596354166666664 7.487697843252746 9.983597124336994
0 82.080078125 20.052083333333336 7.574263699945591 10.099018266594122
0 91.6015625 20.963541666666664 7.7444931277157725 10.325990836954363
0 80.76171875 17.1875 7.012405574387241 9.349874099182989
0 92.626953125 19.921875 7.549631882844837 10.066175843793117
0 84.033203125 18.229166666666664 7.221777078979024 9.629036105305365
0 77.587890625 28.3203125 9.001392336274797 12.001856448366395
0 78.271484375 15.690104166666666 6.699981201202437 8.933308268269917
0 73.046875 33.91927083333333 9.851081781963485 13.134775709284646
0 79.4921875 18.229166666666664 7.221777078979024 9.629036105305365
0 70.8984375 25.78125 8.588407763348565 11.451210351131419
0 78.02734375 18.684895833333336 7.311492035346033 9.748656047128044
0 66.259765625 28.971354166666668 9.104268731797058 12.139024975729411
0 77.685546875 22.4609375 8.016311973000304 10.688415964000404
0 69.189453125 21.549479166666664 7.85197774064246 10.469303654189947
0 76.66015625 16.145833333333336 6.796587356970242 9.062116475960323
0 66.162109375 20.182291666666664 7.598815672600545 10.13175423013406
0 75.634765625 22.330729166666664 7.993042513249997 10.657390017666662
0 67.28515625 15.950520833333334 6.755353888299149 9.0071385177322
0 74.853515625 16.6015625 6.891839471823862 9.189119295765149
0 61.962890625 28.059895833333332 8.959911044862793 11.946548059817056
0 73.486328125 15.234375 6.60196156395994 8.802615418613254
0 57.2265625 23.828125 8.256682897014576 11.008910529352768
0 71.6796875 14.778645833333334 6.502464524127966 8.669952698837287
0 59.130859375 22.005208333333336 7.9345703125 10.579427083333332
0 69.091796875 15.950520833333334 6.755353888299149 9.0071385177322
0 60.05859375 17.317708333333336 7.038917599286375 9.385223465715166
0 70.21484375 15.0390625 6.559504779115197 8.746006372153596
0 61.62109375 13.997395833333334 6.328259690346595 8.437679587128793
0 58.447265625 28.776041666666668 9.073528288158268 12.098037717544358
0 58.7890625 14.127604166666666 6.3576253222655215 8.476833763020695
0 52.34375 26.953125 8.78142979122202 11.708573054962693
0 63.427734375 14.322916666666666 6.401421192444773 8.53522825659303
0 57.32421875 16.40625 6.8511792970714245 9.134905729428567
0 54.150390625 33.7890625 9.832155574699105 13.109540766265473
0 54.833984375 19.466145833333336 7.462780310447684 9.950373747263578
0 40.380859375 15.950520833333334 6.755353888299149 9.0071385177322
0 52.587890625 15.364583333333334 6.6301150458985685 8.840153394531425
0 38.330078125 14.778645833333334 6.502464524127966 8.669952698837287
0 50.09765625 13.0859375 6.118755388111396 8.15834051748186
0 37.548828125 16.276041666666664 6.823937919616058 9.09858389282141
0 50.537109375 15.690104166666666 6.699981201202437 8.933308268269917
0 37.548828125 19.7265625 7.512532730158185 10.01671030687758
0 48.73046875 17.447916666666664 7.065330140863174 9.420440187817565
0 42.3828125 15.494791666666666 6.658149484030587 8.877532645374115
0 50.78125 19.596354166666664 7.487697843252746 9.983597124336994
0 41.50390625 24.088541666666664 8.301678777304348 11.068905036405797
0 47.802734375 14.778645833333334 6.502464524127966 8.669952698837287
0 44.677734375 24.283854166666664 8.33526628646708 11.113688381956106
0 44.189453125 14.453125 6.430452730012657 8.57393697335021
0 44.775390625 29.6875 9.216106488367615 12.288141984490153
0 45.361328125 15.0390625 6.559504779115197 8.746006372153596
0 42.28515625 35.28645833333333 10.047654805392046 13.39687307385606
0 46.240234375 18.229166666666664 7.221777078979024 9.629036105305365
0 33.349609375 25.455729166666668 8.53401578009617 11.378687706794894
0 42.626953125 19.140625 7.400119417103358 9.866825889471144
0 36.279296875 15.0390625 6.559504779115197 8.746006372153596
0 30.615234375 21.419270833333336 7.828219811023351 10.437626414697803
0 35.25390625 17.317708333333336 7.038917599286375 9.385223465715166
0 18.310546875 18.229166666666664 7.221777078979024 9.629036105305365
0 34.5703125 14.908854166666666 6.531046923532928 8.708062564710572
0 19.677734375 16.40625 6.8511792970714245 9.134905729428567
0 33.0078125 18.359375 7.247523246483103 9.663364328644137
0 21.337890625 19.7265625 7.512532730158185 10.01671030687758
0 33.349609375 15.8203125 6.72772451325946 8.970299351012613
0 22.265625 15.950520833333334 6.755353888299149 9.0071385177322
0 31.982421875 15.234375 6.60196156395994 8.802615418613254
0 18.84765625 24.088541666666664 8.301678777304348 11.068905036405797
0 31.4453125 18.098958333333336 7.195938795502683 9.594585060670244
0 22.802734375 24.739583333333336 8.413115693414442 11.217487591219255
0 30.419921875 16.276041666666664 6.823937919616058 9.09858389282141
0 15.91796875 15.950520833333334 6.755353888299149 9.0071385177322
0 28.80859375 16.731770833333336 6.9188135063199665 9.225084675093289
0 15.478515625 20.052083333333336 7.574263699945591 10.099018266594122
0 26.904296875 15.690104166666666 6.699981201202437 8.933308268269917
0 13.57421875 18.098958333333336 7.195938795502683 9.594585060670244
0 25.1953125 17.447916666666664 7.065330140863174 9.420440187817565
0 16.943359375 18.5546875 7.28597191547444 9.714629220632586
0 24.755859375 20.3125 7.62328857226367 10.164384763018226
0 11.962890625 20.3125 7.62328857226367 10.164384763018226
0 24.658203125 14.908854166666666 6.531046923532928 8.708062564710572
0 10.05859375 17.903645833333336 7.157006469457137 9.542675292609516
0 56.54296875 14.453125 6.430452730012657 8.57393697335021
0 64.55078125 24.739583333333336 8.413115693414442 11.217487591219255
0 29.39453125 31.640625 9.51443925056146 12.685919000748614
0 21.337890625 31.510416666666668 9.494842032534208 12.659789376712277
0 6.787109375 19.010416666666664 7.37490598974278 9.833207986323707
0 11.42578125 31.966145833333332 9.56325660155786 12.751008802077147
0 3.466796875 17.317708333333336 7.038917599286375 9.385223465715166
0 23.486328125 39.19270833333333 10.589203840879804 14.118938454506406
0 1.318359375 19.466145833333336 7.462780310447684 9.950373747263578
0 31.640625 42.3828125 11.01173007365034 14.682306764867118
0 4.58984375 20.768229166666664 7.708331872750909 10.277775830334546
0 17.3828125 52.473958333333336 12.25272210686324 16.336962809150986
0 7.2265625 22.786458333333336 8.074192233473482 10.765589644631309
0 3.7109375 42.1875 10.986328125 14.6484375
0 3.125 24.088541666666664 8.301678777304348 11.068905036405797
0 0.78125 49.47916666666667 11.897942315440629 15.863923087254172
0 1.5625 29.557291666666668 9.195873518871684 12.261164691828911
0 8.447265625 27.408854166666668 8.855357744474432 11.807143659299243
0 34.716796875 46.74479166666667 11.564511304624277 15.419348406165703
0 42.529296875 50.651041666666664 12.038014479563 16.050685972750667
0 38.76953125 61.653645833333336 13.28128365905087 17.708378212067824
0 42.96875 73.56770833333334 14.507891020513567 19.343854694018088
0 67.3828125 70.24739583333334 14.176720763350751 18.902294351134334
0 73.6328125 60.7421875 13.18274601224071 17.57699468298761
0 64.55078125 42.64322916666667 11.045508466097326 14.7273446214631
0 59.375 35.41666666666667 10.066175843793117 13.421567791724156
0 57.763671875 44.79166666666667 11.320335077509403 15.093780103345871
0 6.884765625 72.52604166666666 14.404814112800226 19.206418817066968
