0 35.107421875 64.51822916666666 13.586321587861368 18.115095450481824
0 93.359375 85.15625 15.608779116875516 20.811705489167352
0 86.083984375 62.044270833333336 13.323290986903732 17.76438798253831
0 64.990234375 58.0078125 12.882611645022848 17.17681552669713
0 77.44140625 53.125 12.32849723921152 16.437996318948695
0 52.001953125 48.6328125 11.795744683891412 15.727659578521882
0 90.4296875 50.911458333333336 12.06892085771801 16.091894476957346
0 92.3828125 44.46614583333333 11.279125129746294 15.038833506328391
0 80.029296875 38.93229166666667 10.553965128046011 14.07195350406135
0 73.828125 40.36458333333333 10.746348182164922 14.328464242886563
0 65.380859375 42.83854166666667 11.070774625986973 14.761032834649296
0 85.44921875 36.328125 10.194881035455362 13.593174713940485
0 90.52734375 33.7890625 9.832155574699105 13.109540766265473
0 99.072265625 40.55989583333333 10.77231603681811 14.363088049090814
0 99.365234375 33.07291666666667 9.727403229070575 12.9698709720941
0 87.890625 32.16145833333333 9.592427762147041 12.789903682862722
0 88.037109375 25.520833333333332 8.544921875 11.393229166666668
0 98.4375 27.408854166666668 8.855357744474432 11.807143659299243
0 74.267578125 31.184895833333332 9.445671106287941 12.594228141717254
0 81.103515625 27.994791666666668 8.94951068030712 11.932680907076158
0 93.212890625 29.8828125 9.24637292940864 12.32849723921152
0 72.314453125 27.5390625 8.876366926421502 11.835155901895336
0 95.60546875 23.111979166666664 8.131660519088275 10.842214025451032
0 80.46875 23.372395833333336 8.177344364608315 10.903125819477753
0 86.279296875 22.0703125 7.946299173761924 10.595065565015899
0 77.5390625 22.0703125 7.946299173761924 10.595065565015899
0 91.40625 20.5078125 7.659851317145468 10.21313508952729
0 79.4921875 18.619791666666664 7.298743129334349 9.731657505779133
0 92.236328125 23.2421875 8.154534433525017 10.872712578033356
0 82.177734375 15.559895833333334 6.672122530845778 8.896163374461038
0 95.166015625 20.052083333333336 7.574263699945591 10.099018266594122
0 82.177734375 22.200520833333336 7.969705113037473 10.626273484049964
0 92.87109375 15.885416666666666 6.741553355216833 8.988737806955777
0 85.888671875 18.294270833333336 7.234661615679748 9.646215487572997
0 78.369140625 16.145833333333336 6.796587356970242 9.062116475960323
0 89.013671875 20.182291666666664 7.598815672600545 10.13175423013406
0 75.390625 14.322916666666666 6.401421192444773 8.53522825659303
0 71.142578125 18.1640625 7.208869513560617 9.611826018080823
0 60.546875 35.3515625 10.056919588186085 13.409226117581447
0 72.36328125 21.614583333333336 7.863829789260941 10.485106385681254
0 66.40625 23.828125 8.256682897014576 11.008910529352768
0 48.828125 37.109375 10.30392029793343 13.738560397244573
0 68.5546875 20.3125 7.62328857226367 10.164384763018226
0 59.86328125 23.2421875 8.154534433525017 10.872712578033356
0 66.69921875 18.489583333333336 7.273178276253042 9.697571035004056
0 54.052734375 19.466145833333336 7.462780310447684 9.950373747263578
0 68.212890625 16.341145833333336 6.837572174807153 9.116762899742872
0 49.072265625 30.143229166666668 9.286574740419274 12.382099653892366
0 53.7109375 28.3203125 9.001392336274797 12.001856448366395
0 43.65234375 30.143229166666668 9.286574740419274 12.382099653892366
0 42.578125 23.697916666666664 8.234092750996119 10.978790334661493
0 47.65625 21.940104166666664 7.92282408798045 10.5637654506406
0 40.52734375 20.8984375 7.732458166088822 10.309944221451763
0 35.302734375 47.00520833333333 11.5966796875 15.462239583333334
0 49.8046875 19.010416666666664 7.37490598974278 9.833207986323707
0 59.130859375 12.6953125 6.026738787271576 8.0356517163621
0 63.57421875 15.4296875 6.644147051109997 8.858862734813329
0 56.103515625 15.755208333333334 6.7138671875 8.951822916666668
0 69.189453125 13.020833333333334 6.103515625 8.138020833333332
0 54.931640625 13.28125 6.16424861960576 8.218998159474348
0 63.330078125 12.3046875 5.933295317145868 7.911060422861158
0 44.384765625 13.736979166666666 6.269115778861736 8.358821038482315
0 60.7421875 17.7734375 7.130933499479933 9.50791133263991
0 65.8203125 12.955729166666666 6.088237714617921 8.117650286157229
0 51.5625 16.861979166666664 6.945682786096826 9.260910381462436
0 44.62890625 16.6015625 6.891839471823862 9.189119295765149
0 34.765625 23.502604166666664 8.200090846279542 10.933454461706056
0 31.884765625 29.6875 9.216106488367615 12.288141984490153
0 18.75 32.03125 9.572990198582838 12.763986931443785
0 21.58203125 49.8046875 11.937016122807584 15.916021497076779
0 22.216796875 31.4453125 9.485028239697298 12.646704319596397
0 31.54296875 24.348958333333336 8.346432086900233 11.128576115866979
0 20.947265625 24.348958333333336 8.346432086900233 11.128576115866979
0 4.39453125 38.41145833333333 10.483132346995646 13.977509795994195
0 8.3984375 31.901041666666668 9.55351308746248 12.738017449949975
0 3.369140625 30.859375 9.396242870080965 12.52832382677462
0 11.279296875 27.5390625 8.876366926421502 11.835155901895336
0 4.8828125 24.4140625 8.357582969744357 11.143443959659143
0 9.912109375 22.330729166666664 7.993042513249997 10.657390017666662
0 23.4375 19.661458333333336 7.500125566067204 10.00016742142294
0 11.71875 19.010416666666664 7.37490598974278 9.833207986323707
0 26.46484375 23.6328125 8.222774405094897 10.963699206793196
0 6.884765625 16.341145833333336 6.837572174807153 9.116762899742872
0 26.3671875 18.489583333333336 7.273178276253042 9.697571035004056
0 14.990234375 16.9921875 6.972448522214271 9.296598029619028
0 27.197265625 13.671875 6.254242410864013 8.338989881152017
0 3.076171875 18.75 7.32421875 9.765625
0 31.298828125 13.541666666666666 6.224389054678692 8.299185406238257
0 35.205078125 17.578125 7.091644310682526 9.455525747576702
0 23.53515625 13.541666666666666 6.224389054678692 8.299185406238257
0 35.44921875 13.020833333333334 6.103515625 8.138020833333332
0 28.61328125 14.322916666666666 6.401421192444773 8.53522825659303
0 17.138671875 17.643229166666664 7.104764847914316 9.473019797219088
0 41.357421875 14.84375 6.516771394062079 8.689028525416106
0 19.7265625 14.713541666666666 6.488126106405426 8.650834808540568
0 36.279296875 19.010416666666664 7.37490598974278 9.833207986323707
0 36.81640625 16.276041666666664 6.823937919616058 9.09858389282141
0 13.916015625 15.885416666666666 6.741553355216833 8.988737806955777
0 8.59375 18.359375 7.247523246483103 9.663364328644137
