0 89.16015625 25.130208333333332 8.479274895904423 11.305699861205897
0 82.275390625 21.354166666666664 7.816313766397521 10.421751688530028
0 74.462890625 19.270833333333336 7.425247229367944 9.900329639157258
0 84.86328125 18.489583333333336 7.273178276253042 9.697571035004056
0 58.447265625 19.596354166666664 7.487697843252746 9.983597124336994
0 80.712890625 19.140625 7.400119417103358 9.866825889471144
0 55.615234375 13.736979166666666 6.269115778861736 8.358821038482315
0 45.99609375 17.3828125 7.052136235529384 9.40284831403918
0 82.958984375 17.1875 7.012405574387241 9.349874099182989
0 75.537109375 14.84375 6.516771394062079 8.689028525416106
0 67.08984375 15.0390625 6.559504779115197 8.746006372153596
0 74.072265625 15.8203125 6.72772451325946 8.970299351012613
0 60.595703125 15.625 6.686066375795484 8.914755167727312
0 36.181640625 19.270833333333336 7.425247229367944 9.900329639157258
0 25.732421875 16.145833333333336 6.796587356970242 9.062116475960323
0 5.712890625 18.619791666666664 7.298743129334349 9.731657505779133
0 13.18359375 18.489583333333336 7.273178276253042 9.697571035004056
0 3.22265625 18.033854166666664 7.182984799767957 9.577313066357275
0 56.93359375 15.299479166666666 6.61605328023645 8.821404373648601
0 47.55859375 16.6015625 6.891839471823862 9.189119295765149
0 9.619140625 19.140625 7.400119417103358 9.866825889471144
0 0.634765625 17.838541666666664 7.143981879101334 9.525309172135112
0 37.353515625 16.731770833333336 6.9188135063199665 9.225084675093289
0 89.501953125 18.9453125 7.3622668956389274 9.816355860851903
0 65.8203125 17.3828125 7.052136235529384 9.40284831403918
0 78.125 18.815104166666664 7.336923388776433 9.782564518368577
0 76.806640625 16.40625 6.8511792970714245 9.134905729428567
