0 41.89453125 88.60677083333334 15.921871900324197 21.229162533765596
0 90.33203125 93.61979166666666 16.36607382542959 21.821431767239456
0 69.970703125 67.90364583333334 13.938216853844281 18.58428913845904
0 86.328125 62.239583333333336 13.344245061691556 17.792326748922076
0 79.19921875 55.2734375 12.575316026633615 16.767088035511488
0 71.923828125 56.510416666666664 12.715250644531043 16.95366752604139
0 50.78125 46.80989583333333 11.572561783360925 15.430082377814566
0 36.328125 65.625 13.702358594142853 18.269811458857134
0 20.99609375 49.08854166666667 11.850883690763915 15.801178254351885
0 5.224609375 59.375 13.033542788124159 17.37805705083221
0 17.578125 41.9921875 10.960867307170393 14.614489742893857
0 18.408203125 33.203125 9.746532850751532 12.995377134335376
0 4.39453125 30.598958333333332 9.35651227829339 12.475349704391189
0 31.005859375 36.19791666666667 10.17659423860661 13.568792318142146
0 10.205078125 27.864583333333332 8.928673607377803 11.904898143170405
0 32.8125 43.61979166666667 11.171267833082963 14.895023777443953
0 2.9296875 25.911458333333332 8.610068346964042 11.480091129285388
0 22.119140625 26.497395833333332 8.706874156303165 11.609165541737553
0 30.908203125 31.510416666666668 9.494842032534208 12.659789376712277
0 44.62890625 32.29166666666667 9.611826018080825 12.815768024107768
0 59.08203125 34.83072916666667 9.982560567502519 13.310080756670025
0 48.291015625 36.5234375 10.22224989284926 13.629666523799013
0 66.796875 41.66666666666667 10.918300671385692 14.557734228514258
0 79.19921875 37.56510416666667 10.366996918617573 13.822662558156765
0 99.31640625 41.66666666666667 10.918300671385692 14.557734228514258
0 85.302734375 33.91927083333333 9.851081781963485 13.134775709284646
0 73.486328125 31.966145833333332 9.56325660155786 12.751008802077147
0 60.302734375 25.455729166666668 8.53401578009617 11.378687706794894
0 50.78125 28.645833333333332 9.052976668817948 12.07063555842393
0 34.765625 27.994791666666668 8.94951068030712 11.932680907076158
0 32.71484375 17.578125 7.091644310682526 9.455525747576702
0 46.6796875 22.265625 7.981382342908947 10.641843123878598
0 25.78125 16.2109375 6.810276368536802 9.080368491382403
0 10.44921875 17.578125 7.091644310682526 9.455525747576702
0 30.76171875 15.755208333333334 6.7138671875 8.951822916666668
0 27.34375 24.674479166666664 8.402038511923953 11.202718015898604
0 42.3828125 25.0 8.457279333832409 11.276372445109878
0 70.3125 13.346354166666666 6.179338602086361 8.239118136115147
0 68.9453125 24.544270833333336 8.379840220792225 11.173120294389632
0 49.4140625 18.75 7.32421875 9.765625
0 59.521484375 18.75 7.32421875 9.765625
0 68.408203125 18.359375 7.247523246483103 9.663364328644137
0 80.56640625 24.4140625 8.357582969744357 11.143443959659143
0 67.041015625 23.6328125 8.222774405094897 10.963699206793196
0 74.169921875 28.3203125 9.001392336274797 12.001856448366395
0 83.251953125 15.885416666666666 6.741553355216833 8.988737806955777
0 73.388671875 22.265625 7.981382342908947 10.641843123878598
0 51.3671875 18.75 7.32421875 9.765625
0 41.11328125 19.401041666666664 7.450290292806215 9.933720390408286
0 20.458984375 40.4296875 10.755011100284483 14.340014800379311
0 20.1171875 21.028645833333336 7.756509415978292 10.342012554637723
0 6.591796875 17.252604166666664 7.025674092542321 9.367565456723094
0 17.724609375 19.53125 7.475249459177179 9.966999278902906
0 32.275390625 21.6796875 7.875664001809045 10.500885335745393
0 48.388671875 15.299479166666666 6.61605328023645 8.821404373648601
0 18.603515625 16.080729166666664 6.782870718656271 9.043827624875028
0 29.8828125 19.401041666666664 7.450290292806215 9.933720390408286
0 4.541015625 17.903645833333336 7.157006469457137 9.542675292609516
0 1.3671875 20.572916666666664 7.672000176987631 10.229333569316841
0 28.857421875 15.885416666666666 6.741553355216833 8.988737806955777
0 26.46484375 14.518229166666666 6.444919458600731 8.593225944800976
0 75.09765625 14.84375 6.516771394062079 8.689028525416106
0 78.955078125 15.885416666666666 6.741553355216833 8.988737806955777
0 91.2109375 18.489583333333336 7.273178276253042 9.697571035004056
0 89.208984375 26.041666666666668 8.631674575031099 11.508899433374797
0 87.353515625 29.817708333333332 9.236295135755345 12.315060181007127
0 91.455078125 24.869791666666664 8.435226416678011 11.246968555570682
0 90.52734375 30.924479166666668 9.406149296522488 12.541532395363317
0 86.572265625 22.591145833333336 8.039514082226251 10.719352109635
0 61.474609375 30.013020833333332 9.266495636406846 12.35532751520913
0 58.935546875 21.940104166666664 7.92282408798045 10.5637654506406
0 66.455078125 16.341145833333336 6.837572174807153 9.116762899742872
0 57.03125 16.536458333333336 6.878312786611722 9.171083715482297
0 52.001953125 16.796875 6.932261164306974 9.243014885742634
0 62.939453125 13.346354166666666 6.179338602086361 8.239118136115147
0 55.078125 14.973958333333334 6.545291317604741 8.727055090139656
