0 86.376953125 65.0390625 13.641050194474493 18.18806692596599
0 98.14453125 54.361979166666664 12.47120162457431 16.628268832765748
0 98.14453125 40.95052083333333 10.824064850444458 14.432086467259278
0 78.466796875 52.473958333333336 12.25272210686324 16.336962809150986
0 66.2109375 59.5703125 13.054961936161765 17.406615914882355
0 57.91015625 60.7421875 13.18274601224071 17.57699468298761
0 39.306640625 62.5 13.372132751590971 17.829510335454625
0 54.931640625 96.94010416666666 16.653764220754702 22.20501896100627
0 1.66015625 59.1796875 13.012088382158108 17.34945117621081
0 0.48828125 46.2890625 11.508000265481447 15.344000353975263
0 9.1796875 39.90885416666667 10.685511108405517 14.24734814454069
0 22.36328125 50.390625 12.007028547916262 16.00937139722168
0 34.228515625 40.234375 10.72900136184506 14.305335149126746
0 48.486328125 37.5 10.358009490037318 13.810679320049758
0 51.07421875 47.8515625 11.700616157642099 15.600821543522796
0 66.30859375 42.64322916666667 11.045508466097326 14.7273446214631
0 79.248046875 37.63020833333333 10.3759765625 13.834635416666666
0 62.451171875 36.26302083333333 10.185741740892722 13.580988987856962
0 48.73046875 26.7578125 8.749555167743805 11.66607355699174
0 34.228515625 24.21875 8.324085508414218 11.098780677885625
0 44.3359375 33.52864583333333 9.794193442310311 13.05892458974708
0 31.15234375 34.04947916666667 9.869971697263324 13.159962263017766
0 17.67578125 32.68229166666667 9.669787303317175 12.893049737756234
0 3.857421875 31.4453125 9.485028239697298 12.646704319596397
0 9.423828125 27.473958333333332 8.865868558553435 11.821158078071248
0 21.337890625 26.953125 8.78142979122202 11.708573054962693
0 27.5390625 23.828125 8.256682897014576 11.008910529352768
0 32.568359375 28.841145833333332 9.083786661460703 12.11171554861427
0 41.9921875 25.065104166666668 8.468284256293707 11.291045675058275
0 48.193359375 22.8515625 8.085718566584333 10.780958088779109
0 58.69140625 20.768229166666664 7.708331872750909 10.277775830334546
0 73.046875 32.68229166666667 9.669787303317175 12.893049737756234
0 60.498046875 28.841145833333332 9.083786661460703 12.11171554861427
0 67.48046875 24.0234375 8.290452702152177 11.053936936202902
0 60.25390625 24.739583333333336 8.413115693414442 11.217487591219255
0 50.29296875 19.401041666666664 7.450290292806215 9.933720390408286
0 40.478515625 21.2890625 7.804389558437758 10.405852744583676
0 51.46484375 16.9921875 6.972448522214271 9.296598029619028
0 44.091796875 14.908854166666666 6.531046923532928 8.708062564710572
0 36.083984375 19.205729166666664 7.412693970636669 9.883591960848893
0 27.24609375 18.489583333333336 7.273178276253042 9.697571035004056
0 41.748046875 19.401041666666664 7.450290292806215 9.933720390408286
0 55.46875 15.755208333333334 6.7138671875 8.951822916666668
0 40.869140625 15.234375 6.60196156395994 8.802615418613254
0 47.94921875 17.643229166666664 7.104764847914316 9.473019797219088
0 60.25390625 17.122395833333336 6.9991119025755095 9.332149203434014
0 67.87109375 20.572916666666664 7.672000176987631 10.229333569316841
0 75.634765625 27.994791666666668 8.94951068030712 11.932680907076158
0 70.849609375 21.614583333333336 7.863829789260941 10.485106385681254
0 87.890625 33.33333333333333 9.765625 13.020833333333334
0 99.8046875 36.58854166666667 10.231356576074347 13.641808768099132
0 99.31640625 27.1484375 8.81318913463968 11.750918846186241
0 91.552734375 25.78125 8.588407763348565 11.451210351131419
0 77.685546875 21.419270833333336 7.828219811023351 10.437626414697803
0 86.474609375 21.614583333333336 7.863829789260941 10.485106385681254
0 70.60546875 17.643229166666664 7.104764847914316 9.473019797219088
0 91.162109375 17.96875 7.170007400189656 9.56000986691954
0 99.8046875 21.940104166666664 7.92282408798045 10.5637654506406
0 78.61328125 19.010416666666664 7.37490598974278 9.833207986323707
0 62.841796875 14.388020833333334 6.415953381844678 8.554604509126236
0 72.412109375 13.151041666666666 6.133957288281793 8.178609717709058
0 65.0390625 14.0625 6.342959500374307 8.457279333832409
0 56.103515625 13.671875 6.254242410864013 8.338989881152017
0 35.302734375 16.6015625 6.891839471823862 9.189119295765149
0 20.41015625 20.8984375 7.732458166088822 10.309944221451763
0 4.248046875 24.544270833333336 8.379840220792225 11.173120294389632
0 12.01171875 18.684895833333336 7.311492035346033 9.748656047128044
0 2.587890625 16.9921875 6.972448522214271 9.296598029619028
0 14.599609375 22.4609375 8.016311973000304 10.688415964000404
0 5.56640625 18.359375 7.247523246483103 9.663364328644137
0 20.41015625 17.838541666666664 7.143981879101334 9.525309172135112
0 3.22265625 19.7265625 7.512532730158185 10.01671030687758
0 14.74609375 17.317708333333336 7.038917599286375 9.385223465715166
0 5.2734375 20.8984375 7.732458166088822 10.309944221451763
0 25.341796875 19.010416666666664 7.37490598974278 9.833207986323707
0 32.177734375 21.419270833333336 7.828219811023351 10.437626414697803
0 37.5 15.950520833333334 6.755353888299149 9.0071385177322
0 28.173828125 13.671875 6.254242410864013 8.338989881152017
0 18.75 15.234375 6.60196156395994 8.802615418613254
0 7.763671875 18.880208333333336 7.349606066157407 9.799474754876544
0 17.578125 18.684895833333336 7.311492035346033 9.748656047128044
0 30.908203125 15.234375 6.60196156395994 8.802615418613254
0 22.4609375 15.755208333333334 6.7138671875 8.951822916666668
0 45.8984375 15.234375 6.60196156395994 8.802615418613254
0 32.71484375 15.755208333333334 6.7138671875 8.951822916666668
0 24.169921875 15.0390625 6.559504779115197 8.746006372153596
0 9.1796875 17.447916666666664 7.065330140863174 9.420440187817565
0 30.126953125 19.205729166666664 7.412693970636669 9.883591960848893
0 66.943359375 14.908854166666666 6.531046923532928 8.708062564710572
0 79.638671875 16.471354166666664 6.864759447755123 9.15301259700683
0 92.822265625 19.010416666666664 7.37490598974278 9.833207986323707
0 75.48828125 14.388020833333334 6.415953381844678 8.554604509126236
0 88.18359375 28.3203125 9.001392336274797 12.001856448366395
0 81.0546875 22.8515625 8.085718566584333 10.780958088779109
0 92.041015625 30.729166666666668 9.376398618003673 12.501864824004896
0 98.388671875 19.401041666666664 7.450290292806215 9.933720390408286
0 80.419921875 14.713541666666666 6.488126106405426 8.650834808540568
0 95.654296875 22.135416666666664 7.958010748538389 10.610680998051187
0 86.376953125 17.96875 7.170007400189656 9.56000986691954
0 92.822265625 23.177083333333336 8.143105507889608 10.857474010519478
0 81.298828125 17.96875 7.170007400189656 9.56000986691954
0 92.333984375 94.921875 16.4794921875 21.97265625
0 42.529296875 14.192708333333334 6.372257390692475 8.496343187589966
0 59.228515625 18.880208333333336 7.349606066157407 9.799474754876544
0 73.291015625 16.471354166666664 6.864759447755123 9.15301259700683
0 84.66796875 20.247395833333336 7.611061958825638 10.148082611767517
0 78.22265625 15.0390625 6.559504779115197 8.746006372153596
0 88.28125 19.401041666666664 7.450290292806215 9.933720390408286
0 47.94921875 14.518229166666666 6.444919458600731 8.593225944800976
0 89.84375 16.276041666666664 6.823937919616058 9.09858389282141
0 26.123046875 14.518229166666666 6.444919458600731 8.593225944800976
0 36.572265625 14.713541666666666 6.488126106405426 8.650834808540568
0 0.48828125 18.1640625 7.208869513560617 9.611826018080823
0 28.564453125 16.796875 6.932261164306974 9.243014885742634
0 13.818359375 16.471354166666664 6.864759447755123 9.15301259700683
0 9.814453125 16.6015625 6.891839471823862 9.189119295765149
0 79.78515625 25.5859375 8.555814067917595 11.407752090556793
