0 69.140625 40.75520833333333 10.79822144345345 14.397628591271266
0 69.140625 30.403645833333332 9.326603265341873 12.43547102045583
0 46.09375 42.25260416666667 10.994801962067763 14.659735949423682
0 38.134765625 31.640625 9.51443925056146 12.685919000748614
0 8.203125 38.0859375 10.438617783500408 13.918157044667211
0 24.755859375 21.875 7.911060422861158 10.548080563814876
0 17.08984375 16.927083333333336 6.959078522333606 9.278771363111476
0 5.95703125 19.3359375 7.437779301119349 9.917039068159132
0 48.14453125 19.791666666666664 7.524919437217989 10.033225916290652
0 42.1875 16.471354166666664 6.864759447755123 9.15301259700683
0 60.15625 21.875 7.911060422861158 10.548080563814876
0 20.8984375 19.791666666666664 7.524919437217989 10.033225916290652
0 1.3671875 19.661458333333336 7.500125566067204 10.00016742142294
0 11.9140625 19.205729166666664 7.412693970636669 9.883591960848893
0 29.78515625 19.010416666666664 7.37490598974278 9.833207986323707
0 38.4765625 16.341145833333336 6.837572174807153 9.116762899742872
0 27.978515625 16.2109375 6.810276368536802 9.080368491382403
0 7.763671875 19.466145833333336 7.462780310447684 9.950373747263578
0 82.763671875 25.325520833333332 8.512161670520847 11.349548894027794
0 71.97265625 25.455729166666668 8.53401578009617 11.378687706794894
0 95.703125 31.640625 9.51443925056146 12.685919000748614
0 90.625 22.916666666666664 8.097228492078614 10.796304656104818
0 82.421875 20.247395833333336 7.611061958825638 10.148082611767517
0 69.82421875 18.75 7.32421875 9.765625
0 60.595703125 17.96875 7.170007400189656 9.56000986691954
0 44.775390625 16.2109375 6.810276368536802 9.080368491382403
0 50.244140625 11.393229166666668 5.7093160808928545 7.612421441190473
0 57.666015625 14.973958333333334 6.545291317604741 8.727055090139656
0 65.673828125 17.122395833333336 6.9991119025755095 9.332149203434014
0 74.21875 16.796875 6.932261164306974 9.243014885742634
0 80.078125 16.666666666666664 6.905339660024879 9.207119546699838
0 94.23828125 22.200520833333336 7.969705113037473 10.626273484049964
0 88.623046875 20.377604166666664 7.635495607419925 10.180660809893233
0 98.291015625 24.4140625 8.357582969744357 11.143443959659143
0 34.86328125 17.3828125 7.052136235529384 9.40284831403918
0 25.87890625 15.4296875 6.644147051109997 8.858862734813329
0 14.74609375 16.927083333333336 6.959078522333606 9.278771363111476
0 77.490234375 17.252604166666664 7.025674092542321 9.367565456723094
0 85.107421875 18.619791666666664 7.298743129334349 9.731657505779133
0 76.123046875 16.471354166666664 6.864759447755123 9.15301259700683
0 82.080078125 18.1640625 7.208869513560617 9.611826018080823
0 99.4140625 21.2890625 7.804389558437758 10.405852744583676
0 89.74609375 18.880208333333336 7.349606066157407 9.799474754876544
0 96.923828125 20.5078125 7.659851317145468 10.21313508952729
