0 45.849609375 81.31510416666666 15.252684325683349 20.336912434244468
0 67.333984375 74.34895833333334 14.584720636411769 19.446294181882358
0 84.47265625 62.565104166666664 13.379095591298201 17.838794121730935
0 93.65234375 92.90364583333334 16.303357408682963 21.73780987824395
0 97.216796875 52.799479166666664 12.290668069825603 16.38755742643414
0 68.115234375 55.338541666666664 12.582719804741396 16.776959739655194
0 78.466796875 52.669270833333336 12.275503760448466 16.36733834726462
0 78.466796875 36.65364583333333 10.240455160865794 13.653940214487726
0 65.869140625 41.796875 10.935347208965403 14.580462945287206
0 53.41796875 48.6328125 11.795744683891412 15.727659578521882
0 35.888671875 61.5234375 13.267251659719333 17.689668879625778
0 21.826171875 48.76302083333333 11.811524951393816 15.748699935191754
0 0.732421875 57.291666666666664 12.802842384889546 17.07045651318606
0 1.513671875 44.921875 11.336777112430854 15.11570281657447
0 33.544921875 42.05729166666667 10.969360812751116 14.62581441700149
0 31.93359375 34.70052083333333 9.963884104806219 13.28517880640829
0 48.2421875 36.65364583333333 10.240455160865794 13.653940214487726
0 51.46484375 26.302083333333332 8.674725588105405 11.56630078414054
0 60.44921875 28.90625 9.094033462982996 12.125377950643994
0 60.9375 34.1796875 9.888825528576445 13.185100704768596
0 75.048828125 31.770833333333332 9.53399618640949 12.711994915212655
0 66.455078125 23.372395833333336 8.177344364608315 10.903125819477753
0 73.6328125 26.822916666666668 8.760192928715409 11.680257238287211
0 87.646484375 32.87760416666667 9.698638050580264 12.931517400773687
0 19.53125 32.48697916666667 9.640850219074288 12.854466958765718
0 10.595703125 26.822916666666668 8.760192928715409 11.680257238287211
0 16.69921875 26.171875 8.653226854710587 11.537635806280782
0 4.248046875 29.947916666666668 9.25643975103949 12.341919668052654
0 30.46875 27.734375 8.907787792557633 11.877050390076842
0 22.412109375 26.953125 8.78142979122202 11.708573054962693
0 46.435546875 22.0703125 7.946299173761924 10.595065565015899
