0 96.630859375 23.307291666666664 8.165947363439729 10.88792981791964
0 85.693359375 20.5078125 7.659851317145468 10.21313508952729
0 82.958984375 22.591145833333336 8.039514082226251 10.719352109635
0 80.46875 19.986979166666664 7.561957820656658 10.08261042754221
0 74.51171875 18.229166666666664 7.221777078979024 9.629036105305365
0 78.564453125 19.205729166666664 7.412693970636669 9.883591960848893
0 72.021484375 18.229166666666664 7.221777078979024 9.629036105305365
0 73.388671875 14.973958333333334 6.545291317604741 8.727055090139656
0 81.8359375 16.731770833333336 6.9188135063199665 9.225084675093289
0 86.1328125 17.708333333333336 7.117861199762329 9.490481599683106
0 67.7734375 15.885416666666666 6.741553355216833 8.988737806955777
0 87.841796875 18.033854166666664 7.182984799767957 9.577313066357275
0 84.375 17.7734375 7.130933499479933 9.50791133263991
0 76.66015625 16.471354166666664 6.864759447755123 9.15301259700683
0 65.13671875 16.666666666666664 6.905339660024879 9.207119546699838
0 56.787109375 14.583333333333334 6.459353786778786 8.612471715705048
0 47.16796875 16.145833333333336 6.796587356970242 9.062116475960323
0 34.716796875 15.885416666666666 6.741553355216833 8.988737806955777
0 45.3125 14.973958333333334 6.545291317604741 8.727055090139656
0 10.205078125 17.252604166666664 7.025674092542321 9.367565456723094
0 5.56640625 19.596354166666664 7.487697843252746 9.983597124336994
0 1.708984375 17.96875 7.170007400189656 9.56000986691954
0 13.134765625 18.294270833333336 7.234661615679748 9.646215487572997
0 3.076171875 18.489583333333336 7.273178276253042 9.697571035004056
0 6.201171875 18.9453125 7.3622668956389274 9.816355860851903
0 9.27734375 18.815104166666664 7.336923388776433 9.782564518368577
0 0.830078125 18.684895833333336 7.311492035346033 9.748656047128044
0 7.470703125 19.3359375 7.437779301119349 9.917039068159132
0 55.126953125 14.713541666666666 6.488126106405426 8.650834808540568
0 58.3984375 14.84375 6.516771394062079 8.689028525416106
0 63.18359375 16.731770833333336 6.9188135063199665 9.225084675093289
0 60.498046875 16.471354166666664 6.864759447755123 9.15301259700683
0 62.841796875 14.583333333333334 6.459353786778786 8.612471715705048
