0 1.513671875 28.7109375 9.063258303782652 12.084344405043536
0 3.41796875 20.703125 7.6962403643301345 10.261653819106845
0 38.28125 36.39322916666667 10.204012144348443 13.605349525797925
0 51.953125 36.65364583333333 10.240455160865794 13.653940214487726
0 63.525390625 89.453125 15.997732448829538 21.330309931772717
0 87.255859375 35.48177083333333 10.075423595714831 13.433898127619774
0 97.216796875 32.87760416666667 9.698638050580264 12.931517400773687
0 70.849609375 25.065104166666668 8.468284256293707 11.291045675058275
0 46.435546875 23.828125 8.256682897014576 11.008910529352768
0 29.1015625 17.252604166666664 7.025674092542321 9.367565456723094
0 37.5 17.3828125 7.052136235529384 9.40284831403918
0 17.578125 15.885416666666666 6.741553355216833 8.988737806955777
0 22.900390625 17.252604166666664 7.025674092542321 9.367565456723094
0 13.18359375 18.75 7.32421875 9.765625
0 5.712890625 17.838541666666664 7.143981879101334 9.525309172135112
0 59.66796875 19.3359375 7.437779301119349 9.917039068159132
0 55.029296875 17.057291666666664 6.985792933508055 9.31439057801074
0 54.1015625 14.6484375 6.473755931273323 8.631674575031097
0 62.158203125 19.010416666666664 7.37490598974278 9.833207986323707
0 59.521484375 14.6484375 6.473755931273323 8.631674575031097
0 66.2109375 17.838541666666664 7.143981879101334 9.525309172135112
0 66.9921875 16.471354166666664 6.864759447755123 9.15301259700683
0 46.435546875 16.341145833333336 6.837572174807153 9.116762899742872
0 43.017578125 16.927083333333336 6.959078522333606 9.278771363111476
0 69.482421875 20.1171875 7.586549618320344 10.115399491093791
0 72.55859375 19.205729166666664 7.412693970636669 9.883591960848893
0 78.41796875 21.2890625 7.804389558437758 10.405852744583676
0 81.494140625 20.5078125 7.659851317145468 10.21313508952729
0 84.66796875 22.526041666666664 8.027921409891299 10.703895213188398
0 87.939453125 22.200520833333336 7.969705113037473 10.626273484049964
0 87.255859375 27.799479166666668 8.918236814088415 11.890982418784553
0 34.326171875 16.6015625 6.891839471823862 9.189119295765149
0 76.611328125 16.471354166666664 6.864759447755123 9.15301259700683
0 84.765625 18.5546875 7.28597191547444 9.714629220632586
0 91.9921875 21.158854166666664 7.780486318348366 10.373981757797822
0 95.3125 24.0234375 8.290452702152177 11.053936936202902
0 98.2421875 22.786458333333336 8.074192233473482 10.765589644631309
0 70.5078125 15.559895833333334 6.672122530845778 8.896163374461038
0 25.048828125 16.927083333333336 6.959078522333606 9.278771363111476
0 99.365234375 31.8359375 9.543759625922785 12.725012834563712
0 99.365234375 24.934895833333336 8.446260072691679 11.26168009692224
