0 86.962890625 21.028645833333336 7.756509415978292 10.342012554637723
0 80.712890625 19.401041666666664 7.450290292806215 9.933720390408286
0 56.884765625 15.234375 6.60196156395994 8.802615418613254
0 47.900390625 15.950520833333334 6.755353888299149 9.0071385177322
0 41.2109375 16.145833333333336 6.796587356970242 9.062116475960323
0 31.005859375 16.40625 6.8511792970714245 9.134905729428567
0 24.365234375 16.9921875 6.972448522214271 9.296598029619028
0 11.5234375 18.619791666666664 7.298743129334349 9.731657505779133
0 3.271484375 18.619791666666664 7.298743129334349 9.731657505779133
0 9.716796875 17.903645833333336 7.157006469457137 9.542675292609516
0 22.705078125 16.145833333333336 6.796587356970242 9.062116475960323
0 29.345703125 16.536458333333336 6.878312786611722 9.171083715482297
0 66.30859375 16.9921875 6.972448522214271 9.296598029619028
0 74.853515625 19.075520833333336 7.3875234600282 9.850031280037602
0 86.5234375 18.1640625 7.208869513560617 9.611826018080823
0 78.7109375 15.690104166666666 6.699981201202437 8.933308268269917
0 85.15625 19.075520833333336 7.3875234600282 9.850031280037602
0 77.83203125 18.1640625 7.208869513560617 9.611826018080823
0 7.6171875 19.205729166666664 7.412693970636669 9.883591960848893
0 1.416015625 19.205729166666664 7.412693970636669 9.883591960848893
0 75.634765625 16.40625 6.8511792970714245 9.134905729428567
0 83.935546875 17.447916666666664 7.065330140863174 9.420440187817565
0 5.17578125 19.53125 7.475249459177179 9.966999278902906
0 13.96484375 18.359375 7.247523246483103 9.663364328644137
