0 67.041015625 62.109375 13.3302793382822 17.77370578437627
0 50.830078125 51.627604166666664 12.153508149255297 16.204677532340394
0 63.720703125 61.783854166666664 13.29530084887205 17.727067798496066
0 84.619140625 66.9921875 13.844355740007025 18.459140986676033
0 49.70703125 49.0234375 11.843022407185213 15.790696542913619
0 22.314453125 54.4921875 12.486128262621328 16.648171016828435
0 33.59375 36.19791666666667 10.17659423860661 13.568792318142146
0 93.1640625 55.729166666666664 12.627051309556398 16.836068412741863
0 76.7578125 56.315104166666664 12.693258266043348 16.924344354724465
0 47.412109375 38.34635416666667 10.474244568927316 13.965659425236424
0 76.7578125 37.109375 10.30392029793343 13.738560397244573
0 60.205078125 35.15625 10.029099563693228 13.372132751590971
0 78.22265625 36.19791666666667 10.17659423860661 13.568792318142146
0 58.69140625 34.83072916666667 9.982560567502519 13.310080756670025
0 63.8671875 31.0546875 9.425930915210266 12.567907886947022
0 91.015625 35.7421875 10.11233003282525 13.483106710433667
0 4.052734375 32.74739583333333 9.679413773897526 12.905885031863368
0 31.884765625 22.395833333333336 8.00468569861084 10.672914264814453
0 69.23828125 24.348958333333336 8.346432086900233 11.128576115866979
0 47.75390625 21.940104166666664 7.92282408798045 10.5637654506406
0 42.3828125 24.674479166666664 8.402038511923953 11.202718015898604
0 49.560546875 29.557291666666668 9.195873518871684 12.261164691828911
0 71.044921875 22.526041666666664 8.027921409891299 10.703895213188398
0 59.86328125 25.390625 8.523095729839442 11.364127639785922
0 95.60546875 31.380208333333332 9.475204282385269 12.633605709847027
0 56.201171875 20.1171875 7.586549618320344 10.115399491093791
0 50.390625 20.377604166666664 7.635495607419925 10.180660809893233
0 56.298828125 16.927083333333336 6.959078522333606 9.278771363111476
0 28.564453125 24.674479166666664 8.402038511923953 11.202718015898604
0 4.931640625 24.8046875 8.424178309229896 11.23223774563986
0 17.28515625 20.377604166666664 7.635495607419925 10.180660809893233
0 92.3828125 87.82552083333334 15.851524552271181 21.135366069694907
0 43.5546875 80.20833333333334 15.148527399891181 20.198036533188244
0 44.677734375 52.799479166666664 12.290668069825603 16.38755742643414
0 10.791015625 58.0078125 12.882611645022848 17.17681552669713
0 3.7109375 72.4609375 14.398347304791809 19.197796406389077
0 1.513671875 55.729166666666664 12.627051309556398 16.836068412741863
0 9.9609375 24.8046875 8.424178309229896 11.23223774563986
0 15.576171875 33.91927083333333 9.851081781963485 13.134775709284646
0 19.43359375 26.171875 8.653226854710587 11.537635806280782
0 22.75390625 26.7578125 8.749555167743805 11.66607355699174
0 7.470703125 20.703125 7.6962403643301345 10.261653819106845
0 13.28125 16.276041666666664 6.823937919616058 9.09858389282141
0 21.044921875 18.294270833333336 7.234661615679748 9.646215487572997
0 28.466796875 17.513020833333336 7.0784994535786145 9.437999271438152
0 61.669921875 9.895833333333332 5.320921561939299 7.094562082585732
0 52.880859375 9.5703125 5.232674621424025 6.9768994952320345
0 80.95703125 25.390625 8.523095729839442 11.364127639785922
0 76.7578125 22.200520833333336 7.969705113037473 10.626273484049964
0 71.2890625 17.3828125 7.052136235529384 9.40284831403918
0 88.623046875 23.567708333333336 8.211440458419013 10.948587277892017
0 96.826171875 21.158854166666664 7.780486318348366 10.373981757797822
0 88.8671875 18.75 7.32421875 9.765625
0 81.4453125 16.6015625 6.891839471823862 9.189119295765149
0 77.685546875 16.40625 6.8511792970714245 9.134905729428567
0 73.681640625 14.908854166666666 6.531046923532928 8.708062564710572
0 67.041015625 15.8203125 6.72772451325946 8.970299351012613
0 7.8125 12.5 5.980199567341744 7.973599423122326
0 22.8515625 12.955729166666666 6.088237714617921 8.117650286157229
0 48.779296875 36.65364583333333 10.240455160865794 13.653940214487726
0 45.361328125 15.0390625 6.559504779115197 8.746006372153596
0 43.310546875 36.65364583333333 10.240455160865794 13.653940214487726
0 36.9140625 13.671875 6.254242410864013 8.338989881152017
0 4.150390625 20.1171875 7.586549618320344 10.115399491093791
0 11.669921875 17.3828125 7.052136235529384 9.40284831403918
0 4.58984375 16.927083333333336 6.959078522333606 9.278771363111476
0 20.1171875 15.0390625 6.559504779115197 8.746006372153596
0 31.298828125 14.127604166666666 6.3576253222655215 8.476833763020695
0 41.259765625 14.583333333333334 6.459353786778786 8.612471715705048
0 28.7109375 13.411458333333334 6.194391824397107 8.259189099196142
0 56.103515625 13.671875 6.254242410864013 8.338989881152017
0 71.484375 12.174479166666668 5.901818727360142 7.8690916364801895
0 84.716796875 15.8203125 6.72772451325946 8.970299351012613
0 91.6015625 16.40625 6.8511792970714245 9.134905729428567
0 96.2890625 18.5546875 7.28597191547444 9.714629220632586
0 85.44921875 19.3359375 7.437779301119349 9.917039068159132
0 1.611328125 18.5546875 7.28597191547444 9.714629220632586
0 34.9609375 26.171875 8.653226854710587 11.537635806280782
0 32.2265625 32.55208333333333 9.650505554713073 12.86734073961743
0 33.0078125 40.625 10.780958088779109 14.374610785038813
0 22.16796875 48.37239583333333 11.764120646604239 15.68549419547232
0 93.75 50.716145833333336 12.045748508295013 16.06099801106002
0 92.48046875 42.7734375 11.062358984614171 14.74981197948556
0 84.1796875 39.58333333333333 10.641843123878598 14.189124165171464
0 87.5 31.0546875 9.425930915210266 12.567907886947022
0 75.732421875 35.48177083333333 10.075423595714831 13.433898127619774
0 76.07421875 28.90625 9.094033462982996 12.125377950643994
0 98.681640625 39.12760416666667 10.580405165624827 14.107206887499771
0 98.095703125 28.450520833333332 9.02206146184966 12.029415282466214
0 91.943359375 29.557291666666668 9.195873518871684 12.261164691828911
0 66.6015625 13.997395833333334 6.328259690346595 8.437679587128793
0 62.6953125 24.934895833333336 8.446260072691679 11.26168009692224
0 58.837890625 19.791666666666664 7.524919437217989 10.033225916290652
0 66.11328125 23.893229166666664 8.267954824306681 11.023939765742242
0 46.142578125 25.846354166666668 8.59924487524742 11.465659833663226
0 43.310546875 31.8359375 9.543759625922785 12.725012834563712
0 3.564453125 27.669270833333332 8.897326499702912 11.863101999603883
0 29.931640625 19.205729166666664 7.412693970636669 9.883591960848893
0 43.65234375 17.3828125 7.052136235529384 9.40284831403918
0 38.525390625 19.010416666666664 7.37490598974278 9.833207986323707
0 34.716796875 13.411458333333334 6.194391824397107 8.259189099196142
0 45.703125 12.3046875 5.933295317145868 7.911060422861158
0 40.771484375 20.247395833333336 7.611061958825638 10.148082611767517
0 40.771484375 12.3046875 5.933295317145868 7.911060422861158
0 46.630859375 17.1875 7.012405574387241 9.349874099182989
0 59.375 13.216145833333334 6.149121606326259 8.198828808435012
0 83.59375 21.940104166666664 7.92282408798045 10.5637654506406
0 36.474609375 18.424479166666664 7.2603620931215325 9.680482790828709
0 56.787109375 48.2421875 11.748276705883885 15.664368941178514
0 66.6015625 53.90625 12.418817107773318 16.558422810364423
0 61.669921875 42.31770833333333 11.00326927326657 14.671025697688759
0 43.06640625 58.138020833333336 12.897062139352686 17.196082852470248
0 75.927734375 49.47916666666667 11.897942315440629 15.863923087254172
0 74.8046875 42.31770833333333 11.00326927326657 14.671025697688759
0 8.154296875 35.28645833333333 10.047654805392046 13.39687307385606
0 14.990234375 21.2890625 7.804389558437758 10.405852744583676
0 26.85546875 18.294270833333336 7.234661615679748 9.646215487572997
0 74.462890625 26.627604166666668 8.728240750778255 11.637654334371007
0 58.837890625 21.484375 7.840107775064166 10.453477033418888
0 60.791015625 15.8203125 6.72772451325946 8.970299351012613
0 49.560546875 16.927083333333336 6.959078522333606 9.278771363111476
0 50.48828125 26.041666666666668 8.631674575031099 11.508899433374797
0 50.390625 15.690104166666666 6.699981201202437 8.933308268269917
0 79.58984375 20.703125 7.6962403643301345 10.261653819106845
0 88.37890625 25.5859375 8.555814067917595 11.407752090556793
0 77.880859375 20.247395833333336 7.611061958825638 10.148082611767517
0 7.2265625 18.424479166666664 7.2603620931215325 9.680482790828709
0 12.6953125 12.760416666666666 6.042172202521769 8.056229603362357
0 19.23828125 13.411458333333334 6.194391824397107 8.259189099196142
