0 83.0078125 65.88541666666666 13.729518895510246 18.30602519401366
0 82.8125 52.213541666666664 12.222280514221671 16.29637401896223
0 87.98828125 39.77864583333333 10.668065364348472 14.224087152464628
0 77.1484375 33.91927083333333 9.851081781963485 13.134775709284646
0 74.70703125 25.9765625 8.620878229873984 11.494504306498644
0 88.28125 33.52864583333333 9.794193442310311 13.05892458974708
0 88.28125 27.5390625 8.876366926421502 11.835155901895336
0 96.337890625 24.4140625 8.357582969744357 11.143443959659143
0 91.9921875 25.9765625 8.620878229873984 11.494504306498644
0 92.236328125 20.182291666666664 7.598815672600545 10.13175423013406
0 83.740234375 21.940104166666664 7.92282408798045 10.5637654506406
0 91.30859375 22.786458333333336 8.074192233473482 10.765589644631309
0 97.94921875 18.033854166666664 7.182984799767957 9.577313066357275
0 81.494140625 20.182291666666664 7.598815672600545 10.13175423013406
0 94.7265625 17.578125 7.091644310682526 9.455525747576702
0 81.201171875 14.778645833333334 6.502464524127966 8.669952698837287
0 93.017578125 15.4296875 6.644147051109997 8.858862734813329
0 78.076171875 18.489583333333336 7.273178276253042 9.697571035004056
0 91.30859375 16.927083333333336 6.959078522333606 9.278771363111476
0 87.841796875 21.809895833333336 7.8992792392241125 10.532372318965482
0 86.71875 14.192708333333334 6.372257390692475 8.496343187589966
0 63.4765625 27.669270833333332 8.897326499702912 11.863101999603883
0 64.0625 42.51302083333333 11.02863220189981 14.704842935866417
0 64.013671875 50.520833333333336 12.022531496333135 16.030041995110846
0 54.4921875 74.73958333333334 14.622984070692066 19.49731209425609
0 40.13671875 69.40104166666666 14.091060034930658 18.78808004657421
0 44.677734375 45.57291666666667 11.418632161785709 15.224842882380946
0 48.73046875 36.06770833333333 10.158274522151634 13.544366029535512
0 53.125 24.479166666666664 8.36871899463018 11.15829199284024
0 56.93359375 29.622395833333332 9.205995562132786 12.274660749510382
0 43.798828125 27.669270833333332 8.897326499702912 11.863101999603883
0 58.984375 21.354166666666664 7.816313766397521 10.421751688530028
0 79.00390625 11.979166666666668 5.854286527481347 7.805715369975129
0 74.609375 16.341145833333336 6.837572174807153 9.116762899742872
0 76.025390625 11.067708333333332 5.627163365046928 7.502884486729237
0 69.580078125 12.5 5.980199567341744 7.973599423122326
0 66.89453125 19.401041666666664 7.450290292806215 9.933720390408286
0 66.015625 13.541666666666666 6.224389054678692 8.299185406238257
0 62.890625 10.286458333333332 5.424923350412347 7.233231133883129
0 57.03125 17.3828125 7.052136235529384 9.40284831403918
0 58.251953125 11.71875 5.790303332827843 7.720404443770458
0 53.466796875 10.15625 5.390479044389554 7.187305392519407
0 52.197265625 16.276041666666664 6.823937919616058 9.09858389282141
0 46.337890625 22.005208333333336 7.9345703125 10.579427083333332
0 47.4609375 13.411458333333334 6.194391824397107 8.259189099196142
0 43.896484375 13.28125 6.16424861960576 8.218998159474348
0 38.18359375 25.520833333333332 8.544921875 11.393229166666668
0 33.984375 27.083333333333332 8.802615418613255 11.736820558151006
0 46.875 11.393229166666668 5.7093160808928545 7.612421441190473
0 47.55859375 18.1640625 7.208869513560617 9.611826018080823
0 63.134765625 14.453125 6.430452730012657 8.57393697335021
0 40.771484375 13.736979166666666 6.269115778861736 8.358821038482315
0 38.18359375 9.440104166666668 5.196956288429687 6.929275051239584
0 39.0625 21.354166666666664 7.816313766397521 10.421751688530028
0 38.28125 15.690104166666666 6.699981201202437 8.933308268269917
0 35.595703125 11.263020833333332 5.676597667766807 7.568796890355743
0 32.03125 14.778645833333334 6.502464524127966 8.669952698837287
0 24.12109375 30.143229166666668 9.286574740419274 12.382099653892366
0 20.3125 46.6796875 11.556455217749932 15.40860695699991
0 8.447265625 61.848958333333336 13.302303904848248 17.73640520646433
0 11.03515625 78.38541666666666 14.975395686505491 19.967194248673987
0 10.05859375 39.12760416666667 10.580405165624827 14.107206887499771
0 6.396484375 29.231770833333332 9.145095253766906 12.193460338355873
0 11.328125 23.372395833333336 8.177344364608315 10.903125819477753
0 23.876953125 22.005208333333336 7.9345703125 10.579427083333332
0 29.443359375 20.3125 7.62328857226367 10.164384763018226
0 27.5390625 25.325520833333332 8.512161670520847 11.349548894027794
0 26.220703125 19.3359375 7.437779301119349 9.917039068159132
0 28.466796875 14.322916666666666 6.401421192444773 8.53522825659303
0 23.291015625 12.174479166666668 5.901818727360142 7.8690916364801895
0 22.607421875 17.708333333333336 7.117861199762329 9.490481599683106
0 19.140625 11.1328125 5.6436895779134915 7.524919437217989
0 19.970703125 16.341145833333336 6.837572174807153 9.116762899742872
0 16.064453125 13.671875 6.254242410864013 8.338989881152017
0 12.255859375 18.619791666666664 7.298743129334349 9.731657505779133
0 9.08203125 14.322916666666666 6.401421192444773 8.53522825659303
0 5.2734375 15.885416666666666 6.741553355216833 8.988737806955777
0 11.572265625 13.736979166666666 6.269115778861736 8.358821038482315
0 7.568359375 15.559895833333334 6.672122530845778 8.896163374461038
0 19.04296875 13.671875 6.254242410864013 8.338989881152017
0 25.48828125 11.393229166666668 5.7093160808928545 7.612421441190473
0 31.8359375 12.434895833333332 5.964605800076924 7.952807733435899
0 25.830078125 14.192708333333334 6.372257390692475 8.496343187589966
0 30.224609375 13.671875 6.254242410864013 8.338989881152017
0 37.353515625 13.28125 6.16424861960576 8.218998159474348
0 49.169921875 12.630208333333334 6.011265748166568 8.015020997555423
0 90.8203125 73.17708333333334 14.469323231359496 19.292430975145994
0 92.919921875 30.598958333333332 9.35651227829339 12.475349704391189
0 94.53125 20.768229166666664 7.708331872750909 10.277775830334546
0 86.03515625 19.401041666666664 7.450290292806215 9.933720390408286
0 70.80078125 24.4140625 8.357582969744357 11.143443959659143
0 84.619140625 17.513020833333336 7.0784994535786145 9.437999271438152
0 70.01953125 20.182291666666664 7.598815672600545 10.13175423013406
0 76.5625 17.838541666666664 7.143981879101334 9.525309172135112
0 89.599609375 18.424479166666664 7.2603620931215325 9.680482790828709
0 82.763671875 36.58854166666667 10.231356576074347 13.641808768099132
0 67.28515625 60.3515625 13.140289393073113 17.520385857430817
0 66.943359375 27.799479166666668 8.918236814088415 11.890982418784553
0 61.376953125 23.177083333333336 8.143105507889608 10.857474010519478
0 65.185546875 30.729166666666668 9.376398618003673 12.501864824004896
0 61.865234375 34.83072916666667 9.982560567502519 13.310080756670025
0 46.58203125 51.888020833333336 12.184121568406452 16.245495424541936
0 48.6328125 24.479166666666664 8.36871899463018 11.15829199284024
0 50.5859375 18.619791666666664 7.298743129334349 9.731657505779133
0 47.4609375 15.234375 6.60196156395994 8.802615418613254
0 44.677734375 22.005208333333336 7.9345703125 10.579427083333332
0 40.8203125 18.1640625 7.208869513560617 9.611826018080823
0 37.109375 19.661458333333336 7.500125566067204 10.00016742142294
0 33.984375 14.322916666666666 6.401421192444773 8.53522825659303
0 31.25 18.489583333333336 7.273178276253042 9.697571035004056
0 20.458984375 20.638020833333336 7.684129829110212 10.245506438813615
0 16.845703125 17.838541666666664 7.143981879101334 9.525309172135112
0 13.330078125 15.4296875 6.644147051109997 8.858862734813329
0 7.666015625 19.791666666666664 7.524919437217989 10.033225916290652
0 3.076171875 18.1640625 7.208869513560617 9.611826018080823
0 2.978515625 27.5390625 8.876366926421502 11.835155901895336
0 22.94921875 53.255208333333336 12.343596445408132 16.45812859387751
0 17.236328125 60.15625 13.119009558230394 17.492012744307193
0 32.861328125 36.1328125 10.167438506443897 13.556584675258529
0 36.181640625 31.966145833333332 9.56325660155786 12.751008802077147
0 39.16015625 55.143229166666664 12.560495377964282 16.74732717061904
0 71.875 17.578125 7.091644310682526 9.455525747576702
0 61.279296875 17.057291666666664 6.985792933508055 9.31439057801074
0 54.98046875 13.0859375 6.118755388111396 8.15834051748186
0 44.921875 15.104166666666666 6.573687508709111 8.764916678278816
