0 96.484375 23.697916666666664 8.234092750996119 10.978790334661493
0 83.203125 21.158854166666664 7.780486318348366 10.373981757797822
0 51.46484375 19.401041666666664 7.450290292806215 9.933720390408286
0 5.126953125 18.619791666666664 7.298743129334349 9.731657505779133
0 46.19140625 15.494791666666666 6.658149484030587 8.877532645374115
0 10.15625 19.661458333333336 7.500125566067204 10.00016742142294
0 2.490234375 18.619791666666664 7.298743129334349 9.731657505779133
0 53.466796875 16.015625 6.7691262856502785 9.025501714200372
0 73.6328125 15.494791666666666 6.658149484030587 8.877532645374115
0 80.46875 19.010416666666664 7.37490598974278 9.833207986323707
0 98.388671875 20.377604166666664 7.635495607419925 10.180660809893233
0 85.64453125 18.619791666666664 7.298743129334349 9.731657505779133
0 55.419921875 14.84375 6.516771394062079 8.689028525416106
0 64.013671875 15.625 6.686066375795484 8.914755167727312
0 77.685546875 18.033854166666664 7.182984799767957 9.577313066357275
0 57.03125 14.778645833333334 6.502464524127966 8.669952698837287
0 48.92578125 13.8671875 6.298757153488249 8.398342871317666
0 86.767578125 17.7734375 7.130933499479933 9.50791133263991
0 81.689453125 17.643229166666664 7.104764847914316 9.473019797219088
0 59.326171875 15.755208333333334 6.7138671875 8.951822916666668
0 60.44921875 14.84375 6.516771394062079 8.689028525416106
0 62.353515625 14.778645833333334 6.502464524127966 8.669952698837287
0 79.78515625 17.122395833333336 6.9991119025755095 9.332149203434014
0 84.228515625 17.252604166666664 7.025674092542321 9.367565456723094
0 89.697265625 19.791666666666664 7.524919437217989 10.033225916290652
