0 7.03125 20.052083333333336 7.574263699945591 10.099018266594122
0 4.78515625 18.619791666666664 7.298743129334349 9.731657505779133
0 11.42578125 18.880208333333336 7.349606066157407 9.799474754876544
0 21.6796875 17.578125 7.091644310682526 9.455525747576702
0 45.99609375 15.494791666666666 6.658149484030587 8.877532645374115
0 71.2890625 17.96875 7.170007400189656 9.56000986691954
0 76.66015625 15.755208333333334 6.7138671875 8.951822916666668
0 75.48828125 18.489583333333336 7.273178276253042 9.697571035004056
0 84.9609375 19.661458333333336 7.500125566067204 10.00016742142294
0 82.2265625 17.447916666666664 7.065330140863174 9.420440187817565
0 86.328125 18.229166666666664 7.221777078979024 9.629036105305365
0 98.33984375 22.135416666666664 7.958010748538389 10.610680998051187
0 95.41015625 21.744791666666664 7.887480458569388 10.51664061142585
0 94.82421875 20.182291666666664 7.598815672600545 10.13175423013406
0 28.515625 16.666666666666664 6.905339660024879 9.207119546699838
0 80.2734375 20.442708333333336 7.647683158045451 10.196910877393934
0 89.6484375 19.010416666666664 7.37490598974278 9.833207986323707
0 37.890625 17.838541666666664 7.143981879101334 9.525309172135112
0 1.7578125 21.354166666666664 7.816313766397521 10.421751688530028
0 0.48828125 18.359375 7.247523246483103 9.663364328644137
0 91.015625 18.619791666666664 7.298743129334349 9.731657505779133
