0 75.439453125 50.1953125 11.983736521039955 15.978315361386604
0 86.9140625 29.231770833333332 9.145095253766906 12.193460338355873
0 50.9765625 30.403645833333332 9.326603265341873 12.43547102045583
0 36.03515625 32.94270833333333 9.708235913444133 12.944314551258843
0 38.525390625 24.4140625 8.357582969744357 11.143443959659143
0 51.3671875 36.39322916666667 10.204012144348443 13.605349525797925
0 35.791015625 67.64322916666666 13.91146401372251 18.548618684963348
0 93.115234375 66.47135416666666 13.790433993768314 18.387245325024416
0 59.5703125 63.151041666666664 13.441598843716577 17.9221317916221
0 9.5703125 26.106770833333332 8.642457433170346 11.52327657756046
0 20.166015625 12.630208333333334 6.011265748166568 8.015020997555423
0 31.884765625 16.927083333333336 6.959078522333606 9.278771363111476
0 28.90625 17.7734375 7.130933499479933 9.50791133263991
0 45.263671875 17.96875 7.170007400189656 9.56000986691954
0 46.240234375 15.950520833333334 6.755353888299149 9.0071385177322
0 48.095703125 16.145833333333336 6.796587356970242 9.062116475960323
0 45.751953125 14.453125 6.430452730012657 8.57393697335021
0 41.357421875 15.625 6.686066375795484 8.914755167727312
0 69.04296875 15.104166666666666 6.573687508709111 8.764916678278816
0 80.17578125 16.6015625 6.891839471823862 9.189119295765149
0 95.1171875 20.3125 7.62328857226367 10.164384763018226
0 13.96484375 17.447916666666664 7.065330140863174 9.420440187817565
0 10.05859375 21.419270833333336 7.828219811023351 10.437626414697803
0 10.3515625 17.7734375 7.130933499479933 9.50791133263991
0 6.34765625 19.791666666666664 7.524919437217989 10.033225916290652
0 4.19921875 17.96875 7.170007400189656 9.56000986691954
0 1.953125 19.270833333333336 7.425247229367944 9.900329639157258
0 0.9765625 17.7734375 7.130933499479933 9.50791133263991
0 23.681640625 18.9453125 7.3622668956389274 9.816355860851903
0 25.29296875 17.317708333333336 7.038917599286375 9.385223465715166
0 60.44921875 13.802083333333334 6.283953943473511 8.378605257964681
0 57.080078125 14.973958333333334 6.545291317604741 8.727055090139656
0 54.98046875 14.6484375 6.473755931273323 8.631674575031097
0 60.3515625 14.778645833333334 6.502464524127966 8.669952698837287
0 74.0234375 25.260416666666668 8.501213548086012 11.334951397448016
0 57.958984375 20.768229166666664 7.708331872750909 10.277775830334546
0 61.572265625 19.921875 7.549631882844837 10.066175843793117
0 88.37890625 16.6015625 6.891839471823862 9.189119295765149
0 98.6328125 20.1171875 7.586549618320344 10.115399491093791
0 12.20703125 16.145833333333336 6.796587356970242 9.062116475960323
0 82.275390625 47.52604166666667 11.660750228602783 15.547666971470377
0 22.65625 16.276041666666664 6.823937919616058 9.09858389282141
0 29.541015625 15.625 6.686066375795484 8.914755167727312
0 30.908203125 15.625 6.686066375795484 8.914755167727312
0 70.703125 74.8046875 14.629351579842387 19.505802106456514
0 91.748046875 56.8359375 12.751820322129015 17.00242709617202
0 85.498046875 54.6875 12.508484821728025 16.677979762304034
0 90.52734375 37.43489583333333 10.349014256477766 13.798685675303688
0 75.78125 33.26822916666667 9.756083595670033 13.008111460893376
0 99.12109375 41.40625 10.884127502518925 14.512170003358568
0 5.224609375 65.16927083333334 13.65469807201971 18.20626409602628
0 4.98046875 45.57291666666667 11.418632161785709 15.224842882380946
0 10.595703125 63.671875 13.496914299008777 17.995885732011704
0 23.92578125 29.427083333333332 9.175595934065496 12.234127912087327
0 12.841796875 58.528645833333336 12.940316801217158 17.25375573495621
0 47.607421875 27.278645833333332 8.83429859993294 11.779064799910586
0 31.15234375 25.5859375 8.555814067917595 11.407752090556793
0 49.12109375 21.419270833333336 7.828219811023351 10.437626414697803
0 33.7890625 26.953125 8.78142979122202 11.708573054962693
0 1.220703125 24.283854166666664 8.33526628646708 11.113688381956106
0 15.576171875 25.78125 8.588407763348565 11.451210351131419
0 80.6640625 29.622395833333332 9.205995562132786 12.274660749510382
0 72.55859375 22.4609375 8.016311973000304 10.688415964000404
0 82.03125 23.763020833333336 8.245395560367612 10.993860747156816
0 93.896484375 27.278645833333332 8.83429859993294 11.779064799910586
0 98.33984375 74.28385416666666 14.578333633418197 19.43777817789093
0 92.138671875 85.28645833333334 15.62070787606168 20.82761050141557
0 98.095703125 34.04947916666667 9.869971697263324 13.159962263017766
0 77.783203125 19.791666666666664 7.524919437217989 10.033225916290652
0 52.490234375 21.2890625 7.804389558437758 10.405852744583676
0 26.5625 24.088541666666664 8.301678777304348 11.068905036405797
0 12.20703125 29.622395833333332 9.205995562132786 12.274660749510382
0 35.25390625 20.442708333333336 7.647683158045451 10.196910877393934
0 20.166015625 20.963541666666664 7.7444931277157725 10.325990836954363
0 52.83203125 44.53125 11.287379155826983 15.049838874435977
0 89.2578125 30.403645833333332 9.326603265341873 12.43547102045583
0 59.5703125 25.260416666666668 8.501213548086012 11.334951397448016
0 89.6484375 21.614583333333336 7.863829789260941 10.485106385681254
0 22.65625 23.111979166666664 8.131660519088275 10.842214025451032
0 95.751953125 83.13802083333334 15.422703574820895 20.563604766427858
0 97.998046875 29.752604166666668 9.22620633412535 12.301608445500468
0 64.453125 17.447916666666664 7.065330140863174 9.420440187817565
0 63.720703125 14.973958333333334 6.545291317604741 8.727055090139656
0 73.193359375 16.145833333333336 6.796587356970242 9.062116475960323
0 74.560546875 16.145833333333336 6.796587356970242 9.062116475960323
0 13.18359375 20.442708333333336 7.647683158045451 10.196910877393934
0 64.0625 20.638020833333336 7.684129829110212 10.245506438813615
0 41.259765625 22.916666666666664 8.097228492078614 10.796304656104818
0 64.55078125 22.916666666666664 8.097228492078614 10.796304656104818
0 29.052734375 14.778645833333334 6.502464524127966 8.669952698837287
0 27.392578125 14.973958333333334 6.545291317604741 8.727055090139656
0 91.50390625 16.796875 6.932261164306974 9.243014885742634
0 33.3984375 15.625 6.686066375795484 8.914755167727312
0 34.130859375 15.8203125 6.72772451325946 8.970299351012613
0 34.66796875 15.950520833333334 6.755353888299149 9.0071385177322
0 35.400390625 16.276041666666664 6.823937919616058 9.09858389282141
0 33.642578125 16.276041666666664 6.823937919616058 9.09858389282141
0 36.376953125 17.317708333333336 7.038917599286375 9.385223465715166
0 39.013671875 15.4296875 6.644147051109997 8.858862734813329
