0 37.6953125 63.411458333333336 13.469284967476753 17.959046623302335
0 21.97265625 50.1953125 11.983736521039955 15.978315361386604
0 1.025390625 59.1796875 13.012088382158108 17.34945117621081
0 3.7109375 32.74739583333333 9.679413773897526 12.905885031863368
0 12.939453125 28.190104166666668 8.980675640601907 11.974234187469209
0 20.703125 30.6640625 9.366460725843998 12.48861430112533
0 32.861328125 35.7421875 10.11233003282525 13.483106710433667
0 36.62109375 44.40104166666667 11.270865058971795 15.027820078629059
0 52.9296875 49.47916666666667 11.897942315440629 15.863923087254172
0 67.529296875 59.700520833333336 13.069221866066808 17.425629154755743
0 77.587890625 53.841145833333336 12.411315556434788 16.54842074191305
0 83.544921875 65.625 13.702358594142853 18.269811458857134
0 89.55078125 67.1875 13.864522328613948 18.486029771485267
0 96.533203125 84.24479166666666 15.5250211694054 20.70002822587387
0 91.2109375 52.278645833333336 12.229898016060718 16.306530688080954
0 95.068359375 45.703125 11.434932858395506 15.24657714452734
0 98.681640625 39.58333333333333 10.641843123878598 14.189124165171464
0 93.701171875 30.794270833333332 9.386325988299376 12.515101317732501
0 88.671875 36.1328125 10.167438506443897 13.556584675258529
0 84.423828125 33.91927083333333 9.851081781963485 13.134775709284646
0 78.369140625 38.21614583333333 10.456446349494515 13.941928465992687
0 73.14453125 32.87760416666667 9.698638050580264 12.931517400773687
0 64.892578125 40.75520833333333 10.79822144345345 14.397628591271266
0 62.158203125 34.83072916666667 9.982560567502519 13.310080756670025
0 51.318359375 37.56510416666667 10.366996918617573 13.822662558156765
0 51.708984375 28.059895833333332 8.959911044862793 11.946548059817056
0 61.279296875 29.231770833333332 9.145095253766906 12.193460338355873
0 67.041015625 26.302083333333332 8.674725588105405 11.56630078414054
0 74.51171875 26.822916666666668 8.760192928715409 11.680257238287211
0 80.908203125 26.5625 8.717563999686098 11.62341866624813
0 98.583984375 27.213541666666668 8.823750179932228 11.765000239909636
0 32.177734375 28.580729166666668 9.042683343523592 12.056911124698123
0 28.076171875 25.0 8.457279333832409 11.276372445109878
0 7.03125 19.140625 7.400119417103358 9.866825889471144
0 3.41796875 25.651041666666668 8.566692411876344 11.422256549168457
0 13.720703125 20.052083333333336 7.574263699945591 10.099018266594122
0 9.1796875 15.950520833333334 6.755353888299149 9.0071385177322
0 20.01953125 19.791666666666664 7.524919437217989 10.033225916290652
0 27.197265625 15.950520833333334 6.755353888299149 9.0071385177322
0 35.25390625 13.216145833333334 6.149121606326259 8.198828808435012
0 13.037109375 14.127604166666666 6.3576253222655215 8.476833763020695
0 4.1015625 17.057291666666664 6.985792933508055 9.31439057801074
0 46.533203125 12.825520833333334 6.057566296777102 8.076755062369468
0 31.884765625 18.880208333333336 7.349606066157407 9.799474754876544
0 49.755859375 23.046875 8.120199399200482 10.82693253226731
0 41.9921875 25.651041666666668 8.566692411876344 11.422256549168457
0 46.630859375 17.447916666666664 7.065330140863174 9.420440187817565
0 58.10546875 12.565104166666666 5.995752778438873 7.9943370379184975
0 66.064453125 11.393229166666668 5.7093160808928545 7.612421441190473
0 72.55859375 11.393229166666668 5.7093160808928545 7.612421441190473
0 78.564453125 13.0859375 6.118755388111396 8.15834051748186
0 70.01953125 18.75 7.32421875 9.765625
0 63.232421875 16.471354166666664 6.864759447755123 9.15301259700683
0 57.2265625 20.833333333333336 7.720404443770458 10.293872591693944
0 43.06640625 14.127604166666666 6.3576253222655215 8.476833763020695
0 30.029296875 13.4765625 6.209408553886659 8.279211405182211
0 24.8046875 14.127604166666666 6.3576253222655215 8.476833763020695
0 51.318359375 16.341145833333336 6.837572174807153 9.116762899742872
0 66.748046875 18.359375 7.247523246483103 9.663364328644137
0 81.005859375 15.950520833333334 6.755353888299149 9.0071385177322
0 96.533203125 23.177083333333336 8.143105507889608 10.857474010519478
0 93.505859375 1.8229166666666667 2.283726432357143 3.0449685764761907
0 87.40234375 21.484375 7.840107775064166 10.453477033418888
0 92.87109375 20.833333333333336 7.720404443770458 10.293872591693944
0 85.3515625 15.950520833333334 6.755353888299149 9.0071385177322
0 90.52734375 20.442708333333336 7.647683158045451 10.196910877393934
0 62.646484375 12.434895833333332 5.964605800076924 7.952807733435899
0 75.9765625 14.778645833333334 6.502464524127966 8.669952698837287
0 26.5625 19.140625 7.400119417103358 9.866825889471144
