0 91.943359375 67.51302083333334 13.89806828214807 18.53075770953076
0 44.580078125 42.3828125 11.01173007365034 14.682306764867118
0 56.689453125 32.2265625 9.60213178866716 12.802842384889546
0 58.7890625 37.109375 10.30392029793343 13.738560397244573
0 16.845703125 27.669270833333332 8.897326499702912 11.863101999603883
0 5.859375 26.5625 8.717563999686098 11.62341866624813
0 41.748046875 24.0234375 8.290452702152177 11.053936936202902
0 40.576171875 18.5546875 7.28597191547444 9.714629220632586
0 46.337890625 22.981770833333336 8.108722079825698 10.811629439767596
0 55.6640625 19.856770833333336 7.537285788103314 10.049714384137753
0 63.18359375 19.921875 7.549631882844837 10.066175843793117
0 98.2421875 35.546875 10.084662867345157 13.44621715646021
0 75.68359375 15.755208333333334 6.7138671875 8.951822916666668
0 71.19140625 16.080729166666664 6.782870718656271 9.043827624875028
0 50.927734375 12.6953125 6.026738787271576 8.0356517163621
0 45.068359375 17.122395833333336 6.9991119025755095 9.332149203434014
0 25.9765625 15.104166666666666 6.573687508709111 8.764916678278816
0 12.40234375 18.684895833333336 7.311492035346033 9.748656047128044
0 23.14453125 15.104166666666666 6.573687508709111 8.764916678278816
0 73.2421875 15.755208333333334 6.7138671875 8.951822916666668
0 84.5703125 18.880208333333336 7.349606066157407 9.799474754876544
0 88.623046875 17.96875 7.170007400189656 9.56000986691954
0 93.359375 22.005208333333336 7.9345703125 10.579427083333332
0 98.2421875 22.981770833333336 8.108722079825698 10.811629439767596
0 90.234375 22.65625 8.051090062422436 10.734786749896582
0 79.6875 18.033854166666664 7.182984799767957 9.577313066357275
0 71.923828125 41.40625 10.884127502518925 14.512170003358568
0 82.275390625 39.6484375 10.650591044076627 14.200788058768838
0 78.271484375 43.42447916666667 11.146229472503464 14.861639296671287
0 6.34765625 42.05729166666667 10.969360812751116 14.62581441700149
0 36.181640625 39.71354166666667 10.65933178501769 14.212442380023585
0 32.568359375 28.125 8.970299351012615 11.960399134683486
0 19.677734375 21.419270833333336 7.828219811023351 10.437626414697803
0 38.0859375 16.40625 6.8511792970714245 9.134905729428567
0 47.021484375 17.122395833333336 6.9991119025755095 9.332149203434014
0 49.365234375 21.809895833333336 7.8992792392241125 10.532372318965482
0 62.01171875 14.583333333333334 6.459353786778786 8.612471715705048
0 57.080078125 14.908854166666666 6.531046923532928 8.708062564710572
0 34.08203125 17.96875 7.170007400189656 9.56000986691954
0 50.732421875 33.0078125 9.717824296930333 12.957099062573777
0 8.69140625 22.330729166666664 7.993042513249997 10.657390017666662
0 5.419921875 21.223958333333336 7.792447103762027 10.389929471682702
0 19.04296875 16.40625 6.8511792970714245 9.134905729428567
0 13.18359375 17.122395833333336 6.9991119025755095 9.332149203434014
0 6.25 18.359375 7.247523246483103 9.663364328644137
0 82.763671875 47.39583333333333 11.644765642296699 15.526354189728933
