0 67.1875 68.09895833333334 13.95824783450839 18.61099711267785
0 66.30859375 59.895833333333336 13.090582635209483 17.45411018027931
0 86.279296875 63.151041666666664 13.441598843716577 17.9221317916221
0 76.7578125 51.692708333333336 12.161168728742233 16.214891638322978
0 89.6484375 52.5390625 12.260320694946696 16.347094259928927
0 91.845703125 43.09895833333333 11.10437341226822 14.805831216357626
0 97.0703125 45.96354166666667 11.467464738803672 15.289952985071562
0 78.61328125 43.48958333333333 11.154581837461587 14.872775783282115
0 82.275390625 36.9140625 10.276768945607138 13.702358594142853
0 87.20703125 34.04947916666667 9.869971697263324 13.159962263017766
0 93.65234375 32.421875 9.631185203893738 12.84158027185832
0 98.583984375 38.54166666666667 10.500885335745396 14.001180447660527
0 52.1484375 51.692708333333336 12.161168728742233 16.214891638322978
0 67.529296875 42.25260416666667 10.994801962067763 14.659735949423682
0 41.650390625 51.692708333333336 12.161168728742233 16.214891638322978
0 33.056640625 61.979166666666664 13.316298968061174 17.75506529074823
0 25.9765625 52.5390625 12.260320694946696 16.347094259928927
0 37.060546875 43.09895833333333 11.10437341226822 14.805831216357626
0 6.884765625 63.606770833333336 13.49001227130148 17.986683028401973
0 7.51953125 32.421875 9.631185203893738 12.84158027185832
0 3.22265625 28.3203125 9.001392336274797 12.001856448366395
0 9.9609375 27.473958333333332 8.865868558553435 11.821158078071248
0 21.044921875 30.338541666666668 9.316612257369233 12.42214967649231
0 31.201171875 34.44010416666667 9.926425761285763 13.235234348381017
0 50.29296875 38.54166666666667 10.500885335745396 14.001180447660527
0 42.28515625 29.557291666666668 9.195873518871684 12.261164691828911
0 47.216796875 27.9296875 8.939098215256843 11.918797620342456
0 61.03515625 31.575520833333332 9.50464569238125 12.672860923174998
0 60.15625 25.0 8.457279333832409 11.276372445109878
0 53.076171875 26.692708333333332 8.738904457566134 11.651872610088178
0 64.74609375 26.236979166666668 8.66398288975732 11.551977186343091
