0 98.486328125 32.16145833333333 9.592427762147041 12.789903682862722
0 89.990234375 21.419270833333336 7.828219811023351 10.437626414697803
0 82.958984375 21.2890625 7.804389558437758 10.405852744583676
0 75.439453125 22.786458333333336 8.074192233473482 10.765589644631309
0 70.751953125 32.6171875 9.660151239834237 12.880201653112316
0 58.251953125 22.200520833333336 7.969705113037473 10.626273484049964
0 50.09765625 17.057291666666664 6.985792933508055 9.31439057801074
0 39.74609375 15.690104166666666 6.699981201202437 8.933308268269917
0 24.51171875 15.690104166666666 6.699981201202437 8.933308268269917
0 17.3828125 15.690104166666666 6.699981201202437 8.933308268269917
0 9.27734375 19.010416666666664 7.37490598974278 9.833207986323707
0 2.9296875 27.018229166666668 8.792028986137655 11.722705314850208
0 21.240234375 19.791666666666664 7.524919437217989 10.033225916290652
0 1.3671875 18.684895833333336 7.311492035346033 9.748656047128044
0 9.9609375 23.697916666666664 8.234092750996119 10.978790334661493
0 34.765625 15.950520833333334 6.755353888299149 9.0071385177322
0 5.908203125 18.424479166666664 7.2603620931215325 9.680482790828709
0 14.990234375 19.010416666666664 7.37490598974278 9.833207986323707
0 7.470703125 19.010416666666664 7.37490598974278 9.833207986323707
0 4.98046875 18.684895833333336 7.311492035346033 9.748656047128044
0 36.23046875 19.596354166666664 7.487697843252746 9.983597124336994
0 45.458984375 15.234375 6.60196156395994 8.802615418613254
0 68.06640625 26.106770833333332 8.642457433170346 11.52327657756046
0 42.822265625 16.276041666666664 6.823937919616058 9.09858389282141
0 54.98046875 14.192708333333334 6.372257390692475 8.496343187589966
0 66.69921875 15.8203125 6.72772451325946 8.970299351012613
0 58.3984375 15.0390625 6.559504779115197 8.746006372153596
0 69.091796875 14.453125 6.430452730012657 8.57393697335021
0 60.44921875 16.145833333333336 6.796587356970242 9.062116475960323
0 74.072265625 15.8203125 6.72772451325946 8.970299351012613
0 91.357421875 19.3359375 7.437779301119349 9.917039068159132
0 72.265625 15.494791666666666 6.658149484030587 8.877532645374115
0 80.908203125 19.3359375 7.437779301119349 9.917039068159132
0 98.974609375 20.052083333333336 7.574263699945591 10.099018266594122
0 85.791015625 19.010416666666664 7.37490598974278 9.833207986323707
0 99.072265625 25.9765625 8.620878229873984 11.494504306498644
0 78.515625 17.96875 7.170007400189656 9.56000986691954
0 87.841796875 18.424479166666664 7.2603620931215325 9.680482790828709
0 76.5625 16.861979166666664 6.945682786096826 9.260910381462436
0 84.1796875 17.1875 7.012405574387241 9.349874099182989
0 75.68359375 18.424479166666664 7.2603620931215325 9.680482790828709
0 82.12890625 17.96875 7.170007400189656 9.56000986691954
0 80.322265625 17.7734375 7.130933499479933 9.50791133263991
0 63.037109375 15.234375 6.60196156395994 8.802615418613254
0 51.806640625 12.955729166666666 6.088237714617921 8.117650286157229
0 28.369140625 16.731770833333336 6.9188135063199665 9.225084675093289
0 15.869140625 16.861979166666664 6.945682786096826 9.260910381462436
0 38.18359375 18.229166666666664 7.221777078979024 9.629036105305365
0 38.37890625 15.494791666666666 6.658149484030587 8.877532645374115
0 48.046875 15.950520833333334 6.755353888299149 9.0071385177322
0 60.986328125 15.494791666666666 6.658149484030587 8.877532645374115
0 57.03125 14.908854166666666 6.531046923532928 8.708062564710572
0 67.3828125 15.8203125 6.72772451325946 8.970299351012613
