0 0.87890625 18.684895833333336 7.311492035346033 9.748656047128044
0 3.564453125 25.5859375 8.555814067917595 11.407752090556793
0 17.578125 23.893229166666664 8.267954824306681 11.023939765742242
0 13.037109375 17.643229166666664 7.104764847914316 9.473019797219088
0 2.294921875 18.684895833333336 7.311492035346033 9.748656047128044
0 26.318359375 21.6796875 7.875664001809045 10.500885335745393
0 3.90625 17.96875 7.170007400189656 9.56000986691954
0 22.119140625 14.84375 6.516771394062079 8.689028525416106
0 6.15234375 18.098958333333336 7.195938795502683 9.594585060670244
0 34.08203125 18.684895833333336 7.311492035346033 9.748656047128044
0 7.861328125 19.466145833333336 7.462780310447684 9.950373747263578
0 23.6328125 17.578125 7.091644310682526 9.455525747576702
0 10.791015625 17.903645833333336 7.157006469457137 9.542675292609516
0 25.439453125 14.84375 6.516771394062079 8.689028525416106
0 33.447265625 15.755208333333334 6.7138671875 8.951822916666668
0 26.904296875 17.122395833333336 6.9991119025755095 9.332149203434014
0 36.71875 19.140625 7.400119417103358 9.866825889471144
0 30.322265625 16.666666666666664 6.905339660024879 9.207119546699838
0 37.939453125 16.080729166666664 6.782870718656271 9.043827624875028
0 45.263671875 17.1875 7.012405574387241 9.349874099182989
0 60.791015625 41.27604166666667 10.867000619363317 14.489334159151088
0 42.919921875 15.755208333333334 6.7138671875 8.951822916666668
0 55.17578125 19.205729166666664 7.412693970636669 9.883591960848893
0 40.966796875 16.341145833333336 6.837572174807153 9.116762899742872
0 62.353515625 24.153645833333336 8.312889692307273 11.083852923076364
0 53.076171875 16.2109375 6.810276368536802 9.080368491382403
0 81.25 39.38802083333333 10.615556110184379 14.154074813579173
0 75.634765625 27.083333333333332 8.802615418613255 11.736820558151006
0 98.046875 55.598958333333336 12.612291454938857 16.816388606585143
0 55.56640625 15.104166666666666 6.573687508709111 8.764916678278816
0 64.990234375 16.796875 6.932261164306974 9.243014885742634
0 59.619140625 14.388020833333334 6.415953381844678 8.554604509126236
0 57.51953125 15.299479166666666 6.61605328023645 8.821404373648601
0 56.591796875 14.0625 6.342959500374307 8.457279333832409
0 98.095703125 31.184895833333332 9.445671106287941 12.594228141717254
0 86.865234375 26.497395833333332 8.706874156303165 11.609165541737553
0 81.982421875 22.721354166666664 8.062649422377262 10.75019922983635
0 75.537109375 22.135416666666664 7.958010748538389 10.610680998051187
0 83.49609375 21.354166666666664 7.816313766397521 10.421751688530028
0 95.751953125 23.567708333333336 8.211440458419013 10.948587277892017
0 91.064453125 22.005208333333336 7.9345703125 10.579427083333332
0 97.16796875 19.921875 7.549631882844837 10.066175843793117
0 88.37890625 20.8984375 7.732458166088822 10.309944221451763
0 98.291015625 22.330729166666664 7.993042513249997 10.657390017666662
0 91.796875 19.791666666666664 7.524919437217989 10.033225916290652
0 99.0234375 26.953125 8.78142979122202 11.708573054962693
0 66.89453125 15.169270833333334 6.587839704871492 8.783786273161988
0 87.548828125 17.643229166666664 7.104764847914316 9.473019797219088
0 68.06640625 16.2109375 6.810276368536802 9.080368491382403
0 78.125 19.791666666666664 7.524919437217989 10.033225916290652
0 70.41015625 13.606770833333334 6.2393335877260965 8.319111450301463
0 70.5078125 15.104166666666666 6.573687508709111 8.764916678278816
0 72.265625 14.778645833333334 6.502464524127966 8.669952698837287
0 73.53515625 15.625 6.686066375795484 8.914755167727312
0 72.705078125 17.7734375 7.130933499479933 9.50791133263991
0 75.1953125 19.140625 7.400119417103358 9.866825889471144
0 78.41796875 16.796875 6.932261164306974 9.243014885742634
0 75.634765625 15.559895833333334 6.672122530845778 8.896163374461038
0 77.05078125 15.625 6.686066375795484 8.914755167727312
0 81.25 18.229166666666664 7.221777078979024 9.629036105305365
0 83.837890625 17.903645833333336 7.157006469457137 9.542675292609516
0 85.546875 17.96875 7.170007400189656 9.56000986691954
0 90.13671875 19.466145833333336 7.462780310447684 9.950373747263578
0 61.1328125 15.755208333333334 6.7138671875 8.951822916666668
