0 95.458984375 52.864583333333336 12.298243212652517 16.397657616870024
0 89.6484375 51.627604166666664 12.153508149255297 16.204677532340394
0 81.298828125 64.19270833333334 13.552003974105538 18.06933863214072
0 74.365234375 41.27604166666667 10.867000619363317 14.489334159151088
0 93.84765625 42.51302083333333 11.02863220189981 14.704842935866417
0 91.9921875 34.63541666666667 9.954532733337459 13.272710311116612
0 87.109375 32.16145833333333 9.592427762147041 12.789903682862722
0 81.54296875 33.26822916666667 9.756083595670033 13.008111460893376
0 76.46484375 32.35677083333333 9.621510480001493 12.828680640001991
0 81.201171875 24.934895833333336 8.446260072691679 11.26168009692224
0 75.29296875 22.916666666666664 8.097228492078614 10.796304656104818
0 69.7265625 25.1953125 8.490251308132054 11.320335077509403
0 70.068359375 33.85416666666667 9.841623227903504 13.122164303871338
0 93.9453125 32.35677083333333 9.621510480001493 12.828680640001991
0 93.505859375 25.1953125 8.490251308132054 11.320335077509403
0 82.03125 20.247395833333336 7.611061958825638 10.148082611767517
0 54.1015625 43.9453125 11.212874188765769 14.950498918354358
0 55.56640625 33.3984375 9.775157091093119 13.033542788124159
0 63.134765625 27.864583333333332 8.928673607377803 11.904898143170405
0 59.423828125 21.6796875 7.875664001809045 10.500885335745393
0 52.587890625 27.864583333333332 8.928673607377803 11.904898143170405
0 57.080078125 24.479166666666664 8.36871899463018 11.15829199284024
0 48.6328125 31.380208333333332 9.475204282385269 12.633605709847027
0 47.607421875 23.2421875 8.154534433525017 10.872712578033356
0 46.2890625 32.6171875 9.660151239834237 12.880201653112316
0 41.796875 23.697916666666664 8.234092750996119 10.978790334661493
0 52.685546875 16.536458333333336 6.878312786611722 9.171083715482297
0 44.677734375 16.731770833333336 6.9188135063199665 9.225084675093289
0 47.94921875 16.276041666666664 6.823937919616058 9.09858389282141
0 35.64453125 17.513020833333336 7.0784994535786145 9.437999271438152
0 32.177734375 18.5546875 7.28597191547444 9.714629220632586
0 30.908203125 79.75260416666666 15.10543050630442 20.140574008405896
0 36.328125 55.078125 12.553078491945271 16.73743798926036
0 54.443359375 72.0703125 14.359485297874258 19.145980397165676
0 3.076171875 50.130208333333336 11.975962445281118 15.967949927041488
0 8.154296875 41.92708333333333 10.952367214920875 14.603156286561166
0 6.298828125 32.03125 9.572990198582838 12.763986931443785
0 21.38671875 38.21614583333333 10.456446349494515 13.941928465992687
0 18.603515625 31.119791666666668 9.4358061729372 12.5810748972496
0 11.767578125 27.408854166666668 8.855357744474432 11.807143659299243
0 15.576171875 20.768229166666664 7.708331872750909 10.277775830334546
0 20.703125 28.125 8.970299351012615 11.960399134683486
0 28.564453125 25.846354166666668 8.59924487524742 11.465659833663226
0 36.9140625 28.645833333333332 9.052976668817948 12.07063555842393
0 27.44140625 22.591145833333336 8.039514082226251 10.719352109635
0 21.630859375 21.6796875 7.875664001809045 10.500885335745393
0 7.6171875 19.3359375 7.437779301119349 9.917039068159132
0 3.173828125 24.479166666666664 8.36871899463018 11.15829199284024
0 15.380859375 16.276041666666664 6.823937919616058 9.09858389282141
0 23.33984375 16.536458333333336 6.878312786611722 9.171083715482297
0 12.6953125 19.53125 7.475249459177179 9.966999278902906
0 1.708984375 21.223958333333336 7.792447103762027 10.389929471682702
0 39.013671875 18.098958333333336 7.195938795502683 9.594585060670244
0 26.953125 17.513020833333336 7.0784994535786145 9.437999271438152
0 6.298828125 23.046875 8.120199399200482 10.82693253226731
0 55.95703125 15.0390625 6.559504779115197 8.746006372153596
0 66.259765625 16.536458333333336 6.878312786611722 9.171083715482297
0 41.552734375 17.7734375 7.130933499479933 9.50791133263991
0 30.419921875 16.536458333333336 6.878312786611722 9.171083715482297
0 64.16015625 16.40625 6.8511792970714245 9.134905729428567
0 74.267578125 15.625 6.686066375795484 8.914755167727312
0 69.62890625 19.986979166666664 7.561957820656658 10.08261042754221
0 83.88671875 18.75 7.32421875 9.765625
0 90.91796875 21.809895833333336 7.8992792392241125 10.532372318965482
0 97.802734375 26.953125 8.78142979122202 11.708573054962693
0 93.505859375 22.135416666666664 7.958010748538389 10.610680998051187
0 77.1484375 17.1875 7.012405574387241 9.349874099182989
0 96.044921875 25.846354166666668 8.59924487524742 11.465659833663226
0 25.09765625 17.057291666666664 6.985792933508055 9.31439057801074
0 9.5703125 18.424479166666664 7.2603620931215325 9.680482790828709
0 68.701171875 15.299479166666666 6.61605328023645 8.821404373648601
0 79.6875 17.317708333333336 7.038917599286375 9.385223465715166
0 69.82421875 16.536458333333336 6.878312786611722 9.171083715482297
0 88.720703125 19.986979166666664 7.561957820656658 10.08261042754221
