0 76.904296875 63.736979166666664 13.503812798973136 18.00508373196418
0 62.939453125 53.450520833333336 12.366210686862065 16.488280915816087
0 23.193359375 58.138020833333336 12.897062139352686 17.196082852470248
0 3.90625 72.39583333333334 14.391877591005366 19.18917012134049
0 0.341796875 53.3203125 12.351139126494179 16.468185501992238
0 40.625 46.2890625 11.508000265481447 15.344000353975263
0 38.96484375 69.98697916666666 14.150418846886756 18.86722512918234
0 51.611328125 68.88020833333334 14.0380859375 18.717447916666664
0 41.259765625 84.9609375 15.590868865289064 20.787825153718753
0 92.431640625 65.69010416666666 13.709153714121216 18.278871618828287
0 76.416015625 49.47916666666667 11.897942315440629 15.863923087254172
0 88.57421875 43.22916666666667 11.121134740166381 14.828179653555177
0 95.556640625 55.403645833333336 12.590119228965008 16.78682563862001
0 68.45703125 37.890625 10.411817693623036 13.88242359149738
0 60.009765625 43.5546875 11.162927952985768 14.883903937314358
0 21.38671875 37.43489583333333 10.349014256477766 13.798685675303688
0 12.109375 34.5703125 9.945172568847854 13.26023009179714
0 2.978515625 34.83072916666667 9.982560567502519 13.310080756670025
0 28.857421875 30.013020833333332 9.266495636406846 12.35532751520913
0 40.52734375 35.02604166666667 10.010509928501419 13.347346571335224
0 50.29296875 28.90625 9.094033462982996 12.125377950643994
0 56.54296875 37.109375 10.30392029793343 13.738560397244573
0 64.2578125 28.90625 9.094033462982996 12.125377950643994
0 76.171875 30.338541666666668 9.316612257369233 12.42214967649231
0 84.130859375 37.76041666666667 10.393912576859377 13.85855010247917
0 94.82421875 38.8671875 10.545137050275265 14.060182733700355
0 76.171875 23.763020833333336 8.245395560367612 10.993860747156816
0 70.263671875 23.958333333333336 8.279211405182211 11.038948540242949
0 56.640625 25.065104166666668 8.468284256293707 11.291045675058275
0 46.19140625 23.763020833333336 8.245395560367612 10.993860747156816
0 37.255859375 26.497395833333332 8.706874156303165 11.609165541737553
0 47.607421875 58.268229166666664 12.911496460758165 17.21532861434422
0 98.4375 65.16927083333334 13.65469807201971 18.20626409602628
0 97.94921875 32.16145833333333 9.592427762147041 12.789903682862722
0 89.16015625 29.427083333333332 9.175595934065496 12.234127912087327
0 67.138671875 23.958333333333336 8.279211405182211 11.038948540242949
0 55.078125 20.1171875 7.586549618320344 10.115399491093791
0 36.572265625 21.028645833333336 7.756509415978292 10.342012554637723
0 8.154296875 29.557291666666668 9.195873518871684 12.261164691828911
0 1.7578125 32.6171875 9.660151239834237 12.880201653112316
0 25.732421875 24.739583333333336 8.413115693414442 11.217487591219255
0 32.080078125 17.838541666666664 7.143981879101334 9.525309172135112
0 22.119140625 29.557291666666668 9.195873518871684 12.261164691828911
0 53.90625 17.708333333333336 7.117861199762329 9.490481599683106
0 41.015625 22.8515625 8.085718566584333 10.780958088779109
0 60.888671875 18.489583333333336 7.273178276253042 9.697571035004056
0 48.33984375 24.283854166666664 8.33526628646708 11.113688381956106
0 34.130859375 18.619791666666664 7.298743129334349 9.731657505779133
0 20.3125 22.005208333333336 7.9345703125 10.579427083333332
0 9.9609375 22.200520833333336 7.969705113037473 10.626273484049964
0 23.193359375 18.9453125 7.3622668956389274 9.816355860851903
0 43.06640625 16.861979166666664 6.945682786096826 9.260910381462436
0 43.310546875 30.338541666666668 9.316612257369233 12.42214967649231
0 72.16796875 35.15625 10.029099563693228 13.372132751590971
0 85.546875 31.966145833333332 9.56325660155786 12.751008802077147
0 92.7734375 24.283854166666664 8.33526628646708 11.113688381956106
0 84.9609375 23.4375 8.188725503539269 10.918300671385692
0 73.046875 17.057291666666664 6.985792933508055 9.31439057801074
0 48.33984375 20.703125 7.6962403643301345 10.261653819106845
0 27.880859375 20.703125 7.6962403643301345 10.261653819106845
0 17.1875 20.8984375 7.732458166088822 10.309944221451763
0 3.80859375 24.739583333333336 8.413115693414442 11.217487591219255
0 30.6640625 22.981770833333336 8.108722079825698 10.811629439767596
0 37.744140625 16.861979166666664 6.945682786096826 9.260910381462436
0 65.4296875 19.596354166666664 7.487697843252746 9.983597124336994
0 59.423828125 30.208333333333332 9.296598029619028 12.395464039492039
0 78.7109375 19.921875 7.549631882844837 10.066175843793117
0 86.865234375 21.875 7.911060422861158 10.548080563814876
0 96.142578125 30.338541666666668 9.316612257369233 12.42214967649231
0 93.75 21.223958333333336 7.792447103762027 10.389929471682702
0 71.923828125 20.8984375 7.732458166088822 10.309944221451763
0 59.326171875 14.453125 6.430452730012657 8.57393697335021
0 47.021484375 17.3828125 7.052136235529384 9.40284831403918
0 17.67578125 16.731770833333336 6.9188135063199665 9.225084675093289
0 7.32421875 21.223958333333336 7.792447103762027 10.389929471682702
0 25.830078125 19.466145833333336 7.462780310447684 9.950373747263578
0 35.9375 16.40625 6.8511792970714245 9.134905729428567
0 57.03125 15.950520833333334 6.755353888299149 9.0071385177322
0 67.724609375 15.950520833333334 6.755353888299149 9.0071385177322
0 80.615234375 18.489583333333336 7.273178276253042 9.697571035004056
0 78.7109375 27.473958333333332 8.865868558553435 11.821158078071248
0 79.78515625 35.48177083333333 10.075423595714831 13.433898127619774
0 90.869140625 31.966145833333332 9.56325660155786 12.751008802077147
0 95.654296875 22.330729166666664 7.993042513249997 10.657390017666662
0 63.525390625 16.080729166666664 6.782870718656271 9.043827624875028
0 51.85546875 18.033854166666664 7.182984799767957 9.577313066357275
0 40.283203125 16.861979166666664 6.945682786096826 9.260910381462436
0 30.419921875 20.1171875 7.586549618320344 10.115399491093791
0 15.234375 20.247395833333336 7.611061958825638 10.148082611767517
0 9.326171875 19.270833333333336 7.425247229367944 9.900329639157258
0 45.1171875 17.1875 7.012405574387241 9.349874099182989
0 54.98046875 14.453125 6.430452730012657 8.57393697335021
0 75.439453125 16.861979166666664 6.945682786096826 9.260910381462436
0 84.814453125 19.270833333333336 7.425247229367944 9.900329639157258
0 99.169921875 36.45833333333333 10.21313508952729 13.617513452703053
0 97.94921875 24.088541666666664 8.301678777304348 11.068905036405797
0 83.642578125 18.359375 7.247523246483103 9.663364328644137
0 59.08203125 22.65625 8.051090062422436 10.734786749896582
0 13.18359375 18.1640625 7.208869513560617 9.611826018080823
0 3.564453125 19.466145833333336 7.462780310447684 9.950373747263578
0 27.392578125 16.861979166666664 6.945682786096826 9.260910381462436
0 39.55078125 24.934895833333336 8.446260072691679 11.26168009692224
0 73.974609375 19.596354166666664 7.487697843252746 9.983597124336994
0 88.57421875 20.572916666666664 7.672000176987631 10.229333569316841
0 97.94921875 20.572916666666664 7.672000176987631 10.229333569316841
0 99.658203125 32.6171875 9.660151239834237 12.880201653112316
0 88.671875 25.065104166666668 8.468284256293707 11.291045675058275
0 70.60546875 15.950520833333334 6.755353888299149 9.0071385177322
0 85.888671875 27.669270833333332 8.897326499702912 11.863101999603883
0 66.064453125 16.2109375 6.810276368536802 9.080368491382403
0 46.435546875 15.104166666666666 6.573687508709111 8.764916678278816
0 23.4375 15.104166666666666 6.573687508709111 8.764916678278816
0 31.15234375 15.625 6.686066375795484 8.914755167727312
0 14.306640625 17.057291666666664 6.985792933508055 9.31439057801074
0 7.32421875 18.489583333333336 7.273178276253042 9.697571035004056
0 0.68359375 20.442708333333336 7.647683158045451 10.196910877393934
0 33.447265625 16.536458333333336 6.878312786611722 9.171083715482297
0 52.44140625 14.6484375 6.473755931273323 8.631674575031097
0 63.8671875 14.322916666666666 6.401421192444773 8.53522825659303
0 80.517578125 22.200520833333336 7.969705113037473 10.626273484049964
0 59.5703125 17.513020833333336 7.0784994535786145 9.437999271438152
0 20.654296875 16.40625 6.8511792970714245 9.134905729428567
0 11.376953125 20.442708333333336 7.647683158045451 10.196910877393934
0 1.171875 18.489583333333336 7.273178276253042 9.697571035004056
0 19.482421875 18.9453125 7.3622668956389274 9.816355860851903
0 29.1015625 16.861979166666664 6.945682786096826 9.260910381462436
0 77.734375 16.2109375 6.810276368536802 9.080368491382403
0 90.869140625 22.526041666666664 8.027921409891299 10.703895213188398
0 99.4140625 27.018229166666668 8.792028986137655 11.722705314850208
0 76.171875 15.4296875 6.644147051109997 8.858862734813329
0 99.4140625 22.65625 8.051090062422436 10.734786749896582
0 92.529296875 45.96354166666667 11.467464738803672 15.289952985071562
0 27.63671875 60.221354166666664 13.126106669681741 17.501475559575656
0 3.7109375 58.463541666666664 12.93311773707098 17.244156982761304
0 24.0234375 39.97395833333333 10.694223308065938 14.258964410754585
0 94.921875 44.79166666666667 11.320335077509403 15.093780103345871
