0 1.3671875 84.63541666666666 15.560972636696732 20.747963515595643
0 5.2734375 66.47135416666666 13.790433993768314 18.387245325024416
0 1.708984375 55.6640625 12.619673540121662 16.826231386828884
0 21.826171875 58.7890625 12.969073096237658 17.29209746165021
0 35.498046875 67.578125 13.904767761101706 18.539690348135608
0 60.302734375 66.47135416666666 13.790433993768314 18.387245325024416
0 76.416015625 62.6953125 13.393010411066705 17.857347214755606
0 23.974609375 96.54947916666666 16.620176762927372 22.160235683903164
0 37.841796875 47.78645833333333 11.69265384562257 15.590205127496759
0 28.41796875 60.3515625 13.140289393073113 17.520385857430817
0 90.91796875 44.79166666666667 11.320335077509403 15.093780103345871
0 88.671875 33.52864583333333 9.794193442310311 13.05892458974708
0 95.60546875 46.09375 11.48369611952318 15.311594826030909
0 57.275390625 33.85416666666667 9.841623227903504 13.122164303871338
0 49.951171875 30.6640625 9.366460725843998 12.48861430112533
0 55.029296875 26.7578125 8.749555167743805 11.66607355699174
0 4.052734375 59.375 13.033542788124159 17.37805705083221
0 45.01953125 25.390625 8.523095729839442 11.364127639785922
0 38.427734375 25.520833333333332 8.544921875 11.393229166666668
0 29.150390625 18.75 7.32421875 9.765625
0 37.841796875 21.614583333333336 7.863829789260941 10.485106385681254
0 43.603515625 17.3828125 7.052136235529384 9.40284831403918
0 59.9609375 51.432291666666664 12.130497384247919 16.17399651233056
0 94.775390625 53.255208333333336 12.343596445408132 16.45812859387751
0 78.173828125 52.34375 12.237510776222791 16.31668103496372
0 95.849609375 37.3046875 10.331000292853245 13.77466705713766
0 97.265625 27.083333333333332 8.802615418613255 11.736820558151006
0 75.390625 29.296875 9.1552734375 12.20703125
0 70.21484375 39.32291666666667 10.606779295033428 14.142372393377903
0 61.962890625 41.34114583333333 10.87556743237638 14.500756576501841
0 64.6484375 28.059895833333332 8.959911044862793 11.946548059817056
0 72.65625 30.208333333333332 9.296598029619028 12.395464039492039
0 69.62890625 23.307291666666664 8.165947363439729 10.88792981791964
0 41.943359375 32.09635416666667 9.58271390875707 12.77695187834276
0 26.171875 39.19270833333333 10.589203840879804 14.118938454506406
0 22.216796875 29.1015625 9.124704826492952 12.166273101990603
0 29.150390625 28.645833333333332 9.052976668817948 12.07063555842393
0 20.3125 34.30989583333333 9.907643481901811 13.210191309202415
0 8.30078125 29.1015625 9.124704826492952 12.166273101990603
0 43.26171875 45.1171875 11.361395549918386 15.148527399891181
0 51.953125 34.63541666666667 9.954532733337459 13.272710311116612
0 59.9609375 31.640625 9.51443925056146 12.685919000748614
0 64.306640625 22.200520833333336 7.969705113037473 10.626273484049964
0 56.884765625 24.609375 8.39094670707246 11.187928942763282
0 90.91796875 31.184895833333332 9.445671106287941 12.594228141717254
0 99.951171875 33.65885416666667 9.813192865486773 13.084257153982362
0 85.595703125 26.171875 8.653226854710587 11.537635806280782
0 98.095703125 29.622395833333332 9.205995562132786 12.274660749510382
0 86.083984375 31.315104166666668 9.465370128949479 12.62049350526597
0 81.591796875 35.87239583333333 10.130732832457173 13.507643776609566
0 78.662109375 26.432291666666668 8.696171172348027 11.594894896464037
0 81.005859375 17.513020833333336 7.0784994535786145 9.437999271438152
0 76.416015625 22.981770833333336 8.108722079825698 10.811629439767596
0 89.111328125 26.432291666666668 8.696171172348027 11.594894896464037
0 80.078125 23.958333333333336 8.279211405182211 11.038948540242949
0 59.619140625 23.502604166666664 8.200090846279542 10.933454461706056
0 50.87890625 18.619791666666664 7.298743129334349 9.731657505779133
0 40.087890625 16.861979166666664 6.945682786096826 9.260910381462436
0 76.5625 18.489583333333336 7.273178276253042 9.697571035004056
0 99.609375 22.721354166666664 8.062649422377262 10.75019922983635
0 91.69921875 23.6328125 8.222774405094897 10.963699206793196
0 98.291015625 21.09375 7.768507117527988 10.358009490037318
0 88.916015625 21.614583333333336 7.863829789260941 10.485106385681254
0 78.564453125 20.182291666666664 7.598815672600545 10.13175423013406
0 95.947265625 24.4140625 8.357582969744357 11.143443959659143
0 90.52734375 20.638020833333336 7.684129829110212 10.245506438813615
0 84.423828125 22.8515625 8.085718566584333 10.780958088779109
0 44.287109375 31.640625 9.51443925056146 12.685919000748614
0 47.607421875 22.526041666666664 8.027921409891299 10.703895213188398
0 55.95703125 19.7265625 7.512532730158185 10.01671030687758
0 64.306640625 19.7265625 7.512532730158185 10.01671030687758
0 48.53515625 20.052083333333336 7.574263699945591 10.099018266594122
0 60.302734375 16.731770833333336 6.9188135063199665 9.225084675093289
0 71.97265625 17.643229166666664 7.104764847914316 9.473019797219088
0 59.716796875 13.932291666666666 6.313525654778199 8.418034206370931
0 52.5390625 16.080729166666664 6.782870718656271 9.043827624875028
0 2.783203125 27.213541666666668 8.823750179932228 11.765000239909636
0 26.171875 25.520833333333332 8.544921875 11.393229166666668
0 18.06640625 24.283854166666664 8.33526628646708 11.113688381956106
0 3.61328125 22.395833333333336 8.00468569861084 10.672914264814453
0 10.64453125 20.052083333333336 7.574263699945591 10.099018266594122
0 23.486328125 19.075520833333336 7.3875234600282 9.850031280037602
0 14.0625 21.614583333333336 7.863829789260941 10.485106385681254
0 40.4296875 23.6328125 8.222774405094897 10.963699206793196
0 45.947265625 17.513020833333336 7.0784994535786145 9.437999271438152
0 34.66796875 18.619791666666664 7.298743129334349 9.731657505779133
0 27.001953125 16.40625 6.8511792970714245 9.134905729428567
0 38.525390625 15.625 6.686066375795484 8.914755167727312
0 32.32421875 15.950520833333334 6.755353888299149 9.0071385177322
0 13.818359375 16.6015625 6.891839471823862 9.189119295765149
0 6.787109375 20.5078125 7.659851317145468 10.21313508952729
0 18.212890625 17.513020833333336 7.0784994535786145 9.437999271438152
0 0.87890625 20.182291666666664 7.598815672600545 10.13175423013406
0 7.71484375 18.1640625 7.208869513560617 9.611826018080823
0 2.44140625 17.643229166666664 7.104764847914316 9.473019797219088
0 23.2421875 15.494791666666666 6.658149484030587 8.877532645374115
0 29.833984375 15.950520833333334 6.755353888299149 9.0071385177322
0 10.205078125 21.09375 7.768507117527988 10.358009490037318
0 35.595703125 15.169270833333334 6.587839704871492 8.783786273161988
0 46.2890625 14.0625 6.342959500374307 8.457279333832409
0 56.298828125 13.28125 6.16424861960576 8.218998159474348
0 68.65234375 14.713541666666666 6.488126106405426 8.650834808540568
0 63.720703125 16.6015625 6.891839471823862 9.189119295765149
0 73.974609375 15.8203125 6.72772451325946 8.970299351012613
0 86.181640625 18.75 7.32421875 9.765625
0 67.236328125 17.057291666666664 6.985792933508055 9.31439057801074
0 30.56640625 22.526041666666664 8.027921409891299 10.703895213188398
0 4.052734375 18.9453125 7.3622668956389274 9.816355860851903
0 15.0390625 19.856770833333336 7.537285788103314 10.049714384137753
0 25.48828125 16.731770833333336 6.9188135063199665 9.225084675093289
0 33.59375 17.057291666666664 6.985792933508055 9.31439057801074
0 93.603515625 22.0703125 7.946299173761924 10.595065565015899
0 72.216796875 21.419270833333336 7.828219811023351 10.437626414697803
0 95.361328125 20.638020833333336 7.684129829110212 10.245506438813615
0 62.20703125 14.84375 6.516771394062079 8.689028525416106
0 41.943359375 15.494791666666666 6.658149484030587 8.877532645374115
0 20.654296875 16.731770833333336 6.9188135063199665 9.225084675093289
0 31.15234375 18.489583333333336 7.273178276253042 9.697571035004056
0 21.240234375 19.075520833333336 7.3875234600282 9.850031280037602
0 10.05859375 17.3828125 7.052136235529384 9.40284831403918
0 25.830078125 21.09375 7.768507117527988 10.358009490037318
0 40.185546875 18.619791666666664 7.298743129334349 9.731657505779133
0 51.611328125 15.950520833333334 6.755353888299149 9.0071385177322
0 80.078125 20.3125 7.62328857226367 10.164384763018226
0 73.14453125 19.7265625 7.512532730158185 10.01671030687758
0 66.064453125 19.270833333333336 7.425247229367944 9.900329639157258
0 59.9609375 18.619791666666664 7.298743129334349 9.731657505779133
0 92.08984375 19.53125 7.475249459177179 9.966999278902906
0 98.681640625 24.609375 8.39094670707246 11.187928942763282
0 88.76953125 24.283854166666664 8.33526628646708 11.113688381956106
0 45.947265625 19.270833333333336 7.425247229367944 9.900329639157258
0 22.314453125 17.1875 7.012405574387241 9.349874099182989
0 4.443359375 20.963541666666664 7.7444931277157725 10.325990836954363
0 12.79296875 18.619791666666664 7.298743129334349 9.731657505779133
0 45.60546875 58.333333333333336 12.918707573557572 17.224943431410097
0 40.52734375 28.190104166666668 8.980675640601907 11.974234187469209
0 88.330078125 39.453125 10.624325674761481 14.165767566348642
