0 38.330078125 93.42447916666666 16.348993207982023 21.7986576106427
0 45.556640625 68.03385416666666 13.951574036453199 18.60209871527093
0 75.830078125 73.2421875 14.475758332069608 19.301011109426145
0 83.837890625 62.109375 13.3302793382822 17.77370578437627
0 65.72265625 57.942708333333336 12.875380315996695 17.16717375466226
0 33.056640625 60.091145833333336 13.111908605310568 17.482544807080757
0 10.25390625 64.97395833333334 13.634221132622484 18.17896151016331
0 23.095703125 50.455729166666664 12.01478252260103 16.019710030134707
0 33.642578125 42.51302083333333 11.02863220189981 14.704842935866417
0 49.462890625 48.30729166666667 11.756201345372451 15.674935127163266
0 65.380859375 41.40625 10.884127502518925 14.512170003358568
0 79.736328125 38.8671875 10.545137050275265 14.060182733700355
0 94.189453125 44.921875 11.336777112430854 15.11570281657447
0 90.52734375 52.018229166666664 12.199399469791677 16.265865959722237
0 75.244140625 52.278645833333336 12.229898016060718 16.306530688080954
0 11.03515625 37.63020833333333 10.3759765625 13.834635416666666
0 20.068359375 30.403645833333332 9.326603265341873 12.43547102045583
0 30.419921875 34.11458333333333 9.87940311049722 13.17253748066296
0 41.40625 28.255208333333332 8.991039955234518 11.988053273646026
0 48.291015625 36.71875 10.24954566879069 13.66606089172092
0 54.58984375 38.671875 10.518608361580863 14.024811148774482
0 60.44921875 33.91927083333333 9.851081781963485 13.134775709284646
0 73.53515625 31.966145833333332 9.56325660155786 12.751008802077147
0 87.5 32.09635416666667 9.58271390875707 12.77695187834276
0 84.1796875 25.260416666666668 8.501213548086012 11.334951397448016
0 2.880859375 31.8359375 9.543759625922785 12.725012834563712
0 7.71484375 27.669270833333332 8.897326499702912 11.863101999603883
0 15.966796875 24.283854166666664 8.33526628646708 11.113688381956106
0 31.689453125 27.34375 8.84483443981289 11.793112586417188
0 27.5390625 23.111979166666664 8.131660519088275 10.842214025451032
0 35.25390625 19.596354166666664 7.487697843252746 9.983597124336994
0 45.3125 23.567708333333336 8.211440458419013 10.948587277892017
0 62.744140625 24.609375 8.39094670707246 11.187928942763282
0 51.953125 26.7578125 8.749555167743805 11.66607355699174
0 55.078125 21.549479166666664 7.85197774064246 10.469303654189947
0 58.837890625 23.697916666666664 8.234092750996119 10.978790334661493
0 67.08984375 23.111979166666664 8.131660519088275 10.842214025451032
0 76.171875 18.684895833333336 7.311492035346033 9.748656047128044
0 79.052734375 19.401041666666664 7.450290292806215 9.933720390408286
0 94.970703125 22.786458333333336 8.074192233473482 10.765589644631309
0 89.111328125 24.934895833333336 8.446260072691679 11.26168009692224
0 89.2578125 27.669270833333332 8.897326499702912 11.863101999603883
0 91.9921875 29.947916666666668 9.25643975103949 12.341919668052654
0 4.39453125 19.7265625 7.512532730158185 10.01671030687758
0 9.66796875 20.963541666666664 7.7444931277157725 10.325990836954363
0 18.701171875 12.565104166666666 5.995752778438873 7.9943370379184975
0 44.970703125 14.84375 6.516771394062079 8.689028525416106
0 48.4375 14.6484375 6.473755931273323 8.631674575031097
0 49.658203125 18.489583333333336 7.273178276253042 9.697571035004056
0 69.04296875 13.28125 6.16424861960576 8.218998159474348
0 72.021484375 20.182291666666664 7.598815672600545 10.13175423013406
0 81.884765625 15.4296875 6.644147051109997 8.858862734813329
0 91.9921875 17.252604166666664 7.025674092542321 9.367565456723094
0 79.39453125 26.888020833333332 8.770817787597604 11.694423716796805
0 73.6328125 27.083333333333332 8.802615418613255 11.736820558151006
0 61.03515625 29.6875 9.216106488367615 12.288141984490153
0 96.58203125 28.580729166666668 9.042683343523592 12.056911124698123
0 1.26953125 56.705729166666664 12.737205050481693 16.982940067308924
0 3.564453125 24.609375 8.39094670707246 11.187928942763282
0 22.16796875 21.09375 7.768507117527988 10.358009490037318
0 29.833984375 19.7265625 7.512532730158185 10.01671030687758
0 26.7578125 17.708333333333336 7.117861199762329 9.490481599683106
0 26.85546875 14.192708333333334 6.372257390692475 8.496343187589966
0 28.80859375 15.299479166666666 6.61605328023645 8.821404373648601
0 77.197265625 14.0625 6.342959500374307 8.457279333832409
0 75.732421875 14.192708333333334 6.372257390692475 8.496343187589966
0 65.380859375 12.6953125 6.026738787271576 8.0356517163621
0 63.671875 11.9140625 5.838356466585996 7.784475288781327
0 62.98828125 15.885416666666666 6.741553355216833 8.988737806955777
0 60.107421875 12.6953125 6.026738787271576 8.0356517163621
0 41.9921875 13.932291666666666 6.313525654778199 8.418034206370931
0 40.380859375 14.6484375 6.473755931273323 8.631674575031097
0 36.81640625 14.6484375 6.473755931273323 8.631674575031097
0 35.9375 15.885416666666666 6.741553355216833 8.988737806955777
0 19.287109375 16.666666666666664 6.905339660024879 9.207119546699838
0 17.333984375 18.033854166666664 7.182984799767957 9.577313066357275
0 87.646484375 15.625 6.686066375795484 8.914755167727312
0 98.6328125 18.033854166666664 7.182984799767957 9.577313066357275
