0 77.099609375 52.278645833333336 12.229898016060718 16.306530688080954
0 69.873046875 59.244791666666664 13.019243779114712 17.358991705486282
0 85.595703125 62.890625 13.413855576071724 17.88514076809563
0 91.6015625 42.3828125 11.01173007365034 14.682306764867118
0 78.857421875 38.15104166666667 10.447535869521296 13.930047826028394
0 64.55078125 42.3828125 11.01173007365034 14.682306764867118
0 52.978515625 49.15364583333333 11.85873976301602 15.811653017354693
0 45.3125 80.98958333333334 15.222123917651276 20.296165223535034
0 37.98828125 63.151041666666664 13.441598843716577 17.9221317916221
0 37.98828125 51.692708333333336 12.161168728742233 16.214891638322978
0 22.75390625 49.609375 11.913587216762167 15.884782955682889
0 36.669921875 46.02864583333333 11.475583298927713 15.300777731903617
0 31.25 37.5 10.358009490037318 13.810679320049758
0 12.255859375 39.84375 10.676791799643494 14.235722399524658
0 1.513671875 44.46614583333333 11.279125129746294 15.038833506328391
0 6.201171875 33.26822916666667 9.756083595670033 13.008111460893376
0 10.9375 28.059895833333332 8.959911044862793 11.946548059817056
0 16.845703125 34.04947916666667 9.869971697263324 13.159962263017766
0 21.240234375 28.190104166666668 8.980675640601907 11.974234187469209
0 30.078125 29.036458333333332 9.114492506755418 12.15265667567389
0 43.5546875 32.29166666666667 9.611826018080825 12.815768024107768
0 50.048828125 29.296875 9.1552734375 12.20703125
0 60.302734375 32.6171875 9.660151239834237 12.880201653112316
0 60.546875 26.041666666666668 8.631674575031099 11.508899433374797
0 66.796875 29.622395833333332 9.205995562132786 12.274660749510382
0 74.267578125 34.04947916666667 9.869971697263324 13.159962263017766
0 85.25390625 33.85416666666667 9.841623227903504 13.122164303871338
0 93.26171875 32.29166666666667 9.611826018080825 12.815768024107768
0 98.33984375 30.078125 9.276540621075844 12.368720828101127
0 98.681640625 48.046875 11.724470649596281 15.632627532795041
0 98.92578125 38.28125 10.46534924284805 13.953798990464069
0 89.501953125 29.622395833333332 9.205995562132786 12.274660749510382
0 95.849609375 25.390625 8.523095729839442 11.364127639785922
0 88.28125 26.953125 8.78142979122202 11.708573054962693
0 91.162109375 18.75 7.32421875 9.765625
0 90.673828125 26.497395833333332 8.706874156303165 11.609165541737553
0 65.380859375 26.822916666666668 8.760192928715409 11.680257238287211
0 66.943359375 15.299479166666666 6.61605328023645 8.821404373648601
0 27.099609375 15.299479166666666 6.61605328023645 8.821404373648601
0 20.60546875 16.861979166666664 6.945682786096826 9.260910381462436
0 2.44140625 19.270833333333336 7.425247229367944 9.900329639157258
0 39.6484375 28.515625 9.03237828793258 12.043171050576774
0 12.01171875 20.3125 7.62328857226367 10.164384763018226
0 49.658203125 24.283854166666664 8.33526628646708 11.113688381956106
0 31.73828125 22.0703125 7.946299173761924 10.595065565015899
0 42.3828125 23.046875 8.120199399200482 10.82693253226731
0 27.24609375 24.153645833333336 8.312889692307273 11.083852923076364
0 41.30859375 16.861979166666664 6.945682786096826 9.260910381462436
0 48.73046875 20.3125 7.62328857226367 10.164384763018226
0 7.275390625 17.1875 7.012405574387241 9.349874099182989
0 58.30078125 14.388020833333334 6.415953381844678 8.554604509126236
0 47.900390625 16.731770833333336 6.9188135063199665 9.225084675093289
0 61.376953125 14.518229166666666 6.444919458600731 8.593225944800976
0 77.9296875 18.75 7.32421875 9.765625
0 3.125 58.59375 12.947511862546646 17.263349150062194
0 1.953125 72.4609375 14.398347304791809 19.197796406389077
0 4.1015625 26.302083333333332 8.674725588105405 11.56630078414054
0 14.94140625 17.1875 7.012405574387241 9.349874099182989
0 69.384765625 22.200520833333336 7.969705113037473 10.626273484049964
0 79.6875 26.497395833333332 8.706874156303165 11.609165541737553
0 72.36328125 23.6328125 8.222774405094897 10.963699206793196
0 84.1796875 20.182291666666664 7.598815672600545 10.13175423013406
0 61.962890625 19.7265625 7.512532730158185 10.01671030687758
0 4.19921875 17.1875 7.012405574387241 9.349874099182989
0 60.302734375 22.395833333333336 8.00468569861084 10.672914264814453
0 58.056640625 19.856770833333336 7.537285788103314 10.049714384137753
