0 17.1875 40.69010416666667 10.789593218788873 14.386124291718497
0 35.595703125 41.86197916666667 10.943860520654974 14.591814027539964
0 83.49609375 37.56510416666667 10.366996918617573 13.822662558156765
0 28.369140625 38.8671875 10.545137050275265 14.060182733700355
0 56.396484375 25.651041666666668 8.566692411876344 11.422256549168457
0 43.06640625 83.33333333333334 15.440808887540916 20.587745183387888
0 38.134765625 69.79166666666666 14.130660281726348 18.84088037563513
0 3.369140625 72.52604166666666 14.404814112800226 19.206418817066968
0 1.123046875 58.463541666666664 12.93311773707098 17.244156982761304
0 46.630859375 58.7890625 12.969073096237658 17.29209746165021
0 74.90234375 64.51822916666666 13.586321587861368 18.115095450481824
0 97.4609375 67.44791666666666 13.891365572193653 18.52182076292487
0 95.361328125 54.1015625 12.441294623193059 16.58839283092408
0 77.24609375 47.39583333333333 11.644765642296699 15.526354189728933
0 69.287109375 39.38802083333333 10.615556110184379 14.154074813579173
0 63.37890625 50.651041666666664 12.038014479563 16.050685972750667
0 61.328125 41.015625 10.832665618468535 14.443554157958047
0 55.078125 35.28645833333333 10.047654805392046 13.39687307385606
0 43.310546875 32.03125 9.572990198582838 12.763986931443785
0 41.6015625 41.47135416666667 10.892680845687712 14.523574460916949
0 39.990234375 33.46354166666667 9.784679896167846 13.046239861557126
0 51.26953125 35.28645833333333 10.047654805392046 13.39687307385606
0 3.7109375 37.109375 10.30392029793343 13.738560397244573
0 8.251953125 28.125 8.970299351012615 11.960399134683486
0 10.693359375 35.28645833333333 10.047654805392046 13.39687307385606
0 2.34375 22.8515625 8.085718566584333 10.780958088779109
0 91.357421875 44.921875 11.336777112430854 15.11570281657447
0 95.263671875 37.890625 10.411817693623036 13.88242359149738
0 86.669921875 32.68229166666667 9.669787303317175 12.893049737756234
0 59.716796875 32.35677083333333 9.621510480001493 12.828680640001991
0 64.990234375 27.9296875 8.939098215256843 11.918797620342456
0 48.92578125 27.278645833333332 8.83429859993294 11.779064799910586
0 39.111328125 24.8046875 8.424178309229896 11.23223774563986
0 33.49609375 26.822916666666668 8.760192928715409 11.680257238287211
0 28.125 29.231770833333332 9.145095253766906 12.193460338355873
0 12.060546875 23.697916666666664 8.234092750996119 10.978790334661493
0 76.123046875 28.776041666666668 9.073528288158268 12.098037717544358
0 59.86328125 23.502604166666664 8.200090846279542 10.933454461706056
0 45.60546875 22.8515625 8.085718566584333 10.780958088779109
0 19.287109375 22.526041666666664 8.027921409891299 10.703895213188398
0 2.734375 18.619791666666664 7.298743129334349 9.731657505779133
0 91.943359375 32.16145833333333 9.592427762147041 12.789903682862722
0 98.681640625 30.729166666666668 9.376398618003673 12.501864824004896
0 89.74609375 29.752604166666668 9.22620633412535 12.301608445500468
0 98.095703125 23.177083333333336 8.143105507889608 10.857474010519478
0 88.37890625 24.153645833333336 8.312889692307273 11.083852923076364
0 99.4140625 22.200520833333336 7.969705113037473 10.626273484049964
0 85.44921875 26.106770833333332 8.642457433170346 11.52327657756046
0 78.955078125 25.325520833333332 8.512161670520847 11.349548894027794
0 1.26953125 18.815104166666664 7.336923388776433 9.782564518368577
0 15.478515625 18.815104166666664 7.336923388776433 9.782564518368577
0 5.078125 16.9921875 6.972448522214271 9.296598029619028
0 12.646484375 17.122395833333336 6.9991119025755095 9.332149203434014
0 25.87890625 22.395833333333336 8.00468569861084 10.672914264814453
0 48.095703125 20.572916666666664 7.672000176987631 10.229333569316841
0 7.861328125 18.815104166666664 7.336923388776433 9.782564518368577
0 67.67578125 24.348958333333336 8.346432086900233 11.128576115866979
0 94.140625 23.828125 8.256682897014576 11.008910529352768
0 70.60546875 22.0703125 7.946299173761924 10.595065565015899
0 88.134765625 20.768229166666664 7.708331872750909 10.277775830334546
0 22.607421875 35.15625 10.029099563693228 13.372132751590971
0 22.4609375 46.875 11.580606665655687 15.440808887540916
0 25.78125 54.427083333333336 12.478667175452193 16.638222900602926
0 17.431640625 15.364583333333334 6.6301150458985685 8.840153394531425
0 30.322265625 22.0703125 7.946299173761924 10.595065565015899
0 23.095703125 18.815104166666664 7.336923388776433 9.782564518368577
0 11.328125 19.791666666666664 7.524919437217989 10.033225916290652
0 27.001953125 19.270833333333336 7.425247229367944 9.900329639157258
0 50.87890625 18.489583333333336 7.273178276253042 9.697571035004056
0 75.78125 21.549479166666664 7.85197774064246 10.469303654189947
0 91.69921875 19.921875 7.549631882844837 10.066175843793117
0 80.56640625 22.395833333333336 8.00468569861084 10.672914264814453
0 56.15234375 18.619791666666664 7.298743129334349 9.731657505779133
0 80.56640625 18.489583333333336 7.273178276253042 9.697571035004056
0 46.484375 17.96875 7.170007400189656 9.56000986691954
0 77.099609375 19.596354166666664 7.487697843252746 9.983597124336994
0 17.578125 19.921875 7.549631882844837 10.066175843793117
0 27.734375 16.341145833333336 6.837572174807153 9.116762899742872
0 42.67578125 17.122395833333336 6.9991119025755095 9.332149203434014
0 35.107421875 16.796875 6.932261164306974 9.243014885742634
0 59.375 15.494791666666666 6.658149484030587 8.877532645374115
0 65.234375 20.247395833333336 7.611061958825638 10.148082611767517
0 53.61328125 17.317708333333336 7.038917599286375 9.385223465715166
0 68.896484375 14.388020833333334 6.415953381844678 8.554604509126236
0 32.12890625 15.364583333333334 6.6301150458985685 8.840153394531425
0 70.263671875 15.364583333333334 6.6301150458985685 8.840153394531425
0 64.599609375 16.341145833333336 6.837572174807153 9.116762899742872
0 39.990234375 17.7734375 7.130933499479933 9.50791133263991
0 84.9609375 18.098958333333336 7.195938795502683 9.594585060670244
0 98.095703125 20.1171875 7.586549618320344 10.115399491093791
0 24.072265625 15.494791666666666 6.658149484030587 8.877532645374115
0 76.611328125 15.690104166666666 6.699981201202437 8.933308268269917
0 44.53125 15.169270833333334 6.587839704871492 8.783786273161988
