0 97.8515625 60.221354166666664 13.126106669681741 17.501475559575656
0 88.18359375 31.640625 9.51443925056146 12.685919000748614
0 68.45703125 30.208333333333332 9.296598029619028 12.395464039492039
0 76.513671875 23.307291666666664 8.165947363439729 10.88792981791964
0 83.642578125 39.19270833333333 10.589203840879804 14.118938454506406
0 48.583984375 19.466145833333336 7.462780310447684 9.950373747263578
0 20.166015625 21.6796875 7.875664001809045 10.500885335745393
0 5.126953125 22.200520833333336 7.969705113037473 10.626273484049964
0 32.2265625 21.354166666666664 7.816313766397521 10.421751688530028
0 45.458984375 15.4296875 6.644147051109997 8.858862734813329
0 80.859375 20.247395833333336 7.611061958825638 10.148082611767517
0 88.330078125 21.223958333333336 7.792447103762027 10.389929471682702
0 96.728515625 21.223958333333336 7.792447103762027 10.389929471682702
0 80.37109375 17.1875 7.012405574387241 9.349874099182989
0 66.552734375 26.692708333333332 8.738904457566134 11.651872610088178
0 24.755859375 18.033854166666664 7.182984799767957 9.577313066357275
0 10.888671875 19.140625 7.400119417103358 9.866825889471144
0 34.521484375 16.861979166666664 6.945682786096826 9.260910381462436
0 36.669921875 17.3828125 7.052136235529384 9.40284831403918
0 46.2890625 19.921875 7.549631882844837 10.066175843793117
0 88.57421875 43.88020833333333 11.2045652775182 14.939420370024267
0 66.650390625 22.200520833333336 7.969705113037473 10.626273484049964
0 60.400390625 43.5546875 11.162927952985768 14.883903937314358
0 20.166015625 16.2109375 6.810276368536802 9.080368491382403
0 1.171875 21.549479166666664 7.85197774064246 10.469303654189947
0 27.783203125 17.3828125 7.052136235529384 9.40284831403918
0 58.837890625 14.6484375 6.473755931273323 8.631674575031097
0 65.087890625 15.755208333333334 6.7138671875 8.951822916666668
0 83.88671875 20.8984375 7.732458166088822 10.309944221451763
0 42.08984375 16.080729166666664 6.782870718656271 9.043827624875028
0 9.9609375 17.1875 7.012405574387241 9.349874099182989
0 56.298828125 14.973958333333334 6.545291317604741 8.727055090139656
0 57.275390625 14.127604166666666 6.3576253222655215 8.476833763020695
0 70.263671875 15.299479166666666 6.61605328023645 8.821404373648601
0 67.138671875 17.057291666666664 6.985792933508055 9.31439057801074
0 68.45703125 15.299479166666666 6.61605328023645 8.821404373648601
0 94.921875 23.111979166666664 8.131660519088275 10.842214025451032
0 78.7109375 18.619791666666664 7.298743129334349 9.731657505779133
0 79.052734375 15.950520833333334 6.755353888299149 9.0071385177322
0 76.513671875 16.080729166666664 6.782870718656271 9.043827624875028
