0 85.888671875 30.729166666666668 9.376398618003673 12.501864824004896
0 79.345703125 24.8046875 8.424178309229896 11.23223774563986
0 58.447265625 30.013020833333332 9.266495636406846 12.35532751520913
0 27.099609375 24.0234375 8.290452702152177 11.053936936202902
0 57.2265625 17.643229166666664 7.104764847914316 9.473019797219088
0 21.38671875 14.778645833333334 6.502464524127966 8.669952698837287
0 59.27734375 13.8671875 6.298757153488249 8.398342871317666
0 4.248046875 16.40625 6.8511792970714245 9.134905729428567
0 11.42578125 17.513020833333336 7.0784994535786145 9.437999271438152
0 12.79296875 17.1875 7.012405574387241 9.349874099182989
0 0.732421875 17.513020833333336 7.0784994535786145 9.437999271438152
0 2.783203125 17.1875 7.012405574387241 9.349874099182989
0 9.1796875 17.838541666666664 7.143981879101334 9.525309172135112
