0 2.5390625 19.661458333333336 7.500125566067204 10.00016742142294
0 11.5234375 21.744791666666664 7.887480458569388 10.51664061142585
0 18.9453125 20.768229166666664 7.708331872750909 10.277775830334546
0 2.1484375 24.4140625 8.357582969744357 11.143443959659143
0 16.2109375 18.815104166666664 7.336923388776433 9.782564518368577
0 7.2265625 21.09375 7.768507117527988 10.358009490037318
0 22.75390625 17.513020833333336 7.0784994535786145 9.437999271438152
0 32.51953125 18.815104166666664 7.336923388776433 9.782564518368577
0 25.244140625 16.861979166666664 6.945682786096826 9.260910381462436
0 39.55078125 17.1875 7.012405574387241 9.349874099182989
0 55.46875 14.84375 6.516771394062079 8.689028525416106
0 45.1171875 16.015625 6.7691262856502785 9.025501714200372
0 64.35546875 22.786458333333336 8.074192233473482 10.765589644631309
0 76.07421875 23.111979166666664 8.131660519088275 10.842214025451032
0 68.65234375 15.494791666666666 6.658149484030587 8.877532645374115
0 83.935546875 21.09375 7.768507117527988 10.358009490037318
0 74.951171875 16.9921875 6.972448522214271 9.296598029619028
0 85.791015625 18.815104166666664 7.336923388776433 9.782564518368577
0 88.28125 32.6171875 9.660151239834237 12.880201653112316
0 93.798828125 23.4375 8.188725503539269 10.918300671385692
0 81.982421875 19.3359375 7.437779301119349 9.917039068159132
0 98.2421875 22.786458333333336 8.074192233473482 10.765589644631309
0 72.119140625 18.489583333333336 7.273178276253042 9.697571035004056
0 83.447265625 18.1640625 7.208869513560617 9.611826018080823
0 58.30078125 15.8203125 6.72772451325946 8.970299351012613
0 41.50390625 16.015625 6.7691262856502785 9.025501714200372
0 29.6875 16.341145833333336 6.837572174807153 9.116762899742872
0 5.029296875 18.815104166666664 7.336923388776433 9.782564518368577
