0 53.90625 86.78385416666666 15.757239554962874 21.0096527399505
0 91.69921875 89.71354166666666 16.02100189014488 21.36133585352651
0 84.08203125 64.2578125 13.55887444550968 18.078499260679575
0 68.65234375 55.924479166666664 12.649158798866397 16.865545065155196
0 74.267578125 50.455729166666664 12.01478252260103 16.019710030134707
0 94.53125 45.703125 11.434932858395506 15.24657714452734
0 78.22265625 36.97916666666667 10.285827359834423 13.714436479779232
0 63.28125 41.66666666666667 10.918300671385692 14.557734228514258
0 51.708984375 45.44270833333333 11.402308161785525 15.203077549047366
0 41.796875 40.8203125 10.806842779312605 14.40912370575014
0 20.361328125 48.30729166666667 11.756201345372451 15.674935127163266
0 13.4765625 64.71354166666666 13.60687061133298 18.142494148443973
0 4.1015625 60.546875 13.161534822294815 17.548713096393087
0 1.708984375 38.80208333333333 10.536301575703167 14.048402100937555
0 2.83203125 29.166666666666668 9.134905729428569 12.17987430590476
0 12.20703125 34.04947916666667 9.869971697263324 13.159962263017766
0 24.0234375 28.450520833333332 9.02206146184966 12.029415282466214
0 9.814453125 28.450520833333332 9.02206146184966 12.029415282466214
0 33.3984375 39.97395833333333 10.694223308065938 14.258964410754585
0 35.546875 28.776041666666668 9.073528288158268 12.098037717544358
0 22.216796875 23.046875 8.120199399200482 10.82693253226731
0 12.060546875 20.3125 7.62328857226367 10.164384763018226
0 6.787109375 21.028645833333336 7.756509415978292 10.342012554637723
0 14.013671875 18.424479166666664 7.2603620931215325 9.680482790828709
0 28.662109375 19.856770833333336 7.537285788103314 10.049714384137753
0 18.75 17.96875 7.170007400189656 9.56000986691954
0 6.787109375 17.122395833333336 6.9991119025755095 9.332149203434014
0 17.67578125 16.145833333333336 6.796587356970242 9.062116475960323
0 4.1015625 16.9921875 6.972448522214271 9.296598029619028
0 24.560546875 15.559895833333334 6.672122530845778 8.896163374461038
0 2.83203125 17.3828125 7.052136235529384 9.40284831403918
0 24.169921875 12.825520833333334 6.057566296777102 8.076755062369468
0 1.513671875 15.8203125 6.72772451325946 8.970299351012613
0 8.837890625 17.122395833333336 6.9991119025755095 9.332149203434014
0 0.09765625 16.145833333333336 6.796587356970242 9.062116475960323
0 10.25390625 16.145833333333336 6.796587356970242 9.062116475960323
0 17.48046875 12.955729166666666 6.088237714617921 8.117650286157229
0 11.42578125 16.276041666666664 6.823937919616058 9.09858389282141
0 12.5 15.234375 6.60196156395994 8.802615418613254
0 25.244140625 13.0859375 6.118755388111396 8.15834051748186
0 31.787109375 17.96875 7.170007400189656 9.56000986691954
0 26.611328125 13.216145833333334 6.149121606326259 8.198828808435012
0 39.111328125 18.424479166666664 7.2603620931215325 9.680482790828709
0 43.5546875 22.265625 7.981382342908947 10.641843123878598
0 43.115234375 31.901041666666668 9.55351308746248 12.738017449949975
0 33.837890625 25.455729166666668 8.53401578009617 11.378687706794894
0 29.833984375 16.666666666666664 6.905339660024879 9.207119546699838
0 38.037109375 16.145833333333336 6.796587356970242 9.062116475960323
0 28.369140625 12.955729166666666 6.088237714617921 8.117650286157229
0 34.912109375 13.802083333333334 6.283953943473511 8.378605257964681
0 40.087890625 14.84375 6.516771394062079 8.689028525416106
0 46.337890625 19.010416666666664 7.37490598974278 9.833207986323707
0 49.0234375 24.479166666666664 8.36871899463018 11.15829199284024
0 32.763671875 13.802083333333334 6.283953943473511 8.378605257964681
0 41.796875 13.802083333333334 6.283953943473511 8.378605257964681
0 50.244140625 16.40625 6.8511792970714245 9.134905729428567
0 43.017578125 13.541666666666666 6.224389054678692 8.299185406238257
0 49.365234375 14.127604166666666 6.3576253222655215 8.476833763020695
0 44.53125 12.825520833333334 6.057566296777102 8.076755062369468
0 54.541015625 13.411458333333334 6.194391824397107 8.259189099196142
0 45.263671875 14.518229166666666 6.444919458600731 8.593225944800976
0 56.0546875 11.783854166666668 5.806365231457656 7.741820308610207
0 47.216796875 14.127604166666666 6.3576253222655215 8.476833763020695
0 45.458984375 11.979166666666668 5.854286527481347 7.805715369975129
0 56.494140625 16.536458333333336 6.878312786611722 9.171083715482297
0 59.619140625 21.419270833333336 7.828219811023351 10.437626414697803
0 69.287109375 31.640625 9.51443925056146 12.685919000748614
0 60.009765625 26.627604166666668 8.728240750778255 11.637654334371007
0 60.009765625 15.104166666666666 6.573687508709111 8.764916678278816
0 66.40625 16.536458333333336 6.878312786611722 9.171083715482297
0 71.240234375 26.7578125 8.749555167743805 11.66607355699174
0 87.744140625 35.546875 10.084662867345157 13.44621715646021
0 74.365234375 26.432291666666668 8.696171172348027 11.594894896464037
0 61.865234375 17.838541666666664 7.143981879101334 9.525309172135112
0 78.125 21.419270833333336 7.828219811023351 10.437626414697803
0 64.794921875 20.1171875 7.586549618320344 10.115399491093791
0 69.82421875 17.838541666666664 7.143981879101334 9.525309172135112
0 63.037109375 12.825520833333334 6.057566296777102 8.076755062369468
0 71.77734375 16.145833333333336 6.796587356970242 9.062116475960323
0 61.083984375 10.807291666666668 5.56056737008319 7.4140898267775865
0 67.919921875 14.388020833333334 6.415953381844678 8.554604509126236
0 73.388671875 12.825520833333334 6.057566296777102 8.076755062369468
0 65.52734375 11.979166666666668 5.854286527481347 7.805715369975129
0 74.267578125 19.596354166666664 7.487697843252746 9.983597124336994
0 81.25 25.0 8.457279333832409 11.276372445109878
0 88.671875 25.5859375 8.555814067917595 11.407752090556793
0 91.40625 31.380208333333332 9.475204282385269 12.633605709847027
0 99.462890625 33.65885416666667 9.813192865486773 13.084257153982362
0 91.69921875 27.213541666666668 8.823750179932228 11.765000239909636
0 99.169921875 21.2890625 7.804389558437758 10.405852744583676
0 93.75 23.4375 8.188725503539269 10.918300671385692
0 87.939453125 20.1171875 7.586549618320344 10.115399491093791
0 91.796875 23.763020833333336 8.245395560367612 10.993860747156816
0 81.884765625 19.7265625 7.512532730158185 10.01671030687758
0 91.943359375 17.578125 7.091644310682526 9.455525747576702
0 83.642578125 16.145833333333336 6.796587356970242 9.062116475960323
0 91.69921875 19.986979166666664 7.561957820656658 10.08261042754221
0 85.15625 18.5546875 7.28597191547444 9.714629220632586
0 80.17578125 14.84375 6.516771394062079 8.689028525416106
0 90.087890625 15.104166666666666 6.573687508709111 8.764916678278816
0 75.0 13.0859375 6.118755388111396 8.15834051748186
0 69.189453125 12.955729166666666 6.088237714617921 8.117650286157229
0 96.337890625 19.596354166666664 7.487697843252746 9.983597124336994
0 89.208984375 15.8203125 6.72772451325946 8.970299351012613
0 99.462890625 18.5546875 7.28597191547444 9.714629220632586
0 93.65234375 17.708333333333336 7.117861199762329 9.490481599683106
0 85.3515625 15.559895833333334 6.672122530845778 8.896163374461038
0 86.669921875 15.104166666666666 6.573687508709111 8.764916678278816
0 87.841796875 16.145833333333336 6.796587356970242 9.062116475960323
0 89.6484375 67.12239583333334 13.857803393240637 18.477071190987516
0 95.068359375 51.7578125 12.168824485703665 16.225099314271553
0 75.634765625 54.166666666666664 12.448778109357384 16.598370812476514
0 63.57421875 61.067708333333336 13.218022355778636 17.624029807704847
0 48.388671875 51.7578125 12.168824485703665 16.225099314271553
0 23.046875 52.9296875 12.305813692416963 16.407751589889283
0 44.53125 51.302083333333336 12.115132593554204 16.153510124738936
0 0.634765625 45.44270833333333 11.402308161785525 15.203077549047366
0 45.703125 47.8515625 11.700616157642099 15.600821543522796
0 26.708984375 36.06770833333333 10.158274522151634 13.544366029535512
0 29.833984375 23.307291666666664 8.165947363439729 10.88792981791964
0 24.267578125 33.07291666666667 9.727403229070575 12.9698709720941
0 32.421875 21.419270833333336 7.828219811023351 10.437626414697803
0 29.19921875 33.65885416666667 9.813192865486773 13.084257153982362
0 5.95703125 30.924479166666668 9.406149296522488 12.541532395363317
0 0.78125 27.473958333333332 8.865868558553435 11.821158078071248
0 5.615234375 24.609375 8.39094670707246 11.187928942763282
0 20.361328125 23.307291666666664 8.165947363439729 10.88792981791964
0 1.318359375 19.596354166666664 7.487697843252746 9.983597124336994
0 4.638671875 21.2890625 7.804389558437758 10.405852744583676
0 21.58203125 15.690104166666666 6.699981201202437 8.933308268269917
0 31.494140625 19.7265625 7.512532730158185 10.01671030687758
0 27.05078125 16.666666666666664 6.905339660024879 9.207119546699838
0 40.72265625 22.591145833333336 8.039514082226251 10.719352109635
0 51.171875 27.34375 8.84483443981289 11.793112586417188
0 32.568359375 15.950520833333334 6.755353888299149 9.0071385177322
0 50.78125 19.596354166666664 7.487697843252746 9.983597124336994
0 61.865234375 33.65885416666667 9.813192865486773 13.084257153982362
0 48.73046875 20.1171875 7.586549618320344 10.115399491093791
0 57.666015625 23.307291666666664 8.165947363439729 10.88792981791964
0 61.962890625 30.208333333333332 9.296598029619028 12.395464039492039
0 75.0 30.794270833333332 9.386325988299376 12.515101317732501
0 64.35546875 27.34375 8.84483443981289 11.793112586417188
0 64.208984375 34.04947916666667 9.869971697263324 13.159962263017766
0 85.25390625 40.8203125 10.806842779312605 14.40912370575014
0 67.333984375 24.0234375 8.290452702152177 11.053936936202902
0 57.763671875 15.104166666666666 6.573687508709111 8.764916678278816
0 62.20703125 22.591145833333336 8.039514082226251 10.719352109635
0 70.703125 19.986979166666664 7.561957820656658 10.08261042754221
0 86.42578125 22.135416666666664 7.958010748538389 10.610680998051187
0 72.314453125 20.572916666666664 7.672000176987631 10.229333569316841
0 86.669921875 24.609375 8.39094670707246 11.187928942763282
0 76.85546875 31.0546875 9.425930915210266 12.567907886947022
0 82.421875 38.80208333333333 10.536301575703167 14.048402100937555
0 66.50390625 42.25260416666667 10.994801962067763 14.659735949423682
0 96.240234375 22.4609375 8.016311973000304 10.688415964000404
0 86.42578125 16.9921875 6.972448522214271 9.296598029619028
0 79.736328125 17.3828125 7.052136235529384 9.40284831403918
0 94.53125 20.3125 7.62328857226367 10.164384763018226
0 86.865234375 18.880208333333336 7.349606066157407 9.799474754876544
0 23.828125 16.861979166666664 6.945682786096826 9.260910381462436
0 20.60546875 20.442708333333336 7.647683158045451 10.196910877393934
0 0.09765625 64.12760416666666 13.545130017805265 18.060173357073687
0 81.494140625 16.40625 6.8511792970714245 9.134905729428567
0 57.763671875 19.401041666666664 7.450290292806215 9.933720390408286
0 97.94921875 28.059895833333332 8.959911044862793 11.946548059817056
0 76.953125 16.536458333333336 6.878312786611722 9.171083715482297
0 76.513671875 13.671875 6.254242410864013 8.338989881152017
0 81.34765625 13.932291666666666 6.313525654778199 8.418034206370931
0 79.541015625 23.177083333333336 8.143105507889608 10.857474010519478
0 43.310546875 17.708333333333336 7.117861199762329 9.490481599683106
0 95.8984375 17.838541666666664 7.143981879101334 9.525309172135112
