0 2.9296875 17.708333333333336 7.117861199762329 9.490481599683106
0 7.763671875 16.861979166666664 6.945682786096826 9.260910381462436
0 4.638671875 20.377604166666664 7.635495607419925 10.180660809893233
0 4.98046875 26.236979166666668 8.66398288975732 11.551977186343091
0 11.1328125 23.4375 8.188725503539269 10.918300671385692
0 12.01171875 18.359375 7.247523246483103 9.663364328644137
0 17.28515625 18.229166666666664 7.221777078979024 9.629036105305365
0 18.798828125 13.541666666666666 6.224389054678692 8.299185406238257
0 20.068359375 14.453125 6.430452730012657 8.57393697335021
0 21.337890625 23.307291666666664 8.165947363439729 10.88792981791964
0 25.09765625 26.5625 8.717563999686098 11.62341866624813
0 28.515625 20.052083333333336 7.574263699945591 10.099018266594122
0 27.197265625 16.40625 6.8511792970714245 9.134905729428567
0 30.712890625 15.690104166666666 6.699981201202437 8.933308268269917
0 40.380859375 15.364583333333334 6.6301150458985685 8.840153394531425
0 40.478515625 19.986979166666664 7.561957820656658 10.08261042754221
0 39.501953125 28.580729166666668 9.042683343523592 12.056911124698123
0 25.439453125 47.33072916666667 11.63676511531837 15.515686820424493
0 11.23046875 37.5 10.358009490037318 13.810679320049758
0 5.126953125 63.0859375 13.434668397860802 17.912891197147736
0 16.552734375 66.86197916666666 13.830895011748852 18.44119334899847
0 2.978515625 83.07291666666666 15.416663745501818 20.555551660669092
0 40.91796875 59.375 13.033542788124159 17.37805705083221
0 41.015625 70.37760416666666 14.189853439407557 18.919804585876744
0 36.865234375 39.453125 10.624325674761481 14.165767566348642
0 46.337890625 45.8984375 11.459340426952263 15.279120569269683
0 51.318359375 35.80729166666667 10.121535615098267 13.495380820131023
0 48.4375 29.296875 9.1552734375 12.20703125
0 53.125 23.4375 8.188725503539269 10.918300671385692
0 56.982421875 16.40625 6.8511792970714245 9.134905729428567
0 52.83203125 15.494791666666666 6.658149484030587 8.877532645374115
0 57.763671875 30.533854166666668 9.346553241646458 12.462070988861944
0 62.5 53.450520833333336 12.366210686862065 16.488280915816087
0 75.341796875 50.0 11.960399134683488 15.947198846244651
0 82.080078125 75.78125 14.724533791277855 19.632711721703807
0 99.462890625 85.80729166666666 15.668332095939252 20.891109461252334
0 98.6328125 71.875 14.340014800379311 19.12001973383908
0 98.4375 49.73958333333333 11.929211600153849 15.905615466871797
0 93.798828125 41.08072916666667 10.841259563190683 14.45501275092091
0 89.74609375 31.8359375 9.543759625922785 12.725012834563712
0 95.458984375 31.640625 9.51443925056146 12.685919000748614
0 78.515625 34.44010416666667 9.926425761285763 13.235234348381017
0 75.439453125 39.32291666666667 10.606779295033428 14.142372393377903
0 67.626953125 39.84375 10.676791799643494 14.235722399524658
0 67.3828125 25.5859375 8.555814067917595 11.407752090556793
0 69.775390625 27.734375 8.907787792557633 11.877050390076842
0 78.515625 23.502604166666664 8.200090846279542 10.933454461706056
0 82.275390625 25.9765625 8.620878229873984 11.494504306498644
0 81.591796875 21.158854166666664 7.780486318348366 10.373981757797822
0 14.74609375 16.080729166666664 6.782870718656271 9.043827624875028
0 24.072265625 15.494791666666666 6.658149484030587 8.877532645374115
0 36.328125 16.796875 6.932261164306974 9.243014885742634
0 47.802734375 15.494791666666666 6.658149484030587 8.877532645374115
0 50.0 16.536458333333336 6.878312786611722 9.171083715482297
0 45.8984375 20.247395833333336 7.611061958825638 10.148082611767517
0 54.541015625 11.197916666666668 5.660167538754702 7.546890051672936
0 55.46875 9.1796875 5.124772834395345 6.83303044586046
0 59.08203125 12.890625 6.072921369058959 8.097228492078614
0 68.701171875 16.40625 6.8511792970714245 9.134905729428567
0 70.849609375 20.1171875 7.586549618320344 10.115399491093791
0 75.341796875 17.7734375 7.130933499479933 9.50791133263991
0 77.197265625 19.3359375 7.437779301119349 9.917039068159132
0 82.6171875 16.6015625 6.891839471823862 9.189119295765149
0 1.318359375 19.53125 7.475249459177179 9.966999278902906
0 1.66015625 18.294270833333336 7.234661615679748 9.646215487572997
0 7.51953125 22.591145833333336 8.039514082226251 10.719352109635
0 2.5390625 29.4921875 9.185740321833748 12.247653762444997
0 3.369140625 31.705729166666668 9.524222738236839 12.698963650982451
0 9.375 61.263020833333336 13.239143044118567 17.652190725491423
0 23.14453125 53.385416666666664 12.358677204172722 16.478236272230294
0 23.779296875 72.8515625 14.437104702776942 19.249472937035925
0 50.830078125 43.5546875 11.162927952985768 14.883903937314358
0 53.22265625 48.17708333333333 11.740346717328702 15.653795623104935
0 55.224609375 45.18229166666667 11.36958984997385 15.159453133298467
0 78.369140625 54.361979166666664 12.47120162457431 16.628268832765748
0 72.8515625 59.895833333333336 13.090582635209483 17.45411018027931
0 90.185546875 50.260416666666664 11.991505556877746 15.988674075836995
0 92.1875 68.9453125 14.044718626713685 18.726291502284912
0 81.591796875 37.5 10.358009490037318 13.810679320049758
0 84.326171875 39.84375 10.676791799643494 14.235722399524658
0 73.046875 24.934895833333336 8.446260072691679 11.26168009692224
0 75.537109375 24.4140625 8.357582969744357 11.143443959659143
0 73.779296875 28.776041666666668 9.073528288158268 12.098037717544358
0 77.099609375 28.776041666666668 9.073528288158268 12.098037717544358
0 87.451171875 20.5078125 7.659851317145468 10.21313508952729
0 86.962890625 22.981770833333336 8.108722079825698 10.811629439767596
0 87.646484375 24.348958333333336 8.346432086900233 11.128576115866979
0 92.724609375 25.846354166666668 8.59924487524742 11.465659833663226
0 92.236328125 29.427083333333332 9.175595934065496 12.234127912087327
0 99.0234375 26.3671875 8.685454999241765 11.580606665655687
0 98.974609375 29.752604166666668 9.22620633412535 12.301608445500468
0 96.630859375 31.380208333333332 9.475204282385269 12.633605709847027
0 67.626953125 32.94270833333333 9.708235913444133 12.944314551258843
0 62.158203125 28.580729166666668 9.042683343523592 12.056911124698123
0 64.892578125 28.125 8.970299351012615 11.960399134683486
0 62.98828125 31.640625 9.51443925056146 12.685919000748614
0 57.6171875 23.4375 8.188725503539269 10.918300671385692
0 60.546875 24.348958333333336 8.346432086900233 11.128576115866979
0 68.017578125 21.419270833333336 7.828219811023351 10.437626414697803
0 58.642578125 20.1171875 7.586549618320344 10.115399491093791
0 65.966796875 23.046875 8.120199399200482 10.82693253226731
0 72.705078125 20.703125 7.6962403643301345 10.261653819106845
0 68.26171875 24.479166666666664 8.36871899463018 11.15829199284024
0 50.732421875 18.815104166666664 7.336923388776433 9.782564518368577
0 48.73046875 19.3359375 7.437779301119349 9.917039068159132
0 48.876953125 24.088541666666664 8.301678777304348 11.068905036405797
0 41.796875 20.377604166666664 7.635495607419925 10.180660809893233
0 43.1640625 22.721354166666664 8.062649422377262 10.75019922983635
0 32.568359375 31.380208333333332 9.475204282385269 12.633605709847027
0 35.986328125 32.55208333333333 9.650505554713073 12.86734073961743
0 45.01953125 36.06770833333333 10.158274522151634 13.544366029535512
0 33.984375 18.619791666666664 7.298743129334349 9.731657505779133
0 31.787109375 20.052083333333336 7.574263699945591 10.099018266594122
0 24.267578125 20.052083333333336 7.574263699945591 10.099018266594122
0 21.240234375 17.96875 7.170007400189656 9.56000986691954
0 23.2421875 25.065104166666668 8.468284256293707 11.291045675058275
0 13.671875 18.815104166666664 7.336923388776433 9.782564518368577
0 21.19140625 15.299479166666666 6.61605328023645 8.821404373648601
0 65.625 15.690104166666666 6.699981201202437 8.933308268269917
0 70.60546875 15.8203125 6.72772451325946 8.970299351012613
0 72.4609375 17.3828125 7.052136235529384 9.40284831403918
0 54.8828125 14.973958333333334 6.545291317604741 8.727055090139656
0 43.408203125 15.885416666666666 6.741553355216833 8.988737806955777
0 9.912109375 17.708333333333336 7.117861199762329 9.490481599683106
