0 0.48828125 16.40625 6.8511792970714245 9.134905729428567
0 5.712890625 24.153645833333336 8.312889692307273 11.083852923076364
0 18.603515625 12.434895833333332 5.964605800076924 7.952807733435899
0 1.513671875 17.7734375 7.130933499479933 9.50791133263991
0 3.3203125 17.122395833333336 6.9991119025755095 9.332149203434014
0 5.419921875 16.9921875 6.972448522214271 9.296598029619028
0 1.3671875 20.247395833333336 7.611061958825638 10.148082611767517
0 3.662109375 20.5078125 7.659851317145468 10.21313508952729
0 0.439453125 22.65625 8.051090062422436 10.734786749896582
0 7.03125 16.9921875 6.972448522214271 9.296598029619028
0 8.935546875 17.447916666666664 7.065330140863174 9.420440187817565
0 10.791015625 17.578125 7.091644310682526 9.455525747576702
0 12.060546875 15.950520833333334 6.755353888299149 9.0071385177322
0 9.521484375 19.791666666666664 7.524919437217989 10.033225916290652
0 7.8125 19.596354166666664 7.487697843252746 9.983597124336994
0 6.54296875 21.2890625 7.804389558437758 10.405852744583676
0 9.1796875 23.111979166666664 8.131660519088275 10.842214025451032
0 11.62109375 21.744791666666664 7.887480458569388 10.51664061142585
0 14.2578125 21.744791666666664 7.887480458569388 10.51664061142585
0 13.28125 18.880208333333336 7.349606066157407 9.799474754876544
0 14.35546875 17.317708333333336 7.038917599286375 9.385223465715166
0 16.50390625 18.684895833333336 7.311492035346033 9.748656047128044
0 22.705078125 14.84375 6.516771394062079 8.689028525416106
0 24.31640625 14.84375 6.516771394062079 8.689028525416106
0 25.927734375 16.080729166666664 6.782870718656271 9.043827624875028
0 27.294921875 14.583333333333334 6.459353786778786 8.612471715705048
0 28.41796875 15.755208333333334 6.7138671875 8.951822916666668
0 28.759765625 13.671875 6.254242410864013 8.338989881152017
0 29.736328125 16.276041666666664 6.823937919616058 9.09858389282141
0 27.099609375 18.5546875 7.28597191547444 9.714629220632586
0 29.58984375 20.377604166666664 7.635495607419925 10.180660809893233
0 32.666015625 21.2890625 7.804389558437758 10.405852744583676
0 30.95703125 15.299479166666666 6.61605328023645 8.821404373648601
0 32.32421875 16.861979166666664 6.945682786096826 9.260910381462436
0 33.349609375 13.346354166666666 6.179338602086361 8.239118136115147
0 34.08203125 16.2109375 6.810276368536802 9.080368491382403
0 35.791015625 15.494791666666666 6.658149484030587 8.877532645374115
0 37.5 15.494791666666666 6.658149484030587 8.877532645374115
0 39.013671875 16.40625 6.8511792970714245 9.134905729428567
0 36.71875 17.122395833333336 6.9991119025755095 9.332149203434014
0 39.697265625 14.713541666666666 6.488126106405426 8.650834808540568
0 40.91796875 15.364583333333334 6.6301150458985685 8.840153394531425
0 42.236328125 15.755208333333334 6.7138671875 8.951822916666668
0 39.697265625 19.791666666666664 7.524919437217989 10.033225916290652
0 42.236328125 19.466145833333336 7.462780310447684 9.950373747263578
0 43.45703125 14.388020833333334 6.415953381844678 8.554604509126236
0 44.873046875 15.755208333333334 6.7138671875 8.951822916666668
0 47.021484375 15.494791666666666 6.658149484030587 8.877532645374115
0 48.974609375 14.583333333333334 6.459353786778786 8.612471715705048
0 55.078125 14.127604166666666 6.3576253222655215 8.476833763020695
0 58.251953125 13.932291666666666 6.313525654778199 8.418034206370931
0 56.201171875 16.080729166666664 6.782870718656271 9.043827624875028
0 66.40625 15.0390625 6.559504779115197 8.746006372153596
0 63.76953125 15.494791666666666 6.658149484030587 8.877532645374115
0 61.03515625 17.7734375 7.130933499479933 9.50791133263991
0 59.08203125 18.815104166666664 7.336923388776433 9.782564518368577
0 61.9140625 21.419270833333336 7.828219811023351 10.437626414697803
0 58.3984375 24.348958333333336 8.346432086900233 11.128576115866979
0 50.927734375 16.861979166666664 6.945682786096826 9.260910381462436
0 48.779296875 18.424479166666664 7.2603620931215325 9.680482790828709
0 49.8046875 20.052083333333336 7.574263699945591 10.099018266594122
0 47.705078125 23.111979166666664 8.131660519088275 10.842214025451032
0 41.162109375 21.744791666666664 7.887480458569388 10.51664061142585
0 42.08984375 25.130208333333332 8.479274895904423 11.305699861205897
0 18.896484375 15.755208333333334 6.7138671875 8.951822916666668
0 18.798828125 18.880208333333336 7.349606066157407 9.799474754876544
0 21.826171875 16.276041666666664 6.823937919616058 9.09858389282141
0 20.849609375 18.033854166666664 7.182984799767957 9.577313066357275
0 19.04296875 21.744791666666664 7.887480458569388 10.51664061142585
0 21.484375 22.526041666666664 8.027921409891299 10.703895213188398
0 6.54296875 31.184895833333332 9.445671106287941 12.594228141717254
0 2.099609375 31.510416666666668 9.494842032534208 12.659789376712277
0 10.44921875 26.953125 8.78142979122202 11.708573054962693
0 22.119140625 26.953125 8.78142979122202 11.708573054962693
0 19.873046875 33.33333333333333 9.765625 13.020833333333334
0 28.3203125 24.21875 8.324085508414218 11.098780677885625
0 34.765625 27.734375 8.907787792557633 11.877050390076842
0 42.578125 31.8359375 9.543759625922785 12.725012834563712
0 33.740234375 35.80729166666667 10.121535615098267 13.495380820131023
0 34.521484375 43.1640625 11.112757236348344 14.817009648464458
0 22.4609375 48.50260416666667 11.779943277355214 15.706591036473618
0 1.3671875 57.552083333333336 12.831906763689355 17.10920901825247
0 5.078125 67.12239583333334 13.857803393240637 18.477071190987516
0 37.158203125 63.932291666666664 13.52448718637716 18.032649581836214
0 42.919921875 78.77604166666666 15.012663423155326 20.016884564207103
0 93.359375 91.6015625 16.188705090179255 21.584940120239004
0 84.326171875 63.671875 13.496914299008777 17.995885732011704
0 77.392578125 50.9765625 12.076635093633655 16.10218012484487
0 69.970703125 55.729166666666664 12.627051309556398 16.836068412741863
0 53.22265625 48.2421875 11.748276705883885 15.664368941178514
0 49.90234375 37.95572916666667 10.420758715187912 13.894344953583882
0 49.755859375 28.190104166666668 8.980675640601907 11.974234187469209
0 67.236328125 24.0234375 8.290452702152177 11.053936936202902
0 71.337890625 21.875 7.911060422861158 10.548080563814876
0 68.798828125 14.518229166666666 6.444919458600731 8.593225944800976
0 70.068359375 16.080729166666664 6.782870718656271 9.043827624875028
0 72.265625 14.518229166666666 6.444919458600731 8.593225944800976
0 73.6328125 16.536458333333336 6.878312786611722 9.171083715482297
0 75.0 15.169270833333334 6.587839704871492 8.783786273161988
0 77.05078125 15.950520833333334 6.755353888299149 9.0071385177322
0 79.345703125 14.908854166666666 6.531046923532928 8.708062564710572
0 80.419921875 16.080729166666664 6.782870718656271 9.043827624875028
0 81.787109375 18.098958333333336 7.195938795502683 9.594585060670244
0 70.99609375 18.359375 7.247523246483103 9.663364328644137
0 61.81640625 28.90625 9.094033462982996 12.125377950643994
0 61.23046875 33.65885416666667 9.813192865486773 13.084257153982362
0 65.478515625 40.4296875 10.755011100284483 14.340014800379311
0 80.078125 43.29427083333333 11.129505937994672 14.839341250659563
0 76.025390625 27.864583333333332 8.928673607377803 11.904898143170405
0 78.662109375 37.36979166666667 10.340011197569225 13.786681596758967
0 74.462890625 31.966145833333332 9.56325660155786 12.751008802077147
0 88.671875 32.94270833333333 9.708235913444133 12.944314551258843
0 98.291015625 50.911458333333336 12.06892085771801 16.091894476957346
0 92.08984375 39.0625 10.57159916729051 14.095465556387346
0 99.90234375 39.6484375 10.650591044076627 14.200788058768838
0 77.5390625 21.940104166666664 7.92282408798045 10.5637654506406
0 79.150390625 20.703125 7.6962403643301345 10.261653819106845
0 82.32421875 22.200520833333336 7.969705113037473 10.626273484049964
0 80.95703125 25.130208333333332 8.479274895904423 11.305699861205897
0 84.326171875 20.377604166666664 7.635495607419925 10.180660809893233
0 87.646484375 22.200520833333336 7.969705113037473 10.626273484049964
0 87.744140625 18.5546875 7.28597191547444 9.714629220632586
0 85.546875 17.643229166666664 7.104764847914316 9.473019797219088
0 87.255859375 16.731770833333336 6.9188135063199665 9.225084675093289
0 89.599609375 17.643229166666664 7.104764847914316 9.473019797219088
0 90.576171875 20.247395833333336 7.611061958825638 10.148082611767517
0 92.236328125 22.330729166666664 7.993042513249997 10.657390017666662
0 95.849609375 23.2421875 8.154534433525017 10.872712578033356
0 97.509765625 26.822916666666668 8.760192928715409 11.680257238287211
0 99.560546875 28.059895833333332 8.959911044862793 11.946548059817056
0 99.658203125 25.390625 8.523095729839442 11.364127639785922
0 90.625 24.348958333333336 8.346432086900233 11.128576115866979
0 89.599609375 26.041666666666668 8.631674575031099 11.508899433374797
0 89.111328125 28.3203125 9.001392336274797 12.001856448366395
0 91.650390625 26.953125 8.78142979122202 11.708573054962693
0 92.578125 30.598958333333332 9.35651227829339 12.475349704391189
0 94.873046875 30.143229166666668 9.286574740419274 12.382099653892366
0 98.193359375 30.924479166666668 9.406149296522488 12.541532395363317
0 98.388671875 22.981770833333336 8.108722079825698 10.811629439767596
0 99.658203125 21.744791666666664 7.887480458569388 10.51664061142585
0 98.53515625 19.921875 7.549631882844837 10.066175843793117
0 96.58203125 19.791666666666664 7.524919437217989 10.033225916290652
0 94.140625 19.3359375 7.437779301119349 9.917039068159132
0 92.529296875 18.229166666666664 7.221777078979024 9.629036105305365
0 94.873046875 17.643229166666664 7.104764847914316 9.473019797219088
