0 87.6953125 87.17447916666666 15.792662393720228 21.05688319162697
0 46.240234375 81.70572916666666 15.28927618392987 20.38570157857316
0 39.404296875 61.067708333333336 13.218022355778636 17.624029807704847
0 41.162109375 56.380208333333336 12.700593290212897 16.93412438695053
0 76.07421875 64.71354166666666 13.60687061133298 18.142494148443973
0 95.41015625 51.5625 12.145842738117919 16.194456984157227
0 75.341796875 45.57291666666667 11.418632161785709 15.224842882380946
0 61.083984375 38.0859375 10.438617783500408 13.918157044667211
0 70.068359375 37.63020833333333 10.3759765625 13.834635416666666
0 85.546875 39.2578125 10.597995211294762 14.130660281726351
0 98.4375 29.947916666666668 9.25643975103949 12.341919668052654
0 72.607421875 30.794270833333332 9.386325988299376 12.515101317732501
0 59.86328125 29.622395833333332 9.205995562132786 12.274660749510382
0 39.501953125 31.770833333333332 9.53399618640949 12.711994915212655
0 39.74609375 39.58333333333333 10.641843123878598 14.189124165171464
0 25.537109375 50.065104166666664 11.968183319780016 15.957577759706687
0 20.068359375 41.08072916666667 10.841259563190683 14.45501275092091
0 20.80078125 33.13802083333333 9.736972737758677 12.982630317011571
0 8.935546875 35.61197916666667 10.093893681970965 13.458524909294619
0 7.421875 53.776041666666664 12.403809468323715 16.53841262443162
0 21.533203125 59.895833333333336 13.090582635209483 17.45411018027931
0 74.462890625 51.106770833333336 12.092048801366547 16.122731735155398
0 94.43359375 57.747395833333336 12.853661919343681 17.13821589245824
0 43.408203125 93.03385416666666 16.314778325956617 21.753037767942153
0 42.7734375 59.895833333333336 13.090582635209483 17.45411018027931
0 38.37890625 44.921875 11.336777112430854 15.11570281657447
0 43.017578125 32.421875 9.631185203893738 12.84158027185832
0 48.388671875 30.598958333333332 9.35651227829339 12.475349704391189
0 23.92578125 41.08072916666667 10.841259563190683 14.45501275092091
0 86.81640625 45.57291666666667 11.418632161785709 15.224842882380946
0 91.162109375 45.76822916666667 11.443074499055587 15.25743266540745
0 91.796875 32.29166666666667 9.611826018080825 12.815768024107768
0 95.166015625 33.7890625 9.832155574699105 13.109540766265473
0 76.5625 31.4453125 9.485028239697298 12.646704319596397
0 67.822265625 26.7578125 8.749555167743805 11.66607355699174
0 61.71875 44.40104166666667 11.270865058971795 15.027820078629059
0 57.373046875 26.627604166666668 8.728240750778255 11.637654334371007
0 21.77734375 27.9296875 8.939098215256843 11.918797620342456
0 63.4765625 47.39583333333333 11.644765642296699 15.526354189728933
0 4.833984375 71.35416666666666 14.287963758202668 19.050618344270223
