0 98.583984375 51.5625 12.145842738117919 16.194456984157227
0 86.1328125 64.19270833333334 13.552003974105538 18.06933863214072
0 98.828125 41.92708333333333 10.952367214920875 14.603156286561166
0 93.359375 31.0546875 9.425930915210266 12.567907886947022
0 98.73046875 25.716145833333332 8.57755695956738 11.436742612756506
0 90.91796875 17.96875 7.170007400189656 9.56000986691954
0 89.2578125 33.72395833333333 9.82267879603948 13.096905061385971
0 98.583984375 31.640625 9.51443925056146 12.685919000748614
0 93.115234375 90.625 16.10218012484487 21.469573499793164
0 83.544921875 15.169270833333334 6.587839704871492 8.783786273161988
0 96.044921875 22.8515625 8.085718566584333 10.780958088779109
0 88.134765625 37.56510416666667 10.366996918617573 13.822662558156765
0 93.603515625 44.85677083333333 11.328559077923941 15.104745437231923
0 79.19921875 38.60677083333333 10.509750584547465 14.01300077939662
0 74.169921875 33.26822916666667 9.756083595670033 13.008111460893376
0 76.85546875 21.6796875 7.875664001809045 10.500885335745393
0 67.48046875 24.544270833333336 8.379840220792225 11.173120294389632
0 59.912109375 20.377604166666664 7.635495607419925 10.180660809893233
0 77.880859375 15.169270833333334 6.587839704871492 8.783786273161988
0 87.109375 22.005208333333336 7.9345703125 10.579427083333332
0 79.98046875 24.674479166666664 8.402038511923953 11.202718015898604
0 92.236328125 23.307291666666664 8.165947363439729 10.88792981791964
0 81.640625 22.135416666666664 7.958010748538389 10.610680998051187
0 89.794921875 29.296875 9.1552734375 12.20703125
0 99.267578125 22.591145833333336 8.039514082226251 10.719352109635
0 88.232421875 19.791666666666664 7.524919437217989 10.033225916290652
0 70.947265625 18.75 7.32421875 9.765625
0 61.376953125 14.127604166666666 6.3576253222655215 8.476833763020695
0 52.24609375 17.252604166666664 7.025674092542321 9.367565456723094
0 59.130859375 25.390625 8.523095729839442 11.364127639785922
0 57.275390625 15.885416666666666 6.741553355216833 8.988737806955777
0 99.169921875 19.596354166666664 7.487697843252746 9.983597124336994
0 80.859375 17.96875 7.170007400189656 9.56000986691954
0 71.630859375 22.4609375 8.016311973000304 10.688415964000404
0 71.38671875 13.541666666666666 6.224389054678692 8.299185406238257
0 59.130859375 12.955729166666666 6.088237714617921 8.117650286157229
0 45.1171875 15.169270833333334 6.587839704871492 8.783786273161988
0 31.640625 20.833333333333336 7.720404443770458 10.293872591693944
0 30.517578125 29.1015625 9.124704826492952 12.166273101990603
0 22.16796875 27.018229166666668 8.792028986137655 11.722705314850208
0 36.279296875 19.596354166666664 7.487697843252746 9.983597124336994
0 40.966796875 25.5859375 8.555814067917595 11.407752090556793
0 32.080078125 13.997395833333334 6.328259690346595 8.437679587128793
0 47.55859375 22.591145833333336 8.039514082226251 10.719352109635
0 36.865234375 16.796875 6.932261164306974 9.243014885742634
0 50.0 19.3359375 7.437779301119349 9.917039068159132
0 41.748046875 14.127604166666666 6.3576253222655215 8.476833763020695
0 49.0234375 28.515625 9.03237828793258 12.043171050576774
0 41.30859375 13.0859375 6.118755388111396 8.15834051748186
0 31.396484375 16.2109375 6.810276368536802 9.080368491382403
0 40.966796875 32.2265625 9.60213178866716 12.802842384889546
0 28.857421875 15.299479166666666 6.61605328023645 8.821404373648601
0 19.482421875 12.760416666666666 6.042172202521769 8.056229603362357
0 54.931640625 13.802083333333334 6.283953943473511 8.378605257964681
0 62.255859375 30.338541666666668 9.316612257369233 12.42214967649231
0 34.27734375 15.0390625 6.559504779115197 8.746006372153596
0 24.8046875 15.885416666666666 6.741553355216833 8.988737806955777
0 20.458984375 20.833333333333336 7.720404443770458 10.293872591693944
0 15.33203125 22.265625 7.981382342908947 10.641843123878598
0 9.5703125 27.9296875 8.939098215256843 11.918797620342456
0 3.857421875 29.8828125 9.24637292940864 12.32849723921152
0 12.451171875 38.4765625 10.492012596234792 13.989350128313058
0 7.568359375 19.010416666666664 7.37490598974278 9.833207986323707
0 17.48046875 18.880208333333336 7.349606066157407 9.799474754876544
0 25.5859375 18.5546875 7.28597191547444 9.714629220632586
0 18.896484375 16.2109375 6.810276368536802 9.080368491382403
0 12.6953125 18.75 7.32421875 9.765625
0 5.419921875 18.098958333333336 7.195938795502683 9.594585060670244
0 3.857421875 25.130208333333332 8.479274895904423 11.305699861205897
0 12.548828125 21.6796875 7.875664001809045 10.500885335745393
0 21.044921875 16.927083333333336 6.959078522333606 9.278771363111476
0 27.392578125 23.502604166666664 8.200090846279542 10.933454461706056
0 14.2578125 17.252604166666664 7.025674092542321 9.367565456723094
0 4.296875 21.419270833333336 7.828219811023351 10.437626414697803
0 26.3671875 14.713541666666666 6.488126106405426 8.650834808540568
0 40.33203125 15.885416666666666 6.741553355216833 8.988737806955777
0 47.900390625 14.127604166666666 6.3576253222655215 8.476833763020695
0 41.552734375 19.3359375 7.437779301119349 9.917039068159132
0 40.4296875 21.6796875 7.875664001809045 10.500885335745393
0 85.546875 17.838541666666664 7.143981879101334 9.525309172135112
0 74.31640625 27.018229166666668 8.792028986137655 11.722705314850208
0 67.724609375 20.377604166666664 7.635495607419925 10.180660809893233
0 61.1328125 17.3828125 7.052136235529384 9.40284831403918
0 66.064453125 16.471354166666664 6.864759447755123 9.15301259700683
0 18.701171875 32.68229166666667 9.669787303317175 12.893049737756234
0 0.1953125 46.80989583333333 11.572561783360925 15.430082377814566
0 19.82421875 47.52604166666667 11.660750228602783 15.547666971470377
0 30.517578125 35.9375 10.139921707663666 13.51989561021822
0 34.9609375 42.96875 11.087586745962493 14.783448994616657
0 48.876953125 38.02083333333333 10.429692071920813 13.906256095894417
0 65.283203125 43.22916666666667 11.121134740166381 14.828179653555177
0 60.25390625 35.09114583333333 10.019809057239993 13.359745409653323
0 76.953125 54.1015625 12.441294623193059 16.58839283092408
0 64.94140625 60.3515625 13.140289393073113 17.520385857430817
0 41.11328125 77.27864583333334 14.869296527197061 19.825728702929414
0 35.05859375 63.28125 13.455449026518924 17.94059870202523
0 1.07421875 58.984375 12.990598543574682 17.320798058099577
0 51.806640625 47.72135416666667 11.684686107834867 15.579581477113155
0 88.671875 24.934895833333336 8.446260072691679 11.26168009692224
