0 85.986328125 64.38802083333334 13.572604954795583 18.09680660639411
0 65.52734375 58.333333333333336 12.918707573557572 17.224943431410097
0 73.974609375 51.5625 12.145842738117919 16.194456984157227
0 74.31640625 27.734375 8.907787792557633 11.877050390076842
0 67.041015625 24.348958333333336 8.346432086900233 11.128576115866979
0 53.02734375 36.26302083333333 10.185741740892722 13.580988987856962
0 63.330078125 31.315104166666668 9.465370128949479 12.62049350526597
0 38.18359375 43.22916666666667 11.121134740166381 14.828179653555177
0 52.05078125 51.3671875 12.122817423120853 16.16375656416114
0 48.6328125 28.385416666666668 9.011732824849489 12.015643766465985
0 36.1328125 60.15625 13.119009558230394 17.492012744307193
0 4.541015625 71.61458333333334 14.314012938914274 19.085350585219032
0 30.76171875 37.82552083333333 10.40286898746296 13.870491983283944
0 15.380859375 20.247395833333336 7.611061958825638 10.148082611767517
0 40.380859375 25.911458333333332 8.610068346964042 11.480091129285388
0 56.73828125 18.684895833333336 7.311492035346033 9.748656047128044
0 25.68359375 25.455729166666668 8.53401578009617 11.378687706794894
0 20.1171875 19.791666666666664 7.524919437217989 10.033225916290652
0 7.080078125 19.140625 7.400119417103358 9.866825889471144
0 25.0 13.736979166666666 6.269115778861736 8.358821038482315
0 4.39453125 25.0 8.457279333832409 11.276372445109878
0 5.56640625 31.770833333333332 9.53399618640949 12.711994915212655
0 40.380859375 18.9453125 7.3622668956389274 9.816355860851903
0 49.169921875 14.388020833333334 6.415953381844678 8.554604509126236
0 41.2109375 14.192708333333334 6.372257390692475 8.496343187589966
0 56.73828125 14.84375 6.516771394062079 8.689028525416106
0 79.39453125 14.192708333333334 6.372257390692475 8.496343187589966
0 42.724609375 33.7890625 9.832155574699105 13.109540766265473
0 18.896484375 32.421875 9.631185203893738 12.84158027185832
0 67.3828125 18.489583333333336 7.273178276253042 9.697571035004056
0 51.513671875 20.963541666666664 7.7444931277157725 10.325990836954363
