0 41.650390625 94.3359375 16.428550822381315 21.904734429841753
0 3.271484375 68.03385416666666 13.951574036453199 18.60209871527093
0 0.439453125 53.776041666666664 12.403809468323715 16.53841262443162
0 0.537109375 18.815104166666664 7.336923388776433 9.782564518368577
0 3.759765625 24.674479166666664 8.402038511923953 11.202718015898604
0 7.568359375 28.7109375 9.063258303782652 12.084344405043536
0 1.953125 20.442708333333336 7.647683158045451 10.196910877393934
0 8.251953125 23.697916666666664 8.234092750996119 10.978790334661493
0 11.03515625 30.924479166666668 9.406149296522488 12.541532395363317
0 21.435546875 36.19791666666667 10.17659423860661 13.568792318142146
0 5.126953125 21.223958333333336 7.792447103762027 10.389929471682702
0 38.4765625 43.42447916666667 11.146229472503464 14.861639296671287
0 34.912109375 67.25260416666666 13.871238009476944 18.494984012635925
0 4.00390625 18.424479166666664 7.2603620931215325 9.680482790828709
0 11.71875 19.466145833333336 7.462780310447684 9.950373747263578
0 6.93359375 18.5546875 7.28597191547444 9.714629220632586
0 21.044921875 26.432291666666668 8.696171172348027 11.594894896464037
0 28.369140625 31.4453125 9.485028239697298 12.646704319596397
0 9.912109375 19.205729166666664 7.412693970636669 9.883591960848893
0 18.1640625 20.3125 7.62328857226367 10.164384763018226
0 8.49609375 17.708333333333336 7.117861199762329 9.490481599683106
0 21.435546875 20.3125 7.62328857226367 10.164384763018226
0 13.37890625 17.96875 7.170007400189656 9.56000986691954
0 11.03515625 16.471354166666664 6.864759447755123 9.15301259700683
0 21.728515625 17.838541666666664 7.143981879101334 9.525309172135112
0 28.173828125 20.3125 7.62328857226367 10.164384763018226
0 34.619140625 24.544270833333336 8.379840220792225 11.173120294389632
0 36.62109375 33.203125 9.746532850751532 12.995377134335376
0 44.580078125 51.171875 12.099748291991583 16.132997722655443
0 52.1484375 51.7578125 12.168824485703665 16.225099314271553
0 74.8046875 61.263020833333336 13.239143044118567 17.652190725491423
0 71.533203125 48.30729166666667 11.756201345372451 15.674935127163266
0 77.24609375 47.0703125 11.604707850238979 15.472943800318639
0 95.703125 49.8046875 11.937016122807584 15.916021497076779
0 98.583984375 43.1640625 11.112757236348344 14.817009648464458
0 81.4453125 40.29947916666667 10.737678274999501 14.316904366666003
0 68.896484375 35.9375 10.139921707663666 13.51989561021822
0 57.275390625 32.421875 9.631185203893738 12.84158027185832
0 49.31640625 29.947916666666668 9.25643975103949 12.341919668052654
0 40.72265625 29.036458333333332 9.114492506755418 12.15265667567389
0 44.482421875 23.046875 8.120199399200482 10.82693253226731
0 34.814453125 17.96875 7.170007400189656 9.56000986691954
0 24.90234375 18.098958333333336 7.195938795502683 9.594585060670244
0 30.322265625 20.442708333333336 7.647683158045451 10.196910877393934
0 19.482421875 16.471354166666664 6.864759447755123 9.15301259700683
0 27.5390625 16.6015625 6.891839471823862 9.189119295765149
0 22.65625 15.8203125 6.72772451325946 8.970299351012613
0 16.845703125 16.341145833333336 6.837572174807153 9.116762899742872
0 26.025390625 15.950520833333334 6.755353888299149 9.0071385177322
0 33.7890625 16.2109375 6.810276368536802 9.080368491382403
0 29.19921875 16.2109375 6.810276368536802 9.080368491382403
0 39.111328125 19.075520833333336 7.3875234600282 9.850031280037602
0 30.810546875 16.471354166666664 6.864759447755123 9.15301259700683
0 36.5234375 17.057291666666664 6.985792933508055 9.31439057801074
0 42.333984375 18.098958333333336 7.195938795502683 9.594585060670244
0 51.025390625 24.088541666666664 8.301678777304348 11.068905036405797
0 53.662109375 31.8359375 9.543759625922785 12.725012834563712
0 62.744140625 25.716145833333332 8.57755695956738 11.436742612756506
0 70.60546875 24.544270833333336 8.379840220792225 11.173120294389632
0 70.60546875 31.966145833333332 9.56325660155786 12.751008802077147
0 85.83984375 31.705729166666668 9.524222738236839 12.698963650982451
0 95.5078125 41.14583333333333 10.849846700824694 14.466462267766259
0 99.70703125 31.705729166666668 9.524222738236839 12.698963650982451
0 91.455078125 33.65885416666667 9.813192865486773 13.084257153982362
0 99.70703125 38.15104166666667 10.447535869521296 13.930047826028394
0 99.609375 26.692708333333332 8.738904457566134 11.651872610088178
0 95.41015625 29.817708333333332 9.236295135755345 12.315060181007127
0 98.486328125 23.307291666666664 8.165947363439729 10.88792981791964
0 93.45703125 23.4375 8.188725503539269 10.918300671385692
0 84.521484375 24.674479166666664 8.402038511923953 11.202718015898604
0 79.296875 24.21875 8.324085508414218 11.098780677885625
0 74.90234375 28.450520833333332 9.02206146184966 12.029415282466214
0 66.552734375 23.307291666666664 8.165947363439729 10.88792981791964
0 54.1015625 22.8515625 8.085718566584333 10.780958088779109
0 41.552734375 22.591145833333336 8.039514082226251 10.719352109635
0 48.291015625 19.3359375 7.437779301119349 9.917039068159132
0 40.52734375 17.057291666666664 6.985792933508055 9.31439057801074
0 32.03125 16.471354166666664 6.864759447755123 9.15301259700683
0 38.76953125 15.8203125 6.72772451325946 8.970299351012613
0 44.580078125 16.731770833333336 6.9188135063199665 9.225084675093289
0 50.0 17.578125 7.091644310682526 9.455525747576702
0 57.373046875 19.596354166666664 7.487697843252746 9.983597124336994
0 66.11328125 18.815104166666664 7.336923388776433 9.782564518368577
0 46.435546875 18.684895833333336 7.311492035346033 9.748656047128044
0 52.685546875 16.6015625 6.891839471823862 9.189119295765149
0 46.728515625 15.690104166666666 6.699981201202437 8.933308268269917
0 54.1015625 18.229166666666664 7.221777078979024 9.629036105305365
0 47.4609375 15.559895833333334 6.672122530845778 8.896163374461038
0 45.5078125 14.84375 6.516771394062079 8.689028525416106
0 53.662109375 15.104166666666666 6.573687508709111 8.764916678278816
0 64.501953125 15.8203125 6.72772451325946 8.970299351012613
0 57.958984375 16.2109375 6.810276368536802 9.080368491382403
0 67.041015625 14.973958333333334 6.545291317604741 8.727055090139656
0 56.93359375 15.104166666666666 6.573687508709111 8.764916678278816
0 70.947265625 18.5546875 7.28597191547444 9.714629220632586
0 58.59375 14.583333333333334 6.459353786778786 8.612471715705048
0 71.533203125 21.223958333333336 7.792447103762027 10.389929471682702
0 61.865234375 14.973958333333334 6.545291317604741 8.727055090139656
0 75.634765625 21.549479166666664 7.85197774064246 10.469303654189947
0 66.2109375 16.2109375 6.810276368536802 9.080368491382403
0 74.31640625 15.690104166666666 6.699981201202437 8.933308268269917
0 78.173828125 18.684895833333336 7.311492035346033 9.748656047128044
0 81.54296875 23.4375 8.188725503539269 10.918300671385692
0 68.701171875 15.559895833333334 6.672122530845778 8.896163374461038
0 76.318359375 17.057291666666664 6.985792933508055 9.31439057801074
0 80.712890625 19.466145833333336 7.462780310447684 9.950373747263578
0 90.087890625 25.5859375 8.555814067917595 11.407752090556793
0 93.26171875 20.052083333333336 7.574263699945591 10.099018266594122
0 87.744140625 23.046875 8.120199399200482 10.82693253226731
0 70.41015625 15.104166666666666 6.573687508709111 8.764916678278816
0 79.6875 16.341145833333336 6.837572174807153 9.116762899742872
0 72.65625 15.8203125 6.72772451325946 8.970299351012613
0 80.908203125 17.057291666666664 6.985792933508055 9.31439057801074
0 89.892578125 20.703125 7.6962403643301345 10.261653819106845
0 96.337890625 23.4375 8.188725503539269 10.918300671385692
0 91.357421875 20.572916666666664 7.672000176987631 10.229333569316841
0 98.193359375 21.09375 7.768507117527988 10.358009490037318
0 87.548828125 18.424479166666664 7.2603620931215325 9.680482790828709
0 78.076171875 16.2109375 6.810276368536802 9.080368491382403
0 88.0859375 20.442708333333336 7.647683158045451 10.196910877393934
0 94.82421875 20.833333333333336 7.720404443770458 10.293872591693944
0 87.451171875 27.083333333333332 8.802615418613255 11.736820558151006
0 84.27734375 18.5546875 7.28597191547444 9.714629220632586
0 85.7421875 19.205729166666664 7.412693970636669 9.883591960848893
0 75.1953125 17.447916666666664 7.065330140863174 9.420440187817565
0 99.4140625 21.354166666666664 7.816313766397521 10.421751688530028
0 82.373046875 17.838541666666664 7.143981879101334 9.525309172135112
