0 74.609375 70.8984375 14.242263048801313 18.989684065068417
0 47.314453125 80.40364583333334 15.166960009508273 20.22261334601103
0 95.01953125 82.94270833333334 15.404576982573195 20.53943597676426
0 63.232421875 67.7734375 13.924846858581342 18.566462478108456
0 47.314453125 67.25260416666666 13.871238009476944 18.494984012635925
0 33.837890625 76.04166666666666 14.74981197948556 19.666415972647414
0 16.89453125 92.96875 16.309068867050033 21.745425156066712
0 10.9375 58.984375 12.990598543574682 17.320798058099577
0 28.02734375 46.22395833333333 11.499904590708478 15.33320612094464
0 79.248046875 65.0390625 13.641050194474493 18.18806692596599
0 89.111328125 63.997395833333336 13.531371629269632 18.041828839026174
0 78.22265625 56.575520833333336 12.722572989304096 16.96343065240546
0 92.724609375 59.830729166666664 13.083466253800058 17.444621671733408
0 83.935546875 58.333333333333336 12.918707573557572 17.224943431410097
0 89.599609375 53.125 12.32849723921152 16.437996318948695
0 79.638671875 40.55989583333333 10.77231603681811 14.363088049090814
0 71.875 40.55989583333333 10.77231603681811 14.363088049090814
0 62.060546875 48.30729166666667 11.756201345372451 15.674935127163266
0 54.78515625 46.94010416666667 11.588645963163772 15.45152795088503
0 48.193359375 35.87239583333333 10.130732832457173 13.507643776609566
0 33.203125 40.55989583333333 10.77231603681811 14.363088049090814
0 30.615234375 33.13802083333333 9.736972737758677 12.982630317011571
0 13.916015625 47.78645833333333 11.69265384562257 15.590205127496759
0 0.48828125 41.40625 10.884127502518925 14.512170003358568
0 11.865234375 33.26822916666667 9.756083595670033 13.008111460893376
0 13.818359375 24.674479166666664 8.402038511923953 11.202718015898604
0 22.0703125 27.799479166666668 8.918236814088415 11.890982418784553
0 8.642578125 25.846354166666668 8.59924487524742 11.465659833663226
0 4.248046875 19.986979166666664 7.561957820656658 10.08261042754221
0 16.796875 22.786458333333336 8.074192233473482 10.765589644631309
0 2.294921875 21.549479166666664 7.85197774064246 10.469303654189947
0 43.408203125 27.799479166666668 8.918236814088415 11.890982418784553
0 35.25390625 29.817708333333332 9.236295135755345 12.315060181007127
0 30.078125 25.716145833333332 8.57755695956738 11.436742612756506
0 50.78125 25.520833333333332 8.544921875 11.393229166666668
0 43.1640625 21.875 7.911060422861158 10.548080563814876
0 28.41796875 24.869791666666664 8.435226416678011 11.246968555570682
0 56.25 26.3671875 8.685454999241765 11.580606665655687
0 64.2578125 26.888020833333332 8.770817787597604 11.694423716796805
0 74.70703125 33.7890625 9.832155574699105 13.109540766265473
0 39.013671875 37.76041666666667 10.393912576859377 13.85855010247917
0 53.662109375 34.83072916666667 9.982560567502519 13.310080756670025
0 43.798828125 36.39322916666667 10.204012144348443 13.605349525797925
0 1.7578125 27.083333333333332 8.802615418613255 11.736820558151006
0 19.873046875 22.395833333333336 8.00468569861084 10.672914264814453
0 12.353515625 20.182291666666664 7.598815672600545 10.13175423013406
0 25.830078125 23.958333333333336 8.279211405182211 11.038948540242949
0 1.123046875 19.3359375 7.437779301119349 9.917039068159132
0 8.49609375 18.619791666666664 7.298743129334349 9.731657505779133
0 70.21484375 34.83072916666667 9.982560567502519 13.310080756670025
0 61.03515625 38.4765625 10.492012596234792 13.989350128313058
0 94.62890625 48.4375 11.772034620352729 15.696046160470303
0 85.205078125 32.6171875 9.660151239834237 12.880201653112316
0 75.390625 27.083333333333332 8.802615418613255 11.736820558151006
0 89.990234375 33.65885416666667 9.813192865486773 13.084257153982362
0 81.73828125 30.859375 9.396242870080965 12.52832382677462
0 99.31640625 46.94010416666667 11.588645963163772 15.45152795088503
0 92.1875 30.013020833333332 9.266495636406846 12.35532751520913
0 80.029296875 26.041666666666668 8.631674575031099 11.508899433374797
0 95.80078125 31.705729166666668 9.524222738236839 12.698963650982451
0 83.3984375 24.479166666666664 8.36871899463018 11.15829199284024
0 74.365234375 22.591145833333336 8.039514082226251 10.719352109635
0 89.990234375 26.236979166666668 8.66398288975732 11.551977186343091
0 70.458984375 23.6328125 8.222774405094897 10.963699206793196
0 52.978515625 20.8984375 7.732458166088822 10.309944221451763
0 67.626953125 24.348958333333336 8.346432086900233 11.128576115866979
0 60.3515625 21.549479166666664 7.85197774064246 10.469303654189947
0 42.529296875 18.424479166666664 7.2603620931215325 9.680482790828709
0 35.791015625 19.856770833333336 7.537285788103314 10.049714384137753
0 21.044921875 18.294270833333336 7.234661615679748 9.646215487572997
0 32.03125 20.5078125 7.659851317145468 10.21313508952729
0 44.43359375 15.690104166666666 6.699981201202437 8.933308268269917
0 76.26953125 18.815104166666664 7.336923388776433 9.782564518368577
0 57.373046875 18.619791666666664 7.298743129334349 9.731657505779133
0 65.4296875 17.578125 7.091644310682526 9.455525747576702
0 94.53125 21.744791666666664 7.887480458569388 10.51664061142585
0 78.61328125 17.252604166666664 7.025674092542321 9.367565456723094
0 61.42578125 17.057291666666664 6.985792933508055 9.31439057801074
0 38.76953125 17.252604166666664 7.025674092542321 9.367565456723094
0 29.052734375 15.690104166666666 6.699981201202437 8.933308268269917
0 23.876953125 19.856770833333336 7.537285788103314 10.049714384137753
0 98.53515625 28.971354166666668 9.104268731797058 12.139024975729411
