0 9.27734375 72.00520833333334 14.352998066778378 19.137330755704504
0 41.796875 84.30989583333334 15.53101885986264 20.708025146483518
0 93.017578125 85.67708333333334 15.656439622046703 20.875252829395606
0 88.232421875 65.88541666666666 13.729518895510246 18.30602519401366
0 91.2109375 56.4453125 12.707924080601204 16.94389877413494
0 98.291015625 52.799479166666664 12.290668069825603 16.38755742643414
0 80.17578125 52.864583333333336 12.298243212652517 16.397657616870024
0 71.875 58.0078125 12.882611645022848 17.17681552669713
0 36.03515625 61.71875 13.288294102219997 17.717725469626664
0 1.904296875 58.854166666666664 12.976252212810852 17.301669617081135
0 19.775390625 52.473958333333336 12.25272210686324 16.336962809150986
0 37.060546875 44.7265625 11.312105098175438 15.082806797567253
0 1.220703125 43.359375 11.137870844051916 14.850494458735888
0 10.791015625 40.55989583333333 10.77231603681811 14.363088049090814
0 15.91796875 34.89583333333333 9.991885707852113 13.322514277136149
0 31.494140625 35.87239583333333 10.130732832457173 13.507643776609566
0 19.43359375 31.510416666666668 9.494842032534208 12.659789376712277
0 43.1640625 31.770833333333332 9.53399618640949 12.711994915212655
0 52.392578125 49.08854166666667 11.850883690763915 15.801178254351885
0 52.24609375 38.671875 10.518608361580863 14.024811148774482
0 60.107421875 36.328125 10.194881035455362 13.593174713940485
0 65.33203125 42.51302083333333 11.02863220189981 14.704842935866417
0 81.15234375 38.21614583333333 10.456446349494515 13.941928465992687
0 89.404296875 38.80208333333333 10.536301575703167 14.048402100937555
0 98.779296875 42.51302083333333 11.02863220189981 14.704842935866417
0 98.193359375 35.87239583333333 10.130732832457173 13.507643776609566
0 88.818359375 32.87760416666667 9.698638050580264 12.931517400773687
0 97.75390625 29.947916666666668 9.25643975103949 12.341919668052654
0 92.48046875 30.403645833333332 9.326603265341873 12.43547102045583
0 98.876953125 27.473958333333332 8.865868558553435 11.821158078071248
0 88.37890625 28.385416666666668 9.011732824849489 12.015643766465985
0 5.17578125 29.622395833333332 9.205995562132786 12.274660749510382
0 10.546875 28.515625 9.03237828793258 12.043171050576774
0 6.103515625 24.8046875 8.424178309229896 11.23223774563986
0 22.021484375 27.864583333333332 8.928673607377803 11.904898143170405
0 16.2109375 24.348958333333336 8.346432086900233 11.128576115866979
0 31.591796875 28.515625 9.03237828793258 12.043171050576774
0 29.00390625 23.828125 8.256682897014576 11.008910529352768
0 19.677734375 21.158854166666664 7.780486318348366 10.373981757797822
0 9.033203125 22.330729166666664 7.993042513249997 10.657390017666662
0 0.29296875 16.341145833333336 6.837572174807153 9.116762899742872
0 28.80859375 15.559895833333334 6.672122530845778 8.896163374461038
0 2.734375 16.796875 6.932261164306974 9.243014885742634
0 23.193359375 17.317708333333336 7.038917599286375 9.385223465715166
0 4.833984375 16.861979166666664 6.945682786096826 9.260910381462436
0 18.75 16.080729166666664 6.782870718656271 9.043827624875028
0 6.73828125 16.2109375 6.810276368536802 9.080368491382403
0 11.767578125 21.223958333333336 7.792447103762027 10.389929471682702
0 8.447265625 16.666666666666664 6.905339660024879 9.207119546699838
0 39.0625 28.255208333333332 8.991039955234518 11.988053273646026
0 13.8671875 16.536458333333336 6.878312786611722 9.171083715482297
0 31.8359375 21.158854166666664 7.780486318348366 10.373981757797822
0 25.634765625 18.880208333333336 7.349606066157407 9.799474754876544
0 36.376953125 14.84375 6.516771394062079 8.689028525416106
0 25.87890625 16.2109375 6.810276368536802 9.080368491382403
0 29.58984375 13.541666666666666 6.224389054678692 8.299185406238257
0 43.1640625 24.479166666666664 8.36871899463018 11.15829199284024
0 50.9765625 28.385416666666668 9.011732824849489 12.015643766465985
0 36.279296875 19.466145833333336 7.462780310447684 9.950373747263578
0 40.8203125 19.3359375 7.437779301119349 9.917039068159132
0 48.095703125 14.778645833333334 6.502464524127966 8.669952698837287
0 46.337890625 22.721354166666664 8.062649422377262 10.75019922983635
0 40.234375 16.666666666666664 6.905339660024879 9.207119546699838
0 42.08984375 14.84375 6.516771394062079 8.689028525416106
0 45.068359375 15.299479166666666 6.61605328023645 8.821404373648601
0 53.80859375 14.518229166666666 6.444919458600731 8.593225944800976
0 58.69140625 13.8671875 6.298757153488249 8.398342871317666
0 61.767578125 13.28125 6.16424861960576 8.218998159474348
0 63.8671875 12.955729166666666 6.088237714617921 8.117650286157229
0 63.4765625 30.859375 9.396242870080965 12.52832382677462
0 50.1953125 19.466145833333336 7.462780310447684 9.950373747263578
0 50.634765625 17.317708333333336 7.038917599286375 9.385223465715166
0 17.333984375 18.684895833333336 7.311492035346033 9.748656047128044
0 17.724609375 20.3125 7.62328857226367 10.164384763018226
0 60.546875 17.96875 7.170007400189656 9.56000986691954
0 60.693359375 21.223958333333336 7.792447103762027 10.389929471682702
0 59.619140625 26.041666666666668 8.631674575031099 11.508899433374797
0 66.552734375 22.330729166666664 7.993042513249997 10.657390017666662
0 66.9921875 18.684895833333336 7.311492035346033 9.748656047128044
0 73.291015625 32.29166666666667 9.611826018080825 12.815768024107768
0 80.517578125 25.911458333333332 8.610068346964042 11.480091129285388
0 75.1953125 28.7109375 9.063258303782652 12.084344405043536
0 71.2890625 22.005208333333336 7.9345703125 10.579427083333332
0 76.46484375 21.158854166666664 7.780486318348366 10.373981757797822
0 70.068359375 18.424479166666664 7.2603620931215325 9.680482790828709
0 78.22265625 14.192708333333334 6.372257390692475 8.496343187589966
0 90.13671875 26.3671875 8.685454999241765 11.580606665655687
0 93.1640625 23.111979166666664 8.131660519088275 10.842214025451032
0 96.2890625 22.916666666666664 8.097228492078614 10.796304656104818
0 99.12109375 22.265625 7.981382342908947 10.641843123878598
0 92.578125 20.768229166666664 7.708331872750909 10.277775830334546
0 90.91796875 18.75 7.32421875 9.765625
0 89.0625 17.447916666666664 7.065330140863174 9.420440187817565
0 96.923828125 18.5546875 7.28597191547444 9.714629220632586
0 88.232421875 20.247395833333336 7.611061958825638 10.148082611767517
0 82.861328125 22.591145833333336 8.039514082226251 10.719352109635
0 83.349609375 20.8984375 7.732458166088822 10.309944221451763
0 87.353515625 22.265625 7.981382342908947 10.641843123878598
0 86.865234375 18.75 7.32421875 9.765625
0 85.546875 17.903645833333336 7.157006469457137 9.542675292609516
0 83.7890625 15.755208333333334 6.7138671875 8.951822916666668
0 79.931640625 15.885416666666666 6.741553355216833 8.988737806955777
0 78.7109375 18.359375 7.247523246483103 9.663364328644137
0 59.08203125 19.140625 7.400119417103358 9.866825889471144
0 32.080078125 12.825520833333334 6.057566296777102 8.076755062369468
0 33.59375 16.080729166666664 6.782870718656271 9.043827624875028
0 31.494140625 16.341145833333336 6.837572174807153 9.116762899742872
