0 95.556640625 62.369791666666664 13.358196184228083 17.810928245637445
0 70.1171875 78.38541666666666 14.975395686505491 19.967194248673987
0 59.326171875 84.9609375 15.590868865289064 20.787825153718753
0 8.3984375 51.822916666666664 12.176475429235841 16.235300572314458
0 13.232421875 46.80989583333333 11.572561783360925 15.430082377814566
0 25.87890625 40.10416666666667 10.711626449453275 14.282168599271033
0 30.859375 36.39322916666667 10.204012144348443 13.605349525797925
0 29.248046875 42.64322916666667 11.045508466097326 14.7273446214631
0 43.115234375 27.864583333333332 8.928673607377803 11.904898143170405
0 52.734375 32.74739583333333 9.679413773897526 12.905885031863368
0 45.99609375 29.6875 9.216106488367615 12.288141984490153
0 63.18359375 31.901041666666668 9.55351308746248 12.738017449949975
0 45.703125 23.6328125 8.222774405094897 10.963699206793196
0 0.87890625 24.674479166666664 8.402038511923953 11.202718015898604
0 14.013671875 18.619791666666664 7.298743129334349 9.731657505779133
0 3.662109375 21.09375 7.768507117527988 10.358009490037318
0 15.52734375 20.182291666666664 7.598815672600545 10.13175423013406
0 24.8046875 25.455729166666668 8.53401578009617 11.378687706794894
0 30.76171875 22.395833333333336 8.00468569861084 10.672914264814453
0 22.412109375 21.09375 7.768507117527988 10.358009490037318
0 27.978515625 25.846354166666668 8.59924487524742 11.465659833663226
0 37.79296875 16.9921875 6.972448522214271 9.296598029619028
0 48.6328125 23.6328125 8.222774405094897 10.963699206793196
0 29.052734375 21.484375 7.840107775064166 10.453477033418888
0 51.806640625 15.8203125 6.72772451325946 8.970299351012613
0 23.828125 20.442708333333336 7.647683158045451 10.196910877393934
0 45.01953125 18.098958333333336 7.195938795502683 9.594585060670244
0 37.255859375 29.296875 9.1552734375 12.20703125
0 52.734375 20.963541666666664 7.7444931277157725 10.325990836954363
0 68.65234375 38.15104166666667 10.447535869521296 13.930047826028394
0 69.7265625 47.0703125 11.604707850238979 15.472943800318639
0 82.51953125 52.5390625 12.260320694946696 16.347094259928927
0 73.779296875 50.0 11.960399134683488 15.947198846244651
0 83.0078125 48.56770833333333 11.787846628312968 15.717128837750623
0 76.85546875 47.20052083333333 11.620747537023785 15.494330049365049
0 86.474609375 35.87239583333333 10.130732832457173 13.507643776609566
0 74.072265625 45.8984375 11.459340426952263 15.279120569269683
0 85.546875 27.994791666666668 8.94951068030712 11.932680907076158
0 98.046875 30.208333333333332 9.296598029619028 12.395464039492039
0 86.572265625 24.283854166666664 8.33526628646708 11.113688381956106
0 93.65234375 25.455729166666668 8.53401578009617 11.378687706794894
0 53.7109375 24.153645833333336 8.312889692307273 11.083852923076364
0 60.44921875 20.963541666666664 7.7444931277157725 10.325990836954363
0 60.05859375 13.0859375 6.118755388111396 8.15834051748186
0 62.109375 21.09375 7.768507117527988 10.358009490037318
0 57.177734375 23.111979166666664 8.131660519088275 10.842214025451032
0 70.5078125 29.947916666666668 9.25643975103949 12.341919668052654
0 78.857421875 24.8046875 8.424178309229896 11.23223774563986
0 48.876953125 19.791666666666664 7.524919437217989 10.033225916290652
0 98.6328125 25.5859375 8.555814067917595 11.407752090556793
0 91.2109375 48.30729166666667 11.756201345372451 15.674935127163266
0 98.92578125 63.0859375 13.434668397860802 17.912891197147736
0 70.60546875 61.197916666666664 13.2321065604729 17.642808747297202
0 79.248046875 38.671875 10.518608361580863 14.024811148774482
0 50.634765625 40.234375 10.72900136184506 14.305335149126746
0 40.4296875 69.53125 14.104272471058769 18.80569662807836
0 11.865234375 68.359375 13.984911178454102 18.646548237938802
0 41.357421875 74.67447916666666 14.616613787631893 19.48881838350919
0 45.703125 53.059895833333336 12.320940697135223 16.427920929513633
0 35.107421875 31.770833333333332 9.53399618640949 12.711994915212655
0 0.390625 40.234375 10.72900136184506 14.305335149126746
0 6.787109375 38.671875 10.518608361580863 14.024811148774482
0 6.298828125 24.153645833333336 8.312889692307273 11.083852923076364
0 5.810546875 17.122395833333336 6.9991119025755095 9.332149203434014
0 13.427734375 26.106770833333332 8.642457433170346 11.52327657756046
0 8.984375 17.252604166666664 7.025674092542321 9.367565456723094
0 0.48828125 17.708333333333336 7.117861199762329 9.490481599683106
0 14.111328125 15.0390625 6.559504779115197 8.746006372153596
0 23.2421875 16.731770833333336 6.9188135063199665 9.225084675093289
0 16.9921875 14.778645833333334 6.502464524127966 8.669952698837287
0 26.416015625 18.75 7.32421875 9.765625
0 18.65234375 15.299479166666666 6.61605328023645 8.821404373648601
0 26.220703125 16.2109375 6.810276368536802 9.080368491382403
0 19.287109375 17.578125 7.091644310682526 9.455525747576702
0 25.5859375 13.606770833333334 6.2393335877260965 8.319111450301463
0 35.986328125 13.736979166666666 6.269115778861736 8.358821038482315
0 30.6640625 25.846354166666668 8.59924487524742 11.465659833663226
0 38.0859375 23.372395833333336 8.177344364608315 10.903125819477753
0 39.94140625 33.0078125 9.717824296930333 12.957099062573777
0 40.52734375 25.325520833333332 8.512161670520847 11.349548894027794
0 42.138671875 18.619791666666664 7.298743129334349 9.731657505779133
0 32.12890625 16.9921875 6.972448522214271 9.296598029619028
0 40.91796875 17.3828125 7.052136235529384 9.40284831403918
0 29.541015625 14.388020833333334 6.415953381844678 8.554604509126236
0 21.044921875 16.861979166666664 6.945682786096826 9.260910381462436
0 9.47265625 21.223958333333336 7.792447103762027 10.389929471682702
0 34.228515625 15.299479166666666 6.61605328023645 8.821404373648601
0 34.619140625 18.229166666666664 7.221777078979024 9.629036105305365
0 42.138671875 15.950520833333334 6.755353888299149 9.0071385177322
0 50.830078125 10.546875 5.4931640625 7.32421875
0 47.55859375 16.731770833333336 6.9188135063199665 9.225084675093289
0 32.91015625 15.690104166666666 6.699981201202437 8.933308268269917
0 48.681640625 13.997395833333334 6.328259690346595 8.437679587128793
0 43.310546875 16.6015625 6.891839471823862 9.189119295765149
0 53.3203125 14.2578125 6.386855937639267 8.515807916852356
0 62.109375 14.908854166666666 6.531046923532928 8.708062564710572
0 56.591796875 14.127604166666666 6.3576253222655215 8.476833763020695
0 50.732421875 19.270833333333336 7.425247229367944 9.900329639157258
0 54.39453125 14.6484375 6.473755931273323 8.631674575031097
0 43.408203125 14.2578125 6.386855937639267 8.515807916852356
0 63.671875 13.997395833333334 6.328259690346595 8.437679587128793
0 45.80078125 14.778645833333334 6.502464524127966 8.669952698837287
0 65.576171875 14.6484375 6.473755931273323 8.631674575031097
0 72.607421875 20.3125 7.62328857226367 10.164384763018226
0 66.455078125 15.169270833333334 6.587839704871492 8.783786273161988
0 76.26953125 15.169270833333334 6.587839704871492 8.783786273161988
0 67.48046875 15.299479166666666 6.61605328023645 8.821404373648601
0 66.357421875 22.005208333333336 7.9345703125 10.579427083333332
0 68.9453125 14.908854166666666 6.531046923532928 8.708062564710572
0 80.029296875 16.9921875 6.972448522214271 9.296598029619028
0 77.34375 27.994791666666668 8.94951068030712 11.932680907076158
0 72.607421875 30.208333333333332 9.296598029619028 12.395464039492039
0 70.8984375 15.299479166666666 6.61605328023645 8.821404373648601
0 77.9296875 20.182291666666664 7.598815672600545 10.13175423013406
0 73.779296875 15.169270833333334 6.587839704871492 8.783786273161988
0 78.515625 17.513020833333336 7.0784994535786145 9.437999271438152
0 54.296875 18.229166666666664 7.221777078979024 9.629036105305365
0 83.88671875 16.861979166666664 6.945682786096826 9.260910381462436
0 91.015625 32.74739583333333 9.679413773897526 12.905885031863368
0 89.111328125 17.252604166666664 7.025674092542321 9.367565456723094
0 74.755859375 17.252604166666664 7.025674092542321 9.367565456723094
0 81.787109375 18.359375 7.247523246483103 9.663364328644137
0 97.55859375 20.052083333333336 7.574263699945591 10.099018266594122
0 88.916015625 20.963541666666664 7.7444931277157725 10.325990836954363
0 96.728515625 24.4140625 8.357582969744357 11.143443959659143
0 84.5703125 19.401041666666664 7.450290292806215 9.933720390408286
0 86.669921875 17.708333333333336 7.117861199762329 9.490481599683106
0 93.1640625 20.182291666666664 7.598815672600545 10.13175423013406
0 91.6015625 18.619791666666664 7.298743129334349 9.731657505779133
0 84.86328125 21.614583333333336 7.863829789260941 10.485106385681254
0 91.796875 24.674479166666664 8.402038511923953 11.202718015898604
0 89.013671875 27.864583333333332 8.928673607377803 11.904898143170405
0 99.51171875 22.591145833333336 8.039514082226251 10.719352109635
0 99.609375 28.90625 9.094033462982996 12.125377950643994
0 76.46484375 18.489583333333336 7.273178276253042 9.697571035004056
0 86.767578125 20.833333333333336 7.720404443770458 10.293872591693944
0 80.126953125 19.661458333333336 7.500125566067204 10.00016742142294
0 81.201171875 23.2421875 8.154534433525017 10.872712578033356
0 64.013671875 18.880208333333336 7.349606066157407 9.799474754876544
0 61.23046875 25.5859375 8.555814067917595 11.407752090556793
0 51.318359375 25.716145833333332 8.57755695956738 11.436742612756506
0 39.35546875 18.880208333333336 7.349606066157407 9.799474754876544
0 20.654296875 27.018229166666668 8.792028986137655 11.722705314850208
0 19.384765625 20.3125 7.62328857226367 10.164384763018226
0 11.474609375 33.52864583333333 9.794193442310311 13.05892458974708
0 11.474609375 24.674479166666664 8.402038511923953 11.202718015898604
0 39.94140625 21.09375 7.768507117527988 10.358009490037318
0 60.15625 16.471354166666664 6.864759447755123 9.15301259700683
0 54.296875 44.07552083333333 11.229473567489073 14.972631423318763
0 10.83984375 20.182291666666664 7.598815672600545 10.13175423013406
0 74.072265625 28.385416666666668 9.011732824849489 12.015643766465985
0 78.662109375 28.90625 9.094033462982996 12.125377950643994
