0 84.86328125 88.15104166666666 15.880873817453232 21.174498423270975
0 8.935546875 77.86458333333334 14.925560620895368 19.900747494527156
0 85.009765625 65.234375 13.661516897948847 18.215355863931794
0 2.294921875 49.73958333333333 11.929211600153849 15.905615466871797
0 4.8828125 50.260416666666664 11.991505556877746 15.988674075836995
0 73.095703125 55.143229166666664 12.560495377964282 16.74732717061904
0 42.431640625 67.05729166666666 13.851081198620872 18.46810826482783
0 36.62109375 46.6796875 11.556455217749932 15.40860695699991
0 32.03125 41.66666666666667 10.918300671385692 14.557734228514258
0 58.3984375 48.11197916666667 11.732411368860527 15.643215158480702
0 52.197265625 35.48177083333333 10.075423595714831 13.433898127619774
0 62.59765625 39.453125 10.624325674761481 14.165767566348642
0 65.673828125 41.9921875 10.960867307170393 14.614489742893857
0 74.609375 45.24739583333333 11.377778248478545 15.170370997971395
0 21.240234375 34.44010416666667 9.926425761285763 13.235234348381017
0 17.96875 38.21614583333333 10.456446349494515 13.941928465992687
0 13.671875 39.84375 10.676791799643494 14.235722399524658
0 0.146484375 32.421875 9.631185203893738 12.84158027185832
0 6.494140625 30.2734375 9.306610523667546 12.408814031556727
0 9.47265625 28.515625 9.03237828793258 12.043171050576774
0 16.650390625 33.91927083333333 9.851081781963485 13.134775709284646
0 18.505859375 27.734375 8.907787792557633 11.877050390076842
0 17.1875 20.8984375 7.732458166088822 10.309944221451763
0 25.146484375 31.575520833333332 9.50464569238125 12.672860923174998
0 34.765625 34.9609375 10.001202153426476 13.334936204568635
0 41.650390625 34.04947916666667 9.869971697263324 13.159962263017766
0 49.755859375 29.231770833333332 9.145095253766906 12.193460338355873
0 98.095703125 51.7578125 12.168824485703665 16.225099314271553
0 91.50390625 43.81510416666667 11.196250200100184 14.928333600133579
0 98.53515625 41.66666666666667 10.918300671385692 14.557734228514258
0 86.767578125 37.5 10.358009490037318 13.810679320049758
0 79.58984375 37.5 10.358009490037318 13.810679320049758
0 53.515625 50.130208333333336 11.975962445281118 15.967949927041488
0 60.400390625 34.9609375 10.001202153426476 13.334936204568635
0 68.9453125 29.947916666666668 9.25643975103949 12.341919668052654
0 78.662109375 33.13802083333333 9.736972737758677 12.982630317011571
0 90.13671875 30.6640625 9.366460725843998 12.48861430112533
0 33.3984375 29.752604166666668 9.22620633412535 12.301608445500468
0 43.115234375 28.125 8.970299351012615 11.960399134683486
0 61.767578125 29.947916666666668 9.25643975103949 12.341919668052654
0 72.8515625 29.947916666666668 9.25643975103949 12.341919668052654
0 75.9765625 28.841145833333332 9.083786661460703 12.11171554861427
0 89.990234375 25.9765625 8.620878229873984 11.494504306498644
0 87.158203125 22.200520833333336 7.969705113037473 10.626273484049964
0 31.640625 12.434895833333332 5.964605800076924 7.952807733435899
0 40.673828125 11.9140625 5.838356466585996 7.784475288781327
0 62.3046875 9.5703125 5.232674621424025 6.9768994952320345
0 75.439453125 12.239583333333332 5.917577950947668 7.8901039345968895
0 56.25 10.807291666666668 5.56056737008319 7.4140898267775865
0 24.31640625 13.541666666666666 6.224389054678692 8.299185406238257
0 20.80078125 12.239583333333332 5.917577950947668 7.8901039345968895
0 20.166015625 13.541666666666666 6.224389054678692 8.299185406238257
0 19.04296875 14.453125 6.430452730012657 8.57393697335021
0 12.6953125 14.778645833333334 6.502464524127966 8.669952698837287
0 7.71484375 15.885416666666666 6.741553355216833 8.988737806955777
0 3.271484375 16.40625 6.8511792970714245 9.134905729428567
0 1.611328125 16.796875 6.932261164306974 9.243014885742634
0 1.3671875 15.690104166666666 6.699981201202437 8.933308268269917
0 3.271484375 23.4375 8.188725503539269 10.918300671385692
0 5.029296875 19.466145833333336 7.462780310447684 9.950373747263578
0 5.029296875 17.643229166666664 7.104764847914316 9.473019797219088
0 5.95703125 16.40625 6.8511792970714245 9.134905729428567
0 9.47265625 16.40625 6.8511792970714245 9.134905729428567
0 10.400390625 17.643229166666664 7.104764847914316 9.473019797219088
0 12.451171875 21.809895833333336 7.8992792392241125 10.532372318965482
0 27.197265625 24.674479166666664 8.402038511923953 11.202718015898604
0 35.83984375 26.692708333333332 8.738904457566134 11.651872610088178
0 27.197265625 15.299479166666666 6.61605328023645 8.821404373648601
0 29.345703125 14.583333333333334 6.459353786778786 8.612471715705048
0 28.662109375 13.736979166666666 6.269115778861736 8.358821038482315
0 33.544921875 14.453125 6.430452730012657 8.57393697335021
0 37.3046875 13.736979166666666 6.269115778861736 8.358821038482315
0 35.009765625 14.973958333333334 6.545291317604741 8.727055090139656
0 30.95703125 17.643229166666664 7.104764847914316 9.473019797219088
0 36.767578125 16.6015625 6.891839471823862 9.189119295765149
0 35.400390625 19.140625 7.400119417103358 9.866825889471144
0 42.724609375 12.825520833333334 6.057566296777102 8.076755062369468
0 41.357421875 23.958333333333336 8.279211405182211 11.038948540242949
0 51.7578125 15.299479166666666 6.61605328023645 8.821404373648601
0 49.21875 15.299479166666666 6.61605328023645 8.821404373648601
0 49.462890625 19.466145833333336 7.462780310447684 9.950373747263578
0 55.6640625 17.317708333333336 7.038917599286375 9.385223465715166
0 59.1796875 13.020833333333334 6.103515625 8.138020833333332
0 67.1875 15.169270833333334 6.587839704871492 8.783786273161988
0 64.453125 14.0625 6.342959500374307 8.457279333832409
0 62.060546875 24.348958333333336 8.346432086900233 11.128576115866979
0 58.935546875 21.484375 7.840107775064166 10.453477033418888
0 60.693359375 19.661458333333336 7.500125566067204 10.00016742142294
0 68.26171875 19.140625 7.400119417103358 9.866825889471144
0 68.26171875 22.005208333333336 7.9345703125 10.579427083333332
0 72.16796875 22.721354166666664 8.062649422377262 10.75019922983635
0 70.947265625 17.513020833333336 7.0784994535786145 9.437999271438152
0 72.998046875 13.8671875 6.298757153488249 8.398342871317666
0 76.611328125 15.885416666666666 6.741553355216833 8.988737806955777
0 77.978515625 14.778645833333334 6.502464524127966 8.669952698837287
0 78.369140625 16.6015625 6.891839471823862 9.189119295765149
0 73.681640625 18.5546875 7.28597191547444 9.714629220632586
0 82.32421875 23.046875 8.120199399200482 10.82693253226731
0 80.6640625 17.643229166666664 7.104764847914316 9.473019797219088
0 79.19921875 21.09375 7.768507117527988 10.358009490037318
0 77.587890625 24.348958333333336 8.346432086900233 11.128576115866979
0 83.3984375 15.494791666666666 6.658149484030587 8.877532645374115
0 89.990234375 17.122395833333336 6.9991119025755095 9.332149203434014
0 86.767578125 14.973958333333334 6.545291317604741 8.727055090139656
0 82.71484375 18.9453125 7.3622668956389274 9.816355860851903
0 86.23046875 18.9453125 7.3622668956389274 9.816355860851903
0 94.7265625 22.200520833333336 7.969705113037473 10.626273484049964
0 97.705078125 24.153645833333336 8.312889692307273 11.083852923076364
