0 98.92578125 50.390625 12.007028547916262 16.00937139722168
0 99.609375 40.10416666666667 10.711626449453275 14.282168599271033
0 99.267578125 32.68229166666667 9.669787303317175 12.893049737756234
0 99.169921875 22.8515625 8.085718566584333 10.780958088779109
0 93.115234375 23.046875 8.120199399200482 10.82693253226731
0 99.365234375 20.638020833333336 7.684129829110212 10.245506438813615
0 91.015625 24.8046875 8.424178309229896 11.23223774563986
0 85.107421875 20.833333333333336 7.720404443770458 10.293872591693944
0 79.8828125 15.755208333333334 6.7138671875 8.951822916666668
0 70.41015625 17.96875 7.170007400189656 9.56000986691954
0 80.6640625 22.265625 7.981382342908947 10.641843123878598
0 94.921875 20.182291666666664 7.598815672600545 10.13175423013406
0 79.296875 24.674479166666664 8.402038511923953 11.202718015898604
0 93.017578125 20.5078125 7.659851317145468 10.21313508952729
0 87.79296875 28.255208333333332 8.991039955234518 11.988053273646026
0 79.443359375 31.184895833333332 9.445671106287941 12.594228141717254
0 89.013671875 25.846354166666668 8.59924487524742 11.465659833663226
0 79.8828125 37.3046875 10.331000292853245 13.77466705713766
0 87.353515625 33.46354166666667 9.784679896167846 13.046239861557126
0 74.169921875 33.0078125 9.717824296930333 12.957099062573777
0 91.11328125 29.6875 9.216106488367615 12.288141984490153
0 83.984375 47.72135416666667 11.684686107834867 15.579581477113155
0 89.794921875 63.606770833333336 13.49001227130148 17.986683028401973
0 79.638671875 52.9296875 12.305813692416963 16.407751589889283
0 64.697265625 57.356770833333336 12.810114661752536 17.080152882336716
0 74.072265625 41.92708333333333 10.952367214920875 14.603156286561166
0 64.404296875 40.55989583333333 10.77231603681811 14.363088049090814
0 60.595703125 34.44010416666667 9.926425761285763 13.235234348381017
0 62.6953125 24.934895833333336 8.446260072691679 11.26168009692224
0 71.19140625 21.809895833333336 7.8992792392241125 10.532372318965482
0 59.47265625 24.348958333333336 8.346432086900233 11.128576115866979
0 66.845703125 23.6328125 8.222774405094897 10.963699206793196
0 60.595703125 14.713541666666666 6.488126106405426 8.650834808540568
0 50.87890625 19.3359375 7.437779301119349 9.917039068159132
0 63.623046875 16.341145833333336 6.837572174807153 9.116762899742872
0 55.37109375 15.169270833333334 6.587839704871492 8.783786273161988
0 64.697265625 12.955729166666666 6.088237714617921 8.117650286157229
0 58.59375 13.541666666666666 6.224389054678692 8.299185406238257
0 59.375 21.419270833333336 7.828219811023351 10.437626414697803
0 62.255859375 29.1015625 9.124704826492952 12.166273101990603
0 61.474609375 17.252604166666664 7.025674092542321 9.367565456723094
0 51.46484375 28.059895833333332 8.959911044862793 11.946548059817056
0 58.349609375 19.140625 7.400119417103358 9.866825889471144
0 52.001953125 16.471354166666664 6.864759447755123 9.15301259700683
0 47.216796875 14.713541666666666 6.488126106405426 8.650834808540568
0 47.65625 22.4609375 8.016311973000304 10.688415964000404
0 41.650390625 24.544270833333336 8.379840220792225 11.173120294389632
0 38.76953125 14.127604166666666 6.3576253222655215 8.476833763020695
0 49.31640625 36.1328125 10.167438506443897 13.556584675258529
0 40.869140625 16.666666666666664 6.905339660024879 9.207119546699838
0 53.90625 47.98177083333333 11.716524548616007 15.622032731488009
0 40.4296875 19.010416666666664 7.37490598974278 9.833207986323707
0 41.40625 31.770833333333332 9.53399618640949 12.711994915212655
0 40.771484375 21.809895833333336 7.8992792392241125 10.532372318965482
0 36.279296875 14.127604166666666 6.3576253222655215 8.476833763020695
0 33.49609375 27.213541666666668 8.823750179932228 11.765000239909636
0 35.64453125 19.140625 7.400119417103358 9.866825889471144
0 29.58984375 23.307291666666664 8.165947363439729 10.88792981791964
0 31.15234375 15.299479166666666 6.61605328023645 8.821404373648601
0 22.607421875 25.5859375 8.555814067917595 11.407752090556793
0 32.71484375 16.471354166666664 6.864759447755123 9.15301259700683
0 31.0546875 35.3515625 10.056919588186085 13.409226117581447
0 29.4921875 19.466145833333336 7.462780310447684 9.950373747263578
0 23.046875 12.760416666666666 6.042172202521769 8.056229603362357
0 19.677734375 31.966145833333332 9.56325660155786 12.751008802077147
0 25.48828125 14.713541666666666 6.488126106405426 8.650834808540568
0 18.017578125 22.4609375 8.016311973000304 10.688415964000404
0 10.44921875 15.625 6.686066375795484 8.914755167727312
0 19.677734375 17.057291666666664 6.985792933508055 9.31439057801074
0 27.9296875 16.666666666666664 6.905339660024879 9.207119546699838
0 20.8984375 19.466145833333336 7.462780310447684 9.950373747263578
0 13.671875 26.627604166666668 8.728240750778255 11.637654334371007
0 31.93359375 22.005208333333336 7.9345703125 10.579427083333332
0 6.982421875 30.338541666666668 9.316612257369233 12.42214967649231
0 26.806640625 19.010416666666664 7.37490598974278 9.833207986323707
0 12.20703125 21.6796875 7.875664001809045 10.500885335745393
0 6.640625 16.015625 6.7691262856502785 9.025501714200372
0 14.892578125 44.40104166666667 11.270865058971795 15.027820078629059
0 5.419921875 17.057291666666664 6.985792933508055 9.31439057801074
0 12.353515625 18.294270833333336 7.234661615679748 9.646215487572997
0 4.8828125 24.348958333333336 8.346432086900233 11.128576115866979
0 1.953125 57.486979166666664 12.824646844147154 17.099529125529536
0 4.98046875 70.1171875 14.163575910488637 18.884767880651516
0 36.181640625 61.783854166666664 13.29530084887205 17.727067798496066
0 35.302734375 44.40104166666667 11.270865058971795 15.027820078629059
0 20.458984375 48.89322916666667 11.82728416447516 15.76971221930021
0 0.439453125 46.35416666666667 11.516090249092533 15.354786998790045
0 43.994140625 82.29166666666666 15.344000353975263 20.458667138633682
0 92.138671875 94.66145833333334 16.456871048233353 21.942494730977806
0 74.4140625 27.799479166666668 8.918236814088415 11.890982418784553
