0 46.58203125 49.54427083333333 11.905767335895483 15.874356447860643
0 60.205078125 62.434895833333336 13.365166284459344 17.820221712612458
0 45.361328125 52.799479166666664 12.290668069825603 16.38755742643414
0 63.232421875 66.08072916666666 13.749853913658217 18.33313855154429
0 78.3203125 54.231770833333336 12.456257099584077 16.608342799445435
0 83.0078125 65.29947916666666 13.668332322118342 18.224443096157792
0 76.318359375 55.46875 12.597514306976498 16.796685742635333
0 82.568359375 39.58333333333333 10.641843123878598 14.189124165171464
0 60.546875 31.4453125 9.485028239697298 12.646704319596397
0 72.36328125 31.770833333333332 9.53399618640949 12.711994915212655
0 62.548828125 30.989583333333332 9.416045300623482 12.554727067497975
0 2.24609375 47.8515625 11.700616157642099 15.600821543522796
0 3.076171875 31.4453125 9.485028239697298 12.646704319596397
0 4.052734375 27.5390625 8.876366926421502 11.835155901895336
0 2.880859375 25.390625 8.523095729839442 11.364127639785922
0 15.91796875 19.3359375 7.437779301119349 9.917039068159132
0 20.41015625 23.828125 8.256682897014576 11.008910529352768
0 20.947265625 20.703125 7.6962403643301345 10.261653819106845
0 29.296875 24.479166666666664 8.36871899463018 11.15829199284024
0 42.236328125 22.721354166666664 8.062649422377262 10.75019922983635
0 42.08984375 18.033854166666664 7.182984799767957 9.577313066357275
0 29.39453125 18.033854166666664 7.182984799767957 9.577313066357275
0 51.611328125 15.690104166666666 6.699981201202437 8.933308268269917
0 56.396484375 19.140625 7.400119417103358 9.866825889471144
0 52.1484375 20.442708333333336 7.647683158045451 10.196910877393934
0 57.568359375 18.033854166666664 7.182984799767957 9.577313066357275
0 49.365234375 39.58333333333333 10.641843123878598 14.189124165171464
0 43.896484375 24.609375 8.39094670707246 11.187928942763282
0 50.537109375 18.880208333333336 7.349606066157407 9.799474754876544
0 59.27734375 23.502604166666664 8.200090846279542 10.933454461706056
0 68.06640625 25.716145833333332 8.57755695956738 11.436742612756506
0 61.5234375 17.7734375 7.130933499479933 9.50791133263991
0 68.06640625 24.0234375 8.290452702152177 11.053936936202902
0 78.7109375 25.1953125 8.490251308132054 11.320335077509403
0 69.43359375 22.591145833333336 8.039514082226251 10.719352109635
0 76.611328125 22.591145833333336 8.039514082226251 10.719352109635
0 73.046875 22.0703125 7.946299173761924 10.595065565015899
0 71.77734375 21.028645833333336 7.756509415978292 10.342012554637723
0 71.58203125 17.903645833333336 7.157006469457137 9.542675292609516
0 66.40625 16.2109375 6.810276368536802 9.080368491382403
0 87.353515625 25.520833333333332 8.544921875 11.393229166666668
0 85.9375 23.6328125 8.222774405094897 10.963699206793196
0 93.310546875 32.55208333333333 9.650505554713073 12.86734073961743
0 98.6328125 32.2265625 9.60213178866716 12.802842384889546
0 94.677734375 31.770833333333332 9.53399618640949 12.711994915212655
0 95.166015625 22.265625 7.981382342908947 10.641843123878598
0 55.76171875 15.559895833333334 6.672122530845778 8.896163374461038
0 96.58203125 89.0625 15.962764685817895 21.283686247757196
0 90.966796875 86.26302083333334 15.709884858683779 20.946513144911705
0 87.3046875 60.872395833333336 13.196867865258577 17.59582382034477
0 93.505859375 49.8046875 11.937016122807584 15.916021497076779
0 99.267578125 49.0234375 11.843022407185213 15.790696542913619
0 76.220703125 50.325520833333336 11.999269562583924 15.99902608344523
0 66.89453125 50.1953125 11.983736521039955 15.978315361386604
0 65.625 43.61979166666667 11.171267833082963 14.895023777443953
0 59.765625 41.14583333333333 10.849846700824694 14.466462267766259
0 50.048828125 44.85677083333333 11.328559077923941 15.104745437231923
0 67.578125 63.671875 13.496914299008777 17.995885732011704
0 44.482421875 83.46354166666666 15.452867311001176 20.6038230813349
0 39.990234375 57.6171875 12.83916257810219 17.118883437469588
0 20.60546875 50.455729166666664 12.01478252260103 16.019710030134707
0 13.232421875 63.0859375 13.434668397860802 17.912891197147736
0 1.5625 68.48958333333334 13.998223805151019 18.664298406868028
0 5.517578125 38.80208333333333 10.536301575703167 14.048402100937555
0 13.525390625 33.984375 9.860531263063667 13.147375017418222
0 18.896484375 28.385416666666668 9.011732824849489 12.015643766465985
0 31.34765625 32.09635416666667 9.58271390875707 12.77695187834276
0 34.423828125 39.58333333333333 10.641843123878598 14.189124165171464
0 45.849609375 35.80729166666667 10.121535615098267 13.495380820131023
0 43.65234375 30.338541666666668 9.316612257369233 12.42214967649231
0 48.681640625 26.627604166666668 8.728240750778255 11.637654334371007
0 52.978515625 29.427083333333332 9.175595934065496 12.234127912087327
0 56.982421875 29.622395833333332 9.205995562132786 12.274660749510382
0 62.79296875 27.734375 8.907787792557633 11.877050390076842
0 74.951171875 33.203125 9.746532850751532 12.995377134335376
0 78.22265625 38.15104166666667 10.447535869521296 13.930047826028394
0 87.20703125 36.328125 10.194881035455362 13.593174713940485
0 91.650390625 38.02083333333333 10.429692071920813 13.906256095894417
0 99.560546875 35.546875 10.084662867345157 13.44621715646021
0 98.4375 26.822916666666668 8.760192928715409 11.680257238287211
0 88.37890625 30.533854166666668 9.346553241646458 12.462070988861944
0 92.724609375 26.822916666666668 8.760192928715409 11.680257238287211
0 82.51953125 28.971354166666668 9.104268731797058 12.139024975729411
0 74.609375 28.059895833333332 8.959911044862793 11.946548059817056
0 34.1796875 26.822916666666668 8.760192928715409 11.680257238287211
0 1.025390625 28.059895833333332 8.959911044862793 11.946548059817056
0 9.86328125 26.497395833333332 8.706874156303165 11.609165541737553
0 4.58984375 22.0703125 7.946299173761924 10.595065565015899
0 10.009765625 22.135416666666664 7.958010748538389 10.610680998051187
0 11.865234375 17.122395833333336 6.9991119025755095 9.332149203434014
0 1.806640625 17.903645833333336 7.157006469457137 9.542675292609516
0 4.052734375 16.536458333333336 6.878312786611722 9.171083715482297
0 6.93359375 18.229166666666664 7.221777078979024 9.629036105305365
0 5.56640625 15.104166666666666 6.573687508709111 8.764916678278816
0 7.568359375 15.234375 6.60196156395994 8.802615418613254
0 9.375 16.080729166666664 6.782870718656271 9.043827624875028
0 13.28125 15.104166666666666 6.573687508709111 8.764916678278816
0 14.794921875 15.559895833333334 6.672122530845778 8.896163374461038
0 18.26171875 19.596354166666664 7.487697843252746 9.983597124336994
0 18.1640625 15.690104166666666 6.699981201202437 8.933308268269917
0 16.30859375 14.453125 6.430452730012657 8.57393697335021
0 19.82421875 14.192708333333334 6.372257390692475 8.496343187589966
0 20.947265625 15.299479166666666 6.61605328023645 8.821404373648601
0 22.8515625 14.322916666666666 6.401421192444773 8.53522825659303
0 23.974609375 13.216145833333334 6.149121606326259 8.198828808435012
0 24.951171875 13.8671875 6.298757153488249 8.398342871317666
0 25.78125 16.9921875 6.972448522214271 9.296598029619028
0 23.046875 25.1953125 8.490251308132054 11.320335077509403
0 28.22265625 22.0703125 7.946299173761924 10.595065565015899
0 32.32421875 19.140625 7.400119417103358 9.866825889471144
0 33.7890625 16.080729166666664 6.782870718656271 9.043827624875028
0 32.32421875 13.997395833333334 6.328259690346595 8.437679587128793
0 28.662109375 15.690104166666666 6.699981201202437 8.933308268269917
0 27.978515625 17.643229166666664 7.104764847914316 9.473019797219088
0 26.3671875 14.322916666666666 6.401421192444773 8.53522825659303
0 26.46484375 11.979166666666668 5.854286527481347 7.805715369975129
0 27.24609375 11.393229166666668 5.7093160808928545 7.612421441190473
0 29.296875 13.997395833333334 6.328259690346595 8.437679587128793
0 31.25 13.0859375 6.118755388111396 8.15834051748186
0 34.423828125 12.109375 5.886017310176364 7.848023080235151
0 36.376953125 12.3046875 5.933295317145868 7.911060422861158
0 38.96484375 13.216145833333334 6.149121606326259 8.198828808435012
0 37.939453125 17.252604166666664 7.025674092542321 9.367565456723094
0 40.478515625 22.395833333333336 8.00468569861084 10.672914264814453
0 38.818359375 11.067708333333332 5.627163365046928 7.502884486729237
0 40.33203125 13.28125 6.16424861960576 8.218998159474348
0 41.748046875 14.322916666666666 6.401421192444773 8.53522825659303
0 44.23828125 14.518229166666666 6.444919458600731 8.593225944800976
0 44.775390625 10.872395833333332 5.577290918730793 7.436387891641058
0 46.435546875 11.328125 5.692980379082528 7.590640505443372
0 51.46484375 9.309895833333332 5.160990760891041 6.881321014521388
0 45.99609375 16.9921875 6.972448522214271 9.296598029619028
0 48.779296875 11.653645833333332 5.7741967555006415 7.698929007334189
0 48.53515625 13.736979166666666 6.269115778861736 8.358821038482315
0 49.560546875 16.015625 6.7691262856502785 9.025501714200372
0 53.90625 13.8671875 6.298757153488249 8.398342871317666
0 48.095703125 20.247395833333336 7.611061958825638 10.148082611767517
0 50.390625 24.934895833333336 8.446260072691679 11.26168009692224
0 54.736328125 22.135416666666664 7.958010748538389 10.610680998051187
0 57.763671875 14.908854166666666 6.531046923532928 8.708062564710572
0 56.73828125 10.872395833333332 5.577290918730793 7.436387891641058
0 58.59375 10.416666666666668 5.459150335692846 7.278867114257127
0 61.767578125 10.15625 5.390479044389554 7.187305392519407
0 61.1328125 15.104166666666666 6.573687508709111 8.764916678278816
0 64.111328125 18.098958333333336 7.195938795502683 9.594585060670244
0 61.181640625 23.372395833333336 8.177344364608315 10.903125819477753
0 65.966796875 21.354166666666664 7.816313766397521 10.421751688530028
0 72.705078125 25.260416666666668 8.501213548086012 11.334951397448016
0 68.408203125 18.033854166666664 7.182984799767957 9.577313066357275
0 70.361328125 16.666666666666664 6.905339660024879 9.207119546699838
0 65.33203125 13.671875 6.254242410864013 8.338989881152017
0 66.40625 14.322916666666666 6.401421192444773 8.53522825659303
0 68.310546875 13.0859375 6.118755388111396 8.15834051748186
0 69.921875 12.109375 5.886017310176364 7.848023080235151
0 72.607421875 12.890625 6.072921369058959 8.097228492078614
0 75.29296875 12.890625 6.072921369058959 8.097228492078614
0 76.806640625 14.127604166666666 6.3576253222655215 8.476833763020695
0 77.83203125 13.0859375 6.118755388111396 8.15834051748186
0 73.876953125 18.5546875 7.28597191547444 9.714629220632586
0 75.537109375 16.080729166666664 6.782870718656271 9.043827624875028
0 77.05078125 18.033854166666664 7.182984799767957 9.577313066357275
0 78.466796875 16.2109375 6.810276368536802 9.080368491382403
0 81.34765625 13.671875 6.254242410864013 8.338989881152017
0 82.275390625 15.4296875 6.644147051109997 8.858862734813329
0 83.7890625 15.299479166666666 6.61605328023645 8.821404373648601
0 79.638671875 18.359375 7.247523246483103 9.663364328644137
0 79.638671875 23.372395833333336 8.177344364608315 10.903125819477753
0 79.98046875 28.515625 9.03237828793258 12.043171050576774
0 84.375 18.880208333333336 7.349606066157407 9.799474754876544
0 82.763671875 18.5546875 7.28597191547444 9.714629220632586
0 85.3515625 16.341145833333336 6.837572174807153 9.116762899742872
0 86.5234375 15.104166666666666 6.573687508709111 8.764916678278816
0 87.3046875 16.471354166666664 6.864759447755123 9.15301259700683
0 88.623046875 15.299479166666666 6.61605328023645 8.821404373648601
0 88.37890625 17.903645833333336 7.157006469457137 9.542675292609516
0 86.03515625 19.3359375 7.437779301119349 9.917039068159132
0 88.720703125 20.8984375 7.732458166088822 10.309944221451763
0 90.576171875 18.684895833333336 7.311492035346033 9.748656047128044
0 92.333984375 17.7734375 7.130933499479933 9.50791133263991
0 94.23828125 17.252604166666664 7.025674092542321 9.367565456723094
0 95.5078125 18.098958333333336 7.195938795502683 9.594585060670244
0 97.36328125 18.5546875 7.28597191547444 9.714629220632586
0 99.365234375 19.270833333333336 7.425247229367944 9.900329639157258
0 98.095703125 21.223958333333336 7.792447103762027 10.389929471682702
0 97.509765625 25.260416666666668 8.501213548086012 11.334951397448016
0 98.876953125 28.776041666666668 9.073528288158268 12.098037717544358
0 89.306640625 26.041666666666668 8.631674575031099 11.508899433374797
0 91.162109375 23.372395833333336 8.177344364608315 10.903125819477753
