0 93.75 86.71875 15.75132800361809 21.001770671490785
0 95.751953125 83.13802083333334 15.422703574820895 20.563604766427858
0 86.962890625 63.541666666666664 13.483106710433667 17.977475613911555
0 78.369140625 53.580729166666664 12.381263900818356 16.508351867757806
0 92.67578125 52.34375 12.237510776222791 16.31668103496372
0 98.92578125 42.44791666666667 11.020184378215204 14.693579170953605
0 87.98828125 41.9921875 10.960867307170393 14.614489742893857
0 90.33203125 33.26822916666667 9.756083595670033 13.008111460893376
0 85.44921875 38.60677083333333 10.509750584547465 14.01300077939662
0 79.00390625 39.0625 10.57159916729051 14.095465556387346
0 72.16796875 32.94270833333333 9.708235913444133 12.944314551258843
0 74.21875 27.604166666666668 8.886852892188134 11.849137189584178
0 76.5625 22.330729166666664 7.993042513249997 10.657390017666662
0 86.81640625 27.994791666666668 8.94951068030712 11.932680907076158
0 79.19921875 25.065104166666668 8.468284256293707 11.291045675058275
0 90.234375 28.3203125 9.001392336274797 12.001856448366395
0 99.21875 27.473958333333332 8.865868558553435 11.821158078071248
0 91.6015625 26.041666666666668 8.631674575031099 11.508899433374797
0 80.810546875 22.330729166666664 7.993042513249997 10.657390017666662
0 74.0234375 16.9921875 6.972448522214271 9.296598029619028
0 79.19921875 19.075520833333336 7.3875234600282 9.850031280037602
0 83.88671875 19.921875 7.549631882844837 10.066175843793117
0 91.69921875 22.916666666666664 8.097228492078614 10.796304656104818
0 75.146484375 14.2578125 6.386855937639267 8.515807916852356
0 81.298828125 17.96875 7.170007400189656 9.56000986691954
0 86.181640625 17.708333333333336 7.117861199762329 9.490481599683106
0 92.578125 18.229166666666664 7.221777078979024 9.629036105305365
0 99.0234375 17.513020833333336 7.0784994535786145 9.437999271438152
0 68.701171875 19.661458333333336 7.500125566067204 10.00016742142294
0 64.2578125 18.5546875 7.28597191547444 9.714629220632586
0 70.947265625 21.484375 7.840107775064166 10.453477033418888
0 62.353515625 15.104166666666666 6.573687508709111 8.764916678278816
0 59.66796875 23.046875 8.120199399200482 10.82693253226731
0 63.916015625 26.171875 8.653226854710587 11.537635806280782
0 59.130859375 18.9453125 7.3622668956389274 9.816355860851903
0 55.126953125 15.299479166666666 6.61605328023645 8.821404373648601
0 52.34375 20.963541666666664 7.7444931277157725 10.325990836954363
0 61.1328125 29.8828125 9.24637292940864 12.32849723921152
0 64.111328125 40.88541666666667 10.81545724284018 14.42060965712024
0 65.52734375 58.59375 12.947511862546646 17.263349150062194
0 51.26953125 50.325520833333336 11.999269562583924 15.99902608344523
0 50.634765625 37.04427083333333 10.29487780360901 13.726503738145347
0 43.994140625 35.22135416666667 10.038381471800859 13.384508629067811
0 50.048828125 27.864583333333332 8.928673607377803 11.904898143170405
0 46.826171875 32.09635416666667 9.58271390875707 12.77695187834276
0 38.671875 27.864583333333332 8.928673607377803 11.904898143170405
0 43.212890625 25.1953125 8.490251308132054 11.320335077509403
0 48.2421875 22.330729166666664 7.993042513249997 10.657390017666662
0 41.015625 21.614583333333336 7.863829789260941 10.485106385681254
0 49.609375 19.270833333333336 7.425247229367944 9.900329639157258
0 41.650390625 19.205729166666664 7.412693970636669 9.883591960848893
0 47.705078125 17.96875 7.170007400189656 9.56000986691954
0 52.05078125 15.950520833333334 6.755353888299149 9.0071385177322
0 56.298828125 13.736979166666666 6.269115778861736 8.358821038482315
0 61.1328125 17.513020833333336 7.0784994535786145 9.437999271438152
0 66.89453125 16.666666666666664 6.905339660024879 9.207119546699838
0 70.263671875 17.96875 7.170007400189656 9.56000986691954
0 88.818359375 15.4296875 6.644147051109997 8.858862734813329
0 89.404296875 24.0234375 8.290452702152177 11.053936936202902
0 94.677734375 23.046875 8.120199399200482 10.82693253226731
0 92.7734375 30.2734375 9.306610523667546 12.408814031556727
0 36.1328125 41.27604166666667 10.867000619363317 14.489334159151088
0 34.716796875 62.825520833333336 13.406910788872556 17.875881051830074
0 22.412109375 49.21875 11.866590634291736 15.822120845722315
0 2.490234375 60.9375 13.203923127919884 17.60523083722651
0 0.68359375 46.22395833333333 11.499904590708478 15.33320612094464
0 7.03125 34.50520833333333 9.935803586486637 13.247738115315515
0 10.888671875 27.994791666666668 8.94951068030712 11.932680907076158
0 5.76171875 28.7109375 9.063258303782652 12.084344405043536
0 18.603515625 33.203125 9.746532850751532 12.995377134335376
0 25.29296875 34.83072916666667 9.982560567502519 13.310080756670025
0 31.884765625 35.09114583333333 10.019809057239993 13.359745409653323
0 21.38671875 26.888020833333332 8.770817787597604 11.694423716796805
0 31.15234375 29.8828125 9.24637292940864 12.32849723921152
0 32.2265625 24.479166666666664 8.36871899463018 11.15829199284024
0 27.34375 23.763020833333336 8.245395560367612 10.993860747156816
0 30.419921875 18.684895833333336 7.311492035346033 9.748656047128044
0 34.619140625 16.861979166666664 6.945682786096826 9.260910381462436
0 26.708984375 18.5546875 7.28597191547444 9.714629220632586
0 20.1171875 20.963541666666664 7.7444931277157725 10.325990836954363
0 14.794921875 18.229166666666664 7.221777078979024 9.629036105305365
0 4.58984375 25.1953125 8.490251308132054 11.320335077509403
0 1.123046875 18.424479166666664 7.2603620931215325 9.680482790828709
0 5.6640625 20.377604166666664 7.635495607419925 10.180660809893233
0 14.2578125 22.4609375 8.016311973000304 10.688415964000404
0 8.88671875 16.015625 6.7691262856502785 9.025501714200372
0 18.310546875 18.5546875 7.28597191547444 9.714629220632586
0 25.927734375 16.276041666666664 6.823937919616058 9.09858389282141
0 21.2890625 17.252604166666664 7.025674092542321 9.367565456723094
0 30.419921875 15.690104166666666 6.699981201202437 8.933308268269917
0 37.59765625 15.559895833333334 6.672122530845778 8.896163374461038
0 44.189453125 16.015625 6.7691262856502785 9.025501714200372
0 48.4375 13.997395833333334 6.328259690346595 8.437679587128793
0 32.32421875 16.015625 6.7691262856502785 9.025501714200372
0 11.71875 17.3828125 7.052136235529384 9.40284831403918
0 4.1015625 19.401041666666664 7.450290292806215 9.933720390408286
0 60.9375 20.768229166666664 7.708331872750909 10.277775830334546
0 67.626953125 23.763020833333336 8.245395560367612 10.993860747156816
0 86.328125 21.614583333333336 7.863829789260941 10.485106385681254
0 65.72265625 15.169270833333334 6.587839704871492 8.783786273161988
0 51.171875 14.713541666666666 6.488126106405426 8.650834808540568
0 39.599609375 15.169270833333334 6.587839704871492 8.783786273161988
0 24.21875 15.104166666666666 6.573687508709111 8.764916678278816
0 15.13671875 15.169270833333334 6.587839704871492 8.783786273161988
0 5.2734375 16.9921875 6.972448522214271 9.296598029619028
0 8.0078125 18.815104166666664 7.336923388776433 9.782564518368577
0 41.11328125 17.122395833333336 6.9991119025755095 9.332149203434014
0 45.263671875 13.28125 6.16424861960576 8.218998159474348
0 59.228515625 35.80729166666667 10.121535615098267 13.495380820131023
0 59.375 32.35677083333333 9.621510480001493 12.828680640001991
