0 85.986328125 88.54166666666666 15.916021497076779 21.221361996102374
0 96.435546875 66.73177083333334 13.817421170253628 18.423228227004838
0 39.6484375 85.546875 15.644538107881223 20.85938414384163
0 44.384765625 66.92708333333334 13.837627012639933 18.450169350186577
0 56.73828125 64.6484375 13.600024386692622 18.133365848923496
0 23.4375 56.575520833333336 12.722572989304096 16.96343065240546
0 42.529296875 55.338541666666664 12.582719804741396 16.776959739655194
0 62.3046875 52.669270833333336 12.275503760448466 16.36733834726462
0 40.8203125 46.875 11.580606665655687 15.440808887540916
0 22.216796875 45.5078125 11.410473080956981 15.213964107942642
0 4.98046875 74.47916666666666 14.597486258668699 19.463315011558265
0 1.806640625 57.8125 12.860905460025315 17.14787394670042
0 15.234375 41.27604166666667 10.867000619363317 14.489334159151088
0 26.708984375 31.4453125 9.485028239697298 12.646704319596397
0 41.357421875 37.76041666666667 10.393912576859377 13.85855010247917
0 60.205078125 33.52864583333333 9.794193442310311 13.05892458974708
0 71.77734375 41.9921875 10.960867307170393 14.614489742893857
0 43.994140625 32.68229166666667 9.669787303317175 12.893049737756234
0 10.400390625 34.63541666666667 9.954532733337459 13.272710311116612
0 24.609375 21.09375 7.768507117527988 10.358009490037318
0 44.921875 26.692708333333332 8.738904457566134 11.651872610088178
0 25.537109375 27.734375 8.907787792557633 11.877050390076842
0 73.486328125 36.9140625 10.276768945607138 13.702358594142853
0 58.984375 42.70833333333333 11.053936936202902 14.738582581603868
0 92.87109375 48.828125 11.819407184470878 15.759209579294502
0 77.05078125 51.302083333333336 12.115132593554204 16.153510124738936
0 94.43359375 55.338541666666664 12.582719804741396 16.776959739655194
0 88.134765625 44.59635416666667 11.295627150464934 15.060836200619912
0 7.6171875 30.924479166666668 9.406149296522488 12.541532395363317
0 12.744140625 26.171875 8.653226854710587 11.537635806280782
0 3.41796875 27.083333333333332 8.802615418613255 11.736820558151006
0 8.69140625 22.8515625 8.085718566584333 10.780958088779109
0 16.552734375 20.572916666666664 7.672000176987631 10.229333569316841
0 19.3359375 23.893229166666664 8.267954824306681 11.023939765742242
0 36.62109375 27.213541666666668 8.823750179932228 11.765000239909636
0 51.220703125 30.403645833333332 9.326603265341873 12.43547102045583
0 57.177734375 26.692708333333332 8.738904457566134 11.651872610088178
0 59.27734375 24.21875 8.324085508414218 11.098780677885625
0 65.33203125 31.119791666666668 9.4358061729372 12.5810748972496
0 66.259765625 25.9765625 8.620878229873984 11.494504306498644
0 76.123046875 30.403645833333332 9.326603265341873 12.43547102045583
0 81.25 32.48697916666667 9.640850219074288 12.854466958765718
0 87.451171875 35.15625 10.029099563693228 13.372132751590971
0 90.087890625 32.48697916666667 9.640850219074288 12.854466958765718
0 76.513671875 23.567708333333336 8.211440458419013 10.948587277892017
0 41.748046875 20.8984375 7.732458166088822 10.309944221451763
0 54.39453125 13.346354166666666 6.179338602086361 8.239118136115147
0 41.357421875 14.908854166666666 6.531046923532928 8.708062564710572
0 27.392578125 16.145833333333336 6.796587356970242 9.062116475960323
0 11.81640625 20.377604166666664 7.635495607419925 10.180660809893233
0 70.849609375 19.661458333333336 7.500125566067204 10.00016742142294
0 57.275390625 19.661458333333336 7.500125566067204 10.00016742142294
0 62.01171875 13.541666666666666 6.224389054678692 8.299185406238257
0 60.986328125 18.815104166666664 7.336923388776433 9.782564518368577
0 83.49609375 17.903645833333336 7.157006469457137 9.542675292609516
0 91.015625 24.4140625 8.357582969744357 11.143443959659143
0 85.888671875 29.166666666666668 9.134905729428569 12.17987430590476
0 94.189453125 40.234375 10.72900136184506 14.305335149126746
0 97.998046875 27.213541666666668 8.823750179932228 11.765000239909636
0 87.98828125 28.971354166666668 9.104268731797058 12.139024975729411
0 77.978515625 27.408854166666668 8.855357744474432 11.807143659299243
0 79.931640625 24.21875 8.324085508414218 11.098780677885625
0 97.0703125 32.29166666666667 9.611826018080825 12.815768024107768
0 68.994140625 24.934895833333336 8.446260072691679 11.26168009692224
0 75.1953125 16.666666666666664 6.905339660024879 9.207119546699838
0 76.66015625 18.098958333333336 7.195938795502683 9.594585060670244
0 79.296875 18.294270833333336 7.234661615679748 9.646215487572997
0 86.42578125 21.940104166666664 7.92282408798045 10.5637654506406
0 89.84375 19.53125 7.475249459177179 9.966999278902906
0 91.015625 20.703125 7.6962403643301345 10.261653819106845
0 65.4296875 21.940104166666664 7.92282408798045 10.5637654506406
0 65.72265625 16.536458333333336 6.878312786611722 9.171083715482297
0 67.1875 16.666666666666664 6.905339660024879 9.207119546699838
0 49.51171875 22.135416666666664 7.958010748538389 10.610680998051187
0 45.703125 20.182291666666664 7.598815672600545 10.13175423013406
0 47.119140625 16.341145833333336 6.837572174807153 9.116762899742872
0 50.5859375 19.53125 7.475249459177179 9.966999278902906
0 53.857421875 17.903645833333336 7.157006469457137 9.542675292609516
0 33.447265625 16.861979166666664 6.945682786096826 9.260910381462436
0 29.638671875 19.3359375 7.437779301119349 9.917039068159132
0 19.3359375 18.9453125 7.3622668956389274 9.816355860851903
0 22.119140625 16.861979166666664 6.945682786096826 9.260910381462436
0 12.353515625 17.1875 7.012405574387241 9.349874099182989
0 3.662109375 20.377604166666664 7.635495607419925 10.180660809893233
0 5.126953125 18.9453125 7.3622668956389274 9.816355860851903
0 37.109375 17.057291666666664 6.985792933508055 9.31439057801074
0 38.330078125 16.536458333333336 6.878312786611722 9.171083715482297
0 60.05859375 17.578125 7.091644310682526 9.455525747576702
