0 77.63671875 54.1015625 12.441294623193059 16.58839283092408
0 67.1875 60.546875 13.161534822294815 17.548713096393087
0 88.37890625 61.263020833333336 13.239143044118567 17.652190725491423
0 92.1875 51.953125 12.191762912254749 16.25568388300633
0 89.16015625 41.34114583333333 10.87556743237638 14.500756576501841
0 65.283203125 40.88541666666667 10.81545724284018 14.42060965712024
0 49.658203125 47.20052083333333 11.620747537023785 15.494330049365049
0 36.62109375 63.411458333333336 13.469284967476753 17.959046623302335
0 22.65625 48.76302083333333 11.811524951393816 15.748699935191754
0 2.294921875 58.268229166666664 12.911496460758165 17.21532861434422
0 0.927734375 44.46614583333333 11.279125129746294 15.038833506328391
0 2.5390625 34.11458333333333 9.87940311049722 13.17253748066296
0 3.955078125 24.8046875 8.424178309229896 11.23223774563986
0 18.26171875 22.526041666666664 8.027921409891299 10.703895213188398
0 21.6796875 28.125 8.970299351012615 11.960399134683486
0 41.259765625 19.53125 7.475249459177179 9.966999278902906
0 50.634765625 25.9765625 8.620878229873984 11.494504306498644
0 35.888671875 40.625 10.780958088779109 14.374610785038813
0 31.591796875 34.70052083333333 9.963884104806219 13.28517880640829
0 33.10546875 27.864583333333332 8.928673607377803 11.904898143170405
0 43.115234375 24.8046875 8.424178309229896 11.23223774563986
0 75.146484375 26.822916666666668 8.760192928715409 11.680257238287211
0 72.16796875 32.421875 9.631185203893738 12.84158027185832
0 79.4921875 37.56510416666667 10.366996918617573 13.822662558156765
0 84.86328125 33.26822916666667 9.756083595670033 13.008111460893376
0 98.92578125 37.890625 10.411817693623036 13.88242359149738
0 97.998046875 45.76822916666667 11.443074499055587 15.25743266540745
0 97.8515625 27.864583333333332 8.928673607377803 11.904898143170405
0 89.35546875 24.934895833333336 8.446260072691679 11.26168009692224
0 95.60546875 19.921875 7.549631882844837 10.066175843793117
0 84.1796875 22.0703125 7.946299173761924 10.595065565015899
0 50.439453125 36.45833333333333 10.21313508952729 13.617513452703053
0 33.642578125 17.643229166666664 7.104764847914316 9.473019797219088
0 29.638671875 22.786458333333336 8.074192233473482 10.765589644631309
0 32.12890625 13.346354166666666 6.179338602086361 8.239118136115147
0 41.259765625 13.802083333333334 6.283953943473511 8.378605257964681
0 56.4453125 10.7421875 5.543793372981247 7.391724497308329
0 60.83984375 20.247395833333336 7.611061958825638 10.148082611767517
0 65.0390625 26.5625 8.717563999686098 11.62341866624813
0 59.326171875 35.61197916666667 10.093893681970965 13.458524909294619
0 80.029296875 21.809895833333336 7.8992792392241125 10.532372318965482
0 82.8125 27.408854166666668 8.855357744474432 11.807143659299243
0 77.294921875 22.526041666666664 8.027921409891299 10.703895213188398
0 79.4921875 15.625 6.686066375795484 8.914755167727312
0 77.197265625 17.903645833333336 7.157006469457137 9.542675292609516
0 4.78515625 30.533854166666668 9.346553241646458 12.462070988861944
0 9.423828125 27.5390625 8.876366926421502 11.835155901895336
0 44.7265625 15.950520833333334 6.755353888299149 9.0071385177322
0 21.044921875 14.322916666666666 6.401421192444773 8.53522825659303
0 21.484375 20.638020833333336 7.684129829110212 10.245506438813615
0 13.623046875 14.6484375 6.473755931273323 8.631674575031097
0 13.720703125 21.354166666666664 7.816313766397521 10.421751688530028
0 3.7109375 16.666666666666664 6.905339660024879 9.207119546699838
0 80.126953125 24.674479166666664 8.402038511923953 11.202718015898604
0 91.650390625 20.1171875 7.586549618320344 10.115399491093791
0 92.578125 30.989583333333332 9.416045300623482 12.554727067497975
0 88.720703125 32.55208333333333 9.650505554713073 12.86734073961743
0 86.376953125 17.7734375 7.130933499479933 9.50791133263991
0 89.0625 18.098958333333336 7.195938795502683 9.594585060670244
0 99.609375 32.29166666666667 9.611826018080825 12.815768024107768
0 51.26953125 15.755208333333334 6.7138671875 8.951822916666668
0 55.37109375 15.234375 6.60196156395994 8.802615418613254
0 8.544921875 17.903645833333336 7.157006469457137 9.542675292609516
0 71.19140625 18.229166666666664 7.221777078979024 9.629036105305365
0 61.181640625 14.0625 6.342959500374307 8.457279333832409
0 37.060546875 15.494791666666666 6.658149484030587 8.877532645374115
0 83.642578125 16.080729166666664 6.782870718656271 9.043827624875028
0 0.48828125 17.057291666666664 6.985792933508055 9.31439057801074
0 46.533203125 14.908854166666666 6.531046923532928 8.708062564710572
0 69.677734375 12.5 5.980199567341744 7.973599423122326
0 99.609375 57.356770833333336 12.810114661752536 17.080152882336716
0 93.26171875 17.7734375 7.130933499479933 9.50791133263991
0 89.599609375 28.7109375 9.063258303782652 12.084344405043536
0 70.41015625 21.223958333333336 7.792447103762027 10.389929471682702
0 67.1875 23.502604166666664 8.200090846279542 10.933454461706056
0 35.693359375 14.518229166666666 6.444919458600731 8.593225944800976
0 63.427734375 14.6484375 6.473755931273323 8.631674575031097
0 92.1875 23.111979166666664 8.131660519088275 10.842214025451032
0 9.86328125 16.341145833333336 6.837572174807153 9.116762899742872
0 28.466796875 13.802083333333334 6.283953943473511 8.378605257964681
0 11.767578125 15.234375 6.60196156395994 8.802615418613254
0 26.611328125 18.815104166666664 7.336923388776433 9.782564518368577
0 63.134765625 12.044270833333332 5.870173358664351 7.826897811552468
0 5.029296875 17.903645833333336 7.157006469457137 9.542675292609516
0 61.81640625 25.130208333333332 8.479274895904423 11.305699861205897
0 24.169921875 15.494791666666666 6.658149484030587 8.877532645374115
0 11.9140625 18.489583333333336 7.273178276253042 9.697571035004056
0 74.853515625 13.4765625 6.209408553886659 8.279211405182211
0 18.115234375 15.625 6.686066375795484 8.914755167727312
