0 2.1484375 57.421875 12.8173828125 17.08984375
0 2.1484375 43.88020833333333 11.2045652775182 14.939420370024267
0 4.39453125 38.41145833333333 10.483132346995646 13.977509795994195
0 0.5859375 30.533854166666668 9.346553241646458 12.462070988861944
0 1.5625 18.098958333333336 7.195938795502683 9.594585060670244
0 11.23046875 81.90104166666666 15.30753931150446 20.410052415339276
0 3.662109375 20.052083333333336 7.574263699945591 10.099018266594122
0 22.36328125 52.083333333333336 12.20703125 16.276041666666664
0 26.5625 45.1171875 11.361395549918386 15.148527399891181
0 44.43359375 56.510416666666664 12.715250644531043 16.95366752604139
0 40.72265625 74.0234375 14.55275758980269 19.403676786403587
0 51.66015625 77.9296875 14.931799100006184 19.909065466674914
0 72.265625 59.440104166666664 13.04068641309906 17.38758188413208
0 73.681640625 52.604166666666664 12.267914576563586 16.357219435418116
0 85.009765625 69.46614583333334 14.097667800843624 18.796890401124834
0 84.1796875 47.78645833333333 11.69265384562257 15.590205127496759
0 93.26171875 49.0234375 11.843022407185213 15.790696542913619
0 87.6953125 38.15104166666667 10.447535869521296 13.930047826028394
0 79.39453125 35.48177083333333 10.075423595714831 13.433898127619774
0 72.16796875 37.63020833333333 10.3759765625 13.834635416666666
0 66.015625 32.8125 9.689030680168178 12.918707573557572
0 54.58984375 46.02864583333333 11.475583298927713 15.300777731903617
0 61.9140625 45.8984375 11.459340426952263 15.279120569269683
0 66.943359375 39.90885416666667 10.685511108405517 14.24734814454069
0 48.14453125 37.76041666666667 10.393912576859377 13.85855010247917
0 42.626953125 33.59375 9.803697756475225 13.071597008633635
0 39.013671875 38.28125 10.46534924284805 13.953798990464069
0 33.59375 38.671875 10.518608361580863 14.024811148774482
0 30.810546875 30.924479166666668 9.406149296522488 12.541532395363317
0 30.46875 25.1953125 8.490251308132054 11.320335077509403
0 14.404296875 36.39322916666667 10.204012144348443 13.605349525797925
0 18.65234375 33.46354166666667 9.784679896167846 13.046239861557126
0 5.810546875 31.0546875 9.425930915210266 12.567907886947022
0 12.109375 28.645833333333332 9.052976668817948 12.07063555842393
0 18.115234375 24.609375 8.39094670707246 11.187928942763282
0 14.94140625 19.401041666666664 7.450290292806215 9.933720390408286
0 6.201171875 22.0703125 7.946299173761924 10.595065565015899
0 7.91015625 16.341145833333336 6.837572174807153 9.116762899742872
0 19.04296875 14.322916666666666 6.401421192444773 8.53522825659303
0 21.728515625 29.752604166666668 9.22620633412535 12.301608445500468
0 22.0703125 23.958333333333336 8.279211405182211 11.038948540242949
0 20.01953125 18.880208333333336 7.349606066157407 9.799474754876544
0 26.953125 22.65625 8.051090062422436 10.734786749896582
0 34.521484375 26.7578125 8.749555167743805 11.66607355699174
0 87.01171875 31.8359375 9.543759625922785 12.725012834563712
0 91.943359375 29.036458333333332 9.114492506755418 12.15265667567389
0 71.337890625 30.2734375 9.306610523667546 12.408814031556727
0 77.392578125 28.125 8.970299351012615 11.960399134683486
0 85.107421875 21.940104166666664 7.92282408798045 10.5637654506406
0 96.240234375 25.065104166666668 8.468284256293707 11.291045675058275
0 45.068359375 27.734375 8.907787792557633 11.877050390076842
0 40.625 24.869791666666664 8.435226416678011 11.246968555570682
0 36.9140625 19.140625 7.400119417103358 9.866825889471144
0 44.7265625 18.098958333333336 7.195938795502683 9.594585060670244
0 53.759765625 25.1953125 8.490251308132054 11.320335077509403
0 49.853515625 28.515625 9.03237828793258 12.043171050576774
0 29.00390625 18.75 7.32421875 9.765625
0 11.62109375 19.53125 7.475249459177179 9.966999278902906
0 21.533203125 15.104166666666666 6.573687508709111 8.764916678278816
0 23.4375 21.2890625 7.804389558437758 10.405852744583676
0 26.66015625 14.973958333333334 6.545291317604741 8.727055090139656
0 6.494140625 18.489583333333336 7.273178276253042 9.697571035004056
0 24.560546875 15.494791666666666 6.658149484030587 8.877532645374115
0 39.697265625 21.028645833333336 7.756509415978292 10.342012554637723
0 57.51953125 15.364583333333334 6.6301150458985685 8.840153394531425
0 62.01171875 12.955729166666666 6.088237714617921 8.117650286157229
0 66.748046875 14.84375 6.516771394062079 8.689028525416106
0 71.97265625 22.786458333333336 8.074192233473482 10.765589644631309
0 78.564453125 18.75 7.32421875 9.765625
0 81.298828125 25.1953125 8.490251308132054 11.320335077509403
0 97.65625 22.65625 8.051090062422436 10.734786749896582
0 87.890625 23.958333333333336 8.279211405182211 11.038948540242949
0 99.462890625 30.533854166666668 9.346553241646458 12.462070988861944
0 98.53515625 19.010416666666664 7.37490598974278 9.833207986323707
0 92.724609375 19.010416666666664 7.37490598974278 9.833207986323707
0 86.71875 16.6015625 6.891839471823862 9.189119295765149
0 81.982421875 17.96875 7.170007400189656 9.56000986691954
0 76.3671875 18.619791666666664 7.298743129334349 9.731657505779133
0 69.43359375 14.84375 6.516771394062079 8.689028525416106
0 63.427734375 19.270833333333336 7.425247229367944 9.900329639157258
0 58.203125 23.046875 8.120199399200482 10.82693253226731
0 52.783203125 17.252604166666664 7.025674092542321 9.367565456723094
0 42.626953125 15.690104166666666 6.699981201202437 8.933308268269917
0 13.818359375 22.200520833333336 7.969705113037473 10.626273484049964
0 31.103515625 20.5078125 7.659851317145468 10.21313508952729
0 31.201171875 14.973958333333334 6.545291317604741 8.727055090139656
0 36.81640625 15.104166666666666 6.573687508709111 8.764916678278816
0 47.8515625 15.364583333333334 6.6301150458985685 8.840153394531425
0 33.984375 15.494791666666666 6.658149484030587 8.877532645374115
0 68.017578125 24.869791666666664 8.435226416678011 11.246968555570682
0 64.208984375 28.255208333333332 8.991039955234518 11.988053273646026
0 60.888671875 33.46354166666667 9.784679896167846 13.046239861557126
0 74.169921875 13.932291666666666 6.313525654778199 8.418034206370931
0 61.9140625 29.296875 9.1552734375 12.20703125
0 58.10546875 26.236979166666668 8.66398288975732 11.551977186343091
0 88.818359375 18.880208333333336 7.349606066157407 9.799474754876544
0 89.013671875 27.604166666666668 8.886852892188134 11.849137189584178
0 57.177734375 11.5234375 5.74184805976159 7.6557974130154545
0 38.818359375 14.322916666666666 6.401421192444773 8.53522825659303
0 99.462890625 50.455729166666664 12.01478252260103 16.019710030134707
0 51.26953125 37.890625 10.411817693623036 13.88242359149738
0 2.783203125 22.65625 8.051090062422436 10.734786749896582
0 35.009765625 18.098958333333336 7.195938795502683 9.594585060670244
0 48.876953125 19.661458333333336 7.500125566067204 10.00016742142294
0 46.435546875 24.21875 8.324085508414218 11.098780677885625
0 52.392578125 20.638020833333336 7.684129829110212 10.245506438813615
0 60.205078125 19.270833333333336 7.425247229367944 9.900329639157258
0 91.552734375 24.609375 8.39094670707246 11.187928942763282
