0 1.025390625 59.9609375 13.097695150070152 17.46359353342687
0 26.5625 51.5625 12.145842738117919 16.194456984157227
0 53.125 50.911458333333336 12.06892085771801 16.091894476957346
0 51.220703125 43.09895833333333 11.10437341226822 14.805831216357626
0 55.859375 47.78645833333333 11.69265384562257 15.590205127496759
0 49.560546875 45.83333333333333 11.45121035113142 15.268280468175227
0 63.916015625 60.091145833333336 13.111908605310568 17.482544807080757
0 68.5546875 35.3515625 10.056919588186085 13.409226117581447
0 60.791015625 34.9609375 10.001202153426476 13.334936204568635
0 74.70703125 32.2265625 9.60213178866716 12.802842384889546
0 79.345703125 52.994791666666664 12.313379517719735 16.41783935695965
0 93.603515625 52.083333333333336 12.20703125 16.276041666666664
0 86.9140625 43.75 11.187928942763282 14.917238590351042
0 93.505859375 33.65885416666667 9.813192865486773 13.084257153982362
0 77.294921875 29.427083333333332 9.175595934065496 12.234127912087327
0 68.5546875 21.744791666666664 7.887480458569388 10.51664061142585
0 51.953125 24.609375 8.39094670707246 11.187928942763282
0 65.185546875 21.223958333333336 7.792447103762027 10.389929471682702
0 83.251953125 25.651041666666668 8.566692411876344 11.422256549168457
0 30.517578125 26.692708333333332 8.738904457566134 11.651872610088178
0 2.9296875 32.48697916666667 9.640850219074288 12.854466958765718
0 4.4921875 23.958333333333336 8.279211405182211 11.038948540242949
0 51.318359375 19.856770833333336 7.537285788103314 10.049714384137753
0 78.857421875 25.651041666666668 8.566692411876344 11.422256549168457
0 48.583984375 18.9453125 7.3622668956389274 9.816355860851903
0 77.587890625 21.484375 7.840107775064166 10.453477033418888
0 90.91796875 30.208333333333332 9.296598029619028 12.395464039492039
0 6.640625 19.856770833333336 7.537285788103314 10.049714384137753
0 91.40625 24.609375 8.39094670707246 11.187928942763282
0 2.05078125 19.7265625 7.512532730158185 10.01671030687758
0 99.169921875 29.557291666666668 9.195873518871684 12.261164691828911
0 33.251953125 19.7265625 7.512532730158185 10.01671030687758
0 96.728515625 24.739583333333336 8.413115693414442 11.217487591219255
0 43.505859375 17.513020833333336 7.0784994535786145 9.437999271438152
0 66.845703125 15.4296875 6.644147051109997 8.858862734813329
0 21.484375 20.377604166666664 7.635495607419925 10.180660809893233
0 76.3671875 25.260416666666668 8.501213548086012 11.334951397448016
0 20.99609375 16.6015625 6.891839471823862 9.189119295765149
0 73.828125 25.78125 8.588407763348565 11.451210351131419
0 87.109375 24.348958333333336 8.346432086900233 11.128576115866979
0 93.408203125 20.5078125 7.659851317145468 10.21313508952729
0 34.716796875 19.075520833333336 7.3875234600282 9.850031280037602
0 4.296875 20.377604166666664 7.635495607419925 10.180660809893233
0 72.94921875 20.703125 7.6962403643301345 10.261653819106845
0 42.1875 15.299479166666666 6.61605328023645 8.821404373648601
0 71.2890625 16.2109375 6.810276368536802 9.080368491382403
0 84.521484375 19.466145833333336 7.462780310447684 9.950373747263578
0 8.59375 17.7734375 7.130933499479933 9.50791133263991
0 3.515625 28.515625 9.03237828793258 12.043171050576774
0 33.056640625 35.09114583333333 10.019809057239993 13.359745409653323
0 31.103515625 20.5078125 7.659851317145468 10.21313508952729
0 25.87890625 15.690104166666666 6.699981201202437 8.933308268269917
0 33.642578125 15.8203125 6.72772451325946 8.970299351012613
0 44.580078125 15.4296875 6.644147051109997 8.858862734813329
0 51.611328125 13.997395833333334 6.328259690346595 8.437679587128793
0 55.859375 15.950520833333334 6.755353888299149 9.0071385177322
0 64.013671875 15.559895833333334 6.672122530845778 8.896163374461038
0 68.26171875 17.7734375 7.130933499479933 9.50791133263991
0 76.46484375 18.9453125 7.3622668956389274 9.816355860851903
0 95.458984375 23.177083333333336 8.143105507889608 10.857474010519478
0 94.970703125 64.12760416666666 13.545130017805265 18.060173357073687
0 55.37109375 13.4765625 6.209408553886659 8.279211405182211
0 43.505859375 13.8671875 6.298757153488249 8.398342871317666
0 60.400390625 14.2578125 6.386855937639267 8.515807916852356
0 52.63671875 96.22395833333334 16.592135277182845 22.122847036243794
0 48.583984375 86.78385416666666 15.757239554962874 21.0096527399505
0 85.546875 85.61197916666666 15.650489996286726 20.86731999504897
0 91.11328125 70.18229166666666 14.170149861137574 18.89353314818343
0 74.70703125 62.825520833333336 13.406910788872556 17.875881051830074
0 76.3671875 53.125 12.32849723921152 16.437996318948695
0 74.51171875 40.69010416666667 10.789593218788873 14.386124291718497
0 64.990234375 44.40104166666667 11.270865058971795 15.027820078629059
0 46.337890625 47.00520833333333 11.5966796875 15.462239583333334
0 40.4296875 63.8671875 13.517599237274231 18.023465649698974
0 22.36328125 50.130208333333336 11.975962445281118 15.967949927041488
0 4.58984375 56.966145833333336 12.766418861909113 17.021891815878817
0 6.25 81.70572916666666 15.28927618392987 20.38570157857316
0 1.513671875 39.51822916666667 10.633088006704314 14.177450675605751
0 9.08203125 29.427083333333332 9.175595934065496 12.234127912087327
0 15.087890625 24.739583333333336 8.413115693414442 11.217487591219255
0 10.05859375 21.614583333333336 7.863829789260941 10.485106385681254
0 1.123046875 17.513020833333336 7.0784994535786145 9.437999271438152
0 10.15625 16.861979166666664 6.945682786096826 9.260910381462436
0 1.806640625 16.080729166666664 6.782870718656271 9.043827624875028
0 17.236328125 19.596354166666664 7.487697843252746 9.983597124336994
0 6.34765625 16.471354166666664 6.864759447755123 9.15301259700683
0 12.451171875 17.122395833333336 6.9991119025755095 9.332149203434014
0 18.75 15.8203125 6.72772451325946 8.970299351012613
0 13.525390625 14.127604166666666 6.3576253222655215 8.476833763020695
0 24.51171875 12.434895833333332 5.964605800076924 7.952807733435899
0 25.68359375 23.828125 8.256682897014576 11.008910529352768
0 23.14453125 16.2109375 6.810276368536802 9.080368491382403
0 22.75390625 23.046875 8.120199399200482 10.82693253226731
0 29.931640625 19.205729166666664 7.412693970636669 9.883591960848893
0 29.248046875 12.434895833333332 5.964605800076924 7.952807733435899
0 38.671875 22.65625 8.051090062422436 10.734786749896582
0 36.23046875 30.859375 9.396242870080965 12.52832382677462
0 44.873046875 31.770833333333332 9.53399618640949 12.711994915212655
0 30.908203125 14.388020833333334 6.415953381844678 8.554604509126236
0 26.07421875 14.2578125 6.386855937639267 8.515807916852356
0 37.01171875 18.1640625 7.208869513560617 9.611826018080823
0 33.056640625 13.606770833333334 6.2393335877260965 8.319111450301463
0 38.671875 11.263020833333332 5.676597667766807 7.568796890355743
0 48.486328125 23.046875 8.120199399200482 10.82693253226731
0 35.7421875 14.2578125 6.386855937639267 8.515807916852356
0 45.751953125 19.856770833333336 7.537285788103314 10.049714384137753
0 40.33203125 17.643229166666664 7.104764847914316 9.473019797219088
0 56.34765625 20.703125 7.6962403643301345 10.261653819106845
0 41.11328125 13.0859375 6.118755388111396 8.15834051748186
0 54.4921875 10.3515625 5.442063751259463 7.256085001679284
0 39.74609375 12.565104166666666 5.995752778438873 7.9943370379184975
0 56.15234375 11.1328125 5.6436895779134915 7.524919437217989
0 46.826171875 13.346354166666666 6.179338602086361 8.239118136115147
0 58.7890625 14.2578125 6.386855937639267 8.515807916852356
0 44.775390625 11.653645833333332 5.7741967555006415 7.698929007334189
0 60.205078125 25.260416666666668 8.501213548086012 11.334951397448016
0 64.599609375 30.598958333333332 9.35651227829339 12.475349704391189
0 80.517578125 37.43489583333333 10.349014256477766 13.798685675303688
0 91.015625 36.78385416666667 10.258628121320564 13.678170828427419
0 61.474609375 18.815104166666664 7.336923388776433 9.782564518368577
0 62.646484375 10.611979166666668 5.510092189107602 7.346789585476802
0 72.0703125 12.6953125 6.026738787271576 8.0356517163621
0 66.845703125 12.3046875 5.933295317145868 7.911060422861158
0 74.31640625 14.6484375 6.473755931273323 8.631674575031097
0 68.115234375 13.4765625 6.209408553886659 8.279211405182211
0 77.001953125 12.825520833333334 6.057566296777102 8.076755062369468
0 70.3125 12.6953125 6.026738787271576 8.0356517163621
0 81.787109375 15.4296875 6.644147051109997 8.858862734813329
0 89.2578125 26.953125 8.78142979122202 11.708573054962693
0 86.1328125 19.596354166666664 7.487697843252746 9.983597124336994
0 98.486328125 21.09375 7.768507117527988 10.358009490037318
0 80.517578125 13.0859375 6.118755388111396 8.15834051748186
0 71.2890625 27.994791666666668 8.94951068030712 11.932680907076158
0 79.345703125 20.1171875 7.586549618320344 10.115399491093791
0 86.42578125 14.778645833333334 6.502464524127966 8.669952698837287
0 78.076171875 15.950520833333334 6.755353888299149 9.0071385177322
0 99.365234375 18.1640625 7.208869513560617 9.611826018080823
0 89.94140625 19.856770833333336 7.537285788103314 10.049714384137753
0 82.275390625 19.986979166666664 7.561957820656658 10.08261042754221
0 97.119140625 17.7734375 7.130933499479933 9.50791133263991
0 87.109375 16.9921875 6.972448522214271 9.296598029619028
0 95.068359375 19.205729166666664 7.412693970636669 9.883591960848893
0 89.35546875 15.690104166666666 6.699981201202437 8.933308268269917
0 70.3125 23.177083333333336 8.143105507889608 10.857474010519478
0 93.408203125 18.294270833333336 7.234661615679748 9.646215487572997
0 21.09375 13.997395833333334 6.328259690346595 8.437679587128793
0 62.451171875 14.127604166666666 6.3576253222655215 8.476833763020695
0 83.837890625 15.8203125 6.72772451325946 8.970299351012613
0 99.658203125 47.78645833333333 11.69265384562257 15.590205127496759
0 78.662109375 13.8671875 6.298757153488249 8.398342871317666
0 8.49609375 15.559895833333334 6.672122530845778 8.896163374461038
0 75.1953125 12.955729166666666 6.088237714617921 8.117650286157229
0 15.869140625 16.861979166666664 6.945682786096826 9.260910381462436
0 20.1171875 12.044270833333332 5.870173358664351 7.826897811552468
0 53.515625 15.0390625 6.559504779115197 8.746006372153596
0 42.48046875 22.395833333333336 8.00468569861084 10.672914264814453
