0 64.794921875 62.174479166666664 13.33726402796152 17.783018703948695
0 83.59375 65.75520833333334 13.715945467678365 18.287927290237818
0 90.283203125 56.575520833333336 12.722572989304096 16.96343065240546
0 63.525390625 44.07552083333333 11.229473567489073 14.972631423318763
0 76.953125 39.77864583333333 10.668065364348472 14.224087152464628
0 52.880859375 50.911458333333336 12.06892085771801 16.091894476957346
0 31.494140625 36.65364583333333 10.240455160865794 13.653940214487726
0 61.279296875 36.45833333333333 10.21313508952729 13.617513452703053
0 57.861328125 36.00260416666667 10.149102263376399 13.53213635116853
0 50.390625 49.34895833333333 11.882276815143912 15.843035753525218
0 92.822265625 31.184895833333332 9.445671106287941 12.594228141717254
0 80.2734375 25.5859375 8.555814067917595 11.407752090556793
0 66.357421875 24.609375 8.39094670707246 11.187928942763282
0 72.216796875 22.8515625 8.085718566584333 10.780958088779109
0 56.884765625 19.466145833333336 7.462780310447684 9.950373747263578
0 50.1953125 29.947916666666668 9.25643975103949 12.341919668052654
0 48.046875 23.763020833333336 8.245395560367612 10.993860747156816
0 37.255859375 16.927083333333336 6.959078522333606 9.278771363111476
0 78.076171875 81.70572916666666 15.28927618392987 20.38570157857316
0 75.341796875 53.971354166666664 12.426314130555623 16.568418840740833
0 85.9375 61.979166666666664 13.316298968061174 17.75506529074823
0 90.380859375 52.278645833333336 12.229898016060718 16.306530688080954
0 64.697265625 56.575520833333336 12.722572989304096 16.96343065240546
0 37.353515625 63.541666666666664 13.483106710433667 17.977475613911555
0 54.248046875 44.07552083333333 11.229473567489073 14.972631423318763
0 63.96484375 39.90885416666667 10.685511108405517 14.24734814454069
0 80.712890625 43.9453125 11.212874188765769 14.950498918354358
0 79.248046875 36.1328125 10.167438506443897 13.556584675258529
0 87.40234375 34.9609375 10.001202153426476 13.334936204568635
0 99.169921875 34.44010416666667 9.926425761285763 13.235234348381017
0 98.73046875 29.557291666666668 9.195873518871684 12.261164691828911
0 93.408203125 28.580729166666668 9.042683343523592 12.056911124698123
0 89.013671875 27.408854166666668 8.855357744474432 11.807143659299243
0 90.087890625 23.177083333333336 8.143105507889608 10.857474010519478
0 94.384765625 24.479166666666664 8.36871899463018 11.15829199284024
0 73.6328125 30.338541666666668 9.316612257369233 12.42214967649231
0 60.64453125 31.705729166666668 9.524222738236839 12.698963650982451
0 62.79296875 25.651041666666668 8.566692411876344 11.422256549168457
0 48.974609375 35.61197916666667 10.093893681970965 13.458524909294619
0 34.47265625 42.51302083333333 11.02863220189981 14.704842935866417
0 22.705078125 49.21875 11.866590634291736 15.822120845722315
0 11.23046875 62.955729166666664 13.420796769589858 17.89439569278648
0 1.708984375 57.877604166666664 12.868144923283701 17.157526564378266
0 5.37109375 39.6484375 10.650591044076627 14.200788058768838
0 5.37109375 33.3984375 9.775157091093119 13.033542788124159
0 2.783203125 28.645833333333332 9.052976668817948 12.07063555842393
0 9.130859375 28.059895833333332 8.959911044862793 11.946548059817056
0 1.7578125 24.0234375 8.290452702152177 11.053936936202902
0 8.0078125 20.442708333333336 7.647683158045451 10.196910877393934
0 4.1015625 21.875 7.911060422861158 10.548080563814876
0 3.61328125 17.578125 7.091644310682526 9.455525747576702
0 0.87890625 16.927083333333336 6.959078522333606 9.278771363111476
0 5.712890625 18.619791666666664 7.298743129334349 9.731657505779133
0 10.595703125 16.731770833333336 6.9188135063199665 9.225084675093289
0 15.625 15.625 6.686066375795484 8.914755167727312
0 2.197265625 33.07291666666667 9.727403229070575 12.9698709720941
0 12.40234375 19.661458333333336 7.500125566067204 10.00016742142294
0 29.8828125 22.005208333333336 7.9345703125 10.579427083333332
0 32.373046875 21.484375 7.840107775064166 10.453477033418888
0 17.67578125 30.794270833333332 9.386325988299376 12.515101317732501
0 22.265625 31.184895833333332 9.445671106287941 12.594228141717254
0 20.703125 21.809895833333336 7.8992792392241125 10.532372318965482
0 27.392578125 22.526041666666664 8.027921409891299 10.703895213188398
0 33.69140625 26.041666666666668 8.631674575031099 11.508899433374797
0 32.2265625 31.510416666666668 9.494842032534208 12.659789376712277
0 43.505859375 30.533854166666668 9.346553241646458 12.462070988861944
0 43.505859375 25.260416666666668 8.501213548086012 11.334951397448016
0 49.853515625 26.627604166666668 8.728240750778255 11.637654334371007
0 49.0234375 20.833333333333336 7.720404443770458 10.293872591693944
0 59.27734375 22.916666666666664 8.097228492078614 10.796304656104818
0 59.521484375 25.390625 8.523095729839442 11.364127639785922
0 67.041015625 22.65625 8.051090062422436 10.734786749896582
0 73.583984375 25.260416666666668 8.501213548086012 11.334951397448016
0 79.296875 22.526041666666664 8.027921409891299 10.703895213188398
0 80.46875 29.036458333333332 9.114492506755418 12.15265667567389
0 99.755859375 24.21875 8.324085508414218 11.098780677885625
0 99.51171875 19.986979166666664 7.561957820656658 10.08261042754221
0 95.5078125 22.135416666666664 7.958010748538389 10.610680998051187
0 98.2421875 19.466145833333336 7.462780310447684 9.950373747263578
0 95.1171875 19.856770833333336 7.537285788103314 10.049714384137753
0 95.60546875 18.359375 7.247523246483103 9.663364328644137
0 89.013671875 18.619791666666664 7.298743129334349 9.731657505779133
0 87.01171875 21.09375 7.768507117527988 10.358009490037318
0 86.42578125 16.796875 6.932261164306974 9.243014885742634
0 84.423828125 20.182291666666664 7.598815672600545 10.13175423013406
0 83.30078125 15.950520833333334 6.755353888299149 9.0071385177322
0 82.373046875 17.513020833333336 7.0784994535786145 9.437999271438152
0 80.322265625 17.447916666666664 7.065330140863174 9.420440187817565
0 72.8515625 20.442708333333336 7.647683158045451 10.196910877393934
0 70.458984375 17.1875 7.012405574387241 9.349874099182989
0 76.025390625 14.192708333333334 6.372257390692475 8.496343187589966
0 72.509765625 13.736979166666666 6.269115778861736 8.358821038482315
0 68.84765625 13.411458333333334 6.194391824397107 8.259189099196142
0 62.59765625 11.067708333333332 5.627163365046928 7.502884486729237
0 67.724609375 14.518229166666666 6.444919458600731 8.593225944800976
0 62.5 13.997395833333334 6.328259690346595 8.437679587128793
0 65.576171875 13.151041666666666 6.133957288281793 8.178609717709058
0 62.3046875 16.6015625 6.891839471823862 9.189119295765149
0 61.5234375 19.466145833333336 7.462780310447684 9.950373747263578
0 58.30078125 16.341145833333336 6.837572174807153 9.116762899742872
0 56.103515625 14.518229166666666 6.444919458600731 8.593225944800976
0 59.130859375 12.630208333333334 6.011265748166568 8.015020997555423
0 55.078125 11.9140625 5.838356466585996 7.784475288781327
0 51.3671875 15.690104166666666 6.699981201202437 8.933308268269917
0 49.0234375 14.453125 6.430452730012657 8.57393697335021
0 50.390625 19.205729166666664 7.412693970636669 9.883591960848893
0 46.142578125 16.145833333333336 6.796587356970242 9.062116475960323
0 47.802734375 13.997395833333334 6.328259690346595 8.437679587128793
0 43.359375 13.997395833333334 6.328259690346595 8.437679587128793
0 41.11328125 19.075520833333336 7.3875234600282 9.850031280037602
0 42.87109375 17.96875 7.170007400189656 9.56000986691954
0 41.064453125 14.453125 6.430452730012657 8.57393697335021
0 38.037109375 14.453125 6.430452730012657 8.57393697335021
0 34.66796875 15.169270833333334 6.587839704871492 8.783786273161988
0 32.2265625 19.921875 7.549631882844837 10.066175843793117
0 29.736328125 18.815104166666664 7.336923388776433 9.782564518368577
0 26.123046875 18.815104166666664 7.336923388776433 9.782564518368577
0 27.44140625 16.9921875 6.972448522214271 9.296598029619028
0 20.166015625 19.596354166666664 7.487697843252746 9.983597124336994
0 5.95703125 16.6015625 6.891839471823862 9.189119295765149
0 8.642578125 15.690104166666666 6.699981201202437 8.933308268269917
0 14.013671875 15.950520833333334 6.755353888299149 9.0071385177322
0 10.595703125 15.169270833333334 6.587839704871492 8.783786273161988
0 12.841796875 14.713541666666666 6.488126106405426 8.650834808540568
0 14.2578125 14.2578125 6.386855937639267 8.515807916852356
0 16.259765625 15.559895833333334 6.672122530845778 8.896163374461038
0 17.626953125 16.796875 6.932261164306974 9.243014885742634
0 18.310546875 18.229166666666664 7.221777078979024 9.629036105305365
0 19.677734375 14.322916666666666 6.401421192444773 8.53522825659303
0 20.8984375 16.341145833333336 6.837572174807153 9.116762899742872
0 21.97265625 15.169270833333334 6.587839704871492 8.783786273161988
0 23.486328125 14.2578125 6.386855937639267 8.515807916852356
0 27.392578125 12.760416666666666 6.042172202521769 8.056229603362357
0 28.466796875 14.453125 6.430452730012657 8.57393697335021
0 28.759765625 15.690104166666666 6.699981201202437 8.933308268269917
0 29.39453125 13.541666666666666 6.224389054678692 8.299185406238257
0 30.615234375 14.322916666666666 6.401421192444773 8.53522825659303
0 32.71484375 15.559895833333334 6.672122530845778 8.896163374461038
0 31.8359375 13.997395833333334 6.328259690346595 8.437679587128793
0 33.3984375 13.736979166666666 6.269115778861736 8.358821038482315
0 87.451171875 15.950520833333334 6.755353888299149 9.0071385177322
0 27.63671875 8.59375 4.958519534079565 6.611359378772754
0 22.119140625 6.25 4.228639666916204 5.638186222554939
