0 10.9375 30.2734375 9.306610523667546 12.408814031556727
0 29.443359375 29.231770833333332 9.145095253766906 12.193460338355873
0 96.923828125 28.190104166666668 8.980675640601907 11.974234187469209
0 70.1171875 20.703125 7.6962403643301345 10.261653819106845
0 22.94921875 20.833333333333336 7.720404443770458 10.293872591693944
0 11.81640625 20.5078125 7.659851317145468 10.21313508952729
0 61.81640625 15.299479166666666 6.61605328023645 8.821404373648601
0 68.06640625 17.96875 7.170007400189656 9.56000986691954
0 71.09375 26.236979166666668 8.66398288975732 11.551977186343091
0 42.138671875 21.419270833333336 7.828219811023351 10.437626414697803
0 38.8671875 16.015625 6.7691262856502785 9.025501714200372
0 58.447265625 16.015625 6.7691262856502785 9.025501714200372
0 45.5078125 15.4296875 6.644147051109997 8.858862734813329
0 24.4140625 18.75 7.32421875 9.765625
0 16.9921875 18.75 7.32421875 9.765625
0 10.9375 17.3828125 7.052136235529384 9.40284831403918
0 4.8828125 20.703125 7.6962403643301345 10.261653819106845
0 7.8125 18.424479166666664 7.2603620931215325 9.680482790828709
0 66.50390625 16.666666666666664 6.905339660024879 9.207119546699838
0 77.05078125 19.661458333333336 7.500125566067204 10.00016742142294
0 89.55078125 22.330729166666664 7.993042513249997 10.657390017666662
0 98.193359375 22.65625 8.051090062422436 10.734786749896582
0 87.841796875 19.205729166666664 7.412693970636669 9.883591960848893
0 95.703125 20.703125 7.6962403643301345 10.261653819106845
0 85.693359375 17.708333333333336 7.117861199762329 9.490481599683106
0 84.814453125 19.466145833333336 7.462780310447684 9.950373747263578
0 78.076171875 17.122395833333336 6.9991119025755095 9.332149203434014
0 73.828125 16.471354166666664 6.864759447755123 9.15301259700683
