0 5.029296875 18.359375 7.247523246483103 9.663364328644137
0 10.7421875 21.940104166666664 7.92282408798045 10.5637654506406
0 41.357421875 23.828125 8.256682897014576 11.008910529352768
0 7.080078125 18.5546875 7.28597191547444 9.714629220632586
0 59.130859375 15.104166666666666 6.573687508709111 8.764916678278816
0 71.09375 18.033854166666664 7.182984799767957 9.577313066357275
0 87.060546875 17.513020833333336 7.0784994535786145 9.437999271438152
0 76.953125 16.015625 6.7691262856502785 9.025501714200372
0 85.107421875 18.684895833333336 7.311492035346033 9.748656047128044
0 99.0234375 20.8984375 7.732458166088822 10.309944221451763
