0 85.400390625 63.541666666666664 13.483106710433667 17.977475613911555
0 92.919921875 82.74739583333334 15.386429035590249 20.515238714120333
0 90.91796875 51.171875 12.099748291991583 16.132997722655443
0 87.6953125 36.65364583333333 10.240455160865794 13.653940214487726
0 79.58984375 37.56510416666667 10.366996918617573 13.822662558156765
0 76.46484375 52.864583333333336 12.298243212652517 16.397657616870024
0 66.69921875 59.375 13.033542788124159 17.37805705083221
0 53.369140625 49.8046875 11.937016122807584 15.916021497076779
0 66.845703125 42.05729166666667 10.969360812751116 14.62581441700149
0 59.08203125 36.328125 10.194881035455362 13.593174713940485
0 49.072265625 37.890625 10.411817693623036 13.88242359149738
0 35.7421875 63.997395833333336 13.531371629269632 18.041828839026174
0 32.958984375 42.51302083333333 11.02863220189981 14.704842935866417
0 22.55859375 50.130208333333336 11.975962445281118 15.967949927041488
0 2.490234375 59.049479166666664 12.99776577090262 17.330354361203494
0 3.662109375 73.30729166666666 14.48219057336996 19.309587431159947
0 5.2734375 30.924479166666668 9.406149296522488 12.541532395363317
0 21.2890625 32.03125 9.572990198582838 12.763986931443785
0 32.275390625 29.1015625 9.124704826492952 12.166273101990603
0 73.876953125 33.72395833333333 9.82267879603948 13.096905061385971
0 61.865234375 30.143229166666668 9.286574740419274 12.382099653892366
0 50.146484375 30.143229166666668 9.286574740419274 12.382099653892366
0 42.96875 31.25 9.4555257475767 12.607367663435602
0 39.111328125 19.791666666666664 7.524919437217989 10.033225916290652
0 45.01953125 15.950520833333334 6.755353888299149 9.0071385177322
0 21.728515625 26.302083333333332 8.674725588105405 11.56630078414054
0 9.47265625 27.994791666666668 8.94951068030712 11.932680907076158
0 73.4375 28.450520833333332 9.02206146184966 12.029415282466214
0 88.96484375 28.3203125 9.001392336274797 12.001856448366395
0 94.287109375 44.53125 11.287379155826983 15.049838874435977
0 60.44921875 20.442708333333336 7.647683158045451 10.196910877393934
