0 22.55859375 54.231770833333336 12.456257099584077 16.608342799445435
0 61.71875 60.286458333333336 13.133199945892343 17.51093326118979
0 65.576171875 62.630208333333336 13.386054809241521 17.848073078988694
0 84.423828125 64.97395833333334 13.634221132622484 18.17896151016331
0 91.064453125 55.6640625 12.619673540121662 16.826231386828884
0 53.3203125 50.520833333333336 12.022531496333135 16.030041995110846
0 50.1953125 50.065104166666664 11.968183319780016 15.957577759706687
0 73.583984375 54.6875 12.508484821728025 16.677979762304034
0 75.68359375 55.208333333333336 12.567907886947022 16.757210515929362
0 62.40234375 43.5546875 11.162927952985768 14.883903937314358
0 65.185546875 44.46614583333333 11.279125129746294 15.038833506328391
0 57.861328125 36.06770833333333 10.158274522151634 13.544366029535512
0 79.8828125 41.66666666666667 10.918300671385692 14.557734228514258
0 73.583984375 32.8125 9.689030680168178 12.918707573557572
0 48.4375 39.32291666666667 10.606779295033428 14.142372393377903
0 46.6796875 38.8671875 10.545137050275265 14.060182733700355
0 27.44140625 24.869791666666664 8.435226416678011 11.246968555570682
0 4.736328125 25.325520833333332 8.512161670520847 11.349548894027794
0 19.04296875 21.158854166666664 7.780486318348366 10.373981757797822
0 50.1953125 30.013020833333332 9.266495636406846 12.35532751520913
0 68.701171875 24.869791666666664 8.435226416678011 11.246968555570682
0 93.1640625 30.924479166666668 9.406149296522488 12.541532395363317
0 57.861328125 19.270833333333336 7.425247229367944 9.900329639157258
0 45.263671875 24.869791666666664 8.435226416678011 11.246968555570682
0 71.142578125 22.981770833333336 8.108722079825698 10.811629439767596
0 85.15625 57.486979166666664 12.824646844147154 17.099529125529536
0 65.576171875 55.208333333333336 12.567907886947022 16.757210515929362
0 38.96484375 59.830729166666664 13.083466253800058 17.444621671733408
0 55.078125 66.86197916666666 13.830895011748852 18.44119334899847
0 4.39453125 73.828125 14.533546020252267 19.378061360336353
0 10.302734375 53.776041666666664 12.403809468323715 16.53841262443162
0 1.220703125 56.575520833333336 12.722572989304096 16.96343065240546
0 7.177734375 42.578125 11.037073559585647 14.716098079447528
0 23.583984375 48.6328125 11.795744683891412 15.727659578521882
0 4.39453125 34.63541666666667 9.954532733337459 13.272710311116612
0 31.640625 37.95572916666667 10.420758715187912 13.894344953583882
0 53.3203125 44.46614583333333 11.279125129746294 15.038833506328391
0 91.40625 49.609375 11.913587216762167 15.884782955682889
0 77.783203125 36.97916666666667 10.285827359834423 13.714436479779232
0 32.32421875 31.380208333333332 9.475204282385269 12.633605709847027
0 13.818359375 32.8125 9.689030680168178 12.918707573557572
0 34.08203125 25.325520833333332 8.512161670520847 11.349548894027794
0 8.935546875 26.302083333333332 8.674725588105405 11.56630078414054
0 43.896484375 30.924479166666668 9.406149296522488 12.541532395363317
0 63.0859375 31.380208333333332 9.475204282385269 12.633605709847027
0 87.59765625 35.15625 10.029099563693228 13.372132751590971
0 40.0390625 22.981770833333336 8.108722079825698 10.811629439767596
0 30.615234375 19.7265625 7.512532730158185 10.01671030687758
0 58.203125 24.4140625 8.357582969744357 11.143443959659143
0 94.580078125 44.01041666666667 11.221176947540428 14.961569263387236
0 74.31640625 27.213541666666668 8.823750179932228 11.765000239909636
0 99.462890625 35.61197916666667 10.093893681970965 13.458524909294619
0 63.818359375 40.75520833333333 10.79822144345345 14.397628591271266
0 59.27734375 30.013020833333332 9.266495636406846 12.35532751520913
0 83.3984375 25.78125 8.588407763348565 11.451210351131419
0 60.64453125 21.614583333333336 7.863829789260941 10.485106385681254
0 36.5234375 15.104166666666666 6.573687508709111 8.764916678278816
0 18.017578125 30.013020833333332 9.266495636406846 12.35532751520913
