0 42.08984375 82.421875 15.356134796642 20.474846395522665
0 8.837890625 75.84635416666666 14.730857404964807 19.64114320661974
0 22.802734375 58.463541666666664 12.93311773707098 17.244156982761304
0 46.484375 57.2265625 12.795565974875872 17.06075463316783
0 64.94140625 52.994791666666664 12.313379517719735 16.41783935695965
0 60.83984375 44.59635416666667 11.295627150464934 15.060836200619912
0 40.0390625 47.20052083333333 11.620747537023785 15.494330049365049
0 23.876953125 51.041666666666664 12.084344405043538 16.112459206724715
0 22.36328125 39.51822916666667 10.633088006704314 14.177450675605751
0 2.1484375 53.580729166666664 12.381263900818356 16.508351867757806
0 12.548828125 33.46354166666667 9.784679896167846 13.046239861557126
0 30.712890625 28.190104166666668 8.980675640601907 11.974234187469209
0 41.552734375 37.5 10.358009490037318 13.810679320049758
0 50.830078125 30.403645833333332 9.326603265341873 12.43547102045583
0 60.44921875 35.48177083333333 10.075423595714831 13.433898127619774
0 71.09375 43.5546875 11.162927952985768 14.883903937314358
0 90.380859375 44.27083333333333 11.254326730093856 15.005768973458474
0 93.9453125 57.421875 12.8173828125 17.08984375
0 78.759765625 52.278645833333336 12.229898016060718 16.306530688080954
0 95.21484375 66.34114583333334 13.776920581415663 18.36922744188755
0 84.521484375 39.71354166666667 10.65933178501769 14.212442380023585
0 95.458984375 38.41145833333333 10.483132346995646 13.977509795994195
0 72.314453125 38.21614583333333 10.456446349494515 13.941928465992687
0 75.09765625 29.4921875 9.185740321833748 12.247653762444997
0 63.427734375 28.90625 9.094033462982996 12.125377950643994
0 56.34765625 27.083333333333332 8.802615418613255 11.736820558151006
0 46.484375 25.130208333333332 8.479274895904423 11.305699861205897
0 37.841796875 27.278645833333332 8.83429859993294 11.779064799910586
0 26.220703125 25.260416666666668 8.501213548086012 11.334951397448016
0 18.84765625 23.828125 8.256682897014576 11.008910529352768
0 3.369140625 26.3671875 8.685454999241765 11.580606665655687
0 65.087890625 25.846354166666668 8.59924487524742 11.465659833663226
0 80.6640625 24.0234375 8.290452702152177 11.053936936202902
0 88.0859375 26.5625 8.717563999686098 11.62341866624813
0 40.33203125 22.200520833333336 7.969705113037473 10.626273484049964
0 14.453125 24.934895833333336 8.446260072691679 11.26168009692224
0 7.763671875 31.119791666666668 9.4358061729372 12.5810748972496
0 42.236328125 32.03125 9.572990198582838 12.763986931443785
0 59.326171875 24.21875 8.324085508414218 11.098780677885625
0 86.181640625 34.9609375 10.001202153426476 13.334936204568635
0 53.466796875 14.908854166666666 6.531046923532928 8.708062564710572
0 62.060546875 19.075520833333336 7.3875234600282 9.850031280037602
0 70.263671875 25.651041666666668 8.566692411876344 11.422256549168457
0 79.19921875 27.864583333333332 8.928673607377803 11.904898143170405
0 90.966796875 33.33333333333333 9.765625 13.020833333333334
0 31.15234375 18.359375 7.247523246483103 9.663364328644137
0 19.53125 18.880208333333336 7.349606066157407 9.799474754876544
0 5.2734375 21.614583333333336 7.863829789260941 10.485106385681254
0 44.53125 18.684895833333336 7.311492035346033 9.748656047128044
0 53.564453125 18.5546875 7.28597191547444 9.714629220632586
0 66.6015625 15.4296875 6.644147051109997 8.858862734813329
0 76.46484375 20.182291666666664 7.598815672600545 10.13175423013406
0 84.814453125 24.544270833333336 8.379840220792225 11.173120294389632
0 56.201171875 22.005208333333336 7.9345703125 10.579427083333332
0 47.314453125 22.005208333333336 7.9345703125 10.579427083333332
0 33.740234375 17.057291666666664 6.985792933508055 9.31439057801074
0 27.44140625 16.861979166666664 6.945682786096826 9.260910381462436
0 2.5390625 17.7734375 7.130933499479933 9.50791133263991
0 39.208984375 16.145833333333336 6.796587356970242 9.062116475960323
0 33.88671875 21.419270833333336 7.828219811023351 10.437626414697803
0 27.05078125 22.200520833333336 7.969705113037473 10.626273484049964
0 62.890625 15.0390625 6.559504779115197 8.746006372153596
0 76.318359375 15.8203125 6.72772451325946 8.970299351012613
0 98.876953125 22.005208333333336 7.9345703125 10.579427083333332
0 84.912109375 20.182291666666664 7.598815672600545 10.13175423013406
0 92.431640625 23.6328125 8.222774405094897 10.963699206793196
0 59.619140625 15.625 6.686066375795484 8.914755167727312
0 89.84375 39.51822916666667 10.633088006704314 14.177450675605751
0 65.234375 21.419270833333336 7.828219811023351 10.437626414697803
0 22.65625 20.182291666666664 7.598815672600545 10.13175423013406
0 81.93359375 18.1640625 7.208869513560617 9.611826018080823
