0 27.83203125 21.223958333333336 7.792447103762027 10.389929471682702
0 77.5390625 19.661458333333336 7.500125566067204 10.00016742142294
0 46.97265625 15.234375 6.60196156395994 8.802615418613254
0 18.9453125 21.028645833333336 7.756509415978292 10.342012554637723
0 5.224609375 20.833333333333336 7.720404443770458 10.293872591693944
0 25.830078125 16.9921875 6.972448522214271 9.296598029619028
0 3.369140625 18.098958333333336 7.195938795502683 9.594585060670244
0 66.943359375 14.778645833333334 6.502464524127966 8.669952698837287
0 64.111328125 16.341145833333336 6.837572174807153 9.116762899742872
0 84.375 18.815104166666664 7.336923388776433 9.782564518368577
0 73.828125 16.341145833333336 6.837572174807153 9.116762899742872
0 86.767578125 19.921875 7.549631882844837 10.066175843793117
0 71.630859375 15.234375 6.60196156395994 8.802615418613254
0 90.283203125 22.786458333333336 8.074192233473482 10.765589644631309
0 91.6015625 19.466145833333336 7.462780310447684 9.950373747263578
0 96.142578125 21.484375 7.840107775064166 10.453477033418888
0 76.513671875 16.536458333333336 6.878312786611722 9.171083715482297
0 98.486328125 20.377604166666664 7.635495607419925 10.180660809893233
0 81.54296875 18.5546875 7.28597191547444 9.714629220632586
0 35.400390625 17.252604166666664 7.025674092542321 9.367565456723094
0 39.111328125 16.796875 6.932261164306974 9.243014885742634
0 23.33984375 19.466145833333336 7.462780310447684 9.950373747263578
0 112.59765625 75.1953125 14.667498584836322 19.556664779781762
0 57.91015625 15.690104166666666 6.699981201202437 8.933308268269917
0 60.05859375 15.885416666666666 6.741553355216833 8.988737806955777
