0 71.38671875 32.6171875 9.660151239834237 12.880201653112316
0 66.064453125 25.065104166666668 8.468284256293707 11.291045675058275
0 47.802734375 18.1640625 7.208869513560617 9.611826018080823
0 29.6875 22.721354166666664 8.062649422377262 10.75019922983635
0 2.63671875 23.893229166666664 8.267954824306681 11.023939765742242
0 22.16796875 25.78125 8.588407763348565 11.451210351131419
0 81.884765625 22.005208333333336 7.9345703125 10.579427083333332
0 71.38671875 22.8515625 8.085718566584333 10.780958088779109
0 60.9375 38.8671875 10.545137050275265 14.060182733700355
0 38.525390625 23.893229166666664 8.267954824306681 11.023939765742242
0 12.890625 17.317708333333336 7.038917599286375 9.385223465715166
0 25.78125 21.809895833333336 7.8992792392241125 10.532372318965482
0 40.91796875 16.015625 6.7691262856502785 9.025501714200372
0 52.83203125 15.690104166666666 6.699981201202437 8.933308268269917
0 94.873046875 23.111979166666664 8.131660519088275 10.842214025451032
0 88.0859375 20.247395833333336 7.611061958825638 10.148082611767517
0 78.173828125 18.033854166666664 7.182984799767957 9.577313066357275
0 6.34765625 20.247395833333336 7.611061958825638 10.148082611767517
0 19.970703125 15.690104166666666 6.699981201202437 8.933308268269917
0 45.849609375 15.169270833333334 6.587839704871492 8.783786273161988
0 32.763671875 16.276041666666664 6.823937919616058 9.09858389282141
0 66.50390625 16.731770833333336 6.9188135063199665 9.225084675093289
0 59.716796875 14.973958333333334 6.545291317604741 8.727055090139656
0 43.115234375 15.299479166666666 6.61605328023645 8.821404373648601
0 34.375 15.690104166666666 6.699981201202437 8.933308268269917
0 22.94921875 17.1875 7.012405574387241 9.349874099182989
0 74.12109375 14.388020833333334 6.415953381844678 8.554604509126236
0 93.017578125 20.638020833333336 7.684129829110212 10.245506438813615
0 98.486328125 20.5078125 7.659851317145468 10.21313508952729
0 87.01171875 17.903645833333336 7.157006469457137 9.542675292609516
0 65.185546875 15.299479166666666 6.61605328023645 8.821404373648601
