0 4.00390625 18.294270833333336 7.234661615679748 9.646215487572997
0 5.419921875 16.731770833333336 6.9188135063199665 9.225084675093289
0 8.0078125 16.536458333333336 6.878312786611722 9.171083715482297
0 8.251953125 14.2578125 6.386855937639267 8.515807916852356
0 12.40234375 16.080729166666664 6.782870718656271 9.043827624875028
0 13.57421875 15.0390625 6.559504779115197 8.746006372153596
0 14.404296875 15.234375 6.60196156395994 8.802615418613254
0 10.9375 17.1875 7.012405574387241 9.349874099182989
0 8.349609375 19.075520833333336 7.3875234600282 9.850031280037602
0 12.109375 21.875 7.911060422861158 10.548080563814876
0 9.228515625 22.786458333333336 8.074192233473482 10.765589644631309
0 5.2734375 23.697916666666664 8.234092750996119 10.978790334661493
0 2.978515625 28.125 8.970299351012615 11.960399134683486
0 9.814453125 27.1484375 8.81318913463968 11.750918846186241
0 5.95703125 30.143229166666668 9.286574740419274 12.382099653892366
0 13.134765625 38.671875 10.518608361580863 14.024811148774482
0 3.955078125 40.95052083333333 10.824064850444458 14.432086467259278
0 0.68359375 45.3125 11.385960758165057 15.181281010886744
0 3.02734375 53.841145833333336 12.411315556434788 16.54842074191305
0 9.86328125 53.645833333333336 12.388783648794213 16.518378198392284
0 9.08203125 85.61197916666666 15.650489996286726 20.86731999504897
0 17.041015625 15.169270833333334 6.587839704871492 8.783786273161988
0 18.994140625 13.28125 6.16424861960576 8.218998159474348
0 20.8984375 13.28125 6.16424861960576 8.218998159474348
0 21.19140625 16.015625 6.7691262856502785 9.025501714200372
0 17.529296875 19.140625 7.400119417103358 9.866825889471144
0 21.240234375 20.377604166666664 7.635495607419925 10.180660809893233
0 19.140625 22.200520833333336 7.969705113037473 10.626273484049964
0 14.2578125 27.1484375 8.81318913463968 11.750918846186241
0 20.21484375 28.841145833333332 9.083786661460703 12.11171554861427
0 18.45703125 32.03125 9.572990198582838 12.763986931443785
0 22.509765625 14.388020833333334 6.415953381844678 8.554604509126236
0 24.462890625 12.760416666666666 6.042172202521769 8.056229603362357
0 25.634765625 13.411458333333334 6.194391824397107 8.259189099196142
0 23.876953125 14.388020833333334 6.415953381844678 8.554604509126236
0 25.341796875 16.2109375 6.810276368536802 9.080368491382403
0 25.830078125 19.075520833333336 7.3875234600282 9.850031280037602
0 29.1015625 12.565104166666666 5.995752778438873 7.9943370379184975
0 30.37109375 14.388020833333334 6.415953381844678 8.554604509126236
0 28.515625 14.713541666666666 6.488126106405426 8.650834808540568
0 28.7109375 18.619791666666664 7.298743129334349 9.731657505779133
0 27.5390625 23.372395833333336 8.177344364608315 10.903125819477753
0 23.828125 26.041666666666668 8.631674575031099 11.508899433374797
0 27.05078125 26.953125 8.78142979122202 11.708573054962693
0 26.46484375 39.71354166666667 10.65933178501769 14.212442380023585
0 26.611328125 46.6796875 11.556455217749932 15.40860695699991
0 33.642578125 28.841145833333332 9.083786661460703 12.11171554861427
0 30.224609375 34.30989583333333 9.907643481901811 13.210191309202415
0 33.30078125 37.6953125 10.38494844187839 13.84659792250452
0 40.234375 39.453125 10.624325674761481 14.165767566348642
0 43.06640625 49.47916666666667 11.897942315440629 15.863923087254172
0 39.794921875 60.026041666666664 13.104803804677667 17.473071739570223
0 49.853515625 80.40364583333334 15.166960009508273 20.22261334601103
0 59.033203125 77.01822916666666 14.844221810321423 19.79229574709523
0 31.982421875 13.932291666666666 6.313525654778199 8.418034206370931
0 32.8125 14.908854166666666 6.531046923532928 8.708062564710572
0 33.49609375 12.955729166666666 6.088237714617921 8.117650286157229
0 32.421875 16.2109375 6.810276368536802 9.080368491382403
0 31.4453125 20.182291666666664 7.598815672600545 10.13175423013406
0 37.20703125 13.020833333333334 6.103515625 8.138020833333332
0 35.83984375 15.8203125 6.72772451325946 8.970299351012613
0 37.5 17.122395833333336 6.9991119025755095 9.332149203434014
0 39.94140625 13.28125 6.16424861960576 8.218998159474348
0 42.08984375 14.518229166666666 6.444919458600731 8.593225944800976
0 39.013671875 12.955729166666666 6.088237714617921 8.117650286157229
0 41.2109375 12.109375 5.886017310176364 7.848023080235151
0 43.359375 13.736979166666666 6.269115778861736 8.358821038482315
0 44.62890625 16.666666666666664 6.905339660024879 9.207119546699838
0 45.947265625 15.625 6.686066375795484 8.914755167727312
0 47.0703125 14.127604166666666 6.3576253222655215 8.476833763020695
0 48.046875 13.0859375 6.118755388111396 8.15834051748186
0 41.11328125 18.9453125 7.3622668956389274 9.816355860851903
0 40.869140625 17.3828125 7.052136235529384 9.40284831403918
0 40.869140625 21.419270833333336 7.828219811023351 10.437626414697803
0 44.62890625 22.526041666666664 8.027921409891299 10.703895213188398
0 43.408203125 25.325520833333332 8.512161670520847 11.349548894027794
0 43.310546875 32.29166666666667 9.611826018080825 12.815768024107768
0 48.291015625 18.489583333333336 7.273178276253042 9.697571035004056
0 47.119140625 21.940104166666664 7.92282408798045 10.5637654506406
0 51.85546875 15.690104166666666 6.699981201202437 8.933308268269917
0 51.708984375 11.979166666666668 5.854286527481347 7.805715369975129
0 52.978515625 11.328125 5.692980379082528 7.590640505443372
0 53.90625 14.518229166666666 6.444919458600731 8.593225944800976
0 54.78515625 12.3046875 5.933295317145868 7.911060422861158
0 57.2265625 11.653645833333332 5.7741967555006415 7.698929007334189
0 56.494140625 13.411458333333334 6.194391824397107 8.259189099196142
0 58.447265625 11.71875 5.790303332827843 7.720404443770458
0 58.49609375 13.8671875 6.298757153488249 8.398342871317666
0 56.54296875 16.080729166666664 6.782870718656271 9.043827624875028
0 52.63671875 19.3359375 7.437779301119349 9.917039068159132
0 61.767578125 11.71875 5.790303332827843 7.720404443770458
0 60.7421875 15.364583333333334 6.6301150458985685 8.840153394531425
0 64.208984375 13.932291666666666 6.313525654778199 8.418034206370931
0 60.498046875 17.3828125 7.052136235529384 9.40284831403918
0 58.349609375 19.140625 7.400119417103358 9.866825889471144
0 55.517578125 22.135416666666664 7.958010748538389 10.610680998051187
0 62.109375 20.768229166666664 7.708331872750909 10.277775830334546
0 60.9375 23.2421875 8.154534433525017 10.872712578033356
0 58.544921875 25.0 8.457279333832409 11.276372445109878
0 66.30859375 23.4375 8.188725503539269 10.918300671385692
0 62.744140625 27.994791666666668 8.94951068030712 11.932680907076158
0 66.259765625 29.752604166666668 9.22620633412535 12.301608445500468
0 62.841796875 30.208333333333332 9.296598029619028 12.395464039492039
0 59.66796875 33.3984375 9.775157091093119 13.033542788124159
0 65.771484375 36.71875 10.24954566879069 13.66606089172092
0 65.771484375 41.2109375 10.85842704752026 14.477902730027015
0 70.263671875 56.770833333333336 12.74451478138495 16.992686375179932
0 49.70703125 22.591145833333336 8.039514082226251 10.719352109635
0 51.123046875 25.651041666666668 8.566692411876344 11.422256549168457
0 51.318359375 32.55208333333333 9.650505554713073 12.86734073961743
0 48.4375 36.84895833333333 10.267702539831983 13.690270053109312
0 50.390625 44.07552083333333 11.229473567489073 14.972631423318763
0 53.955078125 46.875 11.580606665655687 15.440808887540916
0 77.63671875 52.864583333333336 12.298243212652517 16.397657616870024
0 86.1328125 70.96354166666666 14.24880069571381 18.998400927618412
0 98.388671875 73.50260416666666 14.50147017885342 19.33529357180456
0 97.75390625 86.328125 15.715811999003579 20.95441599867144
0 99.462890625 50.716145833333336 12.045748508295013 16.06099801106002
0 99.365234375 39.0625 10.57159916729051 14.095465556387346
0 84.9609375 47.265625 11.628759084019562 15.505012112026082
0 66.845703125 13.932291666666666 6.313525654778199 8.418034206370931
0 69.384765625 12.955729166666666 6.088237714617921 8.117650286157229
0 72.36328125 12.760416666666666 6.042172202521769 8.056229603362357
0 67.626953125 16.471354166666664 6.864759447755123 9.15301259700683
0 73.2421875 16.2109375 6.810276368536802 9.080368491382403
0 72.65625 20.833333333333336 7.720404443770458 10.293872591693944
0 70.166015625 21.484375 7.840107775064166 10.453477033418888
0 77.001953125 13.8671875 6.298757153488249 8.398342871317666
0 77.1484375 16.080729166666664 6.782870718656271 9.043827624875028
0 79.638671875 15.364583333333334 6.6301150458985685 8.840153394531425
0 76.513671875 19.53125 7.475249459177179 9.966999278902906
0 82.861328125 15.0390625 6.559504779115197 8.746006372153596
0 81.884765625 18.489583333333336 7.273178276253042 9.697571035004056
0 83.3984375 19.791666666666664 7.524919437217989 10.033225916290652
0 77.685546875 21.484375 7.840107775064166 10.453477033418888
0 81.0546875 23.4375 8.188725503539269 10.918300671385692
0 78.662109375 23.893229166666664 8.267954824306681 11.023939765742242
0 76.513671875 27.799479166666668 8.918236814088415 11.890982418784553
0 73.095703125 32.09635416666667 9.58271390875707 12.77695187834276
0 79.19921875 36.84895833333333 10.267702539831983 13.690270053109312
0 86.279296875 18.880208333333336 7.349606066157407 9.799474754876544
0 91.162109375 18.294270833333336 7.234661615679748 9.646215487572997
0 92.28515625 19.075520833333336 7.3875234600282 9.850031280037602
0 95.1171875 22.8515625 8.085718566584333 10.780958088779109
0 91.2109375 22.786458333333336 8.074192233473482 10.765589644631309
0 89.697265625 17.122395833333336 6.9991119025755095 9.332149203434014
0 90.380859375 26.497395833333332 8.706874156303165 11.609165541737553
0 94.482421875 32.09635416666667 9.58271390875707 12.77695187834276
0 86.81640625 33.13802083333333 9.736972737758677 12.982630317011571
0 90.869140625 30.729166666666668 9.376398618003673 12.501864824004896
0 89.55078125 33.984375 9.860531263063667 13.147375017418222
0 98.14453125 28.776041666666668 9.073528288158268 12.098037717544358
0 100.0 30.794270833333332 9.386325988299376 12.515101317732501
0 99.609375 25.9765625 8.620878229873984 11.494504306498644
0 97.55859375 21.484375 7.840107775064166 10.453477033418888
0 88.76953125 16.471354166666664 6.864759447755123 9.15301259700683
0 89.55078125 20.247395833333336 7.611061958825638 10.148082611767517
0 86.9140625 22.786458333333336 8.074192233473482 10.765589644631309
0 94.970703125 18.684895833333336 7.311492035346033 9.748656047128044
0 69.7265625 17.578125 7.091644310682526 9.455525747576702
0 34.27734375 19.7265625 7.512532730158185 10.01671030687758
0 5.6640625 20.833333333333336 7.720404443770458 10.293872591693944
0 1.513671875 16.080729166666664 6.782870718656271 9.043827624875028
0 1.7578125 18.229166666666664 7.221777078979024 9.629036105305365
0 0.68359375 21.744791666666664 7.887480458569388 10.51664061142585
