0 73.14453125 79.8828125 15.117756441041058 20.157008588054744
0 67.822265625 61.393229166666664 13.253204803838173 17.670939738450897
0 33.251953125 95.44270833333334 16.524641565772562 22.032855421030085
0 30.224609375 66.2109375 13.763393901098246 18.351191868130993
0 6.689453125 56.0546875 12.663875684354508 16.885167579139345
0 6.34765625 43.48958333333333 11.154581837461587 14.872775783282115
0 25.09765625 38.02083333333333 10.429692071920813 13.906256095894417
0 14.990234375 33.65885416666667 9.813192865486773 13.084257153982362
0 2.34375 38.60677083333333 10.509750584547465 14.01300077939662
0 51.025390625 51.041666666666664 12.084344405043538 16.112459206724715
0 62.59765625 41.796875 10.935347208965403 14.580462945287206
0 83.154296875 41.2109375 10.85842704752026 14.477902730027015
0 80.419921875 55.013020833333336 12.545657221126994 16.72754296150266
0 96.240234375 38.80208333333333 10.536301575703167 14.048402100937555
0 85.107421875 31.640625 9.51443925056146 12.685919000748614
0 76.46484375 33.46354166666667 9.784679896167846 13.046239861557126
0 67.578125 39.0625 10.57159916729051 14.095465556387346
0 64.208984375 24.544270833333336 8.379840220792225 11.173120294389632
0 51.46484375 23.502604166666664 8.200090846279542 10.933454461706056
0 36.81640625 29.8828125 9.24637292940864 12.32849723921152
0 26.904296875 27.278645833333332 8.83429859993294 11.779064799910586
0 10.986328125 25.78125 8.588407763348565 11.451210351131419
0 23.388671875 25.130208333333332 8.479274895904423 11.305699861205897
0 28.369140625 18.033854166666664 7.182984799767957 9.577313066357275
0 15.33203125 15.4296875 6.644147051109997 8.858862734813329
0 2.490234375 19.856770833333336 7.537285788103314 10.049714384137753
0 12.255859375 21.09375 7.768507117527988 10.358009490037318
0 20.21484375 16.080729166666664 6.782870718656271 9.043827624875028
0 6.103515625 17.578125 7.091644310682526 9.455525747576702
0 33.935546875 18.033854166666664 7.182984799767957 9.577313066357275
0 6.34765625 22.8515625 8.085718566584333 10.780958088779109
0 41.796875 23.6328125 8.222774405094897 10.963699206793196
0 45.8984375 15.104166666666666 6.573687508709111 8.764916678278816
0 30.224609375 15.885416666666666 6.741553355216833 8.988737806955777
0 36.1328125 13.28125 6.16424861960576 8.218998159474348
0 25.87890625 15.104166666666666 6.573687508709111 8.764916678278816
0 35.986328125 22.395833333333336 8.00468569861084 10.672914264814453
0 24.072265625 15.299479166666666 6.61605328023645 8.821404373648601
0 40.673828125 15.885416666666666 6.741553355216833 8.988737806955777
0 31.787109375 14.84375 6.516771394062079 8.689028525416106
0 50.341796875 11.458333333333332 5.72560517556571 7.634140234087614
0 59.27734375 12.825520833333334 6.057566296777102 8.076755062369468
0 53.7109375 12.565104166666666 5.995752778438873 7.9943370379184975
0 71.6796875 19.53125 7.475249459177179 9.966999278902906
0 88.96484375 17.3828125 7.052136235529384 9.40284831403918
0 91.89453125 28.3203125 9.001392336274797 12.001856448366395
0 98.6328125 28.776041666666668 9.073528288158268 12.098037717544358
0 99.755859375 51.627604166666664 12.153508149255297 16.204677532340394
0 75.87890625 26.497395833333332 8.706874156303165 11.609165541737553
0 75.1953125 15.299479166666666 6.61605328023645 8.821404373648601
0 81.005859375 24.8046875 8.424178309229896 11.23223774563986
0 64.990234375 15.559895833333334 6.672122530845778 8.896163374461038
0 72.119140625 16.015625 6.7691262856502785 9.025501714200372
0 57.958984375 15.559895833333334 6.672122530845778 8.896163374461038
0 69.091796875 15.690104166666666 6.699981201202437 8.933308268269917
0 55.322265625 14.6484375 6.473755931273323 8.631674575031097
0 63.623046875 13.736979166666666 6.269115778861736 8.358821038482315
0 90.087890625 21.028645833333336 7.756509415978292 10.342012554637723
0 66.552734375 15.299479166666666 6.61605328023645 8.821404373648601
0 79.296875 17.708333333333336 7.117861199762329 9.490481599683106
0 55.56640625 18.1640625 7.208869513560617 9.611826018080823
0 70.751953125 14.84375 6.516771394062079 8.689028525416106
0 78.271484375 17.252604166666664 7.025674092542321 9.367565456723094
0 82.373046875 17.708333333333336 7.117861199762329 9.490481599683106
0 97.021484375 20.703125 7.6962403643301345 10.261653819106845
0 84.619140625 17.513020833333336 7.0784994535786145 9.437999271438152
0 93.603515625 20.442708333333336 7.647683158045451 10.196910877393934
0 84.521484375 21.158854166666664 7.780486318348366 10.373981757797822
0 58.3984375 21.484375 7.840107775064166 10.453477033418888
0 69.091796875 19.3359375 7.437779301119349 9.917039068159132
0 58.251953125 17.838541666666664 7.143981879101334 9.525309172135112
0 47.021484375 17.513020833333336 7.0784994535786145 9.437999271438152
0 60.302734375 14.84375 6.516771394062079 8.689028525416106
0 37.6953125 18.294270833333336 7.234661615679748 9.646215487572997
0 26.46484375 20.572916666666664 7.672000176987631 10.229333569316841
0 77.490234375 73.17708333333334 14.469323231359496 19.292430975145994
0 88.623046875 60.7421875 13.18274601224071 17.57699468298761
0 90.771484375 44.20572916666667 11.24604844524431 14.994731260325747
0 82.6171875 46.484375 11.532253190729483 15.376337587639311
0 63.28125 47.0703125 11.604707850238979 15.472943800318639
0 49.169921875 47.39583333333333 11.644765642296699 15.526354189728933
0 35.986328125 50.846354166666664 12.061201687847598 16.081602250463465
0 45.1171875 47.265625 11.628759084019562 15.505012112026082
0 29.19921875 49.21875 11.866590634291736 15.822120845722315
0 42.3828125 75.71614583333334 14.718207460678093 19.624276614237456
0 1.220703125 63.606770833333336 13.49001227130148 17.986683028401973
0 14.6484375 25.5859375 8.555814067917595 11.407752090556793
0 0.78125 25.130208333333332 8.479274895904423 11.305699861205897
0 19.091796875 22.721354166666664 8.062649422377262 10.75019922983635
0 32.03125 25.716145833333332 8.57755695956738 11.436742612756506
0 29.8828125 23.763020833333336 8.245395560367612 10.993860747156816
0 39.84375 25.716145833333332 8.57755695956738 11.436742612756506
0 35.302734375 37.23958333333333 10.321981521782082 13.762642029042777
0 52.685546875 33.59375 9.803697756475225 13.071597008633635
0 29.39453125 37.6953125 10.38494844187839 13.84659792250452
0 57.373046875 33.72395833333333 9.82267879603948 13.096905061385971
0 72.021484375 28.580729166666668 9.042683343523592 12.056911124698123
0 63.525390625 29.036458333333332 9.114492506755418 12.15265667567389
0 47.119140625 24.479166666666664 8.36871899463018 11.15829199284024
0 61.572265625 24.348958333333336 8.346432086900233 11.128576115866979
0 78.369140625 25.390625 8.523095729839442 11.364127639785922
0 98.291015625 25.716145833333332 8.57755695956738 11.436742612756506
0 67.3828125 25.260416666666668 8.501213548086012 11.334951397448016
0 95.458984375 25.260416666666668 8.501213548086012 11.334951397448016
0 75.68359375 22.8515625 8.085718566584333 10.780958088779109
0 87.353515625 35.28645833333333 10.047654805392046 13.39687307385606
0 96.77734375 31.770833333333332 9.53399618640949 12.711994915212655
0 90.52734375 24.348958333333336 8.346432086900233 11.128576115866979
0 55.224609375 24.934895833333336 8.446260072691679 11.26168009692224
0 37.158203125 35.41666666666667 10.066175843793117 13.421567791724156
0 39.990234375 21.028645833333336 7.756509415978292 10.342012554637723
0 14.74609375 21.354166666666664 7.816313766397521 10.421751688530028
0 3.515625 21.028645833333336 7.756509415978292 10.342012554637723
0 23.6328125 20.247395833333336 7.611061958825638 10.148082611767517
0 8.49609375 20.572916666666664 7.672000176987631 10.229333569316841
0 0.78125 20.8984375 7.732458166088822 10.309944221451763
0 13.8671875 17.708333333333336 7.117861199762329 9.490481599683106
0 43.84765625 16.471354166666664 6.864759447755123 9.15301259700683
0 52.9296875 19.53125 7.475249459177179 9.966999278902906
0 42.3828125 17.057291666666664 6.985792933508055 9.31439057801074
0 41.69921875 31.770833333333332 9.53399618640949 12.711994915212655
0 18.06640625 19.791666666666664 7.524919437217989 10.033225916290652
0 0.68359375 19.661458333333336 7.500125566067204 10.00016742142294
0 72.705078125 34.63541666666667 9.954532733337459 13.272710311116612
0 83.740234375 26.041666666666668 8.631674575031099 11.508899433374797
0 64.306640625 19.075520833333336 7.3875234600282 9.850031280037602
0 47.802734375 19.986979166666664 7.561957820656658 10.08261042754221
0 61.474609375 17.057291666666664 6.985792933508055 9.31439057801074
0 85.888671875 24.479166666666664 8.36871899463018 11.15829199284024
0 98.974609375 33.59375 9.803697756475225 13.071597008633635
0 76.904296875 19.53125 7.475249459177179 9.966999278902906
0 49.853515625 21.354166666666664 7.816313766397521 10.421751688530028
0 38.28125 33.13802083333333 9.736972737758677 12.982630317011571
0 17.041015625 16.927083333333336 6.959078522333606 9.278771363111476
0 72.119140625 22.395833333333336 8.00468569861084 10.672914264814453
0 94.091796875 26.171875 8.653226854710587 11.537635806280782
0 82.470703125 21.940104166666664 7.92282408798045 10.5637654506406
0 98.73046875 21.158854166666664 7.780486318348366 10.373981757797822
0 51.3671875 15.299479166666666 6.61605328023645 8.821404373648601
0 42.138671875 14.84375 6.516771394062079 8.689028525416106
0 30.078125 20.442708333333336 7.647683158045451 10.196910877393934
0 38.8671875 16.145833333333336 6.796587356970242 9.062116475960323
0 25.09765625 17.838541666666664 7.143981879101334 9.525309172135112
0 5.078125 24.8046875 8.424178309229896 11.23223774563986
0 22.94921875 17.3828125 7.052136235529384 9.40284831403918
0 2.001953125 16.341145833333336 6.837572174807153 9.116762899742872
0 28.61328125 15.104166666666666 6.573687508709111 8.764916678278816
0 20.751953125 19.986979166666664 7.561957820656658 10.08261042754221
0 35.107421875 15.885416666666666 6.741553355216833 8.988737806955777
0 67.724609375 17.96875 7.170007400189656 9.56000986691954
0 86.81640625 18.424479166666664 7.2603620931215325 9.680482790828709
0 79.19921875 20.247395833333336 7.611061958825638 10.148082611767517
0 91.11328125 19.205729166666664 7.412693970636669 9.883591960848893
0 95.458984375 20.8984375 7.732458166088822 10.309944221451763
0 9.619140625 17.3828125 7.052136235529384 9.40284831403918
0 8.49609375 16.6015625 6.891839471823862 9.189119295765149
0 7.03125 18.75 7.32421875 9.765625
0 32.6171875 16.145833333333336 6.796587356970242 9.062116475960323
0 49.853515625 17.708333333333336 7.117861199762329 9.490481599683106
0 33.935546875 22.0703125 7.946299173761924 10.595065565015899
0 74.169921875 17.708333333333336 7.117861199762329 9.490481599683106
0 83.59375 19.205729166666664 7.412693970636669 9.883591960848893
0 98.974609375 23.177083333333336 8.143105507889608 10.857474010519478
0 80.56640625 22.265625 7.981382342908947 10.641843123878598
0 52.490234375 26.302083333333332 8.674725588105405 11.56630078414054
