0 53.076171875 22.0703125 7.946299173761924 10.595065565015899
0 9.66796875 19.401041666666664 7.450290292806215 9.933720390408286
0 4.58984375 18.815104166666664 7.336923388776433 9.782564518368577
0 6.4453125 19.661458333333336 7.500125566067204 10.00016742142294
0 43.115234375 16.145833333333336 6.796587356970242 9.062116475960323
0 78.857421875 16.341145833333336 6.837572174807153 9.116762899742872
0 57.2265625 15.104166666666666 6.573687508709111 8.764916678278816
0 45.703125 15.755208333333334 6.7138671875 8.951822916666668
0 47.216796875 15.950520833333334 6.755353888299149 9.0071385177322
0 40.966796875 15.950520833333334 6.755353888299149 9.0071385177322
0 53.369140625 13.671875 6.254242410864013 8.338989881152017
0 59.1796875 15.104166666666666 6.573687508709111 8.764916678278816
0 60.25390625 15.559895833333334 6.672122530845778 8.896163374461038
0 61.81640625 15.104166666666666 6.573687508709111 8.764916678278816
0 65.625 16.536458333333336 6.878312786611722 9.171083715482297
0 68.26171875 15.755208333333334 6.7138671875 8.951822916666668
0 67.48046875 14.908854166666666 6.531046923532928 8.708062564710572
0 63.96484375 15.559895833333334 6.672122530845778 8.896163374461038
0 70.556640625 15.559895833333334 6.672122530845778 8.896163374461038
0 73.14453125 16.341145833333336 6.837572174807153 9.116762899742872
0 89.892578125 19.010416666666664 7.37490598974278 9.833207986323707
0 84.9609375 17.96875 7.170007400189656 9.56000986691954
0 80.078125 17.1875 7.012405574387241 9.349874099182989
0 77.294921875 16.796875 6.932261164306974 9.243014885742634
