0 74.072265625 12.5 5.980199567341744 7.973599423122326
0 62.451171875 12.369791666666668 5.948971157720314 7.931961543627086
0 52.63671875 8.984375 5.069960853831833 6.75994780510911
0 44.775390625 14.127604166666666 6.3576253222655215 8.476833763020695
0 36.279296875 20.247395833333336 7.611061958825638 10.148082611767517
0 27.197265625 16.666666666666664 6.905339660024879 9.207119546699838
0 19.482421875 12.044270833333332 5.870173358664351 7.826897811552468
0 14.111328125 18.294270833333336 7.234661615679748 9.646215487572997
0 10.009765625 20.442708333333336 7.647683158045451 10.196910877393934
0 9.1796875 28.645833333333332 9.052976668817948 12.07063555842393
0 4.296875 30.2734375 9.306610523667546 12.408814031556727
0 2.734375 16.080729166666664 6.782870718656271 9.043827624875028
0 24.31640625 14.583333333333334 6.459353786778786 8.612471715705048
0 34.326171875 13.932291666666666 6.313525654778199 8.418034206370931
0 41.455078125 13.671875 6.254242410864013 8.338989881152017
0 55.37109375 13.28125 6.16424861960576 8.218998159474348
0 60.009765625 13.28125 6.16424861960576 8.218998159474348
0 75.732421875 14.2578125 6.386855937639267 8.515807916852356
0 82.51953125 13.932291666666666 6.313525654778199 8.418034206370931
0 90.13671875 15.625 6.686066375795484 8.914755167727312
0 95.458984375 24.088541666666664 8.301678777304348 11.068905036405797
0 99.365234375 30.729166666666668 9.376398618003673 12.501864824004896
0 91.50390625 52.864583333333336 12.298243212652517 16.397657616870024
0 86.62109375 60.611979166666664 13.16860901513148 17.55814535350864
0 77.783203125 54.6875 12.508484821728025 16.677979762304034
0 51.318359375 46.94010416666667 11.588645963163772 15.45152795088503
0 48.779296875 34.30989583333333 9.907643481901811 13.210191309202415
0 34.66796875 43.68489583333333 11.179601491707887 14.906135322277184
0 26.85546875 51.888020833333336 12.184121568406452 16.245495424541936
0 35.205078125 69.98697916666666 14.150418846886756 18.86722512918234
0 44.482421875 78.19010416666666 14.956726995657771 19.94230266087703
0 56.103515625 14.778645833333334 6.502464524127966 8.669952698837287
0 47.314453125 13.671875 6.254242410864013 8.338989881152017
0 37.744140625 13.346354166666666 6.179338602086361 8.239118136115147
0 33.10546875 14.2578125 6.386855937639267 8.515807916852356
0 26.123046875 13.28125 6.16424861960576 8.218998159474348
0 21.630859375 13.671875 6.254242410864013 8.338989881152017
0 15.478515625 15.234375 6.60196156395994 8.802615418613254
0 11.328125 14.583333333333334 6.459353786778786 8.612471715705048
0 5.419921875 15.4296875 6.644147051109997 8.858862734813329
0 4.345703125 25.716145833333332 8.57755695956738 11.436742612756506
0 13.623046875 35.28645833333333 10.047654805392046 13.39687307385606
0 9.033203125 35.41666666666667 10.066175843793117 13.421567791724156
0 11.328125 45.3125 11.385960758165057 15.181281010886744
0 21.484375 29.1015625 9.124704826492952 12.166273101990603
0 27.44140625 23.046875 8.120199399200482 10.82693253226731
0 21.533203125 23.046875 8.120199399200482 10.82693253226731
0 19.775390625 18.033854166666664 7.182984799767957 9.577313066357275
0 11.42578125 15.885416666666666 6.741553355216833 8.988737806955777
0 6.640625 18.9453125 7.3622668956389274 9.816355860851903
0 2.978515625 18.9453125 7.3622668956389274 9.816355860851903
0 28.90625 16.341145833333336 6.837572174807153 9.116762899742872
0 36.1328125 13.606770833333334 6.2393335877260965 8.319111450301463
0 32.177734375 20.1171875 7.586549618320344 10.115399491093791
0 18.017578125 16.666666666666664 6.905339660024879 9.207119546699838
0 42.919921875 14.973958333333334 6.545291317604741 8.727055090139656
0 57.958984375 12.630208333333334 6.011265748166568 8.015020997555423
0 59.66796875 19.596354166666664 7.487697843252746 9.983597124336994
0 54.1015625 21.744791666666664 7.887480458569388 10.51664061142585
0 47.55859375 28.776041666666668 9.073528288158268 12.098037717544358
0 42.919921875 29.817708333333332 9.236295135755345 12.315060181007127
0 39.794921875 24.283854166666664 8.33526628646708 11.113688381956106
0 48.53515625 20.247395833333336 7.611061958825638 10.148082611767517
0 42.96875 21.028645833333336 7.756509415978292 10.342012554637723
0 33.740234375 32.16145833333333 9.592427762147041 12.789903682862722
0 58.544921875 17.838541666666664 7.143981879101334 9.525309172135112
0 65.33203125 14.127604166666666 6.3576253222655215 8.476833763020695
0 67.529296875 20.768229166666664 7.708331872750909 10.277775830334546
0 72.509765625 28.841145833333332 9.083786661460703 12.11171554861427
0 75.48828125 23.177083333333336 8.143105507889608 10.857474010519478
0 80.37109375 22.526041666666664 8.027921409891299 10.703895213188398
0 77.587890625 38.02083333333333 10.429692071920813 13.906256095894417
0 86.376953125 35.15625 10.029099563693228 13.372132751590971
0 88.0859375 30.078125 9.276540621075844 12.368720828101127
0 99.70703125 40.29947916666667 10.737678274999501 14.316904366666003
0 86.9140625 88.34635416666666 15.898457370155159 21.19794316020688
0 65.673828125 58.333333333333336 12.918707573557572 17.224943431410097
0 65.91796875 40.95052083333333 10.824064850444458 14.432086467259278
0 60.64453125 32.8125 9.689030680168178 12.918707573557572
0 61.9140625 27.018229166666668 8.792028986137655 11.722705314850208
0 71.97265625 25.78125 8.588407763348565 11.451210351131419
0 71.875 19.791666666666664 7.524919437217989 10.033225916290652
0 70.751953125 14.127604166666666 6.3576253222655215 8.476833763020695
0 79.248046875 14.453125 6.430452730012657 8.57393697335021
0 86.376953125 16.536458333333336 6.878312786611722 9.171083715482297
0 80.078125 18.9453125 7.3622668956389274 9.816355860851903
0 90.478515625 20.247395833333336 7.611061958825638 10.148082611767517
0 87.01171875 21.354166666666664 7.816313766397521 10.421751688530028
0 92.96875 18.815104166666664 7.336923388776433 9.782564518368577
0 98.14453125 19.661458333333336 7.500125566067204 10.00016742142294
0 92.1875 22.200520833333336 7.969705113037473 10.626273484049964
0 89.208984375 25.78125 8.588407763348565 11.451210351131419
0 71.630859375 16.666666666666664 6.905339660024879 9.207119546699838
0 60.7421875 23.307291666666664 8.165947363439729 10.88792981791964
0 63.28125 16.861979166666664 6.945682786096826 9.260910381462436
0 59.765625 16.2109375 6.810276368536802 9.080368491382403
0 51.513671875 16.40625 6.8511792970714245 9.134905729428567
0 51.513671875 26.3671875 8.685454999241765 11.580606665655687
0 43.06640625 17.643229166666664 7.104764847914316 9.473019797219088
0 31.298828125 13.020833333333334 6.103515625 8.138020833333332
0 20.263671875 16.015625 6.7691262856502785 9.025501714200372
0 13.8671875 15.234375 6.60196156395994 8.802615418613254
0 7.6171875 15.4296875 6.644147051109997 8.858862734813329
0 4.345703125 23.307291666666664 8.165947363439729 10.88792981791964
0 1.025390625 17.838541666666664 7.143981879101334 9.525309172135112
0 30.322265625 17.643229166666664 7.104764847914316 9.473019797219088
0 40.771484375 16.536458333333336 6.878312786611722 9.171083715482297
0 48.6328125 15.755208333333334 6.7138671875 8.951822916666668
0 41.845703125 19.921875 7.549631882844837 10.066175843793117
0 31.103515625 15.104166666666666 6.573687508709111 8.764916678278816
0 18.212890625 19.010416666666664 7.37490598974278 9.833207986323707
0 2.001953125 59.114583333333336 13.004929048255931 17.339905397674574
0 2.587890625 74.0234375 14.55275758980269 19.403676786403587
0 42.96875 57.877604166666664 12.868144923283701 17.157526564378266
0 70.41015625 16.40625 6.8511792970714245 9.134905729428567
0 78.271484375 12.955729166666666 6.088237714617921 8.117650286157229
0 84.5703125 19.140625 7.400119417103358 9.866825889471144
0 91.50390625 17.838541666666664 7.143981879101334 9.525309172135112
0 97.412109375 18.815104166666664 7.336923388776433 9.782564518368577
0 84.375 15.625 6.686066375795484 8.914755167727312
0 69.23828125 12.630208333333334 6.011265748166568 8.015020997555423
0 61.572265625 14.6484375 6.473755931273323 8.631674575031097
0 49.365234375 12.369791666666668 5.948971157720314 7.931961543627086
0 43.310546875 13.606770833333334 6.2393335877260965 8.319111450301463
0 35.05859375 12.630208333333334 6.011265748166568 8.015020997555423
0 28.41796875 14.322916666666666 6.401421192444773 8.53522825659303
0 20.654296875 20.247395833333336 7.611061958825638 10.148082611767517
0 67.236328125 15.104166666666666 6.573687508709111 8.764916678278816
0 72.216796875 13.28125 6.16424861960576 8.218998159474348
0 75.537109375 16.731770833333336 6.9188135063199665 9.225084675093289
0 89.6484375 19.661458333333336 7.500125566067204 10.00016742142294
0 99.462890625 20.442708333333336 7.647683158045451 10.196910877393934
0 97.65625 26.692708333333332 8.738904457566134 11.651872610088178
0 90.72265625 22.8515625 8.085718566584333 10.780958088779109
0 86.1328125 66.6015625 13.803934177122365 18.405245569496486
0 50.09765625 51.106770833333336 12.092048801366547 16.122731735155398
0 66.552734375 62.239583333333336 13.344245061691556 17.792326748922076
0 53.076171875 51.5625 12.145842738117919 16.194456984157227
0 91.2109375 56.901041666666664 12.75912167991142 17.012162239881892
0 79.638671875 40.625 10.780958088779109 14.374610785038813
0 73.681640625 34.44010416666667 9.926425761285763 13.235234348381017
0 68.115234375 24.609375 8.39094670707246 11.187928942763282
0 70.263671875 19.270833333333336 7.425247229367944 9.900329639157258
0 62.3046875 22.65625 8.051090062422436 10.734786749896582
0 61.181640625 37.04427083333333 10.29487780360901 13.726503738145347
0 34.130859375 37.04427083333333 10.29487780360901 13.726503738145347
0 27.587890625 25.130208333333332 8.479274895904423 11.305699861205897
0 32.12890625 22.0703125 7.946299173761924 10.595065565015899
0 19.921875 21.875 7.911060422861158 10.548080563814876
0 4.345703125 33.0078125 9.717824296930333 12.957099062573777
0 49.70703125 39.32291666666667 10.606779295033428 14.142372393377903
0 58.3984375 36.84895833333333 10.267702539831983 13.690270053109312
0 71.044921875 22.8515625 8.085718566584333 10.780958088779109
0 80.078125 25.5859375 8.555814067917595 11.407752090556793
0 92.822265625 31.119791666666668 9.4358061729372 12.5810748972496
0 97.998046875 32.8125 9.689030680168178 12.918707573557572
0 48.291015625 40.10416666666667 10.711626449453275 14.282168599271033
0 56.8359375 16.731770833333336 6.9188135063199665 9.225084675093289
0 72.705078125 22.721354166666664 8.062649422377262 10.75019922983635
0 62.939453125 32.03125 9.572990198582838 12.763986931443785
0 59.66796875 26.041666666666668 8.631674575031099 11.508899433374797
0 99.609375 32.68229166666667 9.669787303317175 12.893049737756234
0 93.06640625 24.4140625 8.357582969744357 11.143443959659143
0 87.40234375 23.177083333333336 8.143105507889608 10.857474010519478
0 80.078125 28.841145833333332 9.083786661460703 12.11171554861427
0 66.40625 44.59635416666667 11.295627150464934 15.060836200619912
0 48.73046875 23.6328125 8.222774405094897 10.963699206793196
0 83.251953125 21.6796875 7.875664001809045 10.500885335745393
0 2.880859375 33.46354166666667 9.784679896167846 13.046239861557126
