0 99.267578125 92.96875 16.309068867050033 21.745425156066712
0 44.580078125 85.7421875 15.662386987739673 20.883182650319565
0 17.48046875 95.1171875 16.49643768522898 21.995250246971974
0 3.173828125 75.71614583333334 14.718207460678093 19.624276614237456
0 0.68359375 56.0546875 12.663875684354508 16.885167579139345
0 3.955078125 40.49479166666667 10.763667046233154 14.351556061644205
0 32.2265625 62.434895833333336 13.365166284459344 17.820221712612458
0 23.583984375 61.197916666666664 13.2321065604729 17.642808747297202
0 24.072265625 41.53645833333333 10.901227477717134 14.53496997028951
0 42.333984375 48.37239583333333 11.764120646604239 15.68549419547232
0 90.087890625 46.41927083333333 11.524174553527347 15.365566071369797
0 60.498046875 35.9375 10.139921707663666 13.51989561021822
0 58.642578125 27.604166666666668 8.886852892188134 11.849137189584178
0 25.537109375 59.5703125 13.054961936161765 17.406615914882355
0 21.875 41.73177083333333 10.926827264384862 14.569103019179815
0 58.642578125 36.1328125 10.167438506443897 13.556584675258529
0 65.478515625 26.888020833333332 8.770817787597604 11.694423716796805
0 86.1328125 35.9375 10.139921707663666 13.51989561021822
0 30.17578125 31.25 9.4555257475767 12.607367663435602
0 45.947265625 25.9765625 8.620878229873984 11.494504306498644
0 47.216796875 26.106770833333332 8.642457433170346 11.52327657756046
0 56.982421875 27.9296875 8.939098215256843 11.918797620342456
0 93.603515625 59.244791666666664 13.019243779114712 17.358991705486282
0 72.75390625 38.671875 10.518608361580863 14.024811148774482
0 75.341796875 31.705729166666668 9.524222738236839 12.698963650982451
0 27.9296875 26.432291666666668 8.696171172348027 11.594894896464037
0 3.076171875 28.385416666666668 9.011732824849489 12.015643766465985
0 5.126953125 28.385416666666668 9.011732824849489 12.015643766465985
0 34.27734375 20.377604166666664 7.635495607419925 10.180660809893233
0 35.498046875 20.377604166666664 7.635495607419925 10.180660809893233
0 38.330078125 22.4609375 8.016311973000304 10.688415964000404
0 70.361328125 25.846354166666668 8.59924487524742 11.465659833663226
0 94.62890625 26.888020833333332 8.770817787597604 11.694423716796805
0 9.66796875 33.85416666666667 9.841623227903504 13.122164303871338
0 3.61328125 25.846354166666668 8.59924487524742 11.465659833663226
0 8.49609375 29.427083333333332 9.175595934065496 12.234127912087327
0 4.296875 22.330729166666664 7.993042513249997 10.657390017666662
0 22.4609375 29.166666666666668 9.134905729428569 12.17987430590476
0 23.046875 37.5 10.358009490037318 13.810679320049758
0 34.033203125 27.9296875 8.939098215256843 11.918797620342456
0 42.1875 30.533854166666668 9.346553241646458 12.462070988861944
0 42.08984375 43.81510416666667 11.196250200100184 14.928333600133579
0 41.40625 36.1328125 10.167438506443897 13.556584675258529
0 23.14453125 55.338541666666664 12.582719804741396 16.776959739655194
0 45.947265625 57.421875 12.8173828125 17.08984375
0 47.216796875 66.53645833333334 13.79718573664223 18.39624764885631
0 60.009765625 43.81510416666667 11.196250200100184 14.928333600133579
0 62.744140625 52.604166666666664 12.267914576563586 16.357219435418116
0 62.5 56.8359375 12.751820322129015 17.00242709617202
0 75.927734375 61.848958333333336 13.302303904848248 17.73640520646433
0 77.392578125 52.018229166666664 12.199399469791677 16.265865959722237
0 97.4609375 67.70833333333334 13.918157044667211 18.55754272622295
0 95.068359375 55.143229166666664 12.560495377964282 16.74732717061904
0 86.9140625 46.875 11.580606665655687 15.440808887540916
0 88.623046875 40.0390625 10.70292841598522 14.270571221313624
0 94.384765625 38.671875 10.518608361580863 14.024811148774482
0 83.154296875 37.17447916666667 10.31295486371814 13.75060648495752
0 70.80078125 42.1875 10.986328125 14.6484375
0 72.94921875 35.22135416666667 10.038381471800859 13.384508629067811
0 53.662109375 36.84895833333333 10.267702539831983 13.690270053109312
0 69.43359375 34.5703125 9.945172568847854 13.26023009179714
0 0.927734375 20.963541666666664 7.7444931277157725 10.325990836954363
0 12.6953125 22.200520833333336 7.969705113037473 10.626273484049964
0 3.41796875 19.3359375 7.437779301119349 9.917039068159132
0 10.986328125 21.158854166666664 7.780486318348366 10.373981757797822
0 5.224609375 20.5078125 7.659851317145468 10.21313508952729
0 21.09375 22.65625 8.051090062422436 10.734786749896582
0 5.6640625 19.596354166666664 7.487697843252746 9.983597124336994
0 5.126953125 17.96875 7.170007400189656 9.56000986691954
0 1.123046875 18.229166666666664 7.221777078979024 9.629036105305365
0 18.701171875 22.786458333333336 8.074192233473482 10.765589644631309
0 17.578125 20.833333333333336 7.720404443770458 10.293872591693944
0 18.701171875 19.140625 7.400119417103358 9.866825889471144
0 15.673828125 19.3359375 7.437779301119349 9.917039068159132
0 15.52734375 16.731770833333336 6.9188135063199665 9.225084675093289
0 8.056640625 19.466145833333336 7.462780310447684 9.950373747263578
0 11.572265625 16.731770833333336 6.9188135063199665 9.225084675093289
0 10.205078125 18.229166666666664 7.221777078979024 9.629036105305365
0 13.525390625 18.424479166666664 7.2603620931215325 9.680482790828709
0 19.384765625 16.731770833333336 6.9188135063199665 9.225084675093289
0 18.359375 16.015625 6.7691262856502785 9.025501714200372
0 21.09375 16.015625 6.7691262856502785 9.025501714200372
0 22.119140625 16.927083333333336 6.959078522333606 9.278771363111476
0 23.828125 19.010416666666664 7.37490598974278 9.833207986323707
0 26.07421875 20.377604166666664 7.635495607419925 10.180660809893233
0 27.24609375 23.828125 8.256682897014576 11.008910529352768
0 30.859375 22.4609375 8.016311973000304 10.688415964000404
0 40.52734375 25.651041666666668 8.566692411876344 11.422256549168457
0 38.4765625 25.1953125 8.490251308132054 11.320335077509403
0 28.7109375 20.963541666666664 7.7444931277157725 10.325990836954363
0 30.517578125 18.424479166666664 7.2603620931215325 9.680482790828709
0 24.609375 16.927083333333336 6.959078522333606 9.278771363111476
0 25.87890625 17.317708333333336 7.038917599286375 9.385223465715166
0 25.87890625 15.364583333333334 6.6301150458985685 8.840153394531425
0 27.24609375 16.276041666666664 6.823937919616058 9.09858389282141
0 27.783203125 17.513020833333336 7.0784994535786145 9.437999271438152
0 28.955078125 15.364583333333334 6.6301150458985685 8.840153394531425
0 31.298828125 15.364583333333334 6.6301150458985685 8.840153394531425
0 32.470703125 16.145833333333336 6.796587356970242 9.062116475960323
0 32.8125 18.5546875 7.28597191547444 9.714629220632586
0 35.64453125 15.8203125 6.72772451325946 8.970299351012613
0 35.302734375 18.424479166666664 7.2603620931215325 9.680482790828709
0 36.865234375 17.1875 7.012405574387241 9.349874099182989
0 38.916015625 19.921875 7.549631882844837 10.066175843793117
0 39.84375 18.229166666666664 7.221777078979024 9.629036105305365
0 41.2109375 15.690104166666666 6.699981201202437 8.933308268269917
0 43.45703125 16.927083333333336 6.959078522333606 9.278771363111476
0 44.82421875 20.5078125 7.659851317145468 10.21313508952729
0 47.412109375 20.052083333333336 7.574263699945591 10.099018266594122
0 46.533203125 23.567708333333336 8.211440458419013 10.948587277892017
0 51.513671875 30.338541666666668 9.316612257369233 12.42214967649231
0 44.921875 15.8203125 6.72772451325946 8.970299351012613
0 45.703125 16.927083333333336 6.959078522333606 9.278771363111476
0 46.533203125 15.690104166666666 6.699981201202437 8.933308268269917
0 51.26953125 13.997395833333334 6.328259690346595 8.437679587128793
0 54.00390625 13.997395833333334 6.328259690346595 8.437679587128793
0 50.830078125 18.424479166666664 7.2603620931215325 9.680482790828709
0 53.90625 17.7734375 7.130933499479933 9.50791133263991
0 55.126953125 14.192708333333334 6.372257390692475 8.496343187589966
0 56.0546875 14.778645833333334 6.502464524127966 8.669952698837287
0 58.447265625 14.908854166666666 6.531046923532928 8.708062564710572
0 59.47265625 16.471354166666664 6.864759447755123 9.15301259700683
0 57.177734375 16.471354166666664 6.864759447755123 9.15301259700683
0 56.494140625 19.921875 7.549631882844837 10.066175843793117
0 60.595703125 18.229166666666664 7.221777078979024 9.629036105305365
0 58.544921875 20.833333333333336 7.720404443770458 10.293872591693944
0 57.275390625 23.828125 8.256682897014576 11.008910529352768
0 65.234375 24.153645833333336 8.312889692307273 11.083852923076364
0 65.13671875 20.247395833333336 7.611061958825638 10.148082611767517
0 62.3046875 15.234375 6.60196156395994 8.802615418613254
0 64.35546875 15.8203125 6.72772451325946 8.970299351012613
0 65.576171875 17.317708333333336 7.038917599286375 9.385223465715166
0 66.357421875 15.364583333333334 6.6301150458985685 8.840153394531425
0 67.96875 16.471354166666664 6.864759447755123 9.15301259700683
0 70.8984375 15.364583333333334 6.6301150458985685 8.840153394531425
0 72.94921875 16.145833333333336 6.796587356970242 9.062116475960323
0 77.1484375 15.8203125 6.72772451325946 8.970299351012613
0 77.05078125 17.513020833333336 7.0784994535786145 9.437999271438152
0 69.873046875 17.643229166666664 7.104764847914316 9.473019797219088
0 71.728515625 19.466145833333336 7.462780310447684 9.950373747263578
0 70.703125 23.828125 8.256682897014576 11.008910529352768
0 75.0 28.385416666666668 9.011732824849489 12.015643766465985
0 73.876953125 17.317708333333336 7.038917599286375 9.385223465715166
0 75.0 19.466145833333336 7.462780310447684 9.950373747263578
0 79.78515625 17.317708333333336 7.038917599286375 9.385223465715166
0 78.759765625 18.424479166666664 7.2603620931215325 9.680482790828709
0 77.83203125 20.5078125 7.659851317145468 10.21313508952729
0 81.005859375 17.643229166666664 7.104764847914316 9.473019797219088
0 81.93359375 18.229166666666664 7.221777078979024 9.629036105305365
0 83.49609375 17.96875 7.170007400189656 9.56000986691954
0 85.791015625 19.140625 7.400119417103358 9.866825889471144
0 84.1796875 19.140625 7.400119417103358 9.866825889471144
0 84.765625 20.963541666666664 7.7444931277157725 10.325990836954363
0 87.939453125 21.875 7.911060422861158 10.548080563814876
0 89.6484375 21.2890625 7.804389558437758 10.405852744583676
0 91.455078125 21.158854166666664 7.780486318348366 10.373981757797822
0 94.287109375 21.744791666666664 7.887480458569388 10.51664061142585
0 96.240234375 21.419270833333336 7.828219811023351 10.437626414697803
0 80.126953125 19.791666666666664 7.524919437217989 10.033225916290652
0 75.68359375 23.111979166666664 8.131660519088275 10.842214025451032
0 98.73046875 21.2890625 7.804389558437758 10.405852744583676
0 83.154296875 22.786458333333336 8.074192233473482 10.765589644631309
0 97.119140625 23.111979166666664 8.131660519088275 10.842214025451032
0 90.771484375 25.9765625 8.620878229873984 11.494504306498644
0 98.486328125 24.479166666666664 8.36871899463018 11.15829199284024
0 80.322265625 22.65625 8.051090062422436 10.734786749896582
0 94.287109375 24.283854166666664 8.33526628646708 11.113688381956106
0 78.955078125 26.106770833333332 8.642457433170346 11.52327657756046
0 98.73046875 26.5625 8.717563999686098 11.62341866624813
0 84.86328125 24.609375 8.39094670707246 11.187928942763282
0 88.525390625 25.846354166666668 8.59924487524742 11.465659833663226
0 98.046875 29.427083333333332 9.175595934065496 12.234127912087327
0 86.23046875 27.213541666666668 8.823750179932228 11.765000239909636
0 81.93359375 26.888020833333332 8.770817787597604 11.694423716796805
0 91.357421875 28.841145833333332 9.083786661460703 12.11171554861427
0 98.486328125 34.5703125 9.945172568847854 13.26023009179714
0 90.4296875 32.6171875 9.660151239834237 12.880201653112316
0 80.46875 31.575520833333332 9.50464569238125 12.672860923174998
0 85.888671875 32.6171875 9.660151239834237 12.880201653112316
0 65.478515625 30.078125 9.276540621075844 12.368720828101127
0 59.326171875 32.8125 9.689030680168178 12.918707573557572
