0 4.98046875 18.619791666666664 7.298743129334349 9.731657505779133
0 13.037109375 18.489583333333336 7.273178276253042 9.697571035004056
0 1.904296875 18.815104166666664 7.336923388776433 9.782564518368577
0 23.73046875 15.625 6.686066375795484 8.914755167727312
0 8.935546875 18.619791666666664 7.298743129334349 9.731657505779133
0 28.173828125 16.080729166666664 6.782870718656271 9.043827624875028
0 10.986328125 18.815104166666664 7.336923388776433 9.782564518368577
0 25.537109375 15.950520833333334 6.755353888299149 9.0071385177322
0 7.470703125 19.075520833333336 7.3875234600282 9.850031280037602
0 33.740234375 16.861979166666664 6.945682786096826 9.260910381462436
0 4.052734375 19.075520833333336 7.3875234600282 9.850031280037602
0 36.81640625 17.122395833333336 6.9991119025755095 9.332149203434014
0 0.78125 18.033854166666664 7.182984799767957 9.577313066357275
0 41.89453125 16.536458333333336 6.878312786611722 9.171083715482297
0 57.03125 15.494791666666666 6.658149484030587 8.877532645374115
0 74.072265625 16.666666666666664 6.905339660024879 9.207119546699838
0 85.986328125 18.489583333333336 7.273178276253042 9.697571035004056
0 99.4140625 21.09375 7.768507117527988 10.358009490037318
0 81.25 19.075520833333336 7.3875234600282 9.850031280037602
0 93.75 20.182291666666664 7.598815672600545 10.13175423013406
0 83.3984375 17.903645833333336 7.157006469457137 9.542675292609516
0 84.521484375 19.075520833333336 7.3875234600282 9.850031280037602
0 78.955078125 17.903645833333336 7.157006469457137 9.542675292609516
0 69.775390625 15.169270833333334 6.587839704871492 8.783786273161988
0 65.087890625 16.080729166666664 6.782870718656271 9.043827624875028
0 76.025390625 15.625 6.686066375795484 8.914755167727312
