0 50.927734375 11.9140625 5.838356466585996 7.784475288781327
0 74.70703125 20.1171875 7.586549618320344 10.115399491093791
0 73.6328125 30.598958333333332 9.35651227829339 12.475349704391189
0 76.513671875 19.856770833333336 7.537285788103314 10.049714384137753
0 85.83984375 18.294270833333336 7.234661615679748 9.646215487572997
0 56.640625 15.299479166666666 6.61605328023645 8.821404373648601
0 41.015625 17.513020833333336 7.0784994535786145 9.437999271438152
0 11.962890625 18.815104166666664 7.336923388776433 9.782564518368577
0 32.470703125 17.7734375 7.130933499479933 9.50791133263991
0 20.60546875 16.731770833333336 6.9188135063199665 9.225084675093289
0 7.51953125 19.596354166666664 7.487697843252746 9.983597124336994
0 1.416015625 18.815104166666664 7.336923388776433 9.782564518368577
0 8.59375 20.1171875 7.586549618320344 10.115399491093791
0 0.732421875 20.572916666666664 7.672000176987631 10.229333569316841
0 14.599609375 35.48177083333333 10.075423595714831 13.433898127619774
0 4.00390625 19.466145833333336 7.462780310447684 9.950373747263578
0 25.09765625 16.341145833333336 6.837572174807153 9.116762899742872
0 2.9296875 19.205729166666664 7.412693970636669 9.883591960848893
0 18.017578125 14.2578125 6.386855937639267 8.515807916852356
0 6.640625 18.1640625 7.208869513560617 9.611826018080823
0 16.650390625 16.471354166666664 6.864759447755123 9.15301259700683
0 29.345703125 16.6015625 6.891839471823862 9.189119295765149
0 16.162109375 18.9453125 7.3622668956389274 9.816355860851903
0 29.345703125 19.7265625 7.512532730158185 10.01671030687758
0 35.3515625 17.3828125 7.052136235529384 9.40284831403918
0 27.587890625 16.9921875 6.972448522214271 9.296598029619028
0 42.1875 15.169270833333334 6.587839704871492 8.783786273161988
0 43.1640625 16.6015625 6.891839471823862 9.189119295765149
0 48.193359375 20.833333333333336 7.720404443770458 10.293872591693944
0 25.390625 15.299479166666666 6.61605328023645 8.821404373648601
0 31.982421875 16.2109375 6.810276368536802 9.080368491382403
0 46.435546875 15.169270833333334 6.587839704871492 8.783786273161988
0 45.556640625 16.471354166666664 6.864759447755123 9.15301259700683
0 53.90625 15.690104166666666 6.699981201202437 8.933308268269917
0 52.83203125 31.25 9.4555257475767 12.607367663435602
0 56.640625 19.3359375 7.437779301119349 9.917039068159132
0 46.630859375 22.526041666666664 8.027921409891299 10.703895213188398
0 37.6953125 17.643229166666664 7.104764847914316 9.473019797219088
0 65.478515625 16.861979166666664 6.945682786096826 9.260910381462436
0 74.12109375 15.299479166666666 6.61605328023645 8.821404373648601
0 84.423828125 18.684895833333336 7.311492035346033 9.748656047128044
0 74.4140625 16.861979166666664 6.945682786096826 9.260910381462436
0 68.017578125 17.3828125 7.052136235529384 9.40284831403918
0 61.572265625 18.424479166666664 7.2603620931215325 9.680482790828709
0 69.53125 19.466145833333336 7.462780310447684 9.950373747263578
0 63.427734375 17.903645833333336 7.157006469457137 9.542675292609516
0 61.767578125 25.390625 8.523095729839442 11.364127639785922
0 98.974609375 29.947916666666668 9.25643975103949 12.341919668052654
0 98.486328125 22.65625 8.051090062422436 10.734786749896582
0 96.826171875 32.35677083333333 9.621510480001493 12.828680640001991
0 99.365234375 20.572916666666664 7.672000176987631 10.229333569316841
0 94.482421875 21.614583333333336 7.863829789260941 10.485106385681254
0 58.203125 15.950520833333334 6.755353888299149 9.0071385177322
0 78.759765625 17.513020833333336 7.0784994535786145 9.437999271438152
0 91.6015625 19.466145833333336 7.462780310447684 9.950373747263578
0 80.224609375 17.7734375 7.130933499479933 9.50791133263991
0 82.080078125 25.260416666666668 8.501213548086012 11.334951397448016
0 81.298828125 18.033854166666664 7.182984799767957 9.577313066357275
0 83.837890625 22.526041666666664 8.027921409891299 10.703895213188398
0 82.666015625 19.856770833333336 7.537285788103314 10.049714384137753
0 89.0625 21.354166666666664 7.816313766397521 10.421751688530028
0 36.03515625 15.0390625 6.559504779115197 8.746006372153596
