0 87.59765625 27.5390625 8.876366926421502 11.835155901895336
0 75.732421875 24.153645833333336 8.312889692307273 11.083852923076364
0 90.380859375 24.153645833333336 8.312889692307273 11.083852923076364
0 99.658203125 21.6796875 7.875664001809045 10.500885335745393
0 93.505859375 23.372395833333336 8.177344364608315 10.903125819477753
0 82.2265625 21.809895833333336 7.8992792392241125 10.532372318965482
0 87.79296875 19.791666666666664 7.524919437217989 10.033225916290652
0 80.859375 18.5546875 7.28597191547444 9.714629220632586
0 71.826171875 17.96875 7.170007400189656 9.56000986691954
0 83.88671875 21.028645833333336 7.756509415978292 10.342012554637723
0 73.4375 16.276041666666664 6.823937919616058 9.09858389282141
0 86.328125 18.424479166666664 7.2603620931215325 9.680482790828709
0 77.587890625 16.731770833333336 6.9188135063199665 9.225084675093289
0 84.814453125 18.424479166666664 7.2603620931215325 9.680482790828709
0 57.666015625 15.950520833333334 6.755353888299149 9.0071385177322
0 83.30078125 17.513020833333336 7.0784994535786145 9.437999271438152
0 38.916015625 16.080729166666664 6.782870718656271 9.043827624875028
0 24.072265625 16.40625 6.8511792970714245 9.134905729428567
0 11.42578125 18.75 7.32421875 9.765625
0 4.1015625 20.8984375 7.732458166088822 10.309944221451763
0 13.623046875 18.294270833333336 7.234661615679748 9.646215487572997
0 8.30078125 18.880208333333336 7.349606066157407 9.799474754876544
0 1.123046875 17.643229166666664 7.104764847914316 9.473019797219088
0 0.9765625 20.572916666666664 7.672000176987631 10.229333569316841
