0 81.0546875 45.83333333333333 11.45121035113142 15.268280468175227
0 61.181640625 27.799479166666668 8.918236814088415 11.890982418784553
0 75.244140625 26.236979166666668 8.66398288975732 11.551977186343091
0 56.884765625 18.815104166666664 7.336923388776433 9.782564518368577
0 72.75390625 21.484375 7.840107775064166 10.453477033418888
0 46.826171875 17.1875 7.012405574387241 9.349874099182989
0 3.80859375 23.828125 8.256682897014576 11.008910529352768
0 9.375 17.3828125 7.052136235529384 9.40284831403918
0 2.63671875 18.1640625 7.208869513560617 9.611826018080823
0 12.939453125 17.838541666666664 7.143981879101334 9.525309172135112
0 4.541015625 18.489583333333336 7.273178276253042 9.697571035004056
0 17.7734375 14.388020833333334 6.415953381844678 8.554604509126236
0 24.560546875 15.169270833333334 6.587839704871492 8.783786273161988
0 34.27734375 15.494791666666666 6.658149484030587 8.877532645374115
0 41.943359375 15.494791666666666 6.658149484030587 8.877532645374115
0 63.76953125 12.825520833333334 6.057566296777102 8.076755062369468
0 56.640625 14.388020833333334 6.415953381844678 8.554604509126236
0 45.8984375 14.713541666666666 6.488126106405426 8.650834808540568
0 38.8671875 15.950520833333334 6.755353888299149 9.0071385177322
0 48.583984375 13.932291666666666 6.313525654778199 8.418034206370931
0 96.337890625 24.348958333333336 8.346432086900233 11.128576115866979
0 83.30078125 21.484375 7.840107775064166 10.453477033418888
0 97.55859375 20.703125 7.6962403643301345 10.261653819106845
0 90.52734375 20.703125 7.6962403643301345 10.261653819106845
0 76.07421875 19.140625 7.400119417103358 9.866825889471144
0 84.716796875 18.815104166666664 7.336923388776433 9.782564518368577
0 92.08984375 18.815104166666664 7.336923388776433 9.782564518368577
0 80.615234375 18.9453125 7.3622668956389274 9.816355860851903
0 75.830078125 15.494791666666666 6.658149484030587 8.877532645374115
0 67.333984375 16.145833333333336 6.796587356970242 9.062116475960323
0 79.052734375 17.708333333333336 7.117861199762329 9.490481599683106
0 71.09375 14.84375 6.516771394062079 8.689028525416106
0 86.5234375 17.838541666666664 7.143981879101334 9.525309172135112
0 73.828125 15.169270833333334 6.587839704871492 8.783786273161988
0 65.52734375 15.8203125 6.72772451325946 8.970299351012613
0 58.203125 15.625 6.686066375795484 8.914755167727312
0 83.7890625 17.1875 7.012405574387241 9.349874099182989
0 61.03515625 14.713541666666666 6.488126106405426 8.650834808540568
0 89.111328125 20.377604166666664 7.635495607419925 10.180660809893233
