0 14.697265625 67.3828125 13.884659626559234 18.51287950207898
0 5.322265625 53.190104166666664 12.336049152470542 16.44806553662739
0 3.90625 39.453125 10.624325674761481 14.165767566348642
0 8.935546875 25.065104166666668 8.468284256293707 11.291045675058275
0 15.966796875 19.7265625 7.512532730158185 10.01671030687758
0 29.4921875 28.90625 9.094033462982996 12.125377950643994
0 22.998046875 38.15104166666667 10.447535869521296 13.930047826028394
0 38.0859375 39.51822916666667 10.633088006704314 14.177450675605751
0 41.943359375 28.7109375 9.063258303782652 12.084344405043536
0 41.845703125 20.8984375 7.732458166088822 10.309944221451763
0 65.625 26.627604166666668 8.728240750778255 11.637654334371007
0 71.630859375 43.1640625 11.112757236348344 14.817009648464458
0 77.05078125 47.65625 11.676712933171991 15.568950577562655
0 81.73828125 38.671875 10.518608361580863 14.024811148774482
0 88.28125 32.35677083333333 9.621510480001493 12.828680640001991
0 87.98828125 25.260416666666668 8.501213548086012 11.334951397448016
0 76.708984375 22.8515625 8.085718566584333 10.780958088779109
0 95.654296875 53.125 12.32849723921152 16.437996318948695
0 80.17578125 62.890625 13.413855576071724 17.88514076809563
0 55.224609375 54.361979166666664 12.47120162457431 16.628268832765748
0 47.0703125 50.065104166666664 11.968183319780016 15.957577759706687
0 50.0 26.953125 8.78142979122202 11.708573054962693
0 51.953125 18.489583333333336 7.273178276253042 9.697571035004056
0 61.23046875 15.234375 6.60196156395994 8.802615418613254
0 88.76953125 21.809895833333336 7.8992792392241125 10.532372318965482
0 96.337890625 24.088541666666664 8.301678777304348 11.068905036405797
0 76.806640625 28.515625 9.03237828793258 12.043171050576774
0 78.125 17.252604166666664 7.025674092542321 9.367565456723094
0 70.21484375 22.65625 8.051090062422436 10.734786749896582
0 43.1640625 18.5546875 7.28597191547444 9.714629220632586
0 35.888671875 18.815104166666664 7.336923388776433 9.782564518368577
