0 48.046875 15.169270833333334 6.587839704871492 8.783786273161988
0 56.73828125 42.44791666666667 11.020184378215204 14.693579170953605
0 42.87109375 22.200520833333336 7.969705113037473 10.626273484049964
0 61.083984375 15.4296875 6.644147051109997 8.858862734813329
0 62.20703125 20.703125 7.6962403643301345 10.261653819106845
0 64.55078125 27.018229166666668 8.792028986137655 11.722705314850208
0 69.189453125 39.51822916666667 10.633088006704314 14.177450675605751
0 76.220703125 27.864583333333332 8.928673607377803 11.904898143170405
0 83.88671875 40.234375 10.72900136184506 14.305335149126746
0 60.791015625 37.95572916666667 10.420758715187912 13.894344953583882
0 65.966796875 35.9375 10.139921707663666 13.51989561021822
0 69.580078125 20.052083333333336 7.574263699945591 10.099018266594122
0 62.6953125 17.057291666666664 6.985792933508055 9.31439057801074
0 56.4453125 23.111979166666664 8.131660519088275 10.842214025451032
0 52.734375 17.317708333333336 7.038917599286375 9.385223465715166
0 47.75390625 19.205729166666664 7.412693970636669 9.883591960848893
0 40.8203125 27.278645833333332 8.83429859993294 11.779064799910586
0 47.265625 16.536458333333336 6.878312786611722 9.171083715482297
0 42.236328125 15.755208333333334 6.7138671875 8.951822916666668
0 31.54296875 24.21875 8.324085508414218 11.098780677885625
0 37.5 18.5546875 7.28597191547444 9.714629220632586
0 27.685546875 16.145833333333336 6.796587356970242 9.062116475960323
0 35.05859375 16.536458333333336 6.878312786611722 9.171083715482297
0 26.26953125 23.697916666666664 8.234092750996119 10.978790334661493
0 39.990234375 16.666666666666664 6.905339660024879 9.207119546699838
0 21.142578125 26.497395833333332 8.706874156303165 11.609165541737553
0 44.62890625 15.625 6.686066375795484 8.914755167727312
0 22.75390625 22.0703125 7.946299173761924 10.595065565015899
0 26.3671875 15.755208333333334 6.7138671875 8.951822916666668
0 43.115234375 17.1875 7.012405574387241 9.349874099182989
0 65.966796875 17.1875 7.012405574387241 9.349874099182989
0 87.353515625 32.68229166666667 9.669787303317175 12.893049737756234
0 95.60546875 47.20052083333333 11.620747537023785 15.494330049365049
0 98.828125 38.8671875 10.545137050275265 14.060182733700355
0 98.73046875 29.8828125 9.24637292940864 12.32849723921152
0 96.728515625 21.354166666666664 7.816313766397521 10.421751688530028
0 90.966796875 23.111979166666664 8.131660519088275 10.842214025451032
0 85.44921875 21.354166666666664 7.816313766397521 10.421751688530028
0 90.869140625 19.661458333333336 7.500125566067204 10.00016742142294
0 83.10546875 20.182291666666664 7.598815672600545 10.13175423013406
0 74.51171875 15.4296875 6.644147051109997 8.858862734813329
0 80.56640625 22.4609375 8.016311973000304 10.688415964000404
0 88.671875 23.372395833333336 8.177344364608315 10.903125819477753
0 77.05078125 19.3359375 7.437779301119349 9.917039068159132
0 88.4765625 20.3125 7.62328857226367 10.164384763018226
0 78.076171875 17.057291666666664 6.985792933508055 9.31439057801074
0 68.45703125 15.169270833333334 6.587839704871492 8.783786273161988
0 80.56640625 18.294270833333336 7.234661615679748 9.646215487572997
0 71.77734375 14.778645833333334 6.502464524127966 8.669952698837287
0 23.828125 15.299479166666666 6.61605328023645 8.821404373648601
0 3.466796875 34.1796875 9.888825528576445 13.185100704768596
0 22.55859375 17.7734375 7.130933499479933 9.50791133263991
0 16.162109375 19.921875 7.549631882844837 10.066175843793117
0 1.953125 20.182291666666664 7.598815672600545 10.13175423013406
0 12.060546875 22.330729166666664 7.993042513249997 10.657390017666662
0 8.10546875 27.864583333333332 8.928673607377803 11.904898143170405
0 11.03515625 16.796875 6.932261164306974 9.243014885742634
0 4.78515625 21.223958333333336 7.792447103762027 10.389929471682702
0 9.716796875 19.075520833333336 7.3875234600282 9.850031280037602
0 7.373046875 18.5546875 7.28597191547444 9.714629220632586
0 5.37109375 18.9453125 7.3622668956389274 9.816355860851903
0 31.54296875 15.755208333333334 6.7138671875 8.951822916666668
0 74.51171875 18.424479166666664 7.2603620931215325 9.680482790828709
0 85.7421875 18.1640625 7.208869513560617 9.611826018080823
0 97.314453125 20.442708333333336 7.647683158045451 10.196910877393934
0 92.08984375 19.205729166666664 7.412693970636669 9.883591960848893
0 63.427734375 14.388020833333334 6.415953381844678 8.554604509126236
0 65.33203125 15.299479166666666 6.61605328023645 8.821404373648601
0 55.76171875 14.518229166666666 6.444919458600731 8.593225944800976
0 58.88671875 15.169270833333334 6.587839704871492 8.783786273161988
0 73.53515625 14.908854166666666 6.531046923532928 8.708062564710572
0 20.60546875 15.755208333333334 6.7138671875 8.951822916666668
0 17.1875 15.755208333333334 6.7138671875 8.951822916666668
