0 91.69921875 53.841145833333336 12.411315556434788 16.54842074191305
0 97.021484375 38.93229166666667 10.553965128046011 14.07195350406135
0 99.169921875 30.6640625 9.366460725843998 12.48861430112533
0 87.3046875 31.575520833333332 9.50464569238125 12.672860923174998
0 84.228515625 36.39322916666667 10.204012144348443 13.605349525797925
0 82.666015625 47.13541666666667 11.612730462915312 15.483640617220415
0 63.427734375 59.5703125 13.054961936161765 17.406615914882355
0 66.259765625 43.75 11.187928942763282 14.917238590351042
0 58.88671875 44.921875 11.336777112430854 15.11570281657447
0 50.146484375 36.65364583333333 10.240455160865794 13.653940214487726
0 60.302734375 29.4921875 9.185740321833748 12.247653762444997
0 64.697265625 27.213541666666668 8.823750179932228 11.765000239909636
0 68.212890625 22.526041666666664 8.027921409891299 10.703895213188398
0 77.978515625 27.604166666666668 8.886852892188134 11.849137189584178
0 73.828125 33.65885416666667 9.813192865486773 13.084257153982362
0 73.828125 27.799479166666668 8.918236814088415 11.890982418784553
0 92.48046875 25.520833333333332 8.544921875 11.393229166666668
0 90.8203125 28.841145833333332 9.083786661460703 12.11171554861427
0 95.849609375 23.046875 8.120199399200482 10.82693253226731
0 97.998046875 24.739583333333336 8.413115693414442 11.217487591219255
0 90.91796875 22.135416666666664 7.958010748538389 10.610680998051187
0 87.40234375 25.911458333333332 8.610068346964042 11.480091129285388
0 81.396484375 21.875 7.911060422861158 10.548080563814876
0 84.033203125 23.828125 8.256682897014576 11.008910529352768
0 85.3515625 19.140625 7.400119417103358 9.866825889471144
0 93.798828125 20.963541666666664 7.7444931277157725 10.325990836954363
0 98.583984375 20.182291666666664 7.598815672600545 10.13175423013406
0 91.796875 19.661458333333336 7.500125566067204 10.00016742142294
0 81.201171875 18.75 7.32421875 9.765625
0 99.365234375 22.916666666666664 8.097228492078614 10.796304656104818
0 70.1171875 21.223958333333336 7.792447103762027 10.389929471682702
0 38.37890625 45.3125 11.385960758165057 15.181281010886744
0 33.349609375 51.497395833333336 12.138172486176355 16.184229981568475
0 30.908203125 74.67447916666666 14.616613787631893 19.48881838350919
0 50.634765625 22.526041666666664 8.027921409891299 10.703895213188398
0 50.439453125 18.098958333333336 7.195938795502683 9.594585060670244
0 59.765625 20.572916666666664 7.672000176987631 10.229333569316841
0 68.115234375 15.299479166666666 6.61605328023645 8.821404373648601
0 64.599609375 19.270833333333336 7.425247229367944 9.900329639157258
0 64.501953125 14.908854166666666 6.531046923532928 8.708062564710572
0 74.609375 18.359375 7.247523246483103 9.663364328644137
0 74.70703125 14.778645833333334 6.502464524127966 8.669952698837287
0 83.447265625 17.708333333333336 7.117861199762329 9.490481599683106
0 88.4765625 20.182291666666664 7.598815672600545 10.13175423013406
0 95.166015625 20.3125 7.62328857226367 10.164384763018226
0 71.19140625 15.4296875 6.644147051109997 8.858862734813329
0 70.5078125 14.388020833333334 6.415953381844678 8.554604509126236
0 76.5625 16.341145833333336 6.837572174807153 9.116762899742872
0 73.73046875 16.080729166666664 6.782870718656271 9.043827624875028
0 74.90234375 14.778645833333334 6.502464524127966 8.669952698837287
0 73.4375 14.127604166666666 6.3576253222655215 8.476833763020695
0 66.455078125 16.471354166666664 6.864759447755123 9.15301259700683
0 58.30078125 16.927083333333336 6.959078522333606 9.278771363111476
0 45.849609375 19.270833333333336 7.425247229367944 9.900329639157258
0 60.15625 14.127604166666666 6.3576253222655215 8.476833763020695
0 46.923828125 15.4296875 6.644147051109997 8.858862734813329
0 57.71484375 14.388020833333334 6.415953381844678 8.554604509126236
0 45.654296875 15.169270833333334 6.587839704871492 8.783786273161988
0 56.15234375 14.2578125 6.386855937639267 8.515807916852356
0 44.189453125 16.6015625 6.891839471823862 9.189119295765149
0 81.103515625 16.080729166666664 6.782870718656271 9.043827624875028
0 42.48046875 14.778645833333334 6.502464524127966 8.669952698837287
0 37.98828125 21.744791666666664 7.887480458569388 10.51664061142585
0 40.91796875 27.9296875 8.939098215256843 11.918797620342456
0 40.234375 17.057291666666664 6.985792933508055 9.31439057801074
0 34.716796875 21.744791666666664 7.887480458569388 10.51664061142585
0 39.0625 15.4296875 6.644147051109997 8.858862734813329
0 31.884765625 21.354166666666664 7.816313766397521 10.421751688530028
0 35.25390625 16.080729166666664 6.782870718656271 9.043827624875028
0 36.23046875 14.2578125 6.386855937639267 8.515807916852356
0 33.935546875 15.169270833333334 6.587839704871492 8.783786273161988
0 30.615234375 15.8203125 6.72772451325946 8.970299351012613
0 32.275390625 15.559895833333334 6.672122530845778 8.896163374461038
0 29.541015625 16.796875 6.932261164306974 9.243014885742634
0 29.345703125 14.388020833333334 6.415953381844678 8.554604509126236
0 27.294921875 17.1875 7.012405574387241 9.349874099182989
0 27.392578125 14.2578125 6.386855937639267 8.515807916852356
0 24.90234375 18.098958333333336 7.195938795502683 9.594585060670244
0 25.48828125 15.0390625 6.559504779115197 8.746006372153596
0 20.5078125 14.778645833333334 6.502464524127966 8.669952698837287
0 18.115234375 15.4296875 6.644147051109997 8.858862734813329
0 18.75 17.578125 7.091644310682526 9.455525747576702
0 22.36328125 20.182291666666664 7.598815672600545 10.13175423013406
0 20.703125 20.442708333333336 7.647683158045451 10.196910877393934
0 18.5546875 24.609375 8.39094670707246 11.187928942763282
0 16.064453125 22.526041666666664 8.027921409891299 10.703895213188398
0 13.134765625 19.010416666666664 7.37490598974278 9.833207986323707
0 11.767578125 16.666666666666664 6.905339660024879 9.207119546699838
0 10.498046875 17.838541666666664 7.143981879101334 9.525309172135112
0 9.08203125 17.708333333333336 7.117861199762329 9.490481599683106
0 6.34765625 18.489583333333336 7.273178276253042 9.697571035004056
0 4.58984375 18.75 7.32421875 9.765625
0 9.86328125 24.348958333333336 8.346432086900233 11.128576115866979
0 7.2265625 25.260416666666668 8.501213548086012 11.334951397448016
0 2.5390625 23.567708333333336 8.211440458419013 10.948587277892017
0 0.634765625 20.3125 7.62328857226367 10.164384763018226
0 2.1484375 18.880208333333336 7.349606066157407 9.799474754876544
0 2.9296875 18.359375 7.247523246483103 9.663364328644137
0 2.1484375 47.39583333333333 11.644765642296699 15.526354189728933
0 21.6796875 31.705729166666668 9.524222738236839 12.698963650982451
0 55.95703125 19.140625 7.400119417103358 9.866825889471144
0 47.705078125 14.518229166666666 6.444919458600731 8.593225944800976
