0 85.498046875 42.31770833333333 11.00326927326657 14.671025697688759
0 65.576171875 42.70833333333333 11.053936936202902 14.738582581603868
0 76.904296875 28.125 8.970299351012615 11.960399134683486
0 92.87109375 30.924479166666668 9.406149296522488 12.541532395363317
0 65.0390625 24.4140625 8.357582969744357 11.143443959659143
0 82.03125 22.4609375 8.016311973000304 10.688415964000404
0 99.462890625 25.651041666666668 8.566692411876344 11.422256549168457
0 28.80859375 22.981770833333336 8.108722079825698 10.811629439767596
0 9.326171875 23.697916666666664 8.234092750996119 10.978790334661493
0 55.712890625 17.7734375 7.130933499479933 9.50791133263991
0 72.705078125 16.666666666666664 6.905339660024879 9.207119546699838
0 21.826171875 19.53125 7.475249459177179 9.966999278902906
0 96.044921875 25.846354166666668 8.59924487524742 11.465659833663226
0 15.91796875 16.666666666666664 6.905339660024879 9.207119546699838
0 66.50390625 16.341145833333336 6.837572174807153 9.116762899742872
0 59.375 14.583333333333334 6.459353786778786 8.612471715705048
0 77.197265625 15.625 6.686066375795484 8.914755167727312
0 85.205078125 18.098958333333336 7.195938795502683 9.594585060670244
0 60.44921875 22.65625 8.051090062422436 10.734786749896582
0 94.43359375 23.177083333333336 8.143105507889608 10.857474010519478
0 96.923828125 22.65625 8.051090062422436 10.734786749896582
0 37.40234375 17.3828125 7.052136235529384 9.40284831403918
0 32.12890625 17.3828125 7.052136235529384 9.40284831403918
0 25.537109375 15.8203125 6.72772451325946 8.970299351012613
0 3.80859375 22.981770833333336 8.108722079825698 10.811629439767596
0 9.326171875 22.135416666666664 7.958010748538389 10.610680998051187
0 90.087890625 18.294270833333336 7.234661615679748 9.646215487572997
0 11.572265625 19.140625 7.400119417103358 9.866825889471144
0 5.908203125 16.015625 6.7691262856502785 9.025501714200372
