0 1.26953125 18.684895833333336 7.311492035346033 9.748656047128044
0 2.63671875 16.2109375 6.810276368536802 9.080368491382403
0 4.248046875 15.104166666666666 6.573687508709111 8.764916678278816
0 5.712890625 16.080729166666664 6.782870718656271 9.043827624875028
0 7.6171875 17.057291666666664 6.985792933508055 9.31439057801074
0 5.078125 18.880208333333336 7.349606066157407 9.799474754876544
0 4.1015625 21.2890625 7.804389558437758 10.405852744583676
0 9.86328125 14.908854166666666 6.531046923532928 8.708062564710572
0 11.42578125 13.0859375 6.118755388111396 8.15834051748186
0 14.55078125 13.8671875 6.298757153488249 8.398342871317666
0 11.181640625 18.033854166666664 7.182984799767957 9.577313066357275
0 14.208984375 21.223958333333336 7.792447103762027 10.389929471682702
0 8.544921875 21.484375 7.840107775064166 10.453477033418888
0 7.6171875 24.0234375 8.290452702152177 11.053936936202902
0 11.81640625 25.5859375 8.555814067917595 11.407752090556793
0 6.201171875 27.604166666666668 8.886852892188134 11.849137189584178
0 3.22265625 29.036458333333332 9.114492506755418 12.15265667567389
0 -0.146484375 36.06770833333333 10.158274522151634 13.544366029535512
0 1.171875 39.77864583333333 10.668065364348472 14.224087152464628
0 11.1328125 36.78385416666667 10.258628121320564 13.678170828427419
0 5.6640625 52.734375 12.283088255308904 16.377451007078538
0 14.453125 58.723958333333336 12.9618900034151 17.28252000455347
0 16.50390625 72.91666666666666 14.443554157958047 19.25807221061073
0 18.9453125 44.40104166666667 11.270865058971795 15.027820078629059
0 31.298828125 53.580729166666664 12.381263900818356 16.508351867757806
0 60.986328125 85.67708333333334 15.656439622046703 20.875252829395606
0 60.546875 71.61458333333334 14.314012938914274 19.085350585219032
0 57.8125 55.208333333333336 12.567907886947022 16.757210515929362
0 79.443359375 59.9609375 13.097695150070152 17.46359353342687
0 65.283203125 41.796875 10.935347208965403 14.580462945287206
0 43.1640625 41.40625 10.884127502518925 14.512170003358568
0 38.037109375 41.14583333333333 10.849846700824694 14.466462267766259
0 15.771484375 15.950520833333334 6.755353888299149 9.0071385177322
0 15.869140625 18.424479166666664 7.2603620931215325 9.680482790828709
0 18.9453125 12.630208333333334 6.011265748166568 8.015020997555423
0 20.41015625 14.2578125 6.386855937639267 8.515807916852356
0 22.16796875 13.8671875 6.298757153488249 8.398342871317666
0 23.14453125 12.760416666666666 6.042172202521769 8.056229603362357
0 23.4375 15.755208333333334 6.7138671875 8.951822916666668
0 25.0 16.6015625 6.891839471823862 9.189119295765149
0 21.533203125 16.796875 6.932261164306974 9.243014885742634
0 21.09375 18.619791666666664 7.298743129334349 9.731657505779133
0 18.798828125 22.200520833333336 7.969705113037473 10.626273484049964
0 23.33984375 20.833333333333336 7.720404443770458 10.293872591693944
0 16.748046875 21.614583333333336 7.863829789260941 10.485106385681254
0 21.142578125 29.361979166666668 9.16544031840894 12.220587091211922
0 19.23828125 30.598958333333332 9.35651227829339 12.475349704391189
0 17.3828125 34.30989583333333 9.907643481901811 13.210191309202415
0 23.095703125 25.846354166666668 8.59924487524742 11.465659833663226
0 27.1484375 22.721354166666664 8.062649422377262 10.75019922983635
0 28.80859375 23.893229166666664 8.267954824306681 11.023939765742242
0 31.34765625 25.651041666666668 8.566692411876344 11.422256549168457
0 32.568359375 30.598958333333332 9.35651227829339 12.475349704391189
0 39.6484375 28.385416666666668 9.011732824849489 12.015643766465985
0 33.984375 24.348958333333336 8.346432086900233 11.128576115866979
0 42.626953125 27.9296875 8.939098215256843 11.918797620342456
0 46.19140625 29.557291666666668 9.195873518871684 12.261164691828911
0 51.26953125 26.692708333333332 8.738904457566134 11.651872610088178
0 55.517578125 32.8125 9.689030680168178 12.918707573557572
0 51.07421875 35.3515625 10.056919588186085 13.409226117581447
0 61.572265625 27.864583333333332 8.928673607377803 11.904898143170405
0 62.158203125 32.74739583333333 9.679413773897526 12.905885031863368
0 24.462890625 14.453125 6.430452730012657 8.57393697335021
0 26.123046875 13.020833333333334 6.103515625 8.138020833333332
0 27.63671875 13.671875 6.254242410864013 8.338989881152017
0 27.001953125 17.1875 7.012405574387241 9.349874099182989
0 29.6875 13.8671875 6.298757153488249 8.398342871317666
0 30.76171875 15.625 6.686066375795484 8.914755167727312
0 32.666015625 17.643229166666664 7.104764847914316 9.473019797219088
0 31.73828125 20.8984375 7.732458166088822 10.309944221451763
0 32.421875 12.239583333333332 5.917577950947668 7.8901039345968895
0 32.71484375 15.234375 6.60196156395994 8.802615418613254
0 33.251953125 13.411458333333334 6.194391824397107 8.259189099196142
0 35.05859375 14.518229166666666 6.444919458600731 8.593225944800976
0 38.330078125 11.588541666666668 5.758045124546267 7.677393499395023
0 38.134765625 13.0859375 6.118755388111396 8.15834051748186
0 40.33203125 12.890625 6.072921369058959 8.097228492078614
0 38.28125 14.583333333333334 6.459353786778786 8.612471715705048
0 36.62109375 15.494791666666666 6.658149484030587 8.877532645374115
0 37.6953125 16.080729166666664 6.782870718656271 9.043827624875028
0 35.693359375 17.7734375 7.130933499479933 9.50791133263991
0 37.451171875 18.098958333333336 7.195938795502683 9.594585060670244
0 39.013671875 17.513020833333336 7.0784994535786145 9.437999271438152
0 40.625 17.057291666666664 6.985792933508055 9.31439057801074
0 41.845703125 13.606770833333334 6.2393335877260965 8.319111450301463
0 43.26171875 13.216145833333334 6.149121606326259 8.198828808435012
0 44.580078125 12.044270833333332 5.870173358664351 7.826897811552468
0 43.359375 16.666666666666664 6.905339660024879 9.207119546699838
0 45.21484375 16.080729166666664 6.782870718656271 9.043827624875028
0 42.919921875 20.1171875 7.586549618320344 10.115399491093791
0 40.771484375 21.419270833333336 7.828219811023351 10.437626414697803
0 46.2890625 20.963541666666664 7.7444931277157725 10.325990836954363
0 49.169921875 12.5 5.980199567341744 7.973599423122326
0 50.87890625 12.565104166666666 5.995752778438873 7.9943370379184975
0 50.732421875 17.838541666666664 7.143981879101334 9.525309172135112
0 48.583984375 17.838541666666664 7.143981879101334 9.525309172135112
0 47.8515625 20.442708333333336 7.647683158045451 10.196910877393934
0 50.244140625 21.614583333333336 7.863829789260941 10.485106385681254
0 52.734375 17.708333333333336 7.117861199762329 9.490481599683106
0 52.63671875 22.200520833333336 7.969705113037473 10.626273484049964
0 53.80859375 14.0625 6.342959500374307 8.457279333832409
0 52.9296875 11.71875 5.790303332827843 7.720404443770458
0 55.908203125 12.825520833333334 6.057566296777102 8.076755062369468
0 57.91015625 12.890625 6.072921369058959 8.097228492078614
0 59.228515625 13.0859375 6.118755388111396 8.15834051748186
0 56.494140625 17.122395833333336 6.9991119025755095 9.332149203434014
0 59.326171875 15.950520833333334 6.755353888299149 9.0071385177322
0 61.5234375 12.174479166666668 5.901818727360142 7.8690916364801895
0 61.962890625 15.4296875 6.644147051109997 8.858862734813329
0 64.111328125 13.932291666666666 6.313525654778199 8.418034206370931
0 66.6015625 13.4765625 6.209408553886659 8.279211405182211
0 59.5703125 21.158854166666664 7.780486318348366 10.373981757797822
0 64.306640625 19.401041666666664 7.450290292806215 9.933720390408286
0 63.037109375 22.8515625 8.085718566584333 10.780958088779109
0 67.67578125 22.981770833333336 8.108722079825698 10.811629439767596
0 67.138671875 29.817708333333332 9.236295135755345 12.315060181007127
0 67.919921875 15.0390625 6.559504779115197 8.746006372153596
0 69.3359375 13.0859375 6.118755388111396 8.15834051748186
0 71.630859375 12.890625 6.072921369058959 8.097228492078614
0 72.8515625 13.411458333333334 6.194391824397107 8.259189099196142
0 74.365234375 12.890625 6.072921369058959 8.097228492078614
0 74.0234375 16.666666666666664 6.905339660024879 9.207119546699838
0 71.484375 20.377604166666664 7.635495607419925 10.180660809893233
0 71.630859375 26.432291666666668 8.696171172348027 11.594894896464037
0 72.16796875 30.143229166666668 9.286574740419274 12.382099653892366
0 74.90234375 28.580729166666668 9.042683343523592 12.056911124698123
0 77.685546875 37.76041666666667 10.393912576859377 13.85855010247917
0 74.0234375 42.96875 11.087586745962493 14.783448994616657
0 77.1484375 13.020833333333334 6.103515625 8.138020833333332
0 76.416015625 14.778645833333334 6.502464524127966 8.669952698837287
0 78.125 16.080729166666664 6.782870718656271 9.043827624875028
0 80.46875 14.6484375 6.473755931273323 8.631674575031097
0 82.568359375 15.0390625 6.559504779115197 8.746006372153596
0 83.10546875 16.276041666666664 6.823937919616058 9.09858389282141
0 85.64453125 15.104166666666666 6.573687508709111 8.764916678278816
0 84.1796875 17.1875 7.012405574387241 9.349874099182989
0 80.46875 20.377604166666664 7.635495607419925 10.180660809893233
0 82.275390625 19.791666666666664 7.524919437217989 10.033225916290652
0 84.86328125 20.8984375 7.732458166088822 10.309944221451763
0 86.71875 15.494791666666666 6.658149484030587 8.877532645374115
0 87.79296875 18.424479166666664 7.2603620931215325 9.680482790828709
0 90.625 17.122395833333336 6.9991119025755095 9.332149203434014
0 91.357421875 18.424479166666664 7.2603620931215325 9.680482790828709
0 93.115234375 18.294270833333336 7.234661615679748 9.646215487572997
0 94.23828125 17.7734375 7.130933499479933 9.50791133263991
0 95.556640625 20.247395833333336 7.611061958825638 10.148082611767517
0 89.6484375 20.442708333333336 7.647683158045451 10.196910877393934
0 87.646484375 23.307291666666664 8.165947363439729 10.88792981791964
0 92.431640625 22.916666666666664 8.097228492078614 10.796304656104818
0 91.9921875 25.911458333333332 8.610068346964042 11.480091129285388
0 90.673828125 28.971354166666668 9.104268731797058 12.139024975729411
0 88.37890625 30.533854166666668 9.346553241646458 12.462070988861944
0 84.9609375 36.39322916666667 10.204012144348443 13.605349525797925
0 93.06640625 42.12239583333333 10.977847746951262 14.63713032926835
0 98.14453125 19.596354166666664 7.487697843252746 9.983597124336994
0 99.169921875 19.401041666666664 7.450290292806215 9.933720390408286
0 99.853515625 21.028645833333336 7.756509415978292 10.342012554637723
0 99.609375 23.763020833333336 8.245395560367612 10.993860747156816
0 100.09765625 26.953125 8.78142979122202 11.708573054962693
0 98.046875 27.213541666666668 8.823750179932228 11.765000239909636
0 99.21875 31.901041666666668 9.55351308746248 12.738017449949975
0 37.646484375 20.963541666666664 7.7444931277157725 10.325990836954363
0 88.818359375 47.39583333333333 11.644765642296699 15.526354189728933
