0 5.126953125 29.166666666666668 9.134905729428569 12.17987430590476
0 42.236328125 26.3671875 8.685454999241765 11.580606665655687
0 38.330078125 16.080729166666664 6.782870718656271 9.043827624875028
0 7.470703125 16.341145833333336 6.837572174807153 9.116762899742872
0 77.34375 18.619791666666664 7.298743129334349 9.731657505779133
0 59.912109375 17.057291666666664 6.985792933508055 9.31439057801074
0 46.97265625 15.559895833333334 6.672122530845778 8.896163374461038
0 92.67578125 25.1953125 8.490251308132054 11.320335077509403
0 87.158203125 20.638020833333336 7.684129829110212 10.245506438813615
0 91.796875 18.098958333333336 7.195938795502683 9.594585060670244
0 83.154296875 21.028645833333336 7.756509415978292 10.342012554637723
0 79.931640625 16.341145833333336 6.837572174807153 9.116762899742872
0 67.529296875 15.8203125 6.72772451325946 8.970299351012613
0 58.0078125 15.559895833333334 6.672122530845778 8.896163374461038
0 42.138671875 16.471354166666664 6.864759447755123 9.15301259700683
0 66.40625 16.927083333333336 6.959078522333606 9.278771363111476
0 76.85546875 16.2109375 6.810276368536802 9.080368491382403
0 93.896484375 21.028645833333336 7.756509415978292 10.342012554637723
0 99.70703125 21.419270833333336 7.828219811023351 10.437626414697803
0 89.55078125 19.3359375 7.437779301119349 9.917039068159132
0 80.56640625 20.247395833333336 7.611061958825638 10.148082611767517
0 75.146484375 20.5078125 7.659851317145468 10.21313508952729
