0 3.955078125 29.361979166666668 9.16544031840894 12.220587091211922
0 29.00390625 34.1796875 9.888825528576445 13.185100704768596
0 31.884765625 36.97916666666667 10.285827359834423 13.714436479779232
0 41.650390625 23.828125 8.256682897014576 11.008910529352768
0 56.201171875 34.63541666666667 9.954532733337459 13.272710311116612
0 63.0859375 31.575520833333332 9.50464569238125 12.672860923174998
0 85.7421875 30.078125 9.276540621075844 12.368720828101127
0 91.552734375 24.674479166666664 8.402038511923953 11.202718015898604
0 71.484375 20.572916666666664 7.672000176987631 10.229333569316841
0 28.466796875 24.674479166666664 8.402038511923953 11.202718015898604
0 33.935546875 22.330729166666664 7.993042513249997 10.657390017666662
0 38.427734375 20.182291666666664 7.598815672600545 10.13175423013406
0 64.16015625 19.986979166666664 7.561957820656658 10.08261042754221
0 52.490234375 16.341145833333336 6.837572174807153 9.116762899742872
0 38.671875 15.234375 6.60196156395994 8.802615418613254
0 50.732421875 17.513020833333336 7.0784994535786145 9.437999271438152
0 14.16015625 19.140625 7.400119417103358 9.866825889471144
0 84.5703125 83.7890625 15.48297228267312 20.643963043564163
0 45.263671875 82.03125 15.319702634290936 20.42627017905458
0 3.41796875 72.59114583333334 14.411278018942378 19.215037358589836
0 1.46484375 56.966145833333336 12.766418861909113 17.021891815878817
0 22.998046875 50.520833333333336 12.022531496333135 16.030041995110846
0 37.890625 64.6484375 13.600024386692622 18.133365848923496
0 46.875 60.7421875 13.18274601224071 17.57699468298761
0 86.42578125 61.588541666666664 13.274269513508024 17.6990260180107
0 91.748046875 49.8046875 11.937016122807584 15.916021497076779
0 64.2578125 55.338541666666664 12.582719804741396 16.776959739655194
0 53.90625 46.41927083333333 11.524174553527347 15.365566071369797
0 65.185546875 42.64322916666667 11.045508466097326 14.7273446214631
0 58.7890625 39.84375 10.676791799643494 14.235722399524658
0 35.498046875 44.40104166666667 11.270865058971795 15.027820078629059
0 7.03125 40.625 10.780958088779109 14.374610785038813
0 2.001953125 35.09114583333333 10.019809057239993 13.359745409653323
0 1.220703125 25.130208333333332 8.479274895904423 11.305699861205897
0 8.349609375 25.5859375 8.555814067917595 11.407752090556793
0 3.173828125 22.4609375 8.016311973000304 10.688415964000404
0 19.384765625 31.8359375 9.543759625922785 12.725012834563712
0 26.85546875 41.14583333333333 10.849846700824694 14.466462267766259
0 25.1953125 27.278645833333332 8.83429859993294 11.779064799910586
0 20.947265625 22.916666666666664 8.097228492078614 10.796304656104818
0 32.2265625 31.705729166666668 9.524222738236839 12.698963650982451
0 35.83984375 25.9765625 8.620878229873984 11.494504306498644
0 48.291015625 34.50520833333333 9.935803586486637 13.247738115315515
0 50.5859375 25.5859375 8.555814067917595 11.407752090556793
0 60.546875 33.26822916666667 9.756083595670033 13.008111460893376
0 58.3984375 23.697916666666664 8.234092750996119 10.978790334661493
0 72.0703125 29.1015625 9.124704826492952 12.166273101990603
0 61.572265625 26.171875 8.653226854710587 11.537635806280782
0 77.44140625 38.73697916666667 10.527458685705774 14.036611580941033
0 80.078125 26.888020833333332 8.770817787597604 11.694423716796805
0 95.60546875 34.765625 9.973226707988399 13.297635610651199
0 93.1640625 28.450520833333332 9.02206146184966 12.029415282466214
0 87.744140625 38.8671875 10.545137050275265 14.060182733700355
0 99.560546875 42.31770833333333 11.00326927326657 14.671025697688759
0 99.755859375 29.947916666666668 9.25643975103949 12.341919668052654
0 96.484375 25.846354166666668 8.59924487524742 11.465659833663226
0 74.560546875 26.171875 8.653226854710587 11.537635806280782
0 96.337890625 23.2421875 8.154534433525017 10.872712578033356
0 1.123046875 18.5546875 7.28597191547444 9.714629220632586
0 5.810546875 18.5546875 7.28597191547444 9.714629220632586
0 10.7421875 22.330729166666664 7.993042513249997 10.657390017666662
0 15.234375 23.828125 8.256682897014576 11.008910529352768
0 3.41796875 17.057291666666664 6.985792933508055 9.31439057801074
0 20.263671875 18.815104166666664 7.336923388776433 9.782564518368577
0 5.078125 16.2109375 6.810276368536802 9.080368491382403
0 11.62109375 17.3828125 7.052136235529384 9.40284831403918
0 2.34375 15.494791666666666 6.658149484030587 8.877532645374115
0 17.96875 17.252604166666664 7.025674092542321 9.367565456723094
0 10.009765625 16.536458333333336 6.878312786611722 9.171083715482297
0 27.197265625 21.940104166666664 7.92282408798045 10.5637654506406
0 13.720703125 15.494791666666666 6.658149484030587 8.877532645374115
0 18.310546875 13.736979166666666 6.269115778861736 8.358821038482315
0 31.54296875 19.856770833333336 7.537285788103314 10.049714384137753
0 20.361328125 14.908854166666666 6.531046923532928 8.708062564710572
0 29.150390625 17.708333333333336 7.117861199762329 9.490481599683106
0 22.265625 16.40625 6.8511792970714245 9.134905729428567
0 36.572265625 18.684895833333336 7.311492035346033 9.748656047128044
0 21.240234375 12.6953125 6.026738787271576 8.0356517163621
0 34.716796875 19.140625 7.400119417103358 9.866825889471144
0 23.876953125 14.453125 6.430452730012657 8.57393697335021
0 45.263671875 23.502604166666664 8.200090846279542 10.933454461706056
0 25.09765625 13.411458333333334 6.194391824397107 8.259189099196142
0 41.162109375 19.140625 7.400119417103358 9.866825889471144
0 27.63671875 15.364583333333334 6.6301150458985685 8.840153394531425
0 34.375 15.234375 6.60196156395994 8.802615418613254
0 25.390625 17.643229166666664 7.104764847914316 9.473019797219088
0 30.56640625 14.778645833333334 6.502464524127966 8.669952698837287
0 49.169921875 21.223958333333336 7.792447103762027 10.389929471682702
0 32.080078125 13.8671875 6.298757153488249 8.398342871317666
0 44.921875 16.40625 6.8511792970714245 9.134905729428567
0 40.966796875 13.736979166666666 6.269115778861736 8.358821038482315
0 48.4375 16.2109375 6.810276368536802 9.080368491382403
0 62.20703125 19.270833333333336 7.425247229367944 9.900329639157258
0 56.298828125 18.294270833333336 7.234661615679748 9.646215487572997
0 47.65625 13.151041666666666 6.133957288281793 8.178609717709058
0 43.017578125 13.151041666666666 6.133957288281793 8.178609717709058
0 53.22265625 9.635416666666668 5.250442667872697 7.000590223830263
0 54.8828125 14.583333333333334 6.459353786778786 8.612471715705048
0 62.548828125 10.416666666666668 5.459150335692846 7.278867114257127
0 45.8984375 13.4765625 6.209408553886659 8.279211405182211
0 30.76171875 11.979166666666668 5.854286527481347 7.805715369975129
0 39.404296875 12.239583333333332 5.917577950947668 7.8901039345968895
0 28.7109375 12.3046875 5.933295317145868 7.911060422861158
0 36.474609375 14.322916666666666 6.401421192444773 8.53522825659303
0 57.470703125 12.434895833333332 5.964605800076924 7.952807733435899
0 44.775390625 12.3046875 5.933295317145868 7.911060422861158
0 58.7890625 13.411458333333334 6.194391824397107 8.259189099196142
0 87.841796875 31.966145833333332 9.56325660155786 12.751008802077147
0 60.15625 17.96875 7.170007400189656 9.56000986691954
0 65.185546875 11.1328125 5.6436895779134915 7.524919437217989
0 61.083984375 12.565104166666666 5.995752778438873 7.9943370379184975
0 66.796875 21.940104166666664 7.92282408798045 10.5637654506406
0 59.228515625 17.252604166666664 7.025674092542321 9.367565456723094
0 69.53125 20.182291666666664 7.598815672600545 10.13175423013406
0 65.0390625 15.8203125 6.72772451325946 8.970299351012613
0 77.880859375 22.200520833333336 7.969705113037473 10.626273484049964
0 67.578125 15.234375 6.60196156395994 8.802615418613254
0 72.8515625 13.411458333333334 6.194391824397107 8.259189099196142
0 86.5234375 20.182291666666664 7.598815672600545 10.13175423013406
0 68.798828125 13.151041666666666 6.133957288281793 8.178609717709058
0 75.537109375 14.0625 6.342959500374307 8.457279333832409
0 80.810546875 17.643229166666664 7.104764847914316 9.473019797219088
0 74.12109375 13.4765625 6.209408553886659 8.279211405182211
0 98.33984375 28.3203125 9.001392336274797 12.001856448366395
0 83.69140625 20.572916666666664 7.672000176987631 10.229333569316841
0 78.076171875 15.0390625 6.559504779115197 8.746006372153596
0 93.65234375 22.4609375 8.016311973000304 10.688415964000404
0 84.08203125 17.96875 7.170007400189656 9.56000986691954
0 88.916015625 24.674479166666664 8.402038511923953 11.202718015898604
0 95.60546875 18.5546875 7.28597191547444 9.714629220632586
0 90.4296875 17.643229166666664 7.104764847914316 9.473019797219088
0 98.583984375 21.875 7.911060422861158 10.548080563814876
0 83.7890625 15.234375 6.60196156395994 8.802615418613254
0 92.626953125 17.838541666666664 7.143981879101334 9.525309172135112
0 97.705078125 19.466145833333336 7.462780310447684 9.950373747263578
0 85.302734375 14.453125 6.430452730012657 8.57393697335021
0 99.31640625 19.856770833333336 7.537285788103314 10.049714384137753
0 86.181640625 16.536458333333336 6.878312786611722 9.171083715482297
0 88.134765625 15.755208333333334 6.7138671875 8.951822916666668
0 74.0234375 49.93489583333333 11.952609880106287 15.936813173475048
