0 0.732421875 16.536458333333336 6.878312786611722 9.171083715482297
0 2.587890625 16.796875 6.932261164306974 9.243014885742634
0 4.541015625 17.96875 7.170007400189656 9.56000986691954
0 4.150390625 15.755208333333334 6.7138671875 8.951822916666668
0 6.396484375 15.755208333333334 6.7138671875 8.951822916666668
0 7.666015625 15.559895833333334 6.672122530845778 8.896163374461038
0 8.935546875 15.364583333333334 6.6301150458985685 8.840153394531425
0 10.498046875 15.104166666666666 6.573687508709111 8.764916678278816
0 14.6484375 15.104166666666666 6.573687508709111 8.764916678278816
0 13.232421875 15.559895833333334 6.672122530845778 8.896163374461038
0 17.724609375 11.71875 5.790303332827843 7.720404443770458
0 17.1875 14.583333333333334 6.459353786778786 8.612471715705048
0 7.03125 20.963541666666664 7.7444931277157725 10.325990836954363
0 9.619140625 19.466145833333336 7.462780310447684 9.950373747263578
0 12.353515625 18.815104166666664 7.336923388776433 9.782564518368577
0 14.16015625 18.619791666666664 7.298743129334349 9.731657505779133
0 5.56640625 26.953125 8.78142979122202 11.708573054962693
0 4.78515625 21.6796875 7.875664001809045 10.500885335745393
0 10.205078125 23.307291666666664 8.165947363439729 10.88792981791964
0 12.255859375 25.1953125 8.490251308132054 11.320335077509403
0 10.44921875 32.68229166666667 9.669787303317175 12.893049737756234
0 14.2578125 32.87760416666667 9.698638050580264 12.931517400773687
0 17.236328125 44.20572916666667 11.24604844524431 14.994731260325747
0 17.724609375 20.442708333333336 7.647683158045451 10.196910877393934
0 20.99609375 24.0234375 8.290452702152177 11.053936936202902
0 18.75 16.080729166666664 6.782870718656271 9.043827624875028
0 20.263671875 14.0625 6.342959500374307 8.457279333832409
0 21.533203125 14.192708333333334 6.372257390692475 8.496343187589966
0 22.55859375 14.0625 6.342959500374307 8.457279333832409
0 25.09765625 13.411458333333334 6.194391824397107 8.259189099196142
0 26.85546875 13.411458333333334 6.194391824397107 8.259189099196142
0 22.802734375 17.643229166666664 7.104764847914316 9.473019797219088
0 26.708984375 16.276041666666664 6.823937919616058 9.09858389282141
0 28.61328125 14.0625 6.342959500374307 8.457279333832409
0 31.005859375 13.346354166666666 6.179338602086361 8.239118136115147
0 30.17578125 16.796875 6.932261164306974 9.243014885742634
0 32.470703125 16.2109375 6.810276368536802 9.080368491382403
0 33.447265625 13.671875 6.254242410864013 8.338989881152017
0 32.421875 13.151041666666666 6.133957288281793 8.178609717709058
0 34.423828125 14.84375 6.516771394062079 8.689028525416106
0 34.619140625 16.731770833333336 6.9188135063199665 9.225084675093289
0 32.03125 23.697916666666664 8.234092750996119 10.978790334661493
0 30.126953125 21.6796875 7.875664001809045 10.500885335745393
0 26.611328125 21.809895833333336 7.8992792392241125 10.532372318965482
0 28.90625 29.817708333333332 9.236295135755345 12.315060181007127
0 32.03125 28.645833333333332 9.052976668817948 12.07063555842393
0 33.69140625 35.546875 10.084662867345157 13.44621715646021
0 37.109375 37.890625 10.411817693623036 13.88242359149738
0 2.34375 21.2890625 7.804389558437758 10.405852744583676
0 36.23046875 13.541666666666666 6.224389054678692 8.299185406238257
0 37.744140625 13.411458333333334 6.194391824397107 8.259189099196142
0 39.55078125 13.541666666666666 6.224389054678692 8.299185406238257
0 38.8671875 20.768229166666664 7.708331872750909 10.277775830334546
0 42.1875 12.825520833333334 6.057566296777102 8.076755062369468
0 44.140625 11.979166666666668 5.854286527481347 7.805715369975129
0 44.3359375 14.192708333333334 6.372257390692475 8.496343187589966
0 42.87109375 15.559895833333334 6.672122530845778 8.896163374461038
0 41.2109375 15.755208333333334 6.7138671875 8.951822916666668
0 40.52734375 17.903645833333336 7.157006469457137 9.542675292609516
0 45.654296875 13.216145833333334 6.149121606326259 8.198828808435012
0 46.923828125 12.369791666666668 5.948971157720314 7.931961543627086
0 48.388671875 12.174479166666668 5.901818727360142 7.8690916364801895
0 47.509765625 13.671875 6.254242410864013 8.338989881152017
0 46.630859375 14.908854166666666 6.531046923532928 8.708062564710572
0 46.77734375 18.098958333333336 7.195938795502683 9.594585060670244
0 44.580078125 21.354166666666664 7.816313766397521 10.421751688530028
0 42.822265625 24.674479166666664 8.402038511923953 11.202718015898604
0 41.2109375 29.4921875 9.185740321833748 12.247653762444997
0 46.38671875 27.213541666666668 8.823750179932228 11.765000239909636
0 50.341796875 13.151041666666666 6.133957288281793 8.178609717709058
0 50.341796875 16.276041666666664 6.823937919616058 9.09858389282141
0 48.681640625 20.442708333333336 7.647683158045451 10.196910877393934
0 51.708984375 12.369791666666668 5.948971157720314 7.931961543627086
0 51.3671875 24.4140625 8.357582969744357 11.143443959659143
0 54.150390625 12.825520833333334 6.057566296777102 8.076755062369468
0 56.005859375 13.671875 6.254242410864013 8.338989881152017
0 57.32421875 13.020833333333334 6.103515625 8.138020833333332
0 58.7890625 13.020833333333334 6.103515625 8.138020833333332
0 60.498046875 12.044270833333332 5.870173358664351 7.826897811552468
0 59.9609375 14.583333333333334 6.459353786778786 8.612471715705048
0 58.154296875 16.796875 6.932261164306974 9.243014885742634
0 58.69140625 21.2890625 7.804389558437758 10.405852744583676
0 54.150390625 23.567708333333336 8.211440458419013 10.948587277892017
0 57.275390625 27.604166666666668 8.886852892188134 11.849137189584178
0 54.931640625 38.0859375 10.438617783500408 13.918157044667211
0 61.083984375 40.8203125 10.806842779312605 14.40912370575014
0 59.86328125 54.6875 12.508484821728025 16.677979762304034
0 49.951171875 76.82291666666666 14.825387941273338 19.767183921697786
0 61.865234375 17.643229166666664 7.104764847914316 9.473019797219088
0 60.986328125 24.544270833333336 8.379840220792225 11.173120294389632
0 65.33203125 20.5078125 7.659851317145468 10.21313508952729
0 64.16015625 25.5859375 8.555814067917595 11.407752090556793
0 63.232421875 31.119791666666668 9.4358061729372 12.5810748972496
0 63.232421875 13.020833333333334 6.103515625 8.138020833333332
0 64.697265625 12.5 5.980199567341744 7.973599423122326
0 65.33203125 14.84375 6.516771394062079 8.689028525416106
0 67.1875 15.950520833333334 6.755353888299149 9.0071385177322
0 68.212890625 13.216145833333334 6.149121606326259 8.198828808435012
0 69.7265625 13.8671875 6.298757153488249 8.398342871317666
0 70.99609375 13.541666666666666 6.224389054678692 8.299185406238257
0 71.630859375 12.890625 6.072921369058959 8.097228492078614
0 72.412109375 13.736979166666666 6.269115778861736 8.358821038482315
0 73.4375 13.997395833333334 6.328259690346595 8.437679587128793
0 71.044921875 17.643229166666664 7.104764847914316 9.473019797219088
0 68.359375 24.348958333333336 8.346432086900233 11.128576115866979
0 71.923828125 23.893229166666664 8.267954824306681 11.023939765742242
0 73.291015625 16.731770833333336 6.9188135063199665 9.225084675093289
0 75.5859375 14.583333333333334 6.459353786778786 8.612471715705048
0 77.392578125 14.583333333333334 6.459353786778786 8.612471715705048
0 78.125 14.908854166666666 6.531046923532928 8.708062564710572
0 78.759765625 17.122395833333336 6.9991119025755095 9.332149203434014
0 78.22265625 21.158854166666664 7.780486318348366 10.373981757797822
0 76.123046875 26.432291666666668 8.696171172348027 11.594894896464037
0 74.560546875 22.005208333333336 7.9345703125 10.579427083333332
0 75.09765625 35.15625 10.029099563693228 13.372132751590971
0 78.271484375 25.1953125 8.490251308132054 11.320335077509403
0 80.6640625 33.203125 9.746532850751532 12.995377134335376
0 80.56640625 26.7578125 8.749555167743805 11.66607355699174
0 81.54296875 23.828125 8.256682897014576 11.008910529352768
0 80.37109375 16.6015625 6.891839471823862 9.189119295765149
0 82.71484375 17.057291666666664 6.985792933508055 9.31439057801074
0 83.69140625 15.0390625 6.559504779115197 8.746006372153596
0 84.1796875 18.815104166666664 7.336923388776433 9.782564518368577
0 84.1796875 21.158854166666664 7.780486318348366 10.373981757797822
0 83.30078125 22.200520833333336 7.969705113037473 10.626273484049964
0 85.986328125 28.971354166666668 9.104268731797058 12.139024975729411
0 92.333984375 38.54166666666667 10.500885335745396 14.001180447660527
0 83.69140625 45.05208333333333 11.353195335533615 15.137593780711486
0 85.83984375 17.643229166666664 7.104764847914316 9.473019797219088
0 87.5 16.796875 6.932261164306974 9.243014885742634
0 88.76953125 17.7734375 7.130933499479933 9.50791133263991
0 90.0390625 17.252604166666664 7.025674092542321 9.367565456723094
0 86.474609375 19.466145833333336 7.462780310447684 9.950373747263578
0 87.79296875 21.484375 7.840107775064166 10.453477033418888
0 90.91796875 19.3359375 7.437779301119349 9.917039068159132
0 93.701171875 17.643229166666664 7.104764847914316 9.473019797219088
0 94.62890625 18.229166666666664 7.221777078979024 9.629036105305365
0 95.41015625 20.182291666666664 7.598815672600545 10.13175423013406
0 94.580078125 23.046875 8.120199399200482 10.82693253226731
0 93.45703125 24.544270833333336 8.379840220792225 11.173120294389632
0 90.52734375 27.278645833333332 8.83429859993294 11.779064799910586
0 92.578125 27.408854166666668 8.855357744474432 11.807143659299243
0 97.900390625 19.661458333333336 7.500125566067204 10.00016742142294
0 98.4375 25.0 8.457279333832409 11.276372445109878
0 89.794921875 23.046875 8.120199399200482 10.82693253226731
0 99.8046875 21.354166666666664 7.816313766397521 10.421751688530028
0 99.21875 19.986979166666664 7.561957820656658 10.08261042754221
0 98.92578125 32.35677083333333 9.621510480001493 12.828680640001991
0 97.021484375 37.56510416666667 10.366996918617573 13.822662558156765
0 99.8046875 39.90885416666667 10.685511108405517 14.24734814454069
