0 88.28125 91.14583333333334 16.148384466946965 21.531179289262617
0 89.6484375 65.88541666666666 13.729518895510246 18.30602519401366
0 96.337890625 53.450520833333336 12.366210686862065 16.488280915816087
0 79.39453125 53.90625 12.418817107773318 16.558422810364423
0 85.205078125 69.01041666666666 14.051348185084642 18.735130913446188
0 88.720703125 53.580729166666664 12.381263900818356 16.508351867757806
0 73.046875 60.546875 13.161534822294815 17.548713096393087
0 53.173828125 46.484375 11.532253190729483 15.376337587639311
0 47.021484375 80.98958333333334 15.222123917651276 20.296165223535034
0 36.474609375 64.6484375 13.600024386692622 18.133365848923496
0 30.6640625 44.3359375 11.262598930203817 15.016798573605088
0 21.09375 50.5859375 12.03027547877626 16.040367305035012
0 1.904296875 60.872395833333336 13.196867865258577 17.59582382034477
0 4.98046875 76.7578125 14.81910466574583 19.75880622099444
0 0.537109375 46.484375 11.532253190729483 15.376337587639311
0 4.296875 32.09635416666667 9.58271390875707 12.77695187834276
0 23.828125 32.09635416666667 9.58271390875707 12.77695187834276
0 11.81640625 28.125 8.970299351012615 11.960399134683486
0 31.787109375 36.78385416666667 10.258628121320564 13.678170828427419
0 18.75 31.770833333333332 9.53399618640949 12.711994915212655
0 39.501953125 32.2265625 9.60213178866716 12.802842384889546
0 21.77734375 26.171875 8.653226854710587 11.537635806280782
0 35.44921875 40.69010416666667 10.789593218788873 14.386124291718497
0 49.072265625 38.8671875 10.545137050275265 14.060182733700355
0 48.291015625 28.90625 9.094033462982996 12.125377950643994
0 58.251953125 45.703125 11.434932858395506 15.24657714452734
0 64.84375 42.25260416666667 10.994801962067763 14.659735949423682
0 79.8828125 39.32291666666667 10.606779295033428 14.142372393377903
0 87.353515625 34.375 9.91703906815913 13.222718757545508
0 98.486328125 41.796875 10.935347208965403 14.580462945287206
0 91.89453125 30.078125 9.276540621075844 12.368720828101127
0 73.6328125 33.91927083333333 9.851081781963485 13.134775709284646
0 62.59765625 30.403645833333332 9.326603265341873 12.43547102045583
0 74.4140625 28.90625 9.094033462982996 12.125377950643994
0 60.302734375 36.1328125 10.167438506443897 13.556584675258529
0 59.765625 25.716145833333332 8.57755695956738 11.436742612756506
0 47.36328125 22.65625 8.051090062422436 10.734786749896582
0 33.49609375 28.255208333333332 8.991039955234518 11.988053273646026
0 19.62890625 19.921875 7.549631882844837 10.066175843793117
0 33.837890625 24.674479166666664 8.402038511923953 11.202718015898604
0 17.3828125 25.390625 8.523095729839442 11.364127639785922
0 26.025390625 19.205729166666664 7.412693970636669 9.883591960848893
0 40.33203125 16.927083333333336 6.959078522333606 9.278771363111476
0 50.341796875 19.791666666666664 7.524919437217989 10.033225916290652
0 37.255859375 15.690104166666666 6.699981201202437 8.933308268269917
0 44.53125 16.015625 6.7691262856502785 9.025501714200372
0 35.64453125 19.921875 7.549631882844837 10.066175843793117
0 14.0625 21.484375 7.840107775064166 10.453477033418888
0 4.19921875 25.260416666666668 8.501213548086012 11.334951397448016
0 30.224609375 23.307291666666664 8.165947363439729 10.88792981791964
0 9.619140625 21.940104166666664 7.92282408798045 10.5637654506406
0 29.638671875 19.921875 7.549631882844837 10.066175843793117
0 41.796875 24.934895833333336 8.446260072691679 11.26168009692224
0 70.99609375 23.307291666666664 8.165947363439729 10.88792981791964
0 41.455078125 21.744791666666664 7.887480458569388 10.51664061142585
0 58.154296875 19.921875 7.549631882844837 10.066175843793117
0 80.078125 25.390625 8.523095729839442 11.364127639785922
0 65.771484375 23.763020833333336 8.245395560367612 10.993860747156816
0 39.74609375 19.3359375 7.437779301119349 9.917039068159132
0 32.03125 21.940104166666664 7.92282408798045 10.5637654506406
0 17.041015625 19.010416666666664 7.37490598974278 9.833207986323707
0 99.072265625 30.533854166666668 9.346553241646458 12.462070988861944
0 95.1171875 20.247395833333336 7.611061958825638 10.148082611767517
0 86.9140625 28.125 8.970299351012615 11.960399134683486
0 99.4140625 21.484375 7.840107775064166 10.453477033418888
0 91.455078125 25.260416666666668 8.501213548086012 11.334951397448016
0 76.904296875 18.5546875 7.28597191547444 9.714629220632586
0 61.9140625 25.390625 8.523095729839442 11.364127639785922
0 69.43359375 15.104166666666666 6.573687508709111 8.764916678278816
0 81.005859375 17.838541666666664 7.143981879101334 9.525309172135112
0 66.89453125 17.252604166666664 7.025674092542321 9.367565456723094
0 79.19921875 16.6015625 6.891839471823862 9.189119295765149
0 90.33203125 19.466145833333336 7.462780310447684 9.950373747263578
0 62.841796875 19.3359375 7.437779301119349 9.917039068159132
0 83.740234375 20.703125 7.6962403643301345 10.261653819106845
0 73.828125 18.5546875 7.28597191547444 9.714629220632586
0 60.791015625 18.294270833333336 7.234661615679748 9.646215487572997
0 73.828125 16.341145833333336 6.837572174807153 9.116762899742872
0 32.03125 16.471354166666664 6.864759447755123 9.15301259700683
0 27.9296875 23.763020833333336 8.245395560367612 10.993860747156816
0 7.6171875 26.432291666666668 8.696171172348027 11.594894896464037
0 21.6796875 18.75 7.32421875 9.765625
0 51.123046875 17.838541666666664 7.143981879101334 9.525309172135112
0 89.208984375 25.390625 8.523095729839442 11.364127639785922
0 56.103515625 16.015625 6.7691262856502785 9.025501714200372
0 47.021484375 15.104166666666666 6.573687508709111 8.764916678278816
0 34.86328125 14.973958333333334 6.545291317604741 8.727055090139656
0 7.275390625 16.796875 6.932261164306974 9.243014885742634
0 18.505859375 15.885416666666666 6.741553355216833 8.988737806955777
0 11.9140625 16.6015625 6.891839471823862 9.189119295765149
0 4.736328125 17.057291666666664 6.985792933508055 9.31439057801074
0 23.14453125 15.104166666666666 6.573687508709111 8.764916678278816
0 7.8125 19.791666666666664 7.524919437217989 10.033225916290652
0 26.123046875 15.885416666666666 6.741553355216833 8.988737806955777
0 6.25 22.200520833333336 7.969705113037473 10.626273484049964
0 15.771484375 16.341145833333336 6.837572174807153 9.116762899742872
0 30.6640625 15.234375 6.60196156395994 8.802615418613254
0 3.7109375 20.377604166666664 7.635495607419925 10.180660809893233
0 16.455078125 23.763020833333336 8.245395560367612 10.993860747156816
0 9.9609375 17.838541666666664 7.143981879101334 9.525309172135112
0 1.708984375 17.3828125 7.052136235529384 9.40284831403918
0 13.96484375 17.96875 7.170007400189656 9.56000986691954
0 5.908203125 18.880208333333336 7.349606066157407 9.799474754876544
0 21.337890625 16.341145833333336 6.837572174807153 9.116762899742872
0 33.59375 16.341145833333336 6.837572174807153 9.116762899742872
0 2.001953125 19.661458333333336 7.500125566067204 10.00016742142294
0 43.408203125 14.778645833333334 6.502464524127966 8.669952698837287
0 36.23046875 14.192708333333334 6.372257390692475 8.496343187589966
0 93.9453125 23.763020833333336 8.245395560367612 10.993860747156816
0 82.6171875 16.6015625 6.891839471823862 9.189119295765149
0 0.537109375 18.5546875 7.28597191547444 9.714629220632586
0 11.669921875 20.572916666666664 7.672000176987631 10.229333569316841
0 37.353515625 29.036458333333332 9.114492506755418 12.15265667567389
0 65.4296875 15.559895833333334 6.672122530845778 8.896163374461038
0 9.619140625 29.4921875 9.185740321833748 12.247653762444997
0 87.01171875 22.981770833333336 8.108722079825698 10.811629439767596
0 96.923828125 20.247395833333336 7.611061958825638 10.148082611767517
0 48.828125 16.6015625 6.891839471823862 9.189119295765149
0 37.59765625 20.1171875 7.586549618320344 10.115399491093791
0 99.169921875 27.34375 8.84483443981289 11.793112586417188
0 78.02734375 21.484375 7.840107775064166 10.453477033418888
0 54.19921875 13.151041666666666 6.133957288281793 8.178609717709058
0 29.296875 16.6015625 6.891839471823862 9.189119295765149
0 62.59765625 15.234375 6.60196156395994 8.802615418613254
0 92.822265625 19.3359375 7.437779301119349 9.917039068159132
