0 3.515625 23.828125 8.256682897014576 11.008910529352768
0 7.6171875 20.963541666666664 7.7444931277157725 10.325990836954363
0 2.490234375 18.75 7.32421875 9.765625
0 12.060546875 18.033854166666664 7.182984799767957 9.577313066357275
0 0.927734375 19.401041666666664 7.450290292806215 9.933720390408286
0 10.009765625 17.903645833333336 7.157006469457137 9.542675292609516
0 10.400390625 16.40625 6.8511792970714245 9.134905729428567
0 5.078125 18.424479166666664 7.2603620931215325 9.680482790828709
0 4.638671875 18.033854166666664 7.182984799767957 9.577313066357275
0 2.978515625 16.666666666666664 6.905339660024879 9.207119546699838
0 0.439453125 17.513020833333336 7.0784994535786145 9.437999271438152
0 29.4921875 16.40625 6.8511792970714245 9.134905729428567
0 38.28125 19.140625 7.400119417103358 9.866825889471144
0 39.404296875 15.299479166666666 6.61605328023645 8.821404373648601
0 33.10546875 15.559895833333334 6.672122530845778 8.896163374461038
0 25.5859375 15.169270833333334 6.587839704871492 8.783786273161988
0 44.970703125 15.950520833333334 6.755353888299149 9.0071385177322
0 45.80078125 15.169270833333334 6.587839704871492 8.783786273161988
0 47.4609375 14.908854166666666 6.531046923532928 8.708062564710572
0 49.0234375 13.802083333333334 6.283953943473511 8.378605257964681
0 56.640625 19.401041666666664 7.450290292806215 9.933720390408286
0 52.83203125 15.4296875 6.644147051109997 8.858862734813329
0 64.599609375 17.3828125 7.052136235529384 9.40284831403918
0 59.228515625 15.0390625 6.559504779115197 8.746006372153596
0 55.810546875 13.802083333333334 6.283953943473511 8.378605257964681
0 61.279296875 15.559895833333334 6.672122530845778 8.896163374461038
0 63.232421875 35.3515625 10.056919588186085 13.409226117581447
0 80.859375 41.73177083333333 10.926827264384862 14.569103019179815
0 74.8046875 27.408854166666668 8.855357744474432 11.807143659299243
0 86.962890625 25.911458333333332 8.610068346964042 11.480091129285388
0 70.361328125 22.721354166666664 8.062649422377262 10.75019922983635
0 76.220703125 22.330729166666664 7.993042513249997 10.657390017666662
0 83.349609375 22.8515625 8.085718566584333 10.780958088779109
0 99.0234375 32.48697916666667 9.640850219074288 12.854466958765718
0 79.736328125 22.721354166666664 8.062649422377262 10.75019922983635
0 96.77734375 28.059895833333332 8.959911044862793 11.946548059817056
0 88.623046875 21.09375 7.768507117527988 10.358009490037318
0 90.869140625 20.963541666666664 7.7444931277157725 10.325990836954363
0 95.3125 24.8046875 8.424178309229896 11.23223774563986
0 98.92578125 22.721354166666664 8.062649422377262 10.75019922983635
0 97.705078125 20.1171875 7.586549618320344 10.115399491093791
0 99.755859375 20.1171875 7.586549618320344 10.115399491093791
0 91.2109375 18.1640625 7.208869513560617 9.611826018080823
0 85.205078125 18.75 7.32421875 9.765625
0 83.984375 17.903645833333336 7.157006469457137 9.542675292609516
0 80.56640625 18.1640625 7.208869513560617 9.611826018080823
0 78.7109375 17.7734375 7.130933499479933 9.50791133263991
0 75.439453125 22.200520833333336 7.969705113037473 10.626273484049964
0 75.09765625 17.513020833333336 7.0784994535786145 9.437999271438152
0 77.587890625 15.8203125 6.72772451325946 8.970299351012613
0 76.3671875 16.276041666666664 6.823937919616058 9.09858389282141
0 80.078125 16.796875 6.932261164306974 9.243014885742634
0 73.53515625 15.559895833333334 6.672122530845778 8.896163374461038
0 70.361328125 14.713541666666666 6.488126106405426 8.650834808540568
0 70.263671875 13.932291666666666 6.313525654778199 8.418034206370931
0 67.578125 15.8203125 6.72772451325946 8.970299351012613
0 68.212890625 14.453125 6.430452730012657 8.57393697335021
0 65.8203125 14.322916666666666 6.401421192444773 8.53522825659303
0 21.58203125 16.536458333333336 6.878312786611722 9.171083715482297
0 23.53515625 18.1640625 7.208869513560617 9.611826018080823
0 26.318359375 17.903645833333336 7.157006469457137 9.542675292609516
0 34.9609375 17.3828125 7.052136235529384 9.40284831403918
0 82.32421875 19.7265625 7.512532730158185 10.01671030687758
0 77.490234375 19.856770833333336 7.537285788103314 10.049714384137753
