0 44.482421875 74.67447916666666 14.616613787631893 19.48881838350919
0 50.1953125 48.828125 11.819407184470878 15.759209579294502
0 54.8828125 27.1484375 8.81318913463968 11.750918846186241
0 46.533203125 23.6328125 8.222774405094897 10.963699206793196
0 39.013671875 35.61197916666667 10.093893681970965 13.458524909294619
0 13.330078125 25.5859375 8.555814067917595 11.407752090556793
0 17.7734375 17.838541666666664 7.143981879101334 9.525309172135112
0 76.611328125 31.640625 9.51443925056146 12.685919000748614
0 82.275390625 23.763020833333336 8.245395560367612 10.993860747156816
0 87.98828125 24.934895833333336 8.446260072691679 11.26168009692224
0 93.9453125 27.994791666666668 8.94951068030712 11.932680907076158
0 99.51171875 23.893229166666664 8.267954824306681 11.023939765742242
0 91.064453125 21.223958333333336 7.792447103762027 10.389929471682702
0 84.86328125 19.791666666666664 7.524919437217989 10.033225916290652
0 66.455078125 18.619791666666664 7.298743129334349 9.731657505779133
0 56.8359375 15.4296875 6.644147051109997 8.858862734813329
0 50.68359375 12.5 5.980199567341744 7.973599423122326
0 47.94921875 19.140625 7.400119417103358 9.866825889471144
0 34.1796875 20.833333333333336 7.720404443770458 10.293872591693944
0 29.541015625 21.744791666666664 7.887480458569388 10.51664061142585
0 23.876953125 20.052083333333336 7.574263699945591 10.099018266594122
0 3.80859375 24.8046875 8.424178309229896 11.23223774563986
0 10.7421875 19.53125 7.475249459177179 9.966999278902906
0 17.1875 14.2578125 6.386855937639267 8.515807916852356
0 45.654296875 14.388020833333334 6.415953381844678 8.554604509126236
0 37.744140625 18.229166666666664 7.221777078979024 9.629036105305365
0 41.89453125 26.236979166666668 8.66398288975732 11.551977186343091
0 9.9609375 37.3046875 10.331000292853245 13.77466705713766
0 2.734375 48.95833333333333 11.835155901895336 15.780207869193779
0 1.220703125 65.16927083333334 13.65469807201971 18.20626409602628
0 57.12890625 40.75520833333333 10.79822144345345 14.397628591271266
0 63.37890625 27.734375 8.907787792557633 11.877050390076842
