0 79.443359375 58.268229166666664 12.911496460758165 17.21532861434422
0 33.544921875 41.92708333333333 10.952367214920875 14.603156286561166
0 29.345703125 29.622395833333332 9.205995562132786 12.274660749510382
0 10.888671875 30.924479166666668 9.406149296522488 12.541532395363317
0 1.025390625 39.58333333333333 10.641843123878598 14.189124165171464
0 8.59375 20.3125 7.62328857226367 10.164384763018226
0 3.3203125 21.223958333333336 7.792447103762027 10.389929471682702
0 23.73046875 19.661458333333336 7.500125566067204 10.00016742142294
0 17.919921875 20.833333333333336 7.720404443770458 10.293872591693944
0 42.578125 24.609375 8.39094670707246 11.187928942763282
0 48.193359375 21.354166666666664 7.816313766397521 10.421751688530028
0 73.14453125 34.04947916666667 9.869971697263324 13.159962263017766
0 78.857421875 22.135416666666664 7.958010748538389 10.610680998051187
0 73.14453125 21.354166666666664 7.816313766397521 10.421751688530028
0 87.109375 28.971354166666668 9.104268731797058 12.139024975729411
0 91.11328125 23.697916666666664 8.234092750996119 10.978790334661493
0 86.03515625 19.010416666666664 7.37490598974278 9.833207986323707
0 80.126953125 17.578125 7.091644310682526 9.455525747576702
0 73.92578125 17.317708333333336 7.038917599286375 9.385223465715166
0 67.236328125 17.1875 7.012405574387241 9.349874099182989
0 61.572265625 14.778645833333334 6.502464524127966 8.669952698837287
0 39.35546875 15.8203125 6.72772451325946 8.970299351012613
0 35.107421875 16.927083333333336 6.959078522333606 9.278771363111476
0 32.958984375 17.447916666666664 7.065330140863174 9.420440187817565
0 10.888671875 18.489583333333336 7.273178276253042 9.697571035004056
0 30.810546875 16.927083333333336 6.959078522333606 9.278771363111476
0 94.091796875 33.91927083333333 9.851081781963485 13.134775709284646
0 65.478515625 24.348958333333336 8.346432086900233 11.128576115866979
0 39.453125 21.744791666666664 7.887480458569388 10.51664061142585
0 31.201171875 19.661458333333336 7.500125566067204 10.00016742142294
0 36.03515625 21.223958333333336 7.792447103762027 10.389929471682702
0 23.14453125 23.307291666666664 8.165947363439729 10.88792981791964
0 15.966796875 23.307291666666664 8.165947363439729 10.88792981791964
0 13.134765625 28.190104166666668 8.980675640601907 11.974234187469209
0 1.611328125 18.489583333333336 7.273178276253042 9.697571035004056
0 7.03125 19.140625 7.400119417103358 9.866825889471144
0 45.361328125 15.690104166666666 6.699981201202437 8.933308268269917
0 58.203125 16.796875 6.932261164306974 9.243014885742634
