0 91.259765625 52.994791666666664 12.313379517719735 16.41783935695965
0 99.853515625 42.83854166666667 11.070774625986973 14.761032834649296
0 94.189453125 42.578125 11.037073559585647 14.716098079447528
0 89.55078125 35.15625 10.029099563693228 13.372132751590971
0 99.072265625 36.65364583333333 10.240455160865794 13.653940214487726
0 85.3515625 34.5703125 9.945172568847854 13.26023009179714
0 78.80859375 38.80208333333333 10.536301575703167 14.048402100937555
0 75.732421875 53.125 12.32849723921152 16.437996318948695
0 85.83984375 63.541666666666664 13.483106710433667 17.977475613911555
0 66.943359375 57.8125 12.860905460025315 17.14787394670042
0 60.498046875 61.71875 13.288294102219997 17.717725469626664
0 36.62109375 63.997395833333336 13.531371629269632 18.041828839026174
0 1.416015625 57.356770833333336 12.810114661752536 17.080152882336716
0 22.705078125 51.888020833333336 12.184121568406452 16.245495424541936
0 35.15625 42.3828125 11.01173007365034 14.682306764867118
0 50.048828125 49.47916666666667 11.897942315440629 15.863923087254172
0 65.234375 42.578125 11.037073559585647 14.716098079447528
0 62.646484375 35.3515625 10.056919588186085 13.409226117581447
0 73.73046875 32.03125 9.572990198582838 12.763986931443785
0 93.603515625 31.25 9.4555257475767 12.607367663435602
0 81.640625 26.888020833333332 8.770817787597604 11.694423716796805
0 73.92578125 26.888020833333332 8.770817787597604 11.694423716796805
0 62.744140625 29.166666666666668 9.134905729428569 12.17987430590476
0 58.203125 33.07291666666667 9.727403229070575 12.9698709720941
0 48.92578125 37.43489583333333 10.349014256477766 13.798685675303688
0 46.240234375 30.6640625 9.366460725843998 12.48861430112533
0 31.0546875 36.19791666666667 10.17659423860661 13.568792318142146
0 21.77734375 29.557291666666668 9.195873518871684 12.261164691828911
0 16.11328125 36.5234375 10.22224989284926 13.629666523799013
0 0.732421875 47.0703125 11.604707850238979 15.472943800318639
0 79.052734375 27.473958333333332 8.865868558553435 11.821158078071248
