0 85.64453125 65.16927083333334 13.65469807201971 18.20626409602628
0 37.060546875 63.8671875 13.517599237274231 18.023465649698974
0 65.91796875 59.830729166666664 13.083466253800058 17.444621671733408
0 80.810546875 52.213541666666664 12.222280514221671 16.29637401896223
0 93.798828125 54.166666666666664 12.448778109357384 16.598370812476514
0 53.80859375 48.69791666666667 11.803637454720285 15.738183272960379
0 20.166015625 48.37239583333333 11.764120646604239 15.68549419547232
0 1.806640625 58.528645833333336 12.940316801217158 17.25375573495621
0 3.80859375 71.875 14.340014800379311 19.12001973383908
0 38.671875 42.83854166666667 11.070774625986973 14.761032834649296
0 63.671875 41.015625 10.832665618468535 14.443554157958047
0 51.025390625 35.22135416666667 10.038381471800859 13.384508629067811
0 81.93359375 38.02083333333333 10.429692071920813 13.906256095894417
0 99.90234375 42.05729166666667 10.969360812751116 14.62581441700149
0 89.892578125 33.72395833333333 9.82267879603948 13.096905061385971
0 98.92578125 37.6953125 10.38494844187839 13.84659792250452
0 61.03515625 34.70052083333333 9.963884104806219 13.28517880640829
0 74.560546875 33.0078125 9.717824296930333 12.957099062573777
0 99.0234375 32.2265625 9.60213178866716 12.802842384889546
0 92.431640625 29.6875 9.216106488367615 12.288141984490153
0 74.90234375 28.059895833333332 8.959911044862793 11.946548059817056
0 88.525390625 27.018229166666668 8.792028986137655 11.722705314850208
0 32.03125 35.546875 10.084662867345157 13.44621715646021
0 19.287109375 31.705729166666668 9.524222738236839 12.698963650982451
0 9.912109375 38.21614583333333 10.456446349494515 13.941928465992687
0 44.43359375 32.2265625 9.60213178866716 12.802842384889546
0 61.279296875 29.361979166666668 9.16544031840894 12.220587091211922
0 49.560546875 27.018229166666668 8.792028986137655 11.722705314850208
0 42.431640625 24.869791666666664 8.435226416678011 11.246968555570682
0 32.666015625 26.888020833333332 8.770817787597604 11.694423716796805
0 23.53515625 25.846354166666668 8.59924487524742 11.465659833663226
0 99.169921875 19.856770833333336 7.537285788103314 10.049714384137753
0 91.552734375 24.674479166666664 8.402038511923953 11.202718015898604
0 77.685546875 15.169270833333334 6.587839704871492 8.783786273161988
0 96.044921875 22.005208333333336 7.9345703125 10.579427083333332
0 86.9140625 22.526041666666664 8.027921409891299 10.703895213188398
0 76.66015625 21.223958333333336 7.792447103762027 10.389929471682702
0 95.654296875 18.229166666666664 7.221777078979024 9.629036105305365
0 80.2734375 24.0234375 8.290452702152177 11.053936936202902
0 92.7734375 18.359375 7.247523246483103 9.663364328644137
0 66.796875 23.177083333333336 8.143105507889608 10.857474010519478
0 91.796875 20.5078125 7.659851317145468 10.21313508952729
0 71.044921875 21.6796875 7.875664001809045 10.500885335745393
0 88.427734375 20.377604166666664 7.635495607419925 10.180660809893233
0 86.279296875 17.513020833333336 7.0784994535786145 9.437999271438152
0 82.275390625 21.875 7.911060422861158 10.548080563814876
0 84.1796875 19.856770833333336 7.537285788103314 10.049714384137753
0 71.435546875 17.838541666666664 7.143981879101334 9.525309172135112
0 81.396484375 17.1875 7.012405574387241 9.349874099182989
0 82.763671875 14.84375 6.516771394062079 8.689028525416106
0 68.5546875 13.216145833333334 6.149121606326259 8.198828808435012
0 65.52734375 15.559895833333334 6.672122530845778 8.896163374461038
0 59.765625 24.674479166666664 8.402038511923953 11.202718015898604
0 60.302734375 21.549479166666664 7.85197774064246 10.469303654189947
0 47.265625 23.372395833333336 8.177344364608315 10.903125819477753
0 27.9296875 23.893229166666664 8.267954824306681 11.023939765742242
0 9.1796875 28.190104166666668 8.980675640601907 11.974234187469209
0 3.173828125 31.705729166666668 9.524222738236839 12.698963650982451
0 50.927734375 19.205729166666664 7.412693970636669 9.883591960848893
0 42.28515625 21.223958333333336 7.792447103762027 10.389929471682702
0 4.931640625 24.21875 8.324085508414218 11.098780677885625
0 49.0234375 17.838541666666664 7.143981879101334 9.525309172135112
0 59.423828125 18.359375 7.247523246483103 9.663364328644137
0 62.548828125 17.513020833333336 7.0784994535786145 9.437999271438152
0 56.54296875 15.559895833333334 6.672122530845778 8.896163374461038
0 54.78515625 13.8671875 6.298757153488249 8.398342871317666
0 58.544921875 12.890625 6.072921369058959 8.097228492078614
0 41.796875 18.359375 7.247523246483103 9.663364328644137
0 40.283203125 16.666666666666664 6.905339660024879 9.207119546699838
0 40.185546875 14.713541666666666 6.488126106405426 8.650834808540568
0 43.5546875 15.559895833333334 6.672122530845778 8.896163374461038
0 46.77734375 15.169270833333334 6.587839704871492 8.783786273161988
0 35.302734375 18.880208333333336 7.349606066157407 9.799474754876544
0 29.931640625 20.5078125 7.659851317145468 10.21313508952729
0 26.416015625 19.7265625 7.512532730158185 10.01671030687758
0 30.419921875 17.057291666666664 6.985792933508055 9.31439057801074
0 28.271484375 15.690104166666666 6.699981201202437 8.933308268269917
0 19.775390625 21.028645833333336 7.756509415978292 10.342012554637723
0 16.796875 18.684895833333336 7.311492035346033 9.748656047128044
0 19.677734375 16.015625 6.7691262856502785 9.025501714200372
0 21.533203125 17.3828125 7.052136235529384 9.40284831403918
0 13.037109375 20.052083333333336 7.574263699945591 10.099018266594122
0 6.787109375 20.182291666666664 7.598815672600545 10.13175423013406
0 6.298828125 17.708333333333336 7.117861199762329 9.490481599683106
0 5.419921875 16.536458333333336 6.878312786611722 9.171083715482297
0 2.5390625 17.708333333333336 7.117861199762329 9.490481599683106
0 11.9140625 17.513020833333336 7.0784994535786145 9.437999271438152
0 10.05859375 16.861979166666664 6.945682786096826 9.260910381462436
