0 97.216796875 39.90885416666667 10.685511108405517 14.24734814454069
0 97.94921875 49.4140625 11.89011214525034 15.853482860333786
0 76.318359375 49.609375 11.913587216762167 15.884782955682889
0 43.84765625 91.08072916666666 16.14261615654076 21.523488208721016
0 5.6640625 75.91145833333334 14.737178305236373 19.6495710736485
0 26.318359375 49.0234375 11.843022407185213 15.790696542913619
0 53.076171875 57.942708333333336 12.875380315996695 17.16717375466226
0 58.49609375 45.05208333333333 11.353195335533615 15.137593780711486
0 42.724609375 34.30989583333333 9.907643481901811 13.210191309202415
0 18.310546875 37.63020833333333 10.3759765625 13.834635416666666
0 21.435546875 39.32291666666667 10.606779295033428 14.142372393377903
0 24.8046875 37.63020833333333 10.3759765625 13.834635416666666
0 27.63671875 40.55989583333333 10.77231603681811 14.363088049090814
0 9.1796875 29.752604166666668 9.22620633412535 12.301608445500468
0 23.388671875 25.325520833333332 8.512161670520847 11.349548894027794
0 40.4296875 26.171875 8.653226854710587 11.537635806280782
0 25.78125 25.325520833333332 8.512161670520847 11.349548894027794
0 32.080078125 22.721354166666664 8.062649422377262 10.75019922983635
0 42.578125 26.041666666666668 8.631674575031099 11.508899433374797
0 49.31640625 23.763020833333336 8.245395560367612 10.993860747156816
0 77.197265625 31.0546875 9.425930915210266 12.567907886947022
0 93.896484375 31.380208333333332 9.475204282385269 12.633605709847027
0 89.697265625 33.52864583333333 9.794193442310311 13.05892458974708
0 74.70703125 37.23958333333333 10.321981521782082 13.762642029042777
0 66.650390625 23.828125 8.256682897014576 11.008910529352768
0 71.533203125 24.283854166666664 8.33526628646708 11.113688381956106
0 79.1015625 27.018229166666668 8.792028986137655 11.722705314850208
0 95.01953125 25.846354166666668 8.59924487524742 11.465659833663226
0 97.412109375 30.46875 9.336583582018038 12.448778109357384
0 97.900390625 34.11458333333333 9.87940311049722 13.17253748066296
0 77.880859375 25.065104166666668 8.468284256293707 11.291045675058275
0 61.181640625 23.2421875 8.154534433525017 10.872712578033356
0 58.837890625 26.3671875 8.685454999241765 11.580606665655687
0 52.294921875 17.838541666666664 7.143981879101334 9.525309172135112
0 43.359375 17.578125 7.091644310682526 9.455525747576702
0 43.505859375 23.6328125 8.222774405094897 10.963699206793196
0 58.88671875 20.833333333333336 7.720404443770458 10.293872591693944
0 58.69140625 16.471354166666664 6.864759447755123 9.15301259700683
0 67.08984375 20.5078125 7.659851317145468 10.21313508952729
0 94.53125 22.395833333333336 8.00468569861084 10.672914264814453
0 95.751953125 30.794270833333332 9.386325988299376 12.515101317732501
0 8.30078125 22.591145833333336 8.039514082226251 10.719352109635
0 69.482421875 30.729166666666668 9.376398618003673 12.501864824004896
0 55.859375 19.075520833333336 7.3875234600282 9.850031280037602
0 47.16796875 17.903645833333336 7.157006469457137 9.542675292609516
0 22.216796875 20.052083333333336 7.574263699945591 10.099018266594122
0 29.345703125 16.080729166666664 6.782870718656271 9.043827624875028
0 68.84765625 16.276041666666664 6.823937919616058 9.09858389282141
0 77.001953125 17.1875 7.012405574387241 9.349874099182989
0 79.39453125 18.75 7.32421875 9.765625
0 90.52734375 23.893229166666664 8.267954824306681 11.023939765742242
0 41.796875 16.341145833333336 6.837572174807153 9.116762899742872
0 36.1328125 17.903645833333336 7.157006469457137 9.542675292609516
0 14.74609375 19.205729166666664 7.412693970636669 9.883591960848893
0 13.57421875 21.158854166666664 7.780486318348366 10.373981757797822
0 66.455078125 18.229166666666664 7.221777078979024 9.629036105305365
0 79.736328125 16.927083333333336 6.959078522333606 9.278771363111476
0 94.43359375 20.1171875 7.586549618320344 10.115399491093791
0 84.08203125 60.221354166666664 13.126106669681741 17.501475559575656
0 90.771484375 46.80989583333333 11.572561783360925 15.430082377814566
0 84.521484375 36.45833333333333 10.21313508952729 13.617513452703053
0 86.865234375 30.143229166666668 9.286574740419274 12.382099653892366
0 81.298828125 26.302083333333332 8.674725588105405 11.56630078414054
0 75.78125 26.171875 8.653226854710587 11.537635806280782
0 73.2421875 31.705729166666668 9.524222738236839 12.698963650982451
0 72.216796875 38.34635416666667 10.474244568927316 13.965659425236424
0 72.119140625 45.37760416666667 11.394137391720257 15.192183188960342
0 59.1796875 31.705729166666668 9.524222738236839 12.698963650982451
0 53.955078125 38.02083333333333 10.429692071920813 13.906256095894417
0 55.078125 85.80729166666666 15.668332095939252 20.891109461252334
0 42.333984375 65.75520833333334 13.715945467678365 18.287927290237818
0 33.10546875 57.877604166666664 12.868144923283701 17.157526564378266
0 31.0546875 43.359375 11.137870844051916 14.850494458735888
0 14.74609375 33.0078125 9.717824296930333 12.957099062573777
0 0.87890625 38.8671875 10.545137050275265 14.060182733700355
0 3.125 25.065104166666668 8.468284256293707 11.291045675058275
0 7.421875 27.604166666666668 8.886852892188134 11.849137189584178
0 11.669921875 22.395833333333336 8.00468569861084 10.672914264814453
0 0.537109375 20.638020833333336 7.684129829110212 10.245506438813615
0 6.15234375 18.619791666666664 7.298743129334349 9.731657505779133
0 9.130859375 20.377604166666664 7.635495607419925 10.180660809893233
0 16.11328125 18.880208333333336 7.349606066157407 9.799474754876544
0 20.361328125 26.041666666666668 8.631674575031099 11.508899433374797
0 29.150390625 20.703125 7.6962403643301345 10.261653819106845
0 29.39453125 27.018229166666668 8.792028986137655 11.722705314850208
0 34.1796875 31.315104166666668 9.465370128949479 12.62049350526597
0 30.712890625 35.41666666666667 10.066175843793117 13.421567791724156
0 37.060546875 23.6328125 8.222774405094897 10.963699206793196
0 34.716796875 20.182291666666664 7.598815672600545 10.13175423013406
0 39.453125 17.903645833333336 7.157006469457137 9.542675292609516
0 38.28125 13.932291666666666 6.313525654778199 8.418034206370931
0 25.537109375 19.140625 7.400119417103358 9.866825889471144
0 18.75 19.7265625 7.512532730158185 10.01671030687758
0 15.33203125 15.494791666666666 6.658149484030587 8.877532645374115
0 4.248046875 18.815104166666664 7.336923388776433 9.782564518368577
0 10.64453125 16.341145833333336 6.837572174807153 9.116762899742872
0 17.7734375 15.364583333333334 6.6301150458985685 8.840153394531425
0 12.01171875 16.341145833333336 6.837572174807153 9.116762899742872
0 8.154296875 17.513020833333336 7.0784994535786145 9.437999271438152
0 31.54296875 17.903645833333336 7.157006469457137 9.542675292609516
0 35.400390625 15.104166666666666 6.573687508709111 8.764916678278816
0 44.775390625 13.736979166666666 6.269115778861736 8.358821038482315
0 1.806640625 77.08333333333334 14.850494458735888 19.800659278314516
0 10.25390625 34.24479166666667 9.898238977189243 13.197651969585658
0 21.435546875 17.838541666666664 7.143981879101334 9.525309172135112
0 16.650390625 14.84375 6.516771394062079 8.689028525416106
0 23.095703125 15.625 6.686066375795484 8.914755167727312
0 27.734375 15.104166666666666 6.573687508709111 8.764916678278816
0 32.32421875 14.713541666666666 6.488126106405426 8.650834808540568
0 49.51171875 13.151041666666666 6.133957288281793 8.178609717709058
0 52.880859375 14.778645833333334 6.502464524127966 8.669952698837287
0 60.64453125 16.927083333333336 6.959078522333606 9.278771363111476
0 54.19921875 19.856770833333336 7.537285788103314 10.049714384137753
0 48.779296875 16.471354166666664 6.864759447755123 9.15301259700683
0 44.921875 18.75 7.32421875 9.765625
0 46.6796875 22.8515625 8.085718566584333 10.780958088779109
0 47.900390625 27.9296875 8.939098215256843 11.918797620342456
0 56.103515625 32.09635416666667 9.58271390875707 12.77695187834276
0 56.494140625 24.869791666666664 8.435226416678011 11.246968555570682
0 67.529296875 27.213541666666668 8.823750179932228 11.765000239909636
0 64.35546875 22.8515625 8.085718566584333 10.780958088779109
0 64.404296875 18.1640625 7.208869513560617 9.611826018080823
0 62.98828125 14.453125 6.430452730012657 8.57393697335021
0 54.638671875 15.625 6.686066375795484 8.914755167727312
0 46.728515625 15.364583333333334 6.6301150458985685 8.840153394531425
0 23.291015625 17.903645833333336 7.157006469457137 9.542675292609516
0 50.146484375 47.39583333333333 11.644765642296699 15.526354189728933
0 85.9375 22.981770833333336 8.108722079825698 10.811629439767596
0 81.640625 19.7265625 7.512532730158185 10.01671030687758
0 78.7109375 22.0703125 7.946299173761924 10.595065565015899
0 75.1953125 21.354166666666664 7.816313766397521 10.421751688530028
0 69.482421875 20.833333333333336 7.720404443770458 10.293872591693944
0 64.599609375 15.950520833333334 6.755353888299149 9.0071385177322
0 50.048828125 18.9453125 7.3622668956389274 9.816355860851903
0 89.697265625 28.3203125 9.001392336274797 12.001856448366395
0 89.501953125 19.53125 7.475249459177179 9.966999278902906
0 88.0859375 26.106770833333332 8.642457433170346 11.52327657756046
0 98.681640625 23.307291666666664 8.165947363439729 10.88792981791964
0 99.267578125 29.752604166666668 9.22620633412535 12.301608445500468
0 84.521484375 21.614583333333336 7.863829789260941 10.485106385681254
0 74.4140625 16.927083333333336 6.959078522333606 9.278771363111476
0 69.3359375 14.192708333333334 6.372257390692475 8.496343187589966
0 76.7578125 20.1171875 7.586549618320344 10.115399491093791
0 81.25 17.317708333333336 7.038917599286375 9.385223465715166
0 88.57421875 18.294270833333336 7.234661615679748 9.646215487572997
0 93.408203125 19.270833333333336 7.425247229367944 9.900329639157258
0 95.703125 21.940104166666664 7.92282408798045 10.5637654506406
0 57.12890625 19.7265625 7.512532730158185 10.01671030687758
0 43.896484375 14.84375 6.516771394062079 8.689028525416106
0 27.9296875 16.341145833333336 6.837572174807153 9.116762899742872
0 19.873046875 15.4296875 6.644147051109997 8.858862734813329
0 5.615234375 16.9921875 6.972448522214271 9.296598029619028
0 22.265625 14.583333333333334 6.459353786778786 8.612471715705048
0 33.837890625 15.4296875 6.644147051109997 8.858862734813329
0 33.349609375 18.5546875 7.28597191547444 9.714629220632586
0 24.90234375 15.494791666666666 6.658149484030587 8.877532645374115
0 61.23046875 14.713541666666666 6.488126106405426 8.650834808540568
0 67.1875 16.080729166666664 6.782870718656271 9.043827624875028
0 75.048828125 15.169270833333334 6.587839704871492 8.783786273161988
0 83.837890625 19.856770833333336 7.537285788103314 10.049714384137753
0 93.017578125 21.875 7.911060422861158 10.548080563814876
0 77.05078125 44.79166666666667 11.320335077509403 15.093780103345871
0 98.828125 25.455729166666668 8.53401578009617 11.378687706794894
0 69.62890625 17.513020833333336 7.0784994535786145 9.437999271438152
0 2.880859375 18.229166666666664 7.221777078979024 9.629036105305365
0 84.27734375 23.6328125 8.222774405094897 10.963699206793196
0 30.224609375 18.1640625 7.208869513560617 9.611826018080823
0 14.16015625 16.9921875 6.972448522214271 9.296598029619028
0 84.423828125 17.513020833333336 7.0784994535786145 9.437999271438152
0 91.69921875 21.028645833333336 7.756509415978292 10.342012554637723
0 98.193359375 20.768229166666664 7.708331872750909 10.277775830334546
0 99.31640625 35.87239583333333 10.130732832457173 13.507643776609566
0 99.31640625 44.7265625 11.312105098175438 15.082806797567253
