0 39.94140625 88.0859375 15.875008305224553 21.166677740299402
0 86.5234375 63.932291666666664 13.52448718637716 18.032649581836214
0 68.310546875 45.96354166666667 11.467464738803672 15.289952985071562
0 99.4140625 74.0234375 14.55275758980269 19.403676786403587
0 71.923828125 26.7578125 8.749555167743805 11.66607355699174
0 78.369140625 29.8828125 9.24637292940864 12.32849723921152
0 72.998046875 22.981770833333336 8.108722079825698 10.811629439767596
0 58.3984375 16.9921875 6.972448522214271 9.296598029619028
0 24.560546875 20.5078125 7.659851317145468 10.21313508952729
0 77.734375 16.536458333333336 6.878312786611722 9.171083715482297
0 75.244140625 26.432291666666668 8.696171172348027 11.594894896464037
0 44.287109375 17.838541666666664 7.143981879101334 9.525309172135112
0 17.7734375 15.169270833333334 6.587839704871492 8.783786273161988
0 3.515625 20.963541666666664 7.7444931277157725 10.325990836954363
0 25.830078125 16.015625 6.7691262856502785 9.025501714200372
0 47.509765625 15.559895833333334 6.672122530845778 8.896163374461038
0 7.32421875 57.03125 12.773711875278535 17.031615833704713
0 8.447265625 19.661458333333336 7.500125566067204 10.00016742142294
0 44.873046875 15.169270833333334 6.587839704871492 8.783786273161988
0 72.900390625 18.489583333333336 7.273178276253042 9.697571035004056
0 42.67578125 14.84375 6.516771394062079 8.689028525416106
0 20.1171875 13.541666666666666 6.224389054678692 8.299185406238257
0 12.158203125 18.033854166666664 7.182984799767957 9.577313066357275
0 14.013671875 30.208333333333332 9.296598029619028 12.395464039492039
0 9.716796875 25.5859375 8.555814067917595 11.407752090556793
0 1.904296875 18.489583333333336 7.273178276253042 9.697571035004056
0 68.45703125 15.559895833333334 6.672122530845778 8.896163374461038
0 91.50390625 21.809895833333336 7.8992792392241125 10.532372318965482
0 94.580078125 30.533854166666668 9.346553241646458 12.462070988861944
0 91.6015625 19.010416666666664 7.37490598974278 9.833207986323707
0 86.03515625 18.684895833333336 7.311492035346033 9.748656047128044
0 77.34375 21.614583333333336 7.863829789260941 10.485106385681254
0 23.828125 15.169270833333334 6.587839704871492 8.783786273161988
0 53.955078125 15.690104166666666 6.699981201202437 8.933308268269917
0 24.560546875 15.559895833333334 6.672122530845778 8.896163374461038
0 94.091796875 26.627604166666668 8.728240750778255 11.637654334371007
0 82.8125 25.130208333333332 8.479274895904423 11.305699861205897
0 97.65625 33.07291666666667 9.727403229070575 12.9698709720941
0 86.669921875 30.533854166666668 9.346553241646458 12.462070988861944
0 63.330078125 22.4609375 8.016311973000304 10.688415964000404
0 27.294921875 17.1875 7.012405574387241 9.349874099182989
0 34.47265625 18.359375 7.247523246483103 9.663364328644137
0 28.515625 17.317708333333336 7.038917599286375 9.385223465715166
0 38.330078125 17.513020833333336 7.0784994535786145 9.437999271438152
0 32.373046875 19.661458333333336 7.500125566067204 10.00016742142294
0 51.5625 13.411458333333334 6.194391824397107 8.259189099196142
0 61.62109375 14.0625 6.342959500374307 8.457279333832409
0 14.55078125 21.2890625 7.804389558437758 10.405852744583676
0 70.3125 15.169270833333334 6.587839704871492 8.783786273161988
0 83.7890625 21.484375 7.840107775064166 10.453477033418888
0 97.314453125 22.135416666666664 7.958010748538389 10.610680998051187
0 99.658203125 32.35677083333333 9.621510480001493 12.828680640001991
0 99.169921875 22.786458333333336 8.074192233473482 10.765589644631309
0 90.625 26.627604166666668 8.728240750778255 11.637654334371007
0 65.33203125 15.885416666666666 6.741553355216833 8.988737806955777
0 72.265625 17.708333333333336 7.117861199762329 9.490481599683106
0 79.345703125 22.4609375 8.016311973000304 10.688415964000404
0 84.912109375 16.9921875 6.972448522214271 9.296598029619028
0 75.244140625 16.666666666666664 6.905339660024879 9.207119546699838
0 5.126953125 20.5078125 7.659851317145468 10.21313508952729
0 32.763671875 15.0390625 6.559504779115197 8.746006372153596
0 81.93359375 18.684895833333336 7.311492035346033 9.748656047128044
0 46.630859375 16.9921875 6.972448522214271 9.296598029619028
0 55.6640625 15.0390625 6.559504779115197 8.746006372153596
0 64.111328125 16.861979166666664 6.945682786096826 9.260910381462436
0 94.970703125 23.958333333333336 8.279211405182211 11.038948540242949
0 67.431640625 21.614583333333336 7.863829789260941 10.485106385681254
0 93.359375 21.484375 7.840107775064166 10.453477033418888
0 66.943359375 16.9921875 6.972448522214271 9.296598029619028
0 85.302734375 22.65625 8.051090062422436 10.734786749896582
0 87.646484375 24.934895833333336 8.446260072691679 11.26168009692224
0 94.7265625 20.638020833333336 7.684129829110212 10.245506438813615
