0 5.810546875 72.8515625 14.437104702776942 19.249472937035925
0 26.66015625 59.049479166666664 12.99776577090262 17.330354361203494
0 40.478515625 86.45833333333334 15.727659578521882 20.970212771362508
0 49.462890625 67.3828125 13.884659626559234 18.51287950207898
0 43.84765625 58.138020833333336 12.897062139352686 17.196082852470248
0 61.1328125 55.078125 12.553078491945271 16.73743798926036
0 42.7734375 48.11197916666667 11.732411368860527 15.643215158480702
0 29.150390625 47.00520833333333 11.5966796875 15.462239583333334
0 24.365234375 40.29947916666667 10.737678274999501 14.316904366666003
0 4.150390625 41.27604166666667 10.867000619363317 14.489334159151088
0 1.025390625 56.705729166666664 12.737205050481693 16.982940067308924
0 76.7578125 50.911458333333336 12.06892085771801 16.091894476957346
0 92.138671875 54.361979166666664 12.47120162457431 16.628268832765748
0 98.291015625 68.68489583333334 14.018169040351381 18.690892053801843
0 95.703125 59.895833333333336 13.090582635209483 17.45411018027931
0 99.560546875 52.018229166666664 12.199399469791677 16.265865959722237
0 96.533203125 41.27604166666667 10.867000619363317 14.489334159151088
0 88.0859375 43.5546875 11.162927952985768 14.883903937314358
0 98.193359375 40.75520833333333 10.79822144345345 14.397628591271266
0 72.265625 42.96875 11.087586745962493 14.783448994616657
0 59.765625 43.81510416666667 11.196250200100184 14.928333600133579
0 39.35546875 36.71875 10.24954566879069 13.66606089172092
0 43.84765625 31.966145833333332 9.56325660155786 12.751008802077147
0 50.78125 29.361979166666668 9.16544031840894 12.220587091211922
0 62.255859375 33.91927083333333 9.851081781963485 13.134775709284646
0 72.802734375 36.84895833333333 10.267702539831983 13.690270053109312
0 84.130859375 36.97916666666667 10.285827359834423 13.714436479779232
0 90.478515625 33.13802083333333 9.736972737758677 12.982630317011571
0 98.193359375 31.705729166666668 9.524222738236839 12.698963650982451
0 86.62109375 34.63541666666667 9.954532733337459 13.272710311116612
0 98.388671875 34.765625 9.973226707988399 13.297635610651199
0 64.74609375 30.338541666666668 9.316612257369233 12.42214967649231
0 99.462890625 35.87239583333333 10.130732832457173 13.507643776609566
0 76.513671875 30.859375 9.396242870080965 12.52832382677462
0 87.353515625 29.752604166666668 9.22620633412535 12.301608445500468
0 66.30859375 26.171875 8.653226854710587 11.537635806280782
0 88.623046875 28.971354166666668 9.104268731797058 12.139024975729411
0 80.810546875 27.1484375 8.81318913463968 11.750918846186241
0 75.927734375 25.1953125 8.490251308132054 11.320335077509403
0 70.068359375 25.065104166666668 8.468284256293707 11.291045675058275
0 29.541015625 30.338541666666668 9.316612257369233 12.42214967649231
0 38.623046875 26.888020833333332 8.770817787597604 11.694423716796805
0 40.380859375 22.526041666666664 8.027921409891299 10.703895213188398
0 46.240234375 25.1953125 8.490251308132054 11.320335077509403
0 49.365234375 21.549479166666664 7.85197774064246 10.469303654189947
0 55.615234375 22.135416666666664 7.958010748538389 10.610680998051187
0 20.41015625 27.278645833333332 8.83429859993294 11.779064799910586
0 32.03125 22.721354166666664 8.062649422377262 10.75019922983635
0 25.927734375 25.911458333333332 8.610068346964042 11.480091129285388
0 11.23046875 33.7890625 9.832155574699105 13.109540766265473
0 13.28125 24.088541666666664 8.301678777304348 11.068905036405797
0 9.86328125 30.338541666666668 9.316612257369233 12.42214967649231
0 5.37109375 25.716145833333332 8.57755695956738 11.436742612756506
0 28.61328125 22.005208333333336 7.9345703125 10.579427083333332
0 20.263671875 23.502604166666664 8.200090846279542 10.933454461706056
0 26.66015625 20.638020833333336 7.684129829110212 10.245506438813615
0 8.30078125 24.479166666666664 8.36871899463018 11.15829199284024
0 20.99609375 19.205729166666664 7.412693970636669 9.883591960848893
0 30.37109375 18.098958333333336 7.195938795502683 9.594585060670244
0 24.462890625 20.442708333333336 7.647683158045451 10.196910877393934
0 37.890625 21.549479166666664 7.85197774064246 10.469303654189947
0 16.40625 20.768229166666664 7.708331872750909 10.277775830334546
0 33.49609375 16.731770833333336 6.9188135063199665 9.225084675093289
0 34.5703125 19.791666666666664 7.524919437217989 10.033225916290652
0 36.5234375 18.9453125 7.3622668956389274 9.816355860851903
0 36.23046875 16.6015625 6.891839471823862 9.189119295765149
0 38.28125 18.9453125 7.3622668956389274 9.816355860851903
0 38.916015625 15.755208333333334 6.7138671875 8.951822916666668
0 41.30859375 16.861979166666664 6.945682786096826 9.260910381462436
0 44.04296875 18.098958333333336 7.195938795502683 9.594585060670244
0 47.802734375 17.708333333333336 7.117861199762329 9.490481599683106
0 49.560546875 15.0390625 6.559504779115197 8.746006372153596
0 51.66015625 19.661458333333336 7.500125566067204 10.00016742142294
0 52.34375 17.122395833333336 6.9991119025755095 9.332149203434014
0 53.7109375 18.229166666666664 7.221777078979024 9.629036105305365
0 56.73828125 15.885416666666666 6.741553355216833 8.988737806955777
0 57.03125 16.9921875 6.972448522214271 9.296598029619028
0 56.73828125 20.182291666666664 7.598815672600545 10.13175423013406
0 60.400390625 17.96875 7.170007400189656 9.56000986691954
0 62.6953125 18.229166666666664 7.221777078979024 9.629036105305365
0 64.35546875 16.861979166666664 6.945682786096826 9.260910381462436
0 66.943359375 15.494791666666666 6.658149484030587 8.877532645374115
0 66.11328125 21.549479166666664 7.85197774064246 10.469303654189947
0 10.595703125 21.549479166666664 7.85197774064246 10.469303654189947
0 18.505859375 17.838541666666664 7.143981879101334 9.525309172135112
0 12.59765625 17.838541666666664 7.143981879101334 9.525309172135112
0 6.93359375 19.075520833333336 7.3875234600282 9.850031280037602
0 14.013671875 17.122395833333336 6.9991119025755095 9.332149203434014
0 22.4609375 16.276041666666664 6.823937919616058 9.09858389282141
0 22.802734375 18.359375 7.247523246483103 9.663364328644137
0 24.951171875 17.252604166666664 7.025674092542321 9.367565456723094
0 4.443359375 21.028645833333336 7.756509415978292 10.342012554637723
0 1.66015625 21.2890625 7.804389558437758 10.405852744583676
0 0.5859375 18.815104166666664 7.336923388776433 9.782564518368577
0 1.123046875 18.9453125 7.3622668956389274 9.816355860851903
0 1.513671875 18.684895833333336 7.311492035346033 9.748656047128044
0 4.248046875 18.098958333333336 7.195938795502683 9.594585060670244
0 10.400390625 18.9453125 7.3622668956389274 9.816355860851903
0 9.130859375 19.921875 7.549631882844837 10.066175843793117
0 70.41015625 20.3125 7.62328857226367 10.164384763018226
0 77.880859375 20.182291666666664 7.598815672600545 10.13175423013406
0 72.900390625 19.661458333333336 7.500125566067204 10.00016742142294
0 84.47265625 24.21875 8.324085508414218 11.098780677885625
0 94.04296875 26.041666666666668 8.631674575031099 11.508899433374797
0 80.37109375 23.111979166666664 8.131660519088275 10.842214025451032
0 98.73046875 25.716145833333332 8.57755695956738 11.436742612756506
0 92.3828125 23.2421875 8.154534433525017 10.872712578033356
0 87.158203125 23.502604166666664 8.200090846279542 10.933454461706056
0 80.810546875 17.578125 7.091644310682526 9.455525747576702
0 71.630859375 16.145833333333336 6.796587356970242 9.062116475960323
0 76.85546875 16.731770833333336 6.9188135063199665 9.225084675093289
0 91.2109375 26.432291666666668 8.696171172348027 11.594894896464037
0 88.720703125 20.638020833333336 7.684129829110212 10.245506438813615
0 93.9453125 22.265625 7.981382342908947 10.641843123878598
0 95.263671875 22.005208333333336 7.9345703125 10.579427083333332
0 85.05859375 18.5546875 7.28597191547444 9.714629220632586
