0 85.7421875 73.046875 14.45644443643434 19.275259248579122
0 86.083984375 61.002604166666664 13.210974622749855 17.61463283033314
0 61.62109375 61.458333333333336 13.260230091797137 17.68030678906285
0 69.775390625 56.380208333333336 12.700593290212897 16.93412438695053
0 75.87890625 50.716145833333336 12.045748508295013 16.06099801106002
0 83.447265625 47.33072916666667 11.63676511531837 15.515686820424493
0 96.337890625 49.93489583333333 11.952609880106287 15.936813173475048
0 56.34765625 76.88802083333334 14.831668554959554 19.775558073279406
0 40.966796875 77.5390625 14.894329030654822 19.85910537420643
0 13.037109375 78.7109375 15.006458560967099 20.0086114146228
0 9.86328125 67.3828125 13.884659626559234 18.51287950207898
0 12.939453125 55.598958333333336 12.612291454938857 16.816388606585143
0 2.734375 54.1015625 12.441294623193059 16.58839283092408
0 11.083984375 39.38802083333333 10.615556110184379 14.154074813579173
0 20.068359375 38.60677083333333 10.509750584547465 14.01300077939662
0 29.931640625 46.41927083333333 11.524174553527347 15.365566071369797
0 35.44921875 63.151041666666664 13.441598843716577 17.9221317916221
0 42.67578125 64.0625 13.538252571300557 18.051003428400744
0 36.1328125 48.2421875 11.748276705883885 15.664368941178514
0 41.064453125 41.9921875 10.960867307170393 14.614489742893857
0 30.17578125 35.546875 10.084662867345157 13.44621715646021
0 41.650390625 32.6171875 9.660151239834237 12.880201653112316
0 48.193359375 37.109375 10.30392029793343 13.738560397244573
0 52.587890625 47.52604166666667 11.660750228602783 15.547666971470377
0 66.015625 40.625 10.780958088779109 14.374610785038813
0 60.400390625 33.3984375 9.775157091093119 13.033542788124159
0 52.44140625 29.8828125 9.24637292940864 12.32849723921152
0 68.75 29.296875 9.1552734375 12.20703125
0 62.451171875 27.408854166666668 8.855357744474432 11.807143659299243
0 45.654296875 27.9296875 8.939098215256843 11.918797620342456
0 39.794921875 24.088541666666664 8.301678777304348 11.068905036405797
0 73.828125 31.119791666666668 9.4358061729372 12.5810748972496
0 79.8828125 37.56510416666667 10.366996918617573 13.822662558156765
0 86.81640625 36.19791666666667 10.17659423860661 13.568792318142146
0 80.810546875 29.296875 9.1552734375 12.20703125
0 94.140625 34.50520833333333 9.935803586486637 13.247738115315515
0 26.513671875 29.427083333333332 9.175595934065496 12.234127912087327
0 34.423828125 28.515625 9.03237828793258 12.043171050576774
0 4.19921875 30.794270833333332 9.386325988299376 12.515101317732501
0 20.3125 30.794270833333332 9.386325988299376 12.515101317732501
0 28.3203125 23.6328125 8.222774405094897 10.963699206793196
0 12.01171875 28.515625 9.03237828793258 12.043171050576774
0 51.513671875 26.692708333333332 8.738904457566134 11.651872610088178
0 70.947265625 23.177083333333336 8.143105507889608 10.857474010519478
0 88.8671875 33.07291666666667 9.727403229070575 12.9698709720941
