0 81.982421875 44.140625 11.237764062208234 14.983685416277645
0 79.6875 59.635416666666664 13.062093847065857 17.416125129421143
0 66.455078125 57.747395833333336 12.853661919343681 17.13821589245824
0 49.90234375 69.79166666666666 14.130660281726348 18.84088037563513
0 40.576171875 52.408854166666664 12.245118803551563 16.32682507140208
0 96.923828125 47.59114583333333 11.66873431048899 15.55831241398532
0 92.919921875 34.63541666666667 9.954532733337459 13.272710311116612
0 84.5703125 34.765625 9.973226707988399 13.297635610651199
0 74.462890625 34.50520833333333 9.935803586486637 13.247738115315515
0 79.1015625 27.408854166666668 8.855357744474432 11.807143659299243
0 73.681640625 27.278645833333332 8.83429859993294 11.779064799910586
0 60.009765625 26.627604166666668 8.728240750778255 11.637654334371007
0 52.685546875 23.567708333333336 8.211440458419013 10.948587277892017
0 44.775390625 26.106770833333332 8.642457433170346 11.52327657756046
0 31.54296875 27.1484375 8.81318913463968 11.750918846186241
0 28.515625 45.18229166666667 11.36958984997385 15.159453133298467
0 4.150390625 63.151041666666664 13.441598843716577 17.9221317916221
0 2.9296875 38.41145833333333 10.483132346995646 13.977509795994195
0 10.546875 30.078125 9.276540621075844 12.368720828101127
0 17.3828125 24.609375 8.39094670707246 11.187928942763282
0 22.412109375 28.515625 9.03237828793258 12.043171050576774
0 40.673828125 18.294270833333336 7.234661615679748 9.646215487572997
0 65.0390625 22.200520833333336 7.969705113037473 10.626273484049964
0 82.8125 25.130208333333332 8.479274895904423 11.305699861205897
0 95.60546875 24.088541666666664 8.301678777304348 11.068905036405797
0 86.279296875 22.591145833333336 8.039514082226251 10.719352109635
0 96.337890625 65.95052083333334 13.73630057974475 18.315067439659668
0 73.046875 47.98177083333333 11.716524548616007 15.622032731488009
0 68.9453125 43.88020833333333 11.2045652775182 14.939420370024267
0 64.74609375 32.09635416666667 9.58271390875707 12.77695187834276
0 58.935546875 37.04427083333333 10.29487780360901 13.726503738145347
0 65.8203125 40.8203125 10.806842779312605 14.40912370575014
0 63.427734375 45.703125 11.434932858395506 15.24657714452734
0 40.185546875 60.481770833333336 13.154456825105168 17.53927576680689
0 19.287109375 47.59114583333333 11.66873431048899 15.55831241398532
0 33.740234375 33.984375 9.860531263063667 13.147375017418222
0 43.896484375 35.28645833333333 10.047654805392046 13.39687307385606
0 87.5 35.41666666666667 10.066175843793117 13.421567791724156
0 97.55859375 32.48697916666667 9.640850219074288 12.854466958765718
0 99.31640625 38.41145833333333 10.483132346995646 13.977509795994195
0 85.107421875 30.46875 9.336583582018038 12.448778109357384
0 91.11328125 28.90625 9.094033462982996 12.125377950643994
0 61.328125 23.828125 8.256682897014576 11.008910529352768
0 46.09375 31.966145833333332 9.56325660155786 12.751008802077147
0 24.0234375 25.651041666666668 8.566692411876344 11.422256549168457
0 35.15625 24.479166666666664 8.36871899463018 11.15829199284024
0 41.650390625 31.4453125 9.485028239697298 12.646704319596397
0 5.76171875 29.036458333333332 9.114492506755418 12.15265667567389
0 28.02734375 22.591145833333336 8.039514082226251 10.719352109635
0 43.65234375 29.947916666666668 9.25643975103949 12.341919668052654
0 34.619140625 27.669270833333332 8.897326499702912 11.863101999603883
0 38.76953125 25.260416666666668 8.501213548086012 11.334951397448016
0 94.7265625 17.643229166666664 7.104764847914316 9.473019797219088
0 92.822265625 10.416666666666668 5.459150335692846 7.278867114257127
0 56.787109375 4.6875 3.662109375 4.8828125
0 60.107421875 14.453125 6.430452730012657 8.57393697335021
0 46.97265625 18.619791666666664 7.298743129334349 9.731657505779133
