0 99.21875 63.541666666666664 13.483106710433667 17.977475613911555
0 83.251953125 60.026041666666664 13.104803804677667 17.473071739570223
0 75.537109375 59.1796875 13.012088382158108 17.34945117621081
0 69.580078125 64.77864583333334 13.613713393063637 18.15161785741818
0 67.822265625 84.44010416666666 15.543007297664605 20.72400973021947
0 46.77734375 83.984375 15.501007201172234 20.66800960156298
0 39.306640625 61.197916666666664 13.2321065604729 17.642808747297202
0 3.662109375 55.338541666666664 12.582719804741396 16.776959739655194
0 6.25 47.33072916666667 11.63676511531837 15.515686820424493
0 0.390625 44.921875 11.336777112430854 15.11570281657447
0 10.83984375 37.43489583333333 10.349014256477766 13.798685675303688
0 17.431640625 37.36979166666667 10.340011197569225 13.786681596758967
0 23.974609375 43.81510416666667 11.196250200100184 14.928333600133579
0 30.17578125 42.3828125 11.01173007365034 14.682306764867118
0 43.505859375 41.796875 10.935347208965403 14.580462945287206
0 54.248046875 49.08854166666667 11.850883690763915 15.801178254351885
0 61.5234375 47.72135416666667 11.684686107834867 15.579581477113155
0 66.162109375 41.34114583333333 10.87556743237638 14.500756576501841
0 78.466796875 36.65364583333333 10.240455160865794 13.653940214487726
0 81.982421875 42.83854166666667 11.070774625986973 14.761032834649296
0 89.404296875 48.30729166666667 11.756201345372451 15.674935127163266
0 97.119140625 39.2578125 10.597995211294762 14.130660281726351
0 95.263671875 32.6171875 9.660151239834237 12.880201653112316
0 97.75390625 27.1484375 8.81318913463968 11.750918846186241
0 89.74609375 29.8828125 9.24637292940864 12.32849723921152
0 84.1796875 34.44010416666667 9.926425761285763 13.235234348381017
0 89.111328125 32.74739583333333 9.679413773897526 12.905885031863368
0 77.392578125 28.190104166666668 8.980675640601907 11.974234187469209
0 73.291015625 30.729166666666668 9.376398618003673 12.501864824004896
0 65.380859375 28.385416666666668 9.011732824849489 12.015643766465985
0 60.546875 39.2578125 10.597995211294762 14.130660281726351
0 61.767578125 29.1015625 9.124704826492952 12.166273101990603
0 56.73828125 33.984375 9.860531263063667 13.147375017418222
0 62.060546875 32.74739583333333 9.679413773897526 12.905885031863368
0 50.634765625 35.41666666666667 10.066175843793117 13.421567791724156
0 41.748046875 29.8828125 9.24637292940864 12.32849723921152
0 38.28125 35.67708333333333 10.103116062772735 13.470821417030313
0 36.5234375 29.427083333333332 9.175595934065496 12.234127912087327
0 51.220703125 27.473958333333332 8.865868558553435 11.821158078071248
0 51.46484375 20.8984375 7.732458166088822 10.309944221451763
0 43.017578125 21.809895833333336 7.8992792392241125 10.532372318965482
0 31.591796875 28.645833333333332 9.052976668817948 12.07063555842393
0 22.75390625 28.971354166666668 9.104268731797058 12.139024975729411
0 31.8359375 26.041666666666668 8.631674575031099 11.508899433374797
0 20.361328125 31.640625 9.51443925056146 12.685919000748614
0 1.318359375 36.19791666666667 10.17659423860661 13.568792318142146
0 2.294921875 30.989583333333332 9.416045300623482 12.554727067497975
0 7.32421875 29.752604166666668 9.22620633412535 12.301608445500468
0 12.060546875 27.408854166666668 8.855357744474432 11.807143659299243
0 7.177734375 26.953125 8.78142979122202 11.708573054962693
0 4.58984375 20.572916666666664 7.672000176987631 10.229333569316841
0 17.578125 20.442708333333336 7.647683158045451 10.196910877393934
0 18.65234375 26.692708333333332 8.738904457566134 11.651872610088178
0 23.876953125 23.697916666666664 8.234092750996119 10.978790334661493
0 28.7109375 23.893229166666664 8.267954824306681 11.023939765742242
0 39.74609375 21.028645833333336 7.756509415978292 10.342012554637723
0 32.568359375 22.005208333333336 7.9345703125 10.579427083333332
0 46.2890625 21.809895833333336 7.8992792392241125 10.532372318965482
0 55.322265625 27.083333333333332 8.802615418613255 11.736820558151006
0 59.033203125 24.153645833333336 8.312889692307273 11.083852923076364
0 63.8671875 19.140625 7.400119417103358 9.866825889471144
0 56.591796875 17.578125 7.091644310682526 9.455525747576702
0 62.3046875 25.260416666666668 8.501213548086012 11.334951397448016
0 66.748046875 23.893229166666664 8.267954824306681 11.023939765742242
0 72.16796875 25.260416666666668 8.501213548086012 11.334951397448016
0 69.3359375 21.158854166666664 7.780486318348366 10.373981757797822
0 81.005859375 24.283854166666664 8.33526628646708 11.113688381956106
0 89.55078125 27.604166666666668 8.886852892188134 11.849137189584178
0 94.921875 22.591145833333336 8.039514082226251 10.719352109635
0 1.123046875 19.205729166666664 7.412693970636669 9.883591960848893
0 3.3203125 17.122395833333336 6.9991119025755095 9.332149203434014
0 6.591796875 17.317708333333336 7.038917599286375 9.385223465715166
0 4.931640625 17.1875 7.012405574387241 9.349874099182989
0 8.7890625 16.080729166666664 6.782870718656271 9.043827624875028
0 10.009765625 17.903645833333336 7.157006469457137 9.542675292609516
0 10.546875 15.4296875 6.644147051109997 8.858862734813329
0 11.962890625 18.098958333333336 7.195938795502683 9.594585060670244
0 13.525390625 16.796875 6.932261164306974 9.243014885742634
0 15.0390625 14.84375 6.516771394062079 8.689028525416106
0 16.30859375 16.861979166666664 6.945682786096826 9.260910381462436
0 16.50390625 14.84375 6.516771394062079 8.689028525416106
0 17.67578125 13.997395833333334 6.328259690346595 8.437679587128793
0 18.896484375 14.6484375 6.473755931273323 8.631674575031097
0 20.849609375 13.736979166666666 6.269115778861736 8.358821038482315
0 22.16796875 14.322916666666666 6.401421192444773 8.53522825659303
0 20.99609375 16.796875 6.932261164306974 9.243014885742634
0 23.53515625 16.536458333333336 6.878312786611722 9.171083715482297
0 24.70703125 15.4296875 6.644147051109997 8.858862734813329
0 26.220703125 15.4296875 6.644147051109997 8.858862734813329
0 27.880859375 14.388020833333334 6.415953381844678 8.554604509126236
0 27.734375 17.317708333333336 7.038917599286375 9.385223465715166
0 28.7109375 19.466145833333336 7.462780310447684 9.950373747263578
0 29.58984375 15.885416666666666 6.741553355216833 8.988737806955777
0 30.517578125 13.997395833333334 6.328259690346595 8.437679587128793
0 31.103515625 12.955729166666666 6.088237714617921 8.117650286157229
0 32.666015625 13.997395833333334 6.328259690346595 8.437679587128793
0 34.423828125 14.388020833333334 6.415953381844678 8.554604509126236
0 34.423828125 19.205729166666664 7.412693970636669 9.883591960848893
0 35.83984375 19.3359375 7.437779301119349 9.917039068159132
0 33.49609375 17.578125 7.091644310682526 9.455525747576702
0 37.20703125 14.388020833333334 6.415953381844678 8.554604509126236
0 37.646484375 17.317708333333336 7.038917599286375 9.385223465715166
0 38.8671875 14.973958333333334 6.545291317604741 8.727055090139656
0 42.08984375 15.299479166666666 6.61605328023645 8.821404373648601
0 44.091796875 13.8671875 6.298757153488249 8.398342871317666
0 40.91796875 13.8671875 6.298757153488249 8.398342871317666
0 39.55078125 15.559895833333334 6.672122530845778 8.896163374461038
0 45.166015625 16.9921875 6.972448522214271 9.296598029619028
0 46.58203125 12.760416666666666 6.042172202521769 8.056229603362357
0 48.193359375 18.880208333333336 7.349606066157407 9.799474754876544
0 50.29296875 19.3359375 7.437779301119349 9.917039068159132
0 51.46484375 16.9921875 6.972448522214271 9.296598029619028
0 49.267578125 13.0859375 6.118755388111396 8.15834051748186
0 47.265625 14.322916666666666 6.401421192444773 8.53522825659303
0 56.396484375 12.760416666666666 6.042172202521769 8.056229603362357
0 53.076171875 12.044270833333332 5.870173358664351 7.826897811552468
0 58.251953125 13.997395833333334 6.328259690346595 8.437679587128793
0 63.4765625 12.3046875 5.933295317145868 7.911060422861158
0 59.619140625 13.541666666666666 6.224389054678692 8.299185406238257
0 60.83984375 13.8671875 6.298757153488249 8.398342871317666
0 60.44921875 21.6796875 7.875664001809045 10.500885335745393
0 59.619140625 19.140625 7.400119417103358 9.866825889471144
0 64.55078125 13.541666666666666 6.224389054678692 8.299185406238257
0 67.431640625 14.192708333333334 6.372257390692475 8.496343187589966
0 67.919921875 17.903645833333336 7.157006469457137 9.542675292609516
0 71.09375 18.75 7.32421875 9.765625
0 69.3359375 24.8046875 8.424178309229896 11.23223774563986
0 74.0234375 18.75 7.32421875 9.765625
0 77.880859375 21.6796875 7.875664001809045 10.500885335745393
0 86.962890625 24.283854166666664 8.33526628646708 11.113688381956106
0 81.93359375 21.549479166666664 7.85197774064246 10.469303654189947
0 73.681640625 16.796875 6.932261164306974 9.243014885742634
0 88.4765625 26.692708333333332 8.738904457566134 11.651872610088178
0 74.365234375 15.104166666666666 6.573687508709111 8.764916678278816
0 98.33984375 22.4609375 8.016311973000304 10.688415964000404
0 69.775390625 14.388020833333334 6.415953381844678 8.554604509126236
0 97.119140625 20.1171875 7.586549618320344 10.115399491093791
0 71.77734375 14.192708333333334 6.372257390692475 8.496343187589966
0 95.166015625 18.684895833333336 7.311492035346033 9.748656047128044
0 75.439453125 14.0625 6.342959500374307 8.457279333832409
0 85.791015625 21.809895833333336 7.8992792392241125 10.532372318965482
0 73.779296875 13.28125 6.16424861960576 8.218998159474348
0 82.51953125 15.4296875 6.644147051109997 8.858862734813329
0 87.3046875 18.5546875 7.28597191547444 9.714629220632586
0 79.4921875 15.559895833333334 6.672122530845778 8.896163374461038
0 89.6484375 17.643229166666664 7.104764847914316 9.473019797219088
0 93.26171875 18.229166666666664 7.221777078979024 9.629036105305365
0 91.30859375 17.96875 7.170007400189656 9.56000986691954
0 87.451171875 16.080729166666664 6.782870718656271 9.043827624875028
0 81.103515625 15.625 6.686066375795484 8.914755167727312
0 77.392578125 13.541666666666666 6.224389054678692 8.299185406238257
0 76.220703125 15.299479166666666 6.61605328023645 8.821404373648601
0 78.125 15.169270833333334 6.587839704871492 8.783786273161988
0 91.9921875 27.604166666666668 8.886852892188134 11.849137189584178
0 99.560546875 32.6171875 9.660151239834237 12.880201653112316
0 99.0234375 30.403645833333332 9.326603265341873 12.43547102045583
0 92.431640625 22.591145833333336 8.039514082226251 10.719352109635
0 90.72265625 24.479166666666664 8.36871899463018 11.15829199284024
0 82.666015625 26.041666666666668 8.631674575031099 11.508899433374797
0 74.70703125 27.1484375 8.81318913463968 11.750918846186241
