0 32.8125 53.580729166666664 12.381263900818356 16.508351867757806
0 67.48046875 73.828125 14.533546020252267 19.378061360336353
0 8.544921875 73.11197916666666 14.462885267422834 19.283847023230447
0 76.806640625 59.375 13.033542788124159 17.37805705083221
0 49.951171875 45.8984375 11.459340426952263 15.279120569269683
0 70.1171875 40.0390625 10.70292841598522 14.270571221313624
0 43.994140625 41.796875 10.935347208965403 14.580462945287206
0 63.134765625 40.4296875 10.755011100284483 14.340014800379311
0 75.09765625 51.171875 12.099748291991583 16.132997722655443
0 89.208984375 43.9453125 11.212874188765769 14.950498918354358
0 22.802734375 45.3125 11.385960758165057 15.181281010886744
0 33.59375 36.00260416666667 10.149102263376399 13.53213635116853
0 81.298828125 41.9921875 10.960867307170393 14.614489742893857
0 61.669921875 33.07291666666667 9.727403229070575 12.9698709720941
0 50.439453125 36.71875 10.24954566879069 13.66606089172092
0 18.5546875 41.796875 10.935347208965403 14.580462945287206
0 41.89453125 28.3203125 9.001392336274797 12.001856448366395
0 52.44140625 27.083333333333332 8.802615418613255 11.736820558151006
0 72.607421875 28.841145833333332 9.083786661460703 12.11171554861427
0 12.353515625 35.87239583333333 10.130732832457173 13.507643776609566
0 38.4765625 20.052083333333336 7.574263699945591 10.099018266594122
0 59.5703125 21.614583333333336 7.863829789260941 10.485106385681254
0 31.103515625 30.729166666666668 9.376398618003673 12.501864824004896
0 19.23828125 29.166666666666668 9.134905729428569 12.17987430590476
0 84.326171875 32.16145833333333 9.592427762147041 12.789903682862722
0 96.728515625 40.75520833333333 10.79822144345345 14.397628591271266
0 62.841796875 28.841145833333332 9.083786661460703 12.11171554861427
0 64.697265625 25.846354166666668 8.59924487524742 11.465659833663226
0 76.953125 27.213541666666668 8.823750179932228 11.765000239909636
0 92.236328125 34.9609375 10.001202153426476 13.334936204568635
0 26.07421875 26.171875 8.653226854710587 11.537635806280782
