0 1.7578125 33.07291666666667 9.727403229070575 12.9698709720941
0 3.3203125 33.984375 9.860531263063667 13.147375017418222
0 3.515625 25.846354166666668 8.59924487524742 11.465659833663226
0 5.46875 26.432291666666668 8.696171172348027 11.594894896464037
0 12.3046875 19.53125 7.475249459177179 9.966999278902906
0 14.55078125 17.643229166666664 7.104764847914316 9.473019797219088
0 18.9453125 21.549479166666664 7.85197774064246 10.469303654189947
0 22.36328125 27.5390625 8.876366926421502 11.835155901895336
0 26.220703125 25.0 8.457279333832409 11.276372445109878
0 29.931640625 21.354166666666664 7.816313766397521 10.421751688530028
0 31.494140625 21.354166666666664 7.816313766397521 10.421751688530028
0 29.638671875 35.9375 10.139921707663666 13.51989561021822
0 32.861328125 36.58854166666667 10.231356576074347 13.641808768099132
0 50.048828125 48.76302083333333 11.811524951393816 15.748699935191754
0 52.294921875 50.260416666666664 11.991505556877746 15.988674075836995
0 64.94140625 61.9140625 13.309303275974441 17.745737701299255
0 87.98828125 66.08072916666666 13.749853913658217 18.33313855154429
0 84.619140625 66.40625 13.783678943647724 18.378238591530298
0 90.625 57.03125 12.773711875278535 17.031615833704713
0 77.05078125 40.0390625 10.70292841598522 14.270571221313624
0 73.33984375 33.52864583333333 9.794193442310311 13.05892458974708
0 75.146484375 33.26822916666667 9.756083595670033 13.008111460893376
0 64.404296875 43.9453125 11.212874188765769 14.950498918354358
0 58.154296875 35.87239583333333 10.130732832457173 13.507643776609566
0 60.25390625 36.19791666666667 10.17659423860661 13.568792318142146
0 62.3046875 31.8359375 9.543759625922785 12.725012834563712
0 72.314453125 28.385416666666668 9.011732824849489 12.015643766465985
0 92.529296875 30.143229166666668 9.286574740419274 12.382099653892366
0 93.603515625 32.03125 9.572990198582838 12.763986931443785
0 87.20703125 33.59375 9.803697756475225 13.071597008633635
0 79.248046875 25.1953125 8.490251308132054 11.320335077509403
0 80.712890625 26.041666666666668 8.631674575031099 11.508899433374797
0 22.216796875 16.536458333333336 6.878312786611722 9.171083715482297
0 26.3671875 19.140625 7.400119417103358 9.866825889471144
0 27.83203125 19.075520833333336 7.3875234600282 9.850031280037602
0 40.771484375 22.981770833333336 8.108722079825698 10.811629439767596
0 41.845703125 25.1953125 8.490251308132054 11.320335077509403
0 47.998046875 24.088541666666664 8.301678777304348 11.068905036405797
0 61.376953125 25.1953125 8.490251308132054 11.320335077509403
0 66.357421875 24.0234375 8.290452702152177 11.053936936202902
0 64.599609375 23.828125 8.256682897014576 11.008910529352768
0 69.921875 21.744791666666664 7.887480458569388 10.51664061142585
0 71.97265625 22.395833333333336 8.00468569861084 10.672914264814453
0 1.171875 16.341145833333336 6.837572174807153 9.116762899742872
0 3.02734375 17.252604166666664 7.025674092542321 9.367565456723094
0 5.37109375 18.229166666666664 7.221777078979024 9.629036105305365
0 4.248046875 22.395833333333336 8.00468569861084 10.672914264814453
0 13.18359375 23.502604166666664 8.200090846279542 10.933454461706056
0 9.814453125 28.645833333333332 9.052976668817948 12.07063555842393
0 3.173828125 29.6875 9.216106488367615 12.288141984490153
0 3.271484375 40.16927083333333 10.720317425689878 14.293756567586504
0 7.470703125 36.328125 10.194881035455362 13.593174713940485
0 1.7578125 44.53125 11.287379155826983 15.049838874435977
0 1.5625 58.463541666666664 12.93311773707098 17.244156982761304
0 21.533203125 52.408854166666664 12.245118803551563 16.32682507140208
0 7.32421875 74.609375 14.610240727033478 19.48032096937797
0 6.396484375 16.40625 6.8511792970714245 9.134905729428567
0 4.39453125 15.690104166666666 6.699981201202437 8.933308268269917
0 7.6171875 15.104166666666666 6.573687508709111 8.764916678278816
0 8.10546875 18.098958333333336 7.195938795502683 9.594585060670244
0 9.5703125 15.494791666666666 6.658149484030587 8.877532645374115
0 11.083984375 14.388020833333334 6.415953381844678 8.554604509126236
0 12.353515625 16.536458333333336 6.878312786611722 9.171083715482297
0 13.134765625 14.127604166666666 6.3576253222655215 8.476833763020695
0 14.306640625 15.950520833333334 6.755353888299149 9.0071385177322
0 15.576171875 14.84375 6.516771394062079 8.689028525416106
0 18.65234375 12.434895833333332 5.964605800076924 7.952807733435899
0 21.6796875 13.736979166666666 6.269115778861736 8.358821038482315
0 19.43359375 14.388020833333334 6.415953381844678 8.554604509126236
0 16.89453125 16.927083333333336 6.959078522333606 9.278771363111476
0 20.263671875 16.276041666666664 6.823937919616058 9.09858389282141
0 18.994140625 18.098958333333336 7.195938795502683 9.594585060670244
0 17.3828125 18.9453125 7.3622668956389274 9.816355860851903
0 21.09375 22.135416666666664 7.958010748538389 10.610680998051187
0 20.263671875 28.190104166666668 8.980675640601907 11.974234187469209
0 25.09765625 13.997395833333334 6.328259690346595 8.437679587128793
0 27.001953125 13.4765625 6.209408553886659 8.279211405182211
0 28.369140625 13.28125 6.16424861960576 8.218998159474348
0 30.615234375 13.932291666666666 6.313525654778199 8.418034206370931
0 31.25 13.0859375 6.118755388111396 8.15834051748186
0 32.861328125 13.606770833333334 6.2393335877260965 8.319111450301463
0 25.146484375 18.684895833333336 7.311492035346033 9.748656047128044
0 26.416015625 17.3828125 7.052136235529384 9.40284831403918
0 27.5390625 15.885416666666666 6.741553355216833 8.988737806955777
0 28.80859375 14.6484375 6.473755931273323 8.631674575031097
0 32.373046875 15.494791666666666 6.658149484030587 8.877532645374115
0 28.955078125 17.057291666666664 6.985792933508055 9.31439057801074
0 31.25 18.9453125 7.3622668956389274 9.816355860851903
0 27.978515625 21.6796875 7.875664001809045 10.500885335745393
0 31.396484375 31.25 9.4555257475767 12.607367663435602
0 33.30078125 26.822916666666668 8.760192928715409 11.680257238287211
0 33.837890625 42.1875 10.986328125 14.6484375
0 35.44921875 14.192708333333334 6.372257390692475 8.496343187589966
0 33.7890625 15.885416666666666 6.741553355216833 8.988737806955777
0 37.5 13.541666666666666 6.224389054678692 8.299185406238257
0 37.01171875 15.299479166666666 6.61605328023645 8.821404373648601
0 36.669921875 19.53125 7.475249459177179 9.966999278902906
0 39.453125 14.583333333333334 6.459353786778786 8.612471715705048
0 40.91796875 14.388020833333334 6.415953381844678 8.554604509126236
0 42.822265625 14.2578125 6.386855937639267 8.515807916852356
0 44.580078125 14.84375 6.516771394062079 8.689028525416106
0 47.314453125 13.997395833333334 6.328259690346595 8.437679587128793
0 40.91796875 16.341145833333336 6.837572174807153 9.116762899742872
0 40.869140625 19.205729166666664 7.412693970636669 9.883591960848893
0 42.626953125 20.833333333333336 7.720404443770458 10.293872591693944
0 44.62890625 24.0234375 8.290452702152177 11.053936936202902
0 43.65234375 31.901041666666668 9.55351308746248 12.738017449949975
0 48.33984375 33.7890625 9.832155574699105 13.109540766265473
0 53.3203125 45.1171875 11.361395549918386 15.148527399891181
0 50.390625 18.098958333333336 7.195938795502683 9.594585060670244
0 49.267578125 14.127604166666666 6.3576253222655215 8.476833763020695
0 51.025390625 15.0390625 6.559504779115197 8.746006372153596
0 48.974609375 20.247395833333336 7.611061958825638 10.148082611767517
0 51.5625 27.083333333333332 8.802615418613255 11.736820558151006
0 48.14453125 15.494791666666666 6.658149484030587 8.877532645374115
0 52.392578125 17.3828125 7.052136235529384 9.40284831403918
0 48.291015625 17.057291666666664 6.985792933508055 9.31439057801074
0 49.267578125 28.125 8.970299351012615 11.960399134683486
0 55.712890625 16.40625 6.8511792970714245 9.134905729428567
0 56.689453125 16.145833333333336 6.796587356970242 9.062116475960323
0 57.958984375 19.3359375 7.437779301119349 9.917039068159132
0 54.296875 14.778645833333334 6.502464524127966 8.669952698837287
0 54.638671875 11.848958333333332 5.8223828211483495 7.763177094864466
0 55.76171875 14.583333333333334 6.459353786778786 8.612471715705048
0 58.935546875 12.3046875 5.933295317145868 7.911060422861158
0 61.328125 11.653645833333332 5.7741967555006415 7.698929007334189
0 58.59375 17.057291666666664 6.985792933508055 9.31439057801074
0 62.939453125 14.778645833333334 6.502464524127966 8.669952698837287
0 62.20703125 16.40625 6.8511792970714245 9.134905729428567
0 60.595703125 18.098958333333336 7.195938795502683 9.594585060670244
0 60.107421875 21.549479166666664 7.85197774064246 10.469303654189947
0 65.234375 21.028645833333336 7.756509415978292 10.342012554637723
0 58.935546875 24.674479166666664 8.402038511923953 11.202718015898604
0 62.79296875 28.580729166666668 9.042683343523592 12.056911124698123
0 59.765625 31.4453125 9.485028239697298 12.646704319596397
0 63.427734375 38.99739583333333 10.562785827561513 14.083714436748682
0 65.283203125 57.421875 12.8173828125 17.08984375
0 37.646484375 57.03125 12.773711875278535 17.031615833704713
0 76.171875 50.9765625 12.076635093633655 16.10218012484487
0 81.201171875 42.12239583333333 10.977847746951262 14.63713032926835
0 91.11328125 50.911458333333336 12.06892085771801 16.091894476957346
0 84.619140625 61.002604166666664 13.210974622749855 17.61463283033314
0 90.380859375 91.9921875 16.22318586426027 21.63091448568036
0 64.6484375 11.979166666666668 5.854286527481347 7.805715369975129
0 65.72265625 12.955729166666666 6.088237714617921 8.117650286157229
0 68.310546875 12.760416666666666 6.042172202521769 8.056229603362357
0 69.482421875 13.28125 6.16424861960576 8.218998159474348
0 71.240234375 11.783854166666668 5.806365231457656 7.741820308610207
0 71.09375 13.736979166666666 6.269115778861736 8.358821038482315
0 71.38671875 15.625 6.686066375795484 8.914755167727312
0 67.724609375 18.880208333333336 7.349606066157407 9.799474754876544
0 71.38671875 19.401041666666664 7.450290292806215 9.933720390408286
0 76.26953125 24.088541666666664 8.301678777304348 11.068905036405797
0 74.267578125 25.325520833333332 8.512161670520847 11.349548894027794
0 73.583984375 29.6875 9.216106488367615 12.288141984490153
0 79.8828125 28.385416666666668 9.011732824849489 12.015643766465985
0 78.955078125 35.546875 10.084662867345157 13.44621715646021
0 88.671875 36.39322916666667 10.204012144348443 13.605349525797925
0 89.111328125 30.794270833333332 9.386325988299376 12.515101317732501
0 89.55078125 26.627604166666668 8.728240750778255 11.637654334371007
0 93.1640625 26.822916666666668 8.760192928715409 11.680257238287211
0 99.169921875 29.427083333333332 9.175595934065496 12.234127912087327
0 99.4140625 37.56510416666667 10.366996918617573 13.822662558156765
0 75.439453125 13.606770833333334 6.2393335877260965 8.319111450301463
0 77.1484375 13.28125 6.16424861960576 8.218998159474348
0 78.125 14.6484375 6.473755931273323 8.631674575031097
0 75.390625 16.40625 6.8511792970714245 9.134905729428567
0 82.177734375 16.536458333333336 6.878312786611722 9.171083715482297
0 83.837890625 15.299479166666666 6.61605328023645 8.821404373648601
0 84.27734375 18.9453125 7.3622668956389274 9.816355860851903
0 86.328125 14.6484375 6.473755931273323 8.631674575031097
0 89.2578125 15.4296875 6.644147051109997 8.858862734813329
0 86.81640625 16.731770833333336 6.9188135063199665 9.225084675093289
0 89.16015625 19.140625 7.400119417103358 9.866825889471144
0 86.71875 21.028645833333336 7.756509415978292 10.342012554637723
0 92.529296875 17.3828125 7.052136235529384 9.40284831403918
0 93.75 18.229166666666664 7.221777078979024 9.629036105305365
0 95.41015625 17.903645833333336 7.157006469457137 9.542675292609516
0 98.6328125 19.986979166666664 7.561957820656658 10.08261042754221
0 100.29296875 17.578125 7.091644310682526 9.455525747576702
0 99.462890625 20.638020833333336 7.684129829110212 10.245506438813615
0 94.921875 19.856770833333336 7.537285788103314 10.049714384137753
0 95.60546875 22.330729166666664 7.993042513249997 10.657390017666662
0 91.11328125 20.052083333333336 7.574263699945591 10.099018266594122
0 92.724609375 21.940104166666664 7.92282408798045 10.5637654506406
0 91.015625 22.981770833333336 8.108722079825698 10.811629439767596
0 89.306640625 23.177083333333336 8.143105507889608 10.857474010519478
0 95.263671875 25.651041666666668 8.566692411876344 11.422256549168457
0 78.662109375 20.377604166666664 7.635495607419925 10.180660809893233
0 81.73828125 21.549479166666664 7.85197774064246 10.469303654189947
0 77.880859375 21.354166666666664 7.816313766397521 10.421751688530028
0 79.443359375 22.981770833333336 8.108722079825698 10.811629439767596
0 81.73828125 18.5546875 7.28597191547444 9.714629220632586
0 84.47265625 20.8984375 7.732458166088822 10.309944221451763
0 77.197265625 19.53125 7.475249459177179 9.966999278902906
0 70.947265625 18.229166666666664 7.221777078979024 9.629036105305365
0 72.65625 17.838541666666664 7.143981879101334 9.525309172135112
0 65.771484375 16.145833333333336 6.796587356970242 9.062116475960323
0 87.5 25.651041666666668 8.566692411876344 11.422256549168457
0 85.888671875 23.046875 8.120199399200482 10.82693253226731
0 80.615234375 17.447916666666664 7.065330140863174 9.420440187817565
0 68.310546875 14.388020833333334 6.415953381844678 8.554604509126236
