0 77.392578125 62.630208333333336 13.386054809241521 17.848073078988694
0 51.904296875 72.98177083333334 14.450000734560199 19.26666764608026
0 17.48046875 15.234375 6.60196156395994 8.802615418613254
0 2.392578125 16.9921875 6.972448522214271 9.296598029619028
0 14.16015625 16.6015625 6.891839471823862 9.189119295765149
0 4.296875 17.96875 7.170007400189656 9.56000986691954
0 10.9375 16.9921875 6.972448522214271 9.296598029619028
0 2.783203125 20.377604166666664 7.635495607419925 10.180660809893233
0 9.326171875 18.489583333333336 7.273178276253042 9.697571035004056
0 4.58984375 22.4609375 8.016311973000304 10.688415964000404
0 11.328125 23.958333333333336 8.279211405182211 11.038948540242949
0 5.712890625 18.75 7.32421875 9.765625
0 19.189453125 15.690104166666666 6.699981201202437 8.933308268269917
0 15.0390625 21.549479166666664 7.85197774064246 10.469303654189947
0 20.556640625 17.3828125 7.052136235529384 9.40284831403918
0 7.51953125 21.940104166666664 7.92282408798045 10.5637654506406
0 23.291015625 16.341145833333336 6.837572174807153 9.116762899742872
0 20.166015625 24.869791666666664 8.435226416678011 11.246968555570682
0 25.0 15.559895833333334 6.672122530845778 8.896163374461038
0 18.5546875 20.5078125 7.659851317145468 10.21313508952729
0 13.76953125 19.010416666666664 7.37490598974278 9.833207986323707
0 27.685546875 17.3828125 7.052136235529384 9.40284831403918
0 24.072265625 22.786458333333336 8.074192233473482 10.765589644631309
0 29.39453125 17.3828125 7.052136235529384 9.40284831403918
0 24.267578125 30.013020833333332 9.266495636406846 12.35532751520913
0 26.318359375 19.791666666666664 7.524919437217989 10.033225916290652
0 33.203125 15.690104166666666 6.699981201202437 8.933308268269917
0 25.0 17.643229166666664 7.104764847914316 9.473019797219088
0 44.873046875 14.322916666666666 6.401421192444773 8.53522825659303
0 30.419921875 14.84375 6.516771394062079 8.689028525416106
0 42.87109375 16.341145833333336 6.837572174807153 9.116762899742872
0 36.81640625 15.950520833333334 6.755353888299149 9.0071385177322
0 35.107421875 16.080729166666664 6.782870718656271 9.043827624875028
0 36.03515625 19.53125 7.475249459177179 9.966999278902906
0 40.13671875 16.341145833333336 6.837572174807153 9.116762899742872
0 38.8671875 15.494791666666666 6.658149484030587 8.877532645374115
0 44.287109375 17.122395833333336 6.9991119025755095 9.332149203434014
0 47.998046875 14.713541666666666 6.488126106405426 8.650834808540568
0 47.16796875 16.6015625 6.891839471823862 9.189119295765149
0 48.583984375 19.010416666666664 7.37490598974278 9.833207986323707
0 54.1015625 16.731770833333336 6.9188135063199665 9.225084675093289
0 59.423828125 15.364583333333334 6.6301150458985685 8.840153394531425
0 56.103515625 15.690104166666666 6.699981201202437 8.933308268269917
0 55.322265625 14.583333333333334 6.459353786778786 8.612471715705048
0 70.654296875 15.494791666666666 6.658149484030587 8.877532645374115
0 79.4921875 17.513020833333336 7.0784994535786145 9.437999271438152
0 64.0625 15.559895833333334 6.672122530845778 8.896163374461038
0 75.78125 16.2109375 6.810276368536802 9.080368491382403
0 65.33203125 15.104166666666666 6.573687508709111 8.764916678278816
0 73.974609375 16.341145833333336 6.837572174807153 9.116762899742872
0 62.353515625 16.341145833333336 6.837572174807153 9.116762899742872
0 68.75 15.8203125 6.72772451325946 8.970299351012613
0 60.64453125 16.341145833333336 6.837572174807153 9.116762899742872
0 64.94140625 19.270833333333336 7.425247229367944 9.900329639157258
0 64.16015625 26.888020833333332 8.770817787597604 11.694423716796805
0 75.48828125 19.140625 7.400119417103358 9.866825889471144
0 81.005859375 19.53125 7.475249459177179 9.966999278902906
0 83.0078125 18.098958333333336 7.195938795502683 9.594585060670244
0 84.619140625 18.75 7.32421875 9.765625
0 85.44921875 19.661458333333336 7.500125566067204 10.00016742142294
0 87.158203125 18.098958333333336 7.195938795502683 9.594585060670244
0 89.94140625 18.619791666666664 7.298743129334349 9.731657505779133
0 89.453125 20.8984375 7.732458166088822 10.309944221451763
0 94.677734375 20.768229166666664 7.708331872750909 10.277775830334546
0 95.556640625 21.2890625 7.804389558437758 10.405852744583676
0 97.802734375 20.638020833333336 7.684129829110212 10.245506438813615
0 91.357421875 20.5078125 7.659851317145468 10.21313508952729
0 97.36328125 24.348958333333336 8.346432086900233 11.128576115866979
0 91.650390625 23.958333333333336 8.279211405182211 11.038948540242949
0 96.2890625 36.97916666666667 10.285827359834423 13.714436479779232
0 92.7734375 20.8984375 7.732458166088822 10.309944221451763
0 90.478515625 30.6640625 9.366460725843998 12.48861430112533
0 85.3515625 31.8359375 9.543759625922785 12.725012834563712
0 76.416015625 28.125 8.970299351012615 11.960399134683486
0 73.095703125 33.203125 9.746532850751532 12.995377134335376
0 82.91015625 21.2890625 7.804389558437758 10.405852744583676
0 71.09375 34.70052083333333 9.963884104806219 13.28517880640829
0 85.15625 21.940104166666664 7.92282408798045 10.5637654506406
0 86.42578125 25.455729166666668 8.53401578009617 11.378687706794894
0 89.35546875 25.0 8.457279333832409 11.276372445109878
0 98.388671875 31.0546875 9.425930915210266 12.567907886947022
0 90.771484375 40.4296875 10.755011100284483 14.340014800379311
0 95.654296875 52.083333333333336 12.20703125 16.276041666666664
0 97.705078125 66.53645833333334 13.79718573664223 18.39624764885631
0 80.615234375 47.00520833333333 11.5966796875 15.462239583333334
0 82.2265625 37.109375 10.30392029793343 13.738560397244573
0 67.236328125 26.7578125 8.749555167743805 11.66607355699174
0 70.8984375 22.200520833333336 7.969705113037473 10.626273484049964
0 56.494140625 20.5078125 7.659851317145468 10.21313508952729
0 45.068359375 21.028645833333336 7.756509415978292 10.342012554637723
0 54.4921875 23.177083333333336 8.143105507889608 10.857474010519478
0 39.55078125 23.828125 8.256682897014576 11.008910529352768
0 49.51171875 25.846354166666668 8.59924487524742 11.465659833663226
0 5.517578125 36.39322916666667 10.204012144348443 13.605349525797925
0 11.1328125 36.5234375 10.22224989284926 13.629666523799013
0 28.90625 31.966145833333332 9.56325660155786 12.751008802077147
0 9.228515625 34.11458333333333 9.87940311049722 13.17253748066296
0 1.806640625 54.4921875 12.486128262621328 16.648171016828435
0 2.587890625 71.484375 14.300994279614235 19.067992372818978
0 25.87890625 50.716145833333336 12.045748508295013 16.06099801106002
0 27.783203125 62.109375 13.3302793382822 17.77370578437627
0 39.94140625 79.94791666666666 15.123915641313316 20.16522085508442
0 65.869140625 53.7109375 12.396298835198914 16.528398446931885
0 56.201171875 32.8125 9.689030680168178 12.918707573557572
0 59.423828125 39.38802083333333 10.615556110184379 14.154074813579173
0 54.931640625 36.39322916666667 10.204012144348443 13.605349525797925
0 47.4609375 85.67708333333334 15.656439622046703 20.875252829395606
0 4.1015625 77.21354166666666 14.863031813825586 19.81737575176745
0 7.03125 58.3984375 12.925914663420027 17.234552884560035
0 22.4609375 58.3984375 12.925914663420027 17.234552884560035
0 31.494140625 56.770833333333336 12.74451478138495 16.992686375179932
0 23.291015625 40.0390625 10.70292841598522 14.270571221313624
0 7.2265625 30.403645833333332 9.326603265341873 12.43547102045583
0 23.974609375 36.1328125 10.167438506443897 13.556584675258529
0 2.880859375 26.106770833333332 8.642457433170346 11.52327657756046
0 30.322265625 25.0 8.457279333832409 11.276372445109878
0 36.42578125 22.65625 8.051090062422436 10.734786749896582
0 26.708984375 26.3671875 8.685454999241765 11.580606665655687
0 27.9296875 22.0703125 7.946299173761924 10.595065565015899
0 26.318359375 23.046875 8.120199399200482 10.82693253226731
0 5.322265625 27.408854166666668 8.855357744474432 11.807143659299243
0 46.6796875 25.065104166666668 8.468284256293707 11.291045675058275
0 42.28515625 27.864583333333332 8.928673607377803 11.904898143170405
0 47.802734375 24.088541666666664 8.301678777304348 11.068905036405797
0 59.619140625 20.768229166666664 7.708331872750909 10.277775830334546
0 50.78125 21.6796875 7.875664001809045 10.500885335745393
0 59.423828125 25.716145833333332 8.57755695956738 11.436742612756506
0 69.189453125 22.786458333333336 8.074192233473482 10.765589644631309
0 61.23046875 21.2890625 7.804389558437758 10.405852744583676
0 75.09765625 23.567708333333336 8.211440458419013 10.948587277892017
0 62.158203125 22.591145833333336 8.039514082226251 10.719352109635
0 67.3828125 22.4609375 8.016311973000304 10.688415964000404
0 22.607421875 19.921875 7.549631882844837 10.066175843793117
0 11.71875 18.359375 7.247523246483103 9.663364328644137
0 59.619140625 18.489583333333336 7.273178276253042 9.697571035004056
0 82.71484375 24.348958333333336 8.346432086900233 11.128576115866979
0 83.740234375 25.9765625 8.620878229873984 11.494504306498644
0 85.009765625 26.7578125 8.749555167743805 11.66607355699174
0 76.07421875 39.51822916666667 10.633088006704314 14.177450675605751
0 79.4921875 34.5703125 9.945172568847854 13.26023009179714
0 63.96484375 30.6640625 9.366460725843998 12.48861430112533
0 61.865234375 42.05729166666667 10.969360812751116 14.62581441700149
0 60.25390625 32.94270833333333 9.708235913444133 12.944314551258843
0 38.330078125 37.890625 10.411817693623036 13.88242359149738
0 38.76953125 44.98697916666667 11.344989193994817 15.126652258659753
0 60.25390625 53.515625 12.37373958295489 16.498319443939856
0 74.51171875 49.4140625 11.89011214525034 15.853482860333786
0 79.58984375 53.255208333333336 12.343596445408132 16.45812859387751
0 91.064453125 49.54427083333333 11.905767335895483 15.874356447860643
0 96.484375 43.61979166666667 11.171267833082963 14.895023777443953
0 86.5234375 42.70833333333333 11.053936936202902 14.738582581603868
0 93.65234375 47.78645833333333 11.69265384562257 15.590205127496759
0 94.091796875 24.609375 8.39094670707246 11.187928942763282
0 92.138671875 26.3671875 8.685454999241765 11.580606665655687
0 93.5546875 22.786458333333336 8.074192233473482 10.765589644631309
0 78.3203125 20.768229166666664 7.708331872750909 10.277775830334546
0 77.392578125 21.6796875 7.875664001809045 10.500885335745393
0 79.931640625 21.6796875 7.875664001809045 10.500885335745393
0 98.583984375 54.361979166666664 12.47120162457431 16.628268832765748
0 99.072265625 36.1328125 10.167438506443897 13.556584675258529
