0 97.216796875 25.5859375 8.555814067917595 11.407752090556793
0 90.0390625 24.739583333333336 8.413115693414442 11.217487591219255
0 89.501953125 27.864583333333332 8.928673607377803 11.904898143170405
0 87.060546875 26.497395833333332 8.706874156303165 11.609165541737553
0 91.845703125 16.927083333333336 6.959078522333606 9.278771363111476
0 98.046875 18.1640625 7.208869513560617 9.611826018080823
0 79.1015625 18.1640625 7.208869513560617 9.611826018080823
0 68.9453125 13.346354166666666 6.179338602086361 8.239118136115147
0 76.416015625 20.572916666666664 7.672000176987631 10.229333569316841
0 79.931640625 24.479166666666664 8.36871899463018 11.15829199284024
0 86.279296875 20.768229166666664 7.708331872750909 10.277775830334546
0 81.884765625 21.6796875 7.875664001809045 10.500885335745393
0 72.55859375 22.200520833333336 7.969705113037473 10.626273484049964
0 68.017578125 23.307291666666664 8.165947363439729 10.88792981791964
0 59.765625 23.307291666666664 8.165947363439729 10.88792981791964
0 60.7421875 29.361979166666668 9.16544031840894 12.220587091211922
0 60.986328125 35.02604166666667 10.010509928501419 13.347346571335224
0 72.998046875 31.119791666666668 9.4358061729372 12.5810748972496
0 74.853515625 26.497395833333332 8.706874156303165 11.609165541737553
0 78.564453125 36.58854166666667 10.231356576074347 13.641808768099132
0 89.0625 31.640625 9.51443925056146 12.685919000748614
0 92.96875 30.533854166666668 9.346553241646458 12.462070988861944
0 88.818359375 35.22135416666667 10.038381471800859 13.384508629067811
0 99.462890625 35.3515625 10.056919588186085 13.409226117581447
0 98.92578125 40.29947916666667 10.737678274999501 14.316904366666003
0 98.779296875 48.4375 11.772034620352729 15.696046160470303
0 90.283203125 49.34895833333333 11.882276815143912 15.843035753525218
0 87.890625 61.979166666666664 13.316298968061174 17.75506529074823
0 90.283203125 88.28125 15.892598347523847 21.190131130031798
0 67.48046875 59.1796875 13.012088382158108 17.34945117621081
0 73.92578125 52.408854166666664 12.245118803551563 16.32682507140208
0 66.40625 42.578125 11.037073559585647 14.716098079447528
0 36.083984375 63.606770833333336 13.49001227130148 17.986683028401973
0 49.90234375 45.44270833333333 11.402308161785525 15.203077549047366
0 49.755859375 36.26302083333333 10.185741740892722 13.580988987856962
0 49.609375 27.213541666666668 8.823750179932228 11.765000239909636
0 47.412109375 20.963541666666664 7.7444931277157725 10.325990836954363
0 41.015625 25.390625 8.523095729839442 11.364127639785922
0 51.513671875 16.2109375 6.810276368536802 9.080368491382403
0 5.322265625 59.635416666666664 13.062093847065857 17.416125129421143
0 21.533203125 49.86979166666667 11.944815546130936 15.92642072817458
0 37.5 40.8203125 10.806842779312605 14.40912370575014
0 21.435546875 38.54166666666667 10.500885335745396 14.001180447660527
0 32.03125 34.63541666666667 9.954532733337459 13.272710311116612
0 4.736328125 36.26302083333333 10.185741740892722 13.580988987856962
0 7.568359375 15.4296875 6.644147051109997 8.858862734813329
0 10.205078125 18.424479166666664 7.2603620931215325 9.680482790828709
0 18.115234375 29.361979166666668 9.16544031840894 12.220587091211922
0 27.63671875 19.3359375 7.437779301119349 9.917039068159132
0 45.01953125 14.518229166666666 6.444919458600731 8.593225944800976
0 42.1875 12.630208333333334 6.011265748166568 8.015020997555423
0 34.86328125 15.4296875 6.644147051109997 8.858862734813329
0 26.46484375 14.973958333333334 6.545291317604741 8.727055090139656
0 28.61328125 13.151041666666666 6.133957288281793 8.178609717709058
0 1.171875 15.8203125 6.72772451325946 8.970299351012613
0 70.166015625 17.708333333333336 7.117861199762329 9.490481599683106
