0 28.466796875 31.0546875 9.425930915210266 12.567907886947022
0 27.34375 21.6796875 7.875664001809045 10.500885335745393
0 5.95703125 22.65625 8.051090062422436 10.734786749896582
0 8.935546875 21.6796875 7.875664001809045 10.500885335745393
0 38.916015625 21.6796875 7.875664001809045 10.500885335745393
0 43.26171875 23.307291666666664 8.165947363439729 10.88792981791964
0 43.359375 16.2109375 6.810276368536802 9.080368491382403
0 44.580078125 15.950520833333334 6.755353888299149 9.0071385177322
0 55.126953125 14.713541666666666 6.488126106405426 8.650834808540568
0 74.658203125 18.75 7.32421875 9.765625
0 73.92578125 16.6015625 6.891839471823862 9.189119295765149
0 76.66015625 17.122395833333336 6.9991119025755095 9.332149203434014
0 87.841796875 22.916666666666664 8.097228492078614 10.796304656104818
0 92.67578125 20.8984375 7.732458166088822 10.309944221451763
0 84.521484375 19.010416666666664 7.37490598974278 9.833207986323707
0 86.1328125 18.359375 7.247523246483103 9.663364328644137
0 82.177734375 17.96875 7.170007400189656 9.56000986691954
0 99.31640625 21.2890625 7.804389558437758 10.405852744583676
0 96.77734375 31.0546875 9.425930915210266 12.567907886947022
0 5.322265625 18.75 7.32421875 9.765625
0 1.611328125 18.75 7.32421875 9.765625
0 2.734375 19.401041666666664 7.450290292806215 9.933720390408286
