0 31.103515625 60.9375 13.203923127919884 17.60523083722651
0 29.150390625 48.56770833333333 11.787846628312968 15.717128837750623
0 18.505859375 47.33072916666667 11.63676511531837 15.515686820424493
0 31.689453125 45.44270833333333 11.402308161785525 15.203077549047366
0 33.88671875 36.06770833333333 10.158274522151634 13.544366029535512
0 24.658203125 37.56510416666667 10.366996918617573 13.822662558156765
0 42.724609375 34.50520833333333 9.935803586486637 13.247738115315515
0 54.78515625 35.41666666666667 10.066175843793117 13.421567791724156
0 92.67578125 40.8203125 10.806842779312605 14.40912370575014
0 61.279296875 47.13541666666667 11.612730462915312 15.483640617220415
0 44.921875 23.828125 8.256682897014576 11.008910529352768
0 32.763671875 25.520833333333332 8.544921875 11.393229166666668
0 87.353515625 83.984375 15.501007201172234 20.66800960156298
0 45.849609375 82.421875 15.356134796642 20.474846395522665
0 45.947265625 51.3671875 12.122817423120853 16.16375656416114
0 73.193359375 63.8671875 13.517599237274231 18.023465649698974
0 63.916015625 40.0390625 10.70292841598522 14.270571221313624
0 82.470703125 42.25260416666667 10.994801962067763 14.659735949423682
0 67.7734375 33.07291666666667 9.727403229070575 12.9698709720941
0 50.0 29.361979166666668 9.16544031840894 12.220587091211922
0 38.671875 40.234375 10.72900136184506 14.305335149126746
0 1.904296875 60.026041666666664 13.104803804677667 17.473071739570223
0 19.873046875 23.958333333333336 8.279211405182211 11.038948540242949
0 51.416015625 13.932291666666666 6.313525654778199 8.418034206370931
0 42.041015625 15.494791666666666 6.658149484030587 8.877532645374115
0 74.365234375 32.6171875 9.660151239834237 12.880201653112316
0 19.775390625 13.4765625 6.209408553886659 8.279211405182211
0 24.853515625 19.205729166666664 7.412693970636669 9.883591960848893
0 12.01171875 24.739583333333336 8.413115693414442 11.217487591219255
0 1.5625 19.661458333333336 7.500125566067204 10.00016742142294
0 93.505859375 25.716145833333332 8.57755695956738 11.436742612756506
0 61.71875 11.328125 5.692980379082528 7.590640505443372
0 70.3125 11.9140625 5.838356466585996 7.784475288781327
0 30.322265625 20.1171875 7.586549618320344 10.115399491093791
0 35.302734375 29.361979166666668 9.16544031840894 12.220587091211922
0 49.658203125 21.354166666666664 7.816313766397521 10.421751688530028
0 23.583984375 15.8203125 6.72772451325946 8.970299351012613
0 33.203125 16.861979166666664 6.945682786096826 9.260910381462436
0 57.080078125 15.8203125 6.72772451325946 8.970299351012613
0 77.587890625 17.1875 7.012405574387241 9.349874099182989
0 9.5703125 18.294270833333336 7.234661615679748 9.646215487572997
0 6.4453125 25.716145833333332 8.57755695956738 11.436742612756506
0 12.6953125 17.513020833333336 7.0784994535786145 9.437999271438152
