0 34.521484375 80.59895833333334 15.185370244903233 20.247160326537642
0 44.43359375 77.40885416666666 14.881818042281017 19.84242405637469
0 97.0703125 82.35677083333334 15.35006877436437 20.46675836581916
0 97.4609375 40.29947916666667 10.737678274999501 14.316904366666003
0 99.267578125 61.067708333333336 13.218022355778636 17.624029807704847
0 96.826171875 19.401041666666664 7.450290292806215 9.933720390408286
0 86.62109375 15.104166666666666 6.573687508709111 8.764916678278816
0 93.75 18.359375 7.247523246483103 9.663364328644137
0 85.205078125 16.080729166666664 6.782870718656271 9.043827624875028
0 95.068359375 20.377604166666664 7.635495607419925 10.180660809893233
0 83.984375 16.6015625 6.891839471823862 9.189119295765149
0 94.921875 22.591145833333336 8.039514082226251 10.719352109635
0 82.470703125 17.838541666666664 7.143981879101334 9.525309172135112
0 97.55859375 22.330729166666664 7.993042513249997 10.657390017666662
0 84.326171875 20.247395833333336 7.611061958825638 10.148082611767517
0 99.560546875 20.768229166666664 7.708331872750909 10.277775830334546
0 83.10546875 21.419270833333336 7.828219811023351 10.437626414697803
0 88.427734375 18.880208333333336 7.349606066157407 9.799474754876544
0 79.4921875 15.690104166666666 6.699981201202437 8.933308268269917
0 92.333984375 19.661458333333336 7.500125566067204 10.00016742142294
0 77.783203125 17.838541666666664 7.143981879101334 9.525309172135112
0 91.015625 21.549479166666664 7.85197774064246 10.469303654189947
0 83.10546875 15.559895833333334 6.672122530845778 8.896163374461038
0 92.822265625 23.697916666666664 8.234092750996119 10.978790334661493
0 77.05078125 15.234375 6.60196156395994 8.802615418613254
0 70.849609375 13.541666666666666 6.224389054678692 8.299185406238257
0 74.462890625 20.8984375 7.732458166088822 10.309944221451763
0 69.82421875 21.028645833333336 7.756509415978292 10.342012554637723
0 73.2421875 13.671875 6.254242410864013 8.338989881152017
0 65.8203125 13.671875 6.254242410864013 8.338989881152017
0 74.365234375 14.973958333333334 6.545291317604741 8.727055090139656
0 29.00390625 59.700520833333336 13.069221866066808 17.425629154755743
0 38.720703125 15.8203125 6.72772451325946 8.970299351012613
0 32.6171875 14.322916666666666 6.401421192444773 8.53522825659303
0 39.599609375 13.932291666666666 6.313525654778199 8.418034206370931
0 34.912109375 14.192708333333334 6.372257390692475 8.496343187589966
0 42.529296875 14.192708333333334 6.372257390692475 8.496343187589966
0 31.103515625 14.453125 6.430452730012657 8.57393697335021
0 42.138671875 15.950520833333334 6.755353888299149 9.0071385177322
0 36.81640625 15.104166666666666 6.573687508709111 8.764916678278816
0 28.076171875 13.932291666666666 6.313525654778199 8.418034206370931
0 18.5546875 12.174479166666668 5.901818727360142 7.8690916364801895
0 24.560546875 14.192708333333334 6.372257390692475 8.496343187589966
0 44.140625 16.6015625 6.891839471823862 9.189119295765149
0 49.755859375 13.0859375 6.118755388111396 8.15834051748186
0 45.654296875 15.364583333333334 6.6301150458985685 8.840153394531425
0 61.083984375 13.28125 6.16424861960576 8.218998159474348
0 52.392578125 11.9140625 5.838356466585996 7.784475288781327
0 57.470703125 13.671875 6.254242410864013 8.338989881152017
0 52.783203125 17.7734375 7.130933499479933 9.50791133263991
0 63.623046875 13.932291666666666 6.313525654778199 8.418034206370931
0 52.05078125 14.192708333333334 6.372257390692475 8.496343187589966
0 66.748046875 16.080729166666664 6.782870718656271 9.043827624875028
0 55.37109375 15.8203125 6.72772451325946 8.970299351012613
0 69.23828125 16.2109375 6.810276368536802 9.080368491382403
0 54.4921875 14.322916666666666 6.401421192444773 8.53522825659303
0 72.0703125 15.8203125 6.72772451325946 8.970299351012613
0 48.53515625 17.7734375 7.130933499479933 9.50791133263991
0 73.876953125 17.96875 7.170007400189656 9.56000986691954
0 49.853515625 19.270833333333336 7.425247229367944 9.900329639157258
0 61.81640625 16.861979166666664 6.945682786096826 9.260910381462436
0 50.9765625 18.619791666666664 7.298743129334349 9.731657505779133
0 58.88671875 16.2109375 6.810276368536802 9.080368491382403
0 59.814453125 24.739583333333336 8.413115693414442 11.217487591219255
0 56.103515625 22.0703125 7.946299173761924 10.595065565015899
0 65.234375 19.921875 7.549631882844837 10.066175843793117
0 57.71484375 19.140625 7.400119417103358 9.866825889471144
0 68.017578125 23.828125 8.256682897014576 11.008910529352768
0 60.888671875 21.6796875 7.875664001809045 10.500885335745393
0 78.271484375 21.028645833333336 7.756509415978292 10.342012554637723
0 84.814453125 28.776041666666668 9.073528288158268 12.098037717544358
0 96.875 28.385416666666668 9.011732824849489 12.015643766465985
0 87.939453125 31.4453125 9.485028239697298 12.646704319596397
0 66.552734375 31.184895833333332 9.445671106287941 12.594228141717254
0 86.328125 27.994791666666668 8.94951068030712 11.932680907076158
0 79.58984375 23.4375 8.188725503539269 10.918300671385692
0 89.697265625 29.557291666666668 9.195873518871684 12.261164691828911
0 76.953125 22.786458333333336 8.074192233473482 10.765589644631309
0 89.013671875 26.7578125 8.749555167743805 11.66607355699174
0 75.390625 25.9765625 8.620878229873984 11.494504306498644
0 87.3046875 23.567708333333336 8.211440458419013 10.948587277892017
0 91.40625 27.1484375 8.81318913463968 11.750918846186241
0 71.630859375 30.924479166666668 9.406149296522488 12.541532395363317
0 79.296875 36.1328125 10.167438506443897 13.556584675258529
0 74.755859375 33.59375 9.803697756475225 13.071597008633635
0 65.13671875 27.408854166666668 8.855357744474432 11.807143659299243
0 60.302734375 31.966145833333332 9.56325660155786 12.751008802077147
0 49.853515625 27.864583333333332 8.928673607377803 11.904898143170405
0 62.890625 29.166666666666668 9.134905729428569 12.17987430590476
0 49.365234375 21.158854166666664 7.780486318348366 10.373981757797822
0 17.041015625 14.583333333333334 6.459353786778786 8.612471715705048
0 22.75390625 16.2109375 6.810276368536802 9.080368491382403
0 11.1328125 15.559895833333334 6.672122530845778 8.896163374461038
0 5.810546875 23.567708333333336 8.211440458419013 10.948587277892017
0 13.916015625 18.359375 7.247523246483103 9.663364328644137
0 6.982421875 16.080729166666664 6.782870718656271 9.043827624875028
0 2.392578125 19.270833333333336 7.425247229367944 9.900329639157258
0 7.71484375 20.182291666666664 7.598815672600545 10.13175423013406
0 0.87890625 15.690104166666666 6.699981201202437 8.933308268269917
0 1.7578125 23.4375 8.188725503539269 10.918300671385692
0 1.85546875 16.471354166666664 6.864759447755123 9.15301259700683
0 5.810546875 26.3671875 8.685454999241765 11.580606665655687
0 4.00390625 17.122395833333336 6.9991119025755095 9.332149203434014
0 10.009765625 25.716145833333332 8.57755695956738 11.436742612756506
0 5.46875 16.471354166666664 6.864759447755123 9.15301259700683
0 11.62109375 28.776041666666668 9.073528288158268 12.098037717544358
0 4.39453125 19.53125 7.475249459177179 9.966999278902906
0 6.884765625 28.645833333333332 9.052976668817948 12.07063555842393
0 6.396484375 20.638020833333336 7.684129829110212 10.245506438813615
0 9.08203125 18.880208333333336 7.349606066157407 9.799474754876544
0 14.208984375 21.6796875 7.875664001809045 10.500885335745393
0 23.046875 26.888020833333332 8.770817787597604 11.694423716796805
0 17.626953125 25.1953125 8.490251308132054 11.320335077509403
0 11.5234375 18.489583333333336 7.273178276253042 9.697571035004056
0 18.212890625 19.53125 7.475249459177179 9.966999278902906
0 23.046875 23.177083333333336 8.143105507889608 10.857474010519478
0 16.943359375 18.489583333333336 7.273178276253042 9.697571035004056
0 23.876953125 21.028645833333336 7.756509415978292 10.342012554637723
0 17.431640625 21.940104166666664 7.92282408798045 10.5637654506406
0 27.1484375 19.010416666666664 7.37490598974278 9.833207986323707
0 28.955078125 27.278645833333332 8.83429859993294 11.779064799910586
0 25.68359375 16.861979166666664 6.945682786096826 9.260910381462436
0 31.884765625 20.768229166666664 7.708331872750909 10.277775830334546
0 27.587890625 15.950520833333334 6.755353888299149 9.0071385177322
0 33.203125 19.270833333333336 7.425247229367944 9.900329639157258
0 40.91796875 25.0 8.457279333832409 11.276372445109878
0 29.58984375 16.731770833333336 6.9188135063199665 9.225084675093289
0 44.53125 22.200520833333336 7.969705113037473 10.626273484049964
0 33.3984375 17.7734375 7.130933499479933 9.50791133263991
0 27.783203125 23.307291666666664 8.165947363439729 10.88792981791964
0 35.400390625 16.9921875 6.972448522214271 9.296598029619028
0 37.20703125 20.5078125 7.659851317145468 10.21313508952729
0 29.78515625 19.270833333333336 7.425247229367944 9.900329639157258
0 21.240234375 31.575520833333332 9.50464569238125 12.672860923174998
0 41.11328125 19.010416666666664 7.37490598974278 9.833207986323707
0 46.240234375 27.018229166666668 8.792028986137655 11.722705314850208
0 39.306640625 20.638020833333336 7.684129829110212 10.245506438813615
0 35.791015625 31.575520833333332 9.50464569238125 12.672860923174998
0 41.748046875 28.776041666666668 9.073528288158268 12.098037717544358
0 50.5859375 33.85416666666667 9.841623227903504 13.122164303871338
0 42.626953125 30.533854166666668 9.346553241646458 12.462070988861944
0 32.177734375 29.427083333333332 9.175595934065496 12.234127912087327
0 45.947265625 30.924479166666668 9.406149296522488 12.541532395363317
0 31.396484375 34.83072916666667 9.982560567502519 13.310080756670025
0 0.48828125 36.39322916666667 10.204012144348443 13.605349525797925
0 7.6171875 47.65625 11.676712933171991 15.568950577562655
0 3.564453125 54.1015625 12.441294623193059 16.58839283092408
0 11.083984375 38.15104166666667 10.447535869521296 13.930047826028394
0 17.333984375 39.90885416666667 10.685511108405517 14.24734814454069
0 38.525390625 48.56770833333333 11.787846628312968 15.717128837750623
0 50.244140625 45.63802083333333 11.426785416777987 15.235713889037317
0 53.955078125 52.34375 12.237510776222791 16.31668103496372
0 44.62890625 42.83854166666667 11.070774625986973 14.761032834649296
0 36.81640625 40.69010416666667 10.789593218788873 14.386124291718497
0 58.984375 37.23958333333333 10.321981521782082 13.762642029042777
0 64.306640625 43.88020833333333 11.2045652775182 14.939420370024267
0 77.685546875 57.942708333333336 12.875380315996695 17.16717375466226
0 83.59375 44.7265625 11.312105098175438 15.082806797567253
0 90.4296875 49.93489583333333 11.952609880106287 15.936813173475048
0 47.4609375 14.84375 6.516771394062079 8.689028525416106
0 59.326171875 14.322916666666666 6.401421192444773 8.53522825659303
0 67.626953125 14.583333333333334 6.459353786778786 8.612471715705048
0 14.111328125 16.341145833333336 6.837572174807153 9.116762899742872
0 8.88671875 15.950520833333334 6.755353888299149 9.0071385177322
