0 25.244140625 71.54947916666666 14.307505090003714 19.076673453338287
0 55.712890625 43.48958333333333 11.154581837461587 14.872775783282115
0 82.421875 31.380208333333332 9.475204282385269 12.633605709847027
0 60.7421875 21.09375 7.768507117527988 10.358009490037318
0 81.103515625 24.4140625 8.357582969744357 11.143443959659143
0 98.388671875 20.182291666666664 7.598815672600545 10.13175423013406
0 87.3046875 19.075520833333336 7.3875234600282 9.850031280037602
0 65.771484375 17.708333333333336 7.117861199762329 9.490481599683106
0 94.384765625 21.940104166666664 7.92282408798045 10.5637654506406
0 79.248046875 16.145833333333336 6.796587356970242 9.062116475960323
0 67.96875 14.127604166666666 6.3576253222655215 8.476833763020695
0 83.251953125 17.513020833333336 7.0784994535786145 9.437999271438152
0 27.783203125 20.833333333333336 7.720404443770458 10.293872591693944
0 75.537109375 16.145833333333336 6.796587356970242 9.062116475960323
0 61.23046875 15.0390625 6.559504779115197 8.746006372153596
0 35.3515625 16.145833333333336 6.796587356970242 9.062116475960323
0 8.447265625 18.619791666666664 7.298743129334349 9.731657505779133
0 30.95703125 17.057291666666664 6.985792933508055 9.31439057801074
0 15.8203125 19.270833333333336 7.425247229367944 9.900329639157258
0 90.673828125 18.619791666666664 7.298743129334349 9.731657505779133
0 19.53125 13.671875 6.254242410864013 8.338989881152017
0 71.826171875 14.778645833333334 6.502464524127966 8.669952698837287
0 22.55859375 16.145833333333336 6.796587356970242 9.062116475960323
