0 14.2578125 51.041666666666664 12.084344405043538 16.112459206724715
0 28.22265625 28.255208333333332 8.991039955234518 11.988053273646026
0 21.38671875 20.8984375 7.732458166088822 10.309944221451763
0 5.615234375 28.385416666666668 9.011732824849489 12.015643766465985
0 22.705078125 16.861979166666664 6.945682786096826 9.260910381462436
0 87.841796875 30.6640625 9.366460725843998 12.48861430112533
0 93.017578125 31.4453125 9.485028239697298 12.646704319596397
0 99.0234375 28.059895833333332 8.959911044862793 11.946548059817056
0 84.326171875 22.4609375 8.016311973000304 10.688415964000404
0 70.1171875 19.270833333333336 7.425247229367944 9.900329639157258
0 78.662109375 21.6796875 7.875664001809045 10.500885335745393
0 84.9609375 17.96875 7.170007400189656 9.56000986691954
0 92.529296875 21.6796875 7.875664001809045 10.500885335745393
0 42.67578125 22.981770833333336 8.108722079825698 10.811629439767596
0 42.822265625 16.080729166666664 6.782870718656271 9.043827624875028
0 1.26953125 19.075520833333336 7.3875234600282 9.850031280037602
0 6.4453125 19.7265625 7.512532730158185 10.01671030687758
0 13.916015625 17.96875 7.170007400189656 9.56000986691954
0 20.8984375 58.3984375 12.925914663420027 17.234552884560035
0 25.927734375 62.434895833333336 13.365166284459344 17.820221712612458
0 67.822265625 24.21875 8.324085508414218 11.098780677885625
