0 39.35546875 36.84895833333333 10.267702539831983 13.690270053109312
0 7.6171875 24.4140625 8.357582969744357 11.143443959659143
0 28.02734375 20.703125 7.6962403643301345 10.261653819106845
0 60.986328125 13.736979166666666 6.269115778861736 8.358821038482315
0 87.109375 20.182291666666664 7.598815672600545 10.13175423013406
0 93.701171875 30.208333333333332 9.296598029619028 12.395464039492039
0 13.134765625 20.5078125 7.659851317145468 10.21313508952729
0 3.41796875 20.833333333333336 7.720404443770458 10.293872591693944
0 98.4375 31.0546875 9.425930915210266 12.567907886947022
0 39.453125 18.75 7.32421875 9.765625
0 13.134765625 17.578125 7.091644310682526 9.455525747576702
0 66.064453125 15.559895833333334 6.672122530845778 8.896163374461038
0 22.412109375 29.817708333333332 9.236295135755345 12.315060181007127
0 9.912109375 30.794270833333332 9.386325988299376 12.515101317732501
0 16.796875 28.971354166666668 9.104268731797058 12.139024975729411
0 1.904296875 31.119791666666668 9.4358061729372 12.5810748972496
0 34.130859375 28.125 8.970299351012615 11.960399134683486
0 43.408203125 33.203125 9.746532850751532 12.995377134335376
0 60.498046875 27.734375 8.907787792557633 11.877050390076842
0 45.068359375 29.427083333333332 9.175595934065496 12.234127912087327
0 51.46484375 20.638020833333336 7.684129829110212 10.245506438813615
0 66.357421875 27.604166666666668 8.886852892188134 11.849137189584178
0 77.44140625 33.33333333333333 9.765625 13.020833333333334
0 86.474609375 30.46875 9.336583582018038 12.448778109357384
0 77.294921875 27.083333333333332 8.802615418613255 11.736820558151006
0 62.158203125 21.158854166666664 7.780486318348366 10.373981757797822
0 55.029296875 19.596354166666664 7.487697843252746 9.983597124336994
0 19.62890625 21.2890625 7.804389558437758 10.405852744583676
0 72.0703125 22.330729166666664 7.993042513249997 10.657390017666662
0 85.44921875 25.520833333333332 8.544921875 11.393229166666668
0 74.365234375 21.484375 7.840107775064166 10.453477033418888
0 44.189453125 17.3828125 7.052136235529384 9.40284831403918
0 23.4375 17.708333333333336 7.117861199762329 9.490481599683106
0 16.69921875 17.578125 7.091644310682526 9.455525747576702
0 24.951171875 18.75 7.32421875 9.765625
0 33.49609375 18.229166666666664 7.221777078979024 9.629036105305365
0 80.224609375 18.75 7.32421875 9.765625
0 78.173828125 19.466145833333336 7.462780310447684 9.950373747263578
0 93.212890625 22.4609375 8.016311973000304 10.688415964000404
0 99.169921875 26.7578125 8.749555167743805 11.66607355699174
0 69.384765625 26.7578125 8.749555167743805 11.66607355699174
0 35.25390625 17.252604166666664 7.025674092542321 9.367565456723094
0 21.240234375 16.2109375 6.810276368536802 9.080368491382403
0 56.93359375 16.015625 6.7691262856502785 9.025501714200372
0 46.728515625 17.252604166666664 7.025674092542321 9.367565456723094
0 76.025390625 17.3828125 7.052136235529384 9.40284831403918
0 91.552734375 20.442708333333336 7.647683158045451 10.196910877393934
0 73.583984375 16.015625 6.7691262856502785 9.025501714200372
0 31.982421875 17.578125 7.091644310682526 9.455525747576702
0 71.044921875 14.518229166666666 6.444919458600731 8.593225944800976
0 65.33203125 19.791666666666664 7.524919437217989 10.033225916290652
0 97.65625 22.005208333333336 7.9345703125 10.579427083333332
0 95.8984375 20.442708333333336 7.647683158045451 10.196910877393934
0 7.51953125 17.903645833333336 7.157006469457137 9.542675292609516
0 92.333984375 27.734375 8.907787792557633 11.877050390076842
0 1.7578125 18.75 7.32421875 9.765625
0 37.060546875 16.536458333333336 6.878312786611722 9.171083715482297
0 69.62890625 16.015625 6.7691262856502785 9.025501714200372
0 89.2578125 19.270833333333336 7.425247229367944 9.900329639157258
0 67.626953125 15.364583333333334 6.6301150458985685 8.840153394531425
0 44.189453125 14.84375 6.516771394062079 8.689028525416106
0 51.708984375 12.630208333333334 6.011265748166568 8.015020997555423
0 10.05859375 19.986979166666664 7.561957820656658 10.08261042754221
0 63.427734375 17.122395833333336 6.9991119025755095 9.332149203434014
0 7.373046875 19.856770833333336 7.537285788103314 10.049714384137753
0 29.541015625 16.080729166666664 6.782870718656271 9.043827624875028
