0 61.03515625 35.3515625 10.056919588186085 13.409226117581447
0 49.8046875 36.58854166666667 10.231356576074347 13.641808768099132
0 35.693359375 42.44791666666667 11.020184378215204 14.693579170953605
0 22.802734375 48.4375 11.772034620352729 15.696046160470303
0 0.830078125 59.049479166666664 12.99776577090262 17.330354361203494
0 0.09765625 47.00520833333333 11.5966796875 15.462239583333334
0 4.345703125 31.575520833333332 9.50464569238125 12.672860923174998
0 10.888671875 27.018229166666668 8.792028986137655 11.722705314850208
0 23.291015625 25.716145833333332 8.57755695956738 11.436742612756506
0 31.591796875 28.450520833333332 9.02206146184966 12.029415282466214
0 33.447265625 35.546875 10.084662867345157 13.44621715646021
0 51.318359375 28.580729166666668 9.042683343523592 12.056911124698123
0 62.109375 30.794270833333332 9.386325988299376 12.515101317732501
0 73.4375 33.7890625 9.832155574699105 13.109540766265473
0 88.134765625 34.24479166666667 9.898238977189243 13.197651969585658
0 75.341796875 24.348958333333336 8.346432086900233 11.128576115866979
0 67.529296875 23.828125 8.256682897014576 11.008910529352768
0 59.86328125 24.479166666666664 8.36871899463018 11.15829199284024
0 74.609375 28.7109375 9.063258303782652 12.084344405043536
0 42.67578125 25.130208333333332 8.479274895904423 11.305699861205897
0 26.85546875 23.502604166666664 8.200090846279542 10.933454461706056
0 15.478515625 19.921875 7.549631882844837 10.066175843793117
0 4.931640625 24.479166666666664 8.36871899463018 11.15829199284024
0 0.09765625 17.838541666666664 7.143981879101334 9.525309172135112
0 10.888671875 15.950520833333334 6.755353888299149 9.0071385177322
0 21.044921875 20.5078125 7.659851317145468 10.21313508952729
0 31.591796875 20.052083333333336 7.574263699945591 10.099018266594122
0 36.669921875 22.135416666666664 7.958010748538389 10.610680998051187
0 49.21875 22.265625 7.981382342908947 10.641843123878598
0 59.47265625 21.158854166666664 7.780486318348366 10.373981757797822
0 67.431640625 18.815104166666664 7.336923388776433 9.782564518368577
0 78.515625 25.5859375 8.555814067917595 11.407752090556793
0 92.138671875 22.395833333333336 8.00468569861084 10.672914264814453
0 51.5625 17.838541666666664 7.143981879101334 9.525309172135112
0 44.23828125 14.388020833333334 6.415953381844678 8.554604509126236
0 35.595703125 17.708333333333336 7.117861199762329 9.490481599683106
0 26.123046875 15.625 6.686066375795484 8.914755167727312
0 3.515625 16.6015625 6.891839471823862 9.189119295765149
0 11.474609375 18.619791666666664 7.298743129334349 9.731657505779133
0 29.296875 19.270833333333336 7.425247229367944 9.900329639157258
0 37.5 13.932291666666666 6.313525654778199 8.418034206370931
0 41.50390625 21.614583333333336 7.863829789260941 10.485106385681254
0 49.4140625 19.270833333333336 7.425247229367944 9.900329639157258
0 58.3984375 13.932291666666666 6.313525654778199 8.418034206370931
0 78.90625 18.294270833333336 7.234661615679748 9.646215487572997
0 62.548828125 15.494791666666666 6.658149484030587 8.877532645374115
0 71.19140625 21.2890625 7.804389558437758 10.405852744583676
0 81.8359375 21.809895833333336 7.8992792392241125 10.532372318965482
0 96.533203125 18.9453125 7.3622668956389274 9.816355860851903
0 71.19140625 17.252604166666664 7.025674092542321 9.367565456723094
0 56.298828125 15.625 6.686066375795484 8.914755167727312
0 40.91796875 17.057291666666664 6.985792933508055 9.31439057801074
0 22.216796875 13.28125 6.16424861960576 8.218998159474348
0 14.6484375 14.84375 6.516771394062079 8.689028525416106
0 5.078125 16.40625 6.8511792970714245 9.134905729428567
0 29.1015625 14.84375 6.516771394062079 8.689028525416106
0 47.55859375 13.606770833333334 6.2393335877260965 8.319111450301463
0 31.201171875 14.518229166666666 6.444919458600731 8.593225944800976
0 18.5546875 17.838541666666664 7.143981879101334 9.525309172135112
0 3.662109375 19.7265625 7.512532730158185 10.01671030687758
0 20.3125 15.625 6.686066375795484 8.914755167727312
0 7.8125 18.489583333333336 7.273178276253042 9.697571035004056
0 33.837890625 14.388020833333334 6.415953381844678 8.554604509126236
0 54.052734375 13.736979166666666 6.269115778861736 8.358821038482315
0 65.52734375 11.848958333333332 5.8223828211483495 7.763177094864466
0 75.1953125 14.388020833333334 6.415953381844678 8.554604509126236
0 81.982421875 15.494791666666666 6.658149484030587 8.877532645374115
0 61.1328125 17.513020833333336 7.0784994535786145 9.437999271438152
0 82.568359375 18.294270833333336 7.234661615679748 9.646215487572997
