0 54.1015625 87.82552083333334 15.851524552271181 21.135366069694907
0 87.20703125 60.807291666666664 13.18980882871967 17.586411771626228
0 91.9921875 49.609375 11.913587216762167 15.884782955682889
0 98.73046875 50.325520833333336 11.999269562583924 15.99902608344523
0 98.73046875 44.07552083333333 11.229473567489073 14.972631423318763
0 90.771484375 44.07552083333333 11.229473567489073 14.972631423318763
0 77.24609375 50.911458333333336 12.06892085771801 16.091894476957346
0 64.892578125 57.161458333333336 12.788285424656348 17.05104723287513
0 39.35546875 59.505208333333336 13.047826126972625 17.397101502630168
0 32.373046875 62.434895833333336 13.365166284459344 17.820221712612458
0 7.666015625 74.15364583333334 14.565551225319487 19.42073496709265
0 1.171875 61.1328125 13.225066333020294 17.633421777360393
0 23.486328125 50.911458333333336 12.06892085771801 16.091894476957346
0 34.27734375 42.44791666666667 11.020184378215204 14.693579170953605
0 17.3828125 36.26302083333333 10.185741740892722 13.580988987856962
0 5.078125 34.9609375 10.001202153426476 13.334936204568635
0 18.603515625 30.533854166666668 9.346553241646458 12.462070988861944
0 49.267578125 35.9375 10.139921707663666 13.51989561021822
0 43.84765625 32.74739583333333 9.679413773897526 12.905885031863368
0 31.982421875 32.16145833333333 9.592427762147041 12.789903682862722
0 31.396484375 25.455729166666668 8.53401578009617 11.378687706794894
0 24.51171875 28.90625 9.094033462982996 12.125377950643994
0 26.953125 23.307291666666664 8.165947363439729 10.88792981791964
0 20.8984375 23.6328125 8.222774405094897 10.963699206793196
0 14.794921875 21.354166666666664 7.816313766397521 10.421751688530028
0 8.544921875 27.34375 8.84483443981289 11.793112586417188
0 4.00390625 24.088541666666664 8.301678777304348 11.068905036405797
0 0.78125 26.041666666666668 8.631674575031099 11.508899433374797
0 2.001953125 32.16145833333333 9.592427762147041 12.789903682862722
0 2.880859375 18.75 7.32421875 9.765625
0 18.701171875 17.578125 7.091644310682526 9.455525747576702
0 88.818359375 37.17447916666667 10.31295486371814 13.75060648495752
0 79.00390625 36.26302083333333 10.185741740892722 13.580988987856962
0 74.21875 38.99739583333333 10.562785827561513 14.083714436748682
0 63.427734375 41.34114583333333 10.87556743237638 14.500756576501841
0 51.26953125 49.47916666666667 11.897942315440629 15.863923087254172
0 61.181640625 31.770833333333332 9.53399618640949 12.711994915212655
0 63.427734375 26.7578125 8.749555167743805 11.66607355699174
0 50.244140625 28.385416666666668 9.011732824849489 12.015643766465985
0 39.74609375 26.041666666666668 8.631674575031099 11.508899433374797
0 31.15234375 20.377604166666664 7.635495607419925 10.180660809893233
0 26.171875 17.122395833333336 6.9991119025755095 9.332149203434014
0 24.12109375 12.5 5.980199567341744 7.973599423122326
0 19.23828125 13.606770833333334 6.2393335877260965 8.319111450301463
0 16.015625 16.276041666666664 6.823937919616058 9.09858389282141
0 11.572265625 18.098958333333336 7.195938795502683 9.594585060670244
0 48.583984375 22.005208333333336 7.9345703125 10.579427083333332
0 42.626953125 20.052083333333336 7.574263699945591 10.099018266594122
0 38.0859375 18.424479166666664 7.2603620931215325 9.680482790828709
0 38.0859375 13.020833333333334 6.103515625 8.138020833333332
0 34.27734375 13.606770833333334 6.2393335877260965 8.319111450301463
0 63.18359375 10.3515625 5.442063751259463 7.256085001679284
0 61.42578125 15.559895833333334 6.672122530845778 8.896163374461038
0 60.44921875 21.484375 7.840107775064166 10.453477033418888
0 51.025390625 15.755208333333334 6.7138671875 8.951822916666668
0 44.970703125 13.932291666666666 6.313525654778199 8.418034206370931
0 33.447265625 15.559895833333334 6.672122530845778 8.896163374461038
0 46.6796875 14.453125 6.430452730012657 8.57393697335021
0 35.64453125 14.127604166666666 6.3576253222655215 8.476833763020695
0 29.150390625 12.5 5.980199567341744 7.973599423122326
0 73.193359375 30.143229166666668 9.286574740419274 12.382099653892366
0 73.73046875 25.130208333333332 8.479274895904423 11.305699861205897
0 72.119140625 19.7265625 7.512532730158185 10.01671030687758
0 67.08984375 20.833333333333336 7.720404443770458 10.293872591693944
0 67.67578125 14.908854166666666 6.531046923532928 8.708062564710572
0 71.142578125 16.796875 6.932261164306974 9.243014885742634
0 78.7109375 19.205729166666664 7.412693970636669 9.883591960848893
0 77.490234375 13.346354166666666 6.179338602086361 8.239118136115147
0 84.27734375 20.638020833333336 7.684129829110212 10.245506438813615
0 80.46875 23.111979166666664 8.131660519088275 10.842214025451032
0 82.763671875 29.557291666666668 9.195873518871684 12.261164691828911
0 85.498046875 37.890625 10.411817693623036 13.88242359149738
0 89.55078125 30.859375 9.396242870080965 12.52832382677462
0 93.017578125 29.036458333333332 9.114492506755418 12.15265667567389
0 98.291015625 27.083333333333332 8.802615418613255 11.736820558151006
0 89.16015625 27.34375 8.84483443981289 11.793112586417188
0 92.48046875 20.833333333333336 7.720404443770458 10.293872591693944
0 98.974609375 21.6796875 7.875664001809045 10.500885335745393
0 48.681640625 16.536458333333336 6.878312786611722 9.171083715482297
0 58.154296875 12.174479166666668 5.901818727360142 7.8690916364801895
0 21.142578125 13.346354166666666 6.179338602086361 8.239118136115147
0 7.51953125 17.903645833333336 7.157006469457137 9.542675292609516
0 2.05078125 16.796875 6.932261164306974 9.243014885742634
0 10.64453125 15.234375 6.60196156395994 8.802615418613254
0 0.439453125 15.950520833333334 6.755353888299149 9.0071385177322
0 96.630859375 26.3671875 8.685454999241765 11.580606665655687
0 92.48046875 16.796875 6.932261164306974 9.243014885742634
0 85.986328125 21.354166666666664 7.816313766397521 10.421751688530028
0 79.1015625 16.6015625 6.891839471823862 9.189119295765149
0 55.56640625 13.802083333333334 6.283953943473511 8.378605257964681
0 56.787109375 15.559895833333334 6.672122530845778 8.896163374461038
0 50.244140625 51.106770833333336 12.092048801366547 16.122731735155398
0 76.025390625 56.0546875 12.663875684354508 16.885167579139345
0 86.1328125 66.2109375 13.763393901098246 18.351191868130993
0 91.845703125 55.533854166666664 12.604905046425404 16.80654006190054
0 32.2265625 37.6953125 10.38494844187839 13.84659792250452
0 6.689453125 40.95052083333333 10.824064850444458 14.432086467259278
0 79.39453125 40.8203125 10.806842779312605 14.40912370575014
0 65.087890625 44.20572916666667 11.24604844524431 14.994731260325747
0 49.8046875 38.99739583333333 10.562785827561513 14.083714436748682
