0 2.783203125 15.885416666666666 6.741553355216833 8.988737806955777
0 4.833984375 30.859375 9.396242870080965 12.52832382677462
0 4.736328125 21.940104166666664 7.92282408798045 10.5637654506406
0 12.744140625 37.3046875 10.331000292853245 13.77466705713766
0 4.19921875 25.260416666666668 8.501213548086012 11.334951397448016
0 10.15625 27.994791666666668 8.94951068030712 11.932680907076158
0 21.97265625 48.50260416666667 11.779943277355214 15.706591036473618
0 0.732421875 58.658854166666664 12.95470292772896 17.272937236971945
0 2.05078125 69.85677083333334 14.13724953845272 18.849666051270294
0 7.421875 16.9921875 6.972448522214271 9.296598029619028
0 12.451171875 22.330729166666664 7.993042513249997 10.657390017666662
0 19.3359375 32.09635416666667 9.58271390875707 12.77695187834276
0 19.921875 17.96875 7.170007400189656 9.56000986691954
0 24.169921875 26.627604166666668 8.728240750778255 11.637654334371007
0 19.3359375 21.6796875 7.875664001809045 10.500885335745393
0 22.607421875 13.736979166666666 6.269115778861736 8.358821038482315
0 28.271484375 23.4375 8.188725503539269 10.918300671385692
0 24.365234375 15.755208333333334 6.7138671875 8.951822916666668
0 32.470703125 28.255208333333332 8.991039955234518 11.988053273646026
0 26.513671875 16.341145833333336 6.837572174807153 9.116762899742872
0 32.080078125 34.24479166666667 9.898238977189243 13.197651969585658
0 31.25 13.736979166666666 6.269115778861736 8.358821038482315
0 35.44921875 20.052083333333336 7.574263699945591 10.099018266594122
0 42.041015625 32.6171875 9.660151239834237 12.880201653112316
0 40.185546875 16.6015625 6.891839471823862 9.189119295765149
0 43.896484375 25.651041666666668 8.566692411876344 11.422256549168457
0 50.244140625 28.125 8.970299351012615 11.960399134683486
0 41.50390625 18.684895833333336 7.311492035346033 9.748656047128044
0 50.244140625 37.43489583333333 10.349014256477766 13.798685675303688
0 42.138671875 20.572916666666664 7.672000176987631 10.229333569316841
0 49.0234375 17.838541666666664 7.143981879101334 9.525309172135112
0 36.572265625 44.40104166666667 11.270865058971795 15.027820078629059
0 47.265625 22.4609375 8.016311973000304 10.688415964000404
0 52.197265625 49.34895833333333 11.882276815143912 15.843035753525218
0 36.572265625 63.997395833333336 13.531371629269632 18.041828839026174
0 31.15234375 20.963541666666664 7.7444931277157725 10.325990836954363
0 43.26171875 14.2578125 6.386855937639267 8.515807916852356
0 51.46484375 17.838541666666664 7.143981879101334 9.525309172135112
0 44.775390625 15.625 6.686066375795484 8.914755167727312
0 55.2734375 14.388020833333334 6.415953381844678 8.554604509126236
0 58.88671875 25.78125 8.588407763348565 11.451210351131419
0 56.93359375 16.341145833333336 6.837572174807153 9.116762899742872
0 61.03515625 31.966145833333332 9.56325660155786 12.751008802077147
0 57.6171875 19.075520833333336 7.3875234600282 9.850031280037602
0 64.404296875 42.51302083333333 11.02863220189981 14.704842935866417
0 59.47265625 21.2890625 7.804389558437758 10.405852744583676
0 66.064453125 60.872395833333336 13.196867865258577 17.59582382034477
0 63.0859375 17.578125 7.091644310682526 9.455525747576702
0 69.3359375 12.760416666666666 6.042172202521769 8.056229603362357
0 66.69921875 24.674479166666664 8.402038511923953 11.202718015898604
0 70.458984375 18.229166666666664 7.221777078979024 9.629036105305365
0 72.75390625 33.203125 9.746532850751532 12.995377134335376
0 67.919921875 21.419270833333336 7.828219811023351 10.437626414697803
0 74.365234375 28.385416666666668 9.011732824849489 12.015643766465985
0 71.728515625 22.786458333333336 8.074192233473482 10.765589644631309
0 77.34375 20.963541666666664 7.7444931277157725 10.325990836954363
0 80.029296875 39.90885416666667 10.685511108405517 14.24734814454069
0 77.880859375 16.080729166666664 6.782870718656271 9.043827624875028
0 80.6640625 24.8046875 8.424178309229896 11.23223774563986
0 77.685546875 54.557291666666664 12.49358489407881 16.658113192105077
0 80.76171875 17.708333333333336 7.117861199762329 9.490481599683106
0 72.314453125 71.54947916666666 14.307505090003714 19.076673453338287
0 82.177734375 23.307291666666664 8.165947363439729 10.88792981791964
0 86.42578125 43.29427083333333 11.129505937994672 14.839341250659563
0 84.86328125 20.3125 7.62328857226367 10.164384763018226
0 85.05859375 34.44010416666667 9.926425761285763 13.235234348381017
0 87.109375 21.6796875 7.875664001809045 10.500885335745393
0 85.693359375 66.47135416666666 13.790433993768314 18.387245325024416
0 89.990234375 20.182291666666664 7.598815672600545 10.13175423013406
0 94.23828125 54.427083333333336 12.478667175452193 16.638222900602926
0 93.408203125 17.838541666666664 7.143981879101334 9.525309172135112
0 90.8203125 34.83072916666667 9.982560567502519 13.310080756670025
0 94.53125 17.252604166666664 7.025674092542321 9.367565456723094
0 88.134765625 29.622395833333332 9.205995562132786 12.274660749510382
0 95.849609375 18.098958333333336 7.195938795502683 9.594585060670244
0 92.87109375 31.8359375 9.543759625922785 12.725012834563712
0 95.361328125 21.09375 7.768507117527988 10.358009490037318
0 89.794921875 26.171875 8.653226854710587 11.537635806280782
0 97.0703125 23.4375 8.188725503539269 10.918300671385692
0 90.8203125 24.544270833333336 8.379840220792225 11.173120294389632
0 98.33984375 42.3828125 11.01173007365034 14.682306764867118
0 92.7734375 23.177083333333336 8.143105507889608 10.857474010519478
0 98.73046875 30.2734375 9.306610523667546 12.408814031556727
0 61.42578125 34.70052083333333 9.963884104806219 13.28517880640829
0 99.560546875 27.864583333333332 8.928673607377803 11.904898143170405
0 4.443359375 18.815104166666664 7.336923388776433 9.782564518368577
0 38.134765625 15.625 6.686066375795484 8.914755167727312
0 8.0078125 19.7265625 7.512532730158185 10.01671030687758
0 83.544921875 15.234375 6.60196156395994 8.802615418613254
