0 54.39453125 50.716145833333336 12.045748508295013 16.06099801106002
0 37.939453125 58.268229166666664 12.911496460758165 17.21532861434422
0 21.826171875 50.716145833333336 12.045748508295013 16.06099801106002
0 11.279296875 37.43489583333333 10.349014256477766 13.798685675303688
0 3.369140625 29.427083333333332 9.175595934065496 12.234127912087327
0 7.373046875 35.7421875 10.11233003282525 13.483106710433667
0 4.1015625 71.875 14.340014800379311 19.12001973383908
0 44.921875 86.5234375 15.733580022766407 20.97810669702188
0 71.6796875 69.98697916666666 14.150418846886756 18.86722512918234
0 88.96484375 65.234375 13.661516897948847 18.215355863931794
0 89.6484375 86.19791666666666 15.70395548128492 20.938607308379893
0 74.267578125 51.497395833333336 12.138172486176355 16.184229981568475
0 61.1328125 39.51822916666667 10.633088006704314 14.177450675605751
0 66.11328125 43.61979166666667 11.171267833082963 14.895023777443953
0 80.517578125 36.97916666666667 10.285827359834423 13.714436479779232
0 88.330078125 37.17447916666667 10.31295486371814 13.75060648495752
0 94.62890625 42.31770833333333 11.00326927326657 14.671025697688759
0 99.21875 38.8671875 10.545137050275265 14.060182733700355
0 93.701171875 51.3671875 12.122817423120853 16.16375656416114
0 88.330078125 30.859375 9.396242870080965 12.52832382677462
0 99.365234375 29.8828125 9.24637292940864 12.32849723921152
0 91.796875 28.3203125 9.001392336274797 12.001856448366395
0 73.92578125 27.799479166666668 8.918236814088415 11.890982418784553
0 81.591796875 26.236979166666668 8.66398288975732 11.551977186343091
0 78.515625 22.4609375 8.016311973000304 10.688415964000404
0 62.890625 26.888020833333332 8.770817787597604 11.694423716796805
0 58.056640625 21.6796875 7.875664001809045 10.500885335745393
0 61.1328125 30.6640625 9.366460725843998 12.48861430112533
0 46.6796875 28.450520833333332 9.02206146184966 12.029415282466214
0 42.431640625 39.32291666666667 10.606779295033428 14.142372393377903
0 33.7890625 38.54166666666667 10.500885335745396 14.001180447660527
0 40.52734375 29.231770833333332 9.145095253766906 12.193460338355873
0 48.095703125 33.65885416666667 9.813192865486773 13.084257153982362
0 30.810546875 32.55208333333333 9.650505554713073 12.86734073961743
0 34.9609375 23.697916666666664 8.234092750996119 10.978790334661493
0 30.224609375 27.213541666666668 8.823750179932228 11.765000239909636
0 20.654296875 24.544270833333336 8.379840220792225 11.173120294389632
0 16.50390625 31.966145833333332 9.56325660155786 12.751008802077147
0 9.765625 26.432291666666668 8.696171172348027 11.594894896464037
0 2.880859375 22.005208333333336 7.9345703125 10.579427083333332
0 18.06640625 18.815104166666664 7.336923388776433 9.782564518368577
0 27.294921875 21.028645833333336 7.756509415978292 10.342012554637723
0 17.578125 27.799479166666668 8.918236814088415 11.890982418784553
0 13.330078125 21.6796875 7.875664001809045 10.500885335745393
0 38.525390625 17.903645833333336 7.157006469457137 9.542675292609516
0 48.828125 19.791666666666664 7.524919437217989 10.033225916290652
0 50.927734375 24.21875 8.324085508414218 11.098780677885625
0 63.8671875 19.3359375 7.437779301119349 9.917039068159132
0 70.849609375 20.572916666666664 7.672000176987631 10.229333569316841
0 78.90625 18.229166666666664 7.221777078979024 9.629036105305365
0 88.57421875 24.674479166666664 8.402038511923953 11.202718015898604
0 81.34765625 21.6796875 7.875664001809045 10.500885335745393
0 71.6796875 16.341145833333336 6.837572174807153 9.116762899742872
0 66.943359375 17.578125 7.091644310682526 9.455525747576702
0 85.05859375 21.028645833333336 7.756509415978292 10.342012554637723
0 68.603515625 19.3359375 7.437779301119349 9.917039068159132
0 87.646484375 19.3359375 7.437779301119349 9.917039068159132
0 77.83203125 14.127604166666666 6.3576253222655215 8.476833763020695
0 98.291015625 19.596354166666664 7.487697843252746 9.983597124336994
0 88.330078125 16.796875 6.932261164306974 9.243014885742634
0 96.38671875 19.921875 7.549631882844837 10.066175843793117
0 86.474609375 15.234375 6.60196156395994 8.802615418613254
0 93.896484375 20.1171875 7.586549618320344 10.115399491093791
0 83.0078125 16.471354166666664 6.864759447755123 9.15301259700683
0 91.796875 20.1171875 7.586549618320344 10.115399491093791
0 84.5703125 15.494791666666666 6.658149484030587 8.877532645374115
0 94.7265625 16.796875 6.932261164306974 9.243014885742634
0 79.833984375 15.690104166666666 6.699981201202437 8.933308268269917
0 57.91015625 17.903645833333336 7.157006469457137 9.542675292609516
0 81.005859375 18.033854166666664 7.182984799767957 9.577313066357275
0 75.09765625 13.606770833333334 6.2393335877260965 8.319111450301463
0 67.1875 13.606770833333334 6.2393335877260965 8.319111450301463
0 70.947265625 12.174479166666668 5.901818727360142 7.8690916364801895
0 60.546875 11.9140625 5.838356466585996 7.784475288781327
0 69.43359375 15.8203125 6.72772451325946 8.970299351012613
0 60.400390625 15.690104166666666 6.699981201202437 8.933308268269917
0 70.01953125 13.802083333333334 6.283953943473511 8.378605257964681
0 62.20703125 11.1328125 5.6436895779134915 7.524919437217989
0 68.798828125 12.044270833333332 5.870173358664351 7.826897811552468
0 55.322265625 14.583333333333334 6.459353786778786 8.612471715705048
0 65.0390625 12.174479166666668 5.901818727360142 7.8690916364801895
0 58.544921875 12.5 5.980199567341744 7.973599423122326
0 45.166015625 19.3359375 7.437779301119349 9.917039068159132
0 54.736328125 12.044270833333332 5.870173358664351 7.826897811552468
0 46.435546875 15.364583333333334 6.6301150458985685 8.840153394531425
0 50.48828125 15.0390625 6.559504779115197 8.746006372153596
0 30.46875 20.442708333333336 7.647683158045451 10.196910877393934
0 40.0390625 20.247395833333336 7.611061958825638 10.148082611767517
0 28.955078125 16.796875 6.932261164306974 9.243014885742634
0 41.845703125 16.927083333333336 6.959078522333606 9.278771363111476
0 27.294921875 15.8203125 6.72772451325946 8.970299351012613
0 43.84765625 14.127604166666666 6.3576253222655215 8.476833763020695
0 38.76953125 13.4765625 6.209408553886659 8.279211405182211
0 45.849609375 13.151041666666666 6.133957288281793 8.178609717709058
0 34.47265625 14.713541666666666 6.488126106405426 8.650834808540568
0 47.412109375 12.6953125 6.026738787271576 8.0356517163621
0 36.279296875 14.2578125 6.386855937639267 8.515807916852356
0 17.431640625 16.015625 6.7691262856502785 9.025501714200372
0 32.12890625 13.932291666666666 6.313525654778199 8.418034206370931
0 24.4140625 13.932291666666666 6.313525654778199 8.418034206370931
0 30.224609375 12.825520833333334 6.057566296777102 8.076755062369468
0 40.4296875 14.713541666666666 6.488126106405426 8.650834808540568
0 16.6015625 12.369791666666668 5.948971157720314 7.931961543627086
0 33.30078125 13.28125 6.16424861960576 8.218998159474348
0 17.919921875 13.151041666666666 6.133957288281793 8.178609717709058
0 28.3203125 13.151041666666666 6.133957288281793 8.178609717709058
0 12.01171875 16.341145833333336 6.837572174807153 9.116762899742872
0 26.904296875 12.5 5.980199567341744 7.973599423122326
0 9.86328125 18.033854166666664 7.182984799767957 9.577313066357275
0 21.826171875 14.2578125 6.386855937639267 8.515807916852356
0 6.787109375 20.1171875 7.586549618320344 10.115399491093791
0 42.28515625 13.28125 6.16424861960576 8.218998159474348
0 6.93359375 14.583333333333334 6.459353786778786 8.612471715705048
0 15.33203125 15.690104166666666 6.699981201202437 8.933308268269917
0 3.369140625 16.927083333333336 6.959078522333606 9.278771363111476
0 9.521484375 14.388020833333334 6.415953381844678 8.554604509126236
0 0.634765625 16.6015625 6.891839471823862 9.189119295765149
0 11.5234375 14.2578125 6.386855937639267 8.515807916852356
0 1.953125 15.690104166666666 6.699981201202437 8.933308268269917
0 1.220703125 15.364583333333334 6.6301150458985685 8.840153394531425
0 5.126953125 15.364583333333334 6.6301150458985685 8.840153394531425
0 61.71875 66.015625 13.743078917477664 18.32410522330355
0 58.154296875 49.73958333333333 11.929211600153849 15.905615466871797
0 49.755859375 48.6328125 11.795744683891412 15.727659578521882
0 51.904296875 36.97916666666667 10.285827359834423 13.714436479779232
0 65.72265625 34.765625 9.973226707988399 13.297635610651199
0 72.607421875 39.32291666666667 10.606779295033428 14.142372393377903
0 77.44140625 27.994791666666668 8.94951068030712 11.932680907076158
0 75.68359375 40.4296875 10.755011100284483 14.340014800379311
0 77.099609375 33.33333333333333 9.765625 13.020833333333334
0 94.287109375 30.859375 9.396242870080965 12.52832382677462
0 67.3828125 23.697916666666664 8.234092750996119 10.978790334661493
0 91.064453125 33.0078125 9.717824296930333 12.957099062573777
0 1.3671875 59.049479166666664 12.99776577090262 17.330354361203494
0 5.029296875 31.770833333333332 9.53399618640949 12.711994915212655
0 35.693359375 35.87239583333333 10.130732832457173 13.507643776609566
0 22.55859375 26.5625 8.717563999686098 11.62341866624813
0 29.638671875 24.0234375 8.290452702152177 11.053936936202902
0 41.943359375 24.544270833333336 8.379840220792225 11.173120294389632
0 19.7265625 21.223958333333336 7.792447103762027 10.389929471682702
0 5.859375 23.567708333333336 8.211440458419013 10.948587277892017
0 21.728515625 17.122395833333336 6.9991119025755095 9.332149203434014
0 8.59375 21.354166666666664 7.816313766397521 10.421751688530028
0 20.3125 17.903645833333336 7.157006469457137 9.542675292609516
0 12.255859375 19.3359375 7.437779301119349 9.917039068159132
0 33.056640625 20.442708333333336 7.647683158045451 10.196910877393934
0 42.529296875 19.596354166666664 7.487697843252746 9.983597124336994
0 37.353515625 16.015625 6.7691262856502785 9.025501714200372
0 41.50390625 21.028645833333336 7.756509415978292 10.342012554637723
0 59.375 24.674479166666664 8.402038511923953 11.202718015898604
0 53.662109375 18.033854166666664 7.182984799767957 9.577313066357275
0 48.583984375 16.796875 6.932261164306974 9.243014885742634
0 47.65625 21.549479166666664 7.85197774064246 10.469303654189947
0 73.095703125 22.916666666666664 8.097228492078614 10.796304656104818
0 83.3984375 23.893229166666664 8.267954824306681 11.023939765742242
0 89.55078125 20.247395833333336 7.611061958825638 10.148082611767517
0 86.71875 24.544270833333336 8.379840220792225 11.173120294389632
0 95.458984375 25.455729166666668 8.53401578009617 11.378687706794894
0 60.205078125 21.549479166666664 7.85197774064246 10.469303654189947
0 86.71875 21.549479166666664 7.85197774064246 10.469303654189947
0 50.732421875 16.927083333333336 6.959078522333606 9.278771363111476
0 61.71875 16.471354166666664 6.864759447755123 9.15301259700683
0 79.4921875 30.338541666666668 9.316612257369233 12.42214967649231
