0 96.337890625 47.52604166666667 11.660750228602783 15.547666971470377
0 99.755859375 57.682291666666664 12.846414294341546 17.128552392455397
0 81.005859375 55.6640625 12.619673540121662 16.826231386828884
0 83.203125 49.34895833333333 11.882276815143912 15.843035753525218
0 79.6875 39.77864583333333 10.668065364348472 14.224087152464628
0 87.939453125 41.015625 10.832665618468535 14.443554157958047
0 93.994140625 35.67708333333333 10.103116062772735 13.470821417030313
0 99.4140625 41.47135416666667 10.892680845687712 14.523574460916949
0 98.486328125 30.533854166666668 9.346553241646458 12.462070988861944
0 90.478515625 30.533854166666668 9.346553241646458 12.462070988861944
0 99.755859375 34.375 9.91703906815913 13.222718757545508
0 96.58203125 26.497395833333332 8.706874156303165 11.609165541737553
0 90.771484375 25.846354166666668 8.59924487524742 11.465659833663226
0 94.62890625 27.669270833333332 8.897326499702912 11.863101999603883
0 98.388671875 21.354166666666664 7.816313766397521 10.421751688530028
0 92.041015625 19.401041666666664 7.450290292806215 9.933720390408286
0 99.072265625 23.6328125 8.222774405094897 10.963699206793196
0 94.62890625 18.619791666666664 7.298743129334349 9.731657505779133
0 94.677734375 25.130208333333332 8.479274895904423 11.305699861205897
0 97.509765625 19.205729166666664 7.412693970636669 9.883591960848893
0 91.455078125 23.6328125 8.222774405094897 10.963699206793196
0 99.658203125 20.703125 7.6962403643301345 10.261653819106845
0 89.453125 18.1640625 7.208869513560617 9.611826018080823
0 95.1171875 20.768229166666664 7.708331872750909 10.277775830334546
0 89.6484375 20.703125 7.6962403643301345 10.261653819106845
0 86.1328125 16.927083333333336 6.959078522333606 9.278771363111476
0 88.720703125 22.0703125 7.946299173761924 10.595065565015899
0 84.912109375 17.708333333333336 7.117861199762329 9.490481599683106
0 88.18359375 26.953125 8.78142979122202 11.708573054962693
0 84.521484375 20.768229166666664 7.708331872750909 10.277775830334546
0 91.162109375 28.645833333333332 9.052976668817948 12.07063555842393
0 86.23046875 22.395833333333336 8.00468569861084 10.672914264814453
0 79.19921875 18.033854166666664 7.182984799767957 9.577313066357275
0 82.080078125 27.864583333333332 8.928673607377803 11.904898143170405
0 80.56640625 21.354166666666664 7.816313766397521 10.421751688530028
0 76.3671875 16.927083333333336 6.959078522333606 9.278771363111476
0 79.58984375 25.0 8.457279333832409 11.276372445109878
0 84.5703125 30.403645833333332 9.326603265341873 12.43547102045583
0 77.1484375 22.395833333333336 8.00468569861084 10.672914264814453
0 82.861328125 22.265625 7.981382342908947 10.641843123878598
0 73.095703125 20.442708333333336 7.647683158045451 10.196910877393934
0 67.7734375 15.625 6.686066375795484 8.914755167727312
0 56.494140625 14.192708333333334 6.372257390692475 8.496343187589966
0 66.162109375 16.796875 6.932261164306974 9.243014885742634
0 59.912109375 18.489583333333336 7.273178276253042 9.697571035004056
0 68.310546875 21.6796875 7.875664001809045 10.500885335745393
0 61.71875 17.708333333333336 7.117861199762329 9.490481599683106
0 64.599609375 21.809895833333336 7.8992792392241125 10.532372318965482
0 71.728515625 23.567708333333336 8.211440458419013 10.948587277892017
0 58.984375 19.401041666666664 7.450290292806215 9.933720390408286
0 71.484375 21.6796875 7.875664001809045 10.500885335745393
0 59.326171875 16.341145833333336 6.837572174807153 9.116762899742872
0 67.724609375 24.348958333333336 8.346432086900233 11.128576115866979
0 55.029296875 16.2109375 6.810276368536802 9.080368491382403
0 62.744140625 24.479166666666664 8.36871899463018 11.15829199284024
0 50.29296875 14.518229166666666 6.444919458600731 8.593225944800976
0 59.912109375 24.348958333333336 8.346432086900233 11.128576115866979
0 51.66015625 20.442708333333336 7.647683158045451 10.196910877393934
0 60.83984375 21.809895833333336 7.8992792392241125 10.532372318965482
0 55.615234375 18.880208333333336 7.349606066157407 9.799474754876544
0 42.7734375 14.388020833333334 6.415953381844678 8.554604509126236
0 52.197265625 17.513020833333336 7.0784994535786145 9.437999271438152
0 44.82421875 16.536458333333336 6.878312786611722 9.171083715482297
0 48.92578125 19.661458333333336 7.500125566067204 10.00016742142294
0 40.72265625 14.192708333333334 6.372257390692475 8.496343187589966
0 46.728515625 16.2109375 6.810276368536802 9.080368491382403
0 48.14453125 16.015625 6.7691262856502785 9.025501714200372
0 36.083984375 15.169270833333334 6.587839704871492 8.783786273161988
0 40.52734375 19.791666666666664 7.524919437217989 10.033225916290652
0 34.619140625 14.84375 6.516771394062079 8.689028525416106
0 39.697265625 14.973958333333334 6.545291317604741 8.727055090139656
0 32.91015625 14.973958333333334 6.545291317604741 8.727055090139656
0 27.001953125 15.885416666666666 6.741553355216833 8.988737806955777
0 31.4453125 14.6484375 6.473755931273323 8.631674575031097
0 22.216796875 15.104166666666666 6.573687508709111 8.764916678278816
0 29.98046875 15.559895833333334 6.672122530845778 8.896163374461038
0 20.068359375 15.885416666666666 6.741553355216833 8.988737806955777
0 28.564453125 15.299479166666666 6.61605328023645 8.821404373648601
0 16.9921875 16.536458333333336 6.878312786611722 9.171083715482297
0 9.27734375 18.880208333333336 7.349606066157407 9.799474754876544
0 3.515625 17.252604166666664 7.025674092542321 9.367565456723094
0 13.96484375 17.252604166666664 7.025674092542321 9.367565456723094
0 7.373046875 18.033854166666664 7.182984799767957 9.577313066357275
0 12.158203125 17.578125 7.091644310682526 9.455525747576702
0 5.6640625 25.130208333333332 8.479274895904423 11.305699861205897
0 3.076171875 20.247395833333336 7.611061958825638 10.148082611767517
0 7.8125 21.354166666666664 7.816313766397521 10.421751688530028
0 0.78125 23.046875 8.120199399200482 10.82693253226731
0 11.083984375 21.354166666666664 7.816313766397521 10.421751688530028
0 20.41015625 21.223958333333336 7.792447103762027 10.389929471682702
0 11.1328125 19.53125 7.475249459177179 9.966999278902906
0 17.333984375 18.9453125 7.3622668956389274 9.816355860851903
0 13.134765625 22.526041666666664 8.027921409891299 10.703895213188398
0 19.384765625 25.716145833333332 8.57755695956738 11.436742612756506
0 14.599609375 19.986979166666664 7.561957820656658 10.08261042754221
0 11.42578125 24.8046875 8.424178309229896 11.23223774563986
0 5.810546875 31.901041666666668 9.55351308746248 12.738017449949975
0 9.08203125 26.953125 8.78142979122202 11.708573054962693
0 11.572265625 31.184895833333332 9.445671106287941 12.594228141717254
0 16.650390625 33.13802083333333 9.736972737758677 12.982630317011571
0 3.271484375 45.1171875 11.361395549918386 15.148527399891181
0 2.1484375 56.640625 12.729891122201057 16.97318816293474
0 13.18359375 63.736979166666664 13.503812798973136 18.00508373196418
0 15.625 16.9921875 6.972448522214271 9.296598029619028
0 24.365234375 16.796875 6.932261164306974 9.243014885742634
0 14.208984375 28.190104166666668 8.980675640601907 11.974234187469209
0 25.439453125 15.4296875 6.644147051109997 8.858862734813329
0 20.849609375 39.0625 10.57159916729051 14.095465556387346
0 23.046875 17.578125 7.091644310682526 9.455525747576702
0 13.8671875 39.38802083333333 10.615556110184379 14.154074813579173
0 21.923828125 26.627604166666668 8.728240750778255 11.637654334371007
0 25.1953125 30.598958333333332 9.35651227829339 12.475349704391189
0 24.0234375 21.223958333333336 7.792447103762027 10.389929471682702
0 31.201171875 29.622395833333332 9.205995562132786 12.274660749510382
0 21.6796875 19.986979166666664 7.561957820656658 10.08261042754221
0 26.7578125 19.205729166666664 7.412693970636669 9.883591960848893
0 31.103515625 34.1796875 9.888825528576445 13.185100704768596
0 23.14453125 23.893229166666664 8.267954824306681 11.023939765742242
0 35.64453125 31.4453125 9.485028239697298 12.646704319596397
0 26.806640625 24.21875 8.324085508414218 11.098780677885625
0 40.869140625 31.901041666666668 9.55351308746248 12.738017449949975
0 28.466796875 19.53125 7.475249459177179 9.966999278902906
0 36.5234375 24.544270833333336 8.379840220792225 11.173120294389632
0 27.24609375 17.578125 7.091644310682526 9.455525747576702
0 40.380859375 24.674479166666664 8.402038511923953 11.202718015898604
0 30.419921875 20.8984375 7.732458166088822 10.309944221451763
0 43.359375 27.994791666666668 8.94951068030712 11.932680907076158
0 32.8125 17.513020833333336 7.0784994535786145 9.437999271438152
0 44.970703125 22.0703125 7.946299173761924 10.595065565015899
0 35.498046875 19.3359375 7.437779301119349 9.917039068159132
0 47.314453125 22.526041666666664 8.027921409891299 10.703895213188398
0 36.669921875 17.252604166666664 7.025674092542321 9.367565456723094
0 41.89453125 21.6796875 7.875664001809045 10.500885335745393
0 37.98828125 15.885416666666666 6.741553355216833 8.988737806955777
0 33.0078125 21.354166666666664 7.816313766397521 10.421751688530028
0 36.962890625 37.56510416666667 10.366996918617573 13.822662558156765
0 29.39453125 46.02864583333333 11.475583298927713 15.300777731903617
0 35.64453125 61.458333333333336 13.260230091797137 17.68030678906285
0 37.79296875 46.15885416666667 11.491803212745808 15.322404283661076
0 51.513671875 54.947916666666664 12.538231557723472 16.71764207696463
0 51.7578125 43.88020833333333 11.2045652775182 14.939420370024267
0 49.8046875 37.82552083333333 10.40286898746296 13.870491983283944
0 49.169921875 26.953125 8.78142979122202 11.708573054962693
0 55.46875 36.58854166666667 10.231356576074347 13.641808768099132
0 61.279296875 43.88020833333333 11.2045652775182 14.939420370024267
0 57.763671875 34.24479166666667 9.898238977189243 13.197651969585658
0 61.62109375 29.4921875 9.185740321833748 12.247653762444997
0 64.794921875 36.1328125 10.167438506443897 13.556584675258529
0 62.98828125 28.190104166666668 8.980675640601907 11.974234187469209
0 71.484375 40.69010416666667 10.789593218788873 14.386124291718497
0 72.8515625 31.640625 9.51443925056146 12.685919000748614
0 70.458984375 27.408854166666668 8.855357744474432 11.807143659299243
0 75.48828125 27.734375 8.907787792557633 11.877050390076842
0 81.494140625 31.966145833333332 9.56325660155786 12.751008802077147
0 87.060546875 33.91927083333333 9.851081781963485 13.134775709284646
0 92.3828125 45.1171875 11.361395549918386 15.148527399891181
