0 58.7890625 48.56770833333333 11.787846628312968 15.717128837750623
0 84.521484375 64.71354166666666 13.60687061133298 18.142494148443973
0 17.138671875 68.359375 13.984911178454102 18.646548237938802
0 42.333984375 81.8359375 15.301454024318451 20.401938699091268
0 37.158203125 60.3515625 13.140289393073113 17.520385857430817
0 6.298828125 57.8125 12.860905460025315 17.14787394670042
0 19.970703125 46.6796875 11.556455217749932 15.40860695699991
0 78.662109375 51.236979166666664 12.107442886277694 16.14325718170359
0 55.859375 39.19270833333333 10.589203840879804 14.118938454506406
0 66.064453125 38.671875 10.518608361580863 14.024811148774482
0 85.83984375 50.5859375 12.03027547877626 16.040367305035012
0 86.328125 42.90364583333333 11.079183874921476 14.772245166561968
0 95.1171875 62.369791666666664 13.358196184228083 17.810928245637445
0 47.705078125 38.0859375 10.438617783500408 13.918157044667211
0 40.52734375 34.63541666666667 9.954532733337459 13.272710311116612
0 34.326171875 39.32291666666667 10.606779295033428 14.142372393377903
0 25.48828125 37.56510416666667 10.366996918617573 13.822662558156765
0 14.306640625 37.890625 10.411817693623036 13.88242359149738
0 2.44140625 43.88020833333333 11.2045652775182 14.939420370024267
0 15.478515625 31.770833333333332 9.53399618640949 12.711994915212655
0 32.080078125 28.841145833333332 9.083786661460703 12.11171554861427
0 42.919921875 27.734375 8.907787792557633 11.877050390076842
0 50.537109375 31.966145833333332 9.56325660155786 12.751008802077147
0 61.1328125 28.645833333333332 9.052976668817948 12.07063555842393
0 70.99609375 28.190104166666668 8.980675640601907 11.974234187469209
0 86.9140625 35.41666666666667 10.066175843793117 13.421567791724156
0 78.3203125 34.44010416666667 9.926425761285763 13.235234348381017
0 74.31640625 22.8515625 8.085718566584333 10.780958088779109
0 91.50390625 21.940104166666664 7.92282408798045 10.5637654506406
0 85.15625 26.7578125 8.749555167743805 11.66607355699174
0 59.228515625 24.869791666666664 8.435226416678011 11.246968555570682
0 49.853515625 22.981770833333336 8.108722079825698 10.811629439767596
0 34.5703125 22.0703125 7.946299173761924 10.595065565015899
0 41.11328125 31.184895833333332 9.445671106287941 12.594228141717254
0 49.951171875 28.3203125 9.001392336274797 12.001856448366395
0 74.31640625 28.059895833333332 8.959911044862793 11.946548059817056
0 80.908203125 22.0703125 7.946299173761924 10.595065565015899
0 58.7890625 18.75 7.32421875 9.765625
0 40.91796875 20.182291666666664 7.598815672600545 10.13175423013406
0 34.5703125 19.53125 7.475249459177179 9.966999278902906
0 27.1484375 23.763020833333336 8.245395560367612 10.993860747156816
0 20.068359375 26.7578125 8.749555167743805 11.66607355699174
0 13.037109375 24.283854166666664 8.33526628646708 11.113688381956106
0 5.2734375 27.408854166666668 8.855357744474432 11.807143659299243
0 17.48046875 31.770833333333332 9.53399618640949 12.711994915212655
0 11.23046875 17.643229166666664 7.104764847914316 9.473019797219088
0 29.58984375 19.401041666666664 7.450290292806215 9.933720390408286
0 20.3125 18.75 7.32421875 9.765625
0 13.720703125 19.53125 7.475249459177179 9.966999278902906
0 62.20703125 36.5234375 10.22224989284926 13.629666523799013
0 78.173828125 26.432291666666668 8.696171172348027 11.594894896464037
0 90.185546875 31.966145833333332 9.56325660155786 12.751008802077147
0 5.029296875 20.182291666666664 7.598815672600545 10.13175423013406
0 25.830078125 16.080729166666664 6.782870718656271 9.043827624875028
0 39.013671875 16.276041666666664 6.823937919616058 9.09858389282141
0 45.1171875 15.0390625 6.559504779115197 8.746006372153596
0 34.5703125 12.825520833333334 6.057566296777102 8.076755062369468
0 27.490234375 12.630208333333334 6.011265748166568 8.015020997555423
0 8.056640625 17.3828125 7.052136235529384 9.40284831403918
0 16.552734375 18.619791666666664 7.298743129334349 9.731657505779133
0 51.46484375 17.1875 7.012405574387241 9.349874099182989
0 38.525390625 13.736979166666666 6.269115778861736 8.358821038482315
0 22.998046875 15.950520833333334 6.755353888299149 9.0071385177322
0 2.44140625 17.643229166666664 7.104764847914316 9.473019797219088
0 2.294921875 27.083333333333332 8.802615418613255 11.736820558151006
0 8.30078125 19.856770833333336 7.537285788103314 10.049714384137753
0 9.619140625 17.838541666666664 7.143981879101334 9.525309172135112
0 34.912109375 16.861979166666664 6.945682786096826 9.260910381462436
0 24.072265625 12.5 5.980199567341744 7.973599423122326
0 47.509765625 18.1640625 7.208869513560617 9.611826018080823
0 56.4453125 13.932291666666666 6.313525654778199 8.418034206370931
0 63.720703125 12.825520833333334 6.057566296777102 8.076755062369468
0 76.904296875 16.080729166666664 6.782870718656271 9.043827624875028
0 82.91015625 17.3828125 7.052136235529384 9.40284831403918
0 91.357421875 19.270833333333336 7.425247229367944 9.900329639157258
0 98.095703125 21.09375 7.768507117527988 10.358009490037318
0 94.53125 23.307291666666664 8.165947363439729 10.88792981791964
0 88.18359375 20.3125 7.62328857226367 10.164384763018226
0 81.494140625 23.177083333333336 8.143105507889608 10.857474010519478
0 76.416015625 20.833333333333336 7.720404443770458 10.293872591693944
0 97.265625 21.419270833333336 7.828219811023351 10.437626414697803
0 87.744140625 17.3828125 7.052136235529384 9.40284831403918
0 82.666015625 21.940104166666664 7.92282408798045 10.5637654506406
0 70.654296875 16.731770833333336 6.9188135063199665 9.225084675093289
0 62.79296875 18.1640625 7.208869513560617 9.611826018080823
0 57.373046875 17.057291666666664 6.985792933508055 9.31439057801074
0 50.537109375 20.963541666666664 7.7444931277157725 10.325990836954363
0 42.919921875 17.838541666666664 7.143981879101334 9.525309172135112
0 48.681640625 13.411458333333334 6.194391824397107 8.259189099196142
0 60.205078125 17.057291666666664 6.985792933508055 9.31439057801074
0 67.724609375 15.950520833333334 6.755353888299149 9.0071385177322
0 82.177734375 19.7265625 7.512532730158185 10.01671030687758
0 84.66796875 23.6328125 8.222774405094897 10.963699206793196
0 75.9765625 13.736979166666666 6.269115778861736 8.358821038482315
0 69.482421875 14.713541666666666 6.488126106405426 8.650834808540568
0 81.93359375 16.731770833333336 6.9188135063199665 9.225084675093289
0 31.25 14.518229166666666 6.444919458600731 8.593225944800976
0 24.560546875 18.9453125 7.3622668956389274 9.816355860851903
0 4.296875 15.0390625 6.559504779115197 8.746006372153596
0 36.669921875 19.270833333333336 7.425247229367944 9.900329639157258
0 42.431640625 14.713541666666666 6.488126106405426 8.650834808540568
0 46.533203125 20.5078125 7.659851317145468 10.21313508952729
0 44.091796875 26.302083333333332 8.674725588105405 11.56630078414054
0 26.171875 21.09375 7.768507117527988 10.358009490037318
0 18.896484375 23.6328125 8.222774405094897 10.963699206793196
0 38.525390625 24.088541666666664 8.301678777304348 11.068905036405797
0 55.37109375 21.614583333333336 7.863829789260941 10.485106385681254
0 72.314453125 45.57291666666667 11.418632161785709 15.224842882380946
0 59.130859375 39.6484375 10.650591044076627 14.200788058768838
0 90.91796875 24.283854166666664 8.33526628646708 11.113688381956106
0 83.59375 14.713541666666666 6.488126106405426 8.650834808540568
0 72.412109375 18.294270833333336 7.234661615679748 9.646215487572997
0 66.064453125 22.526041666666664 8.027921409891299 10.703895213188398
0 99.609375 28.190104166666668 8.980675640601907 11.974234187469209
0 85.7421875 29.296875 9.1552734375 12.20703125
0 48.291015625 18.294270833333336 7.234661615679748 9.646215487572997
0 15.380859375 15.625 6.686066375795484 8.914755167727312
0 55.859375 17.3828125 7.052136235529384 9.40284831403918
0 66.9921875 17.96875 7.170007400189656 9.56000986691954
0 88.76953125 14.84375 6.516771394062079 8.689028525416106
0 84.1796875 20.5078125 7.659851317145468 10.21313508952729
0 75.146484375 17.3828125 7.052136235529384 9.40284831403918
0 61.962890625 15.950520833333334 6.755353888299149 9.0071385177322
0 53.955078125 13.932291666666666 6.313525654778199 8.418034206370931
0 40.771484375 11.848958333333332 5.8223828211483495 7.763177094864466
0 19.140625 16.6015625 6.891839471823862 9.189119295765149
0 11.865234375 15.625 6.686066375795484 8.914755167727312
0 33.837890625 23.763020833333336 8.245395560367612 10.993860747156816
0 64.0625 18.619791666666664 7.298743129334349 9.731657505779133
0 50.29296875 14.518229166666666 6.444919458600731 8.593225944800976
0 13.232421875 28.971354166666668 9.104268731797058 12.139024975729411
0 72.802734375 14.84375 6.516771394062079 8.689028525416106
0 58.447265625 14.388020833333334 6.415953381844678 8.554604509126236
0 35.83984375 15.169270833333334 6.587839704871492 8.783786273161988
0 56.201171875 10.15625 5.390479044389554 7.187305392519407
0 29.345703125 15.169270833333334 6.587839704871492 8.783786273161988
0 40.673828125 14.713541666666666 6.488126106405426 8.650834808540568
0 32.421875 19.7265625 7.512532730158185 10.01671030687758
0 91.69921875 28.971354166666668 9.104268731797058 12.139024975729411
