0 84.1796875 64.0625 13.538252571300557 18.051003428400744
0 69.580078125 56.119791666666664 12.67122771730145 16.894970289735266
0 41.064453125 55.338541666666664 12.582719804741396 16.776959739655194
0 43.65234375 81.51041666666666 15.27099121483985 20.361321619786466
0 46.142578125 52.473958333333336 12.25272210686324 16.336962809150986
0 50.341796875 38.73697916666667 10.527458685705774 14.036611580941033
0 44.140625 35.546875 10.084662867345157 13.44621715646021
0 43.798828125 25.390625 8.523095729839442 11.364127639785922
0 22.412109375 29.036458333333332 9.114492506755418 12.15265667567389
0 7.763671875 35.22135416666667 10.038381471800859 13.384508629067811
0 13.96484375 22.8515625 8.085718566584333 10.780958088779109
0 4.78515625 21.09375 7.768507117527988 10.358009490037318
0 61.962890625 24.479166666666664 8.36871899463018 11.15829199284024
0 85.25390625 30.924479166666668 9.406149296522488 12.541532395363317
0 99.072265625 31.901041666666668 9.55351308746248 12.738017449949975
0 93.359375 24.609375 8.39094670707246 11.187928942763282
0 83.59375 20.638020833333336 7.684129829110212 10.245506438813615
0 60.888671875 18.098958333333336 7.195938795502683 9.594585060670244
0 70.166015625 18.880208333333336 7.349606066157407 9.799474754876544
0 55.17578125 13.997395833333334 6.328259690346595 8.437679587128793
0 15.283203125 18.5546875 7.28597191547444 9.714629220632586
0 23.486328125 17.643229166666664 7.104764847914316 9.473019797219088
0 84.326171875 17.643229166666664 7.104764847914316 9.473019797219088
0 78.125 20.5078125 7.659851317145468 10.21313508952729
0 89.794921875 22.721354166666664 8.062649422377262 10.75019922983635
0 7.177734375 19.205729166666664 7.412693970636669 9.883591960848893
0 16.943359375 16.861979166666664 6.945682786096826 9.260910381462436
0 32.275390625 16.015625 6.7691262856502785 9.025501714200372
0 40.478515625 15.755208333333334 6.7138671875 8.951822916666668
0 76.953125 16.2109375 6.810276368536802 9.080368491382403
0 70.3125 29.231770833333332 9.145095253766906 12.193460338355873
0 62.451171875 18.098958333333336 7.195938795502683 9.594585060670244
0 44.7265625 15.559895833333334 6.672122530845778 8.896163374461038
0 95.1171875 29.361979166666668 9.16544031840894 12.220587091211922
0 81.689453125 18.880208333333336 7.349606066157407 9.799474754876544
0 68.65234375 16.015625 6.7691262856502785 9.025501714200372
0 42.724609375 16.341145833333336 6.837572174807153 9.116762899742872
0 35.107421875 16.2109375 6.810276368536802 9.080368491382403
0 2.5390625 19.205729166666664 7.412693970636669 9.883591960848893
0 57.32421875 15.559895833333334 6.672122530845778 8.896163374461038
0 93.84765625 20.3125 7.62328857226367 10.164384763018226
0 72.65625 17.643229166666664 7.104764847914316 9.473019797219088
0 85.986328125 25.065104166666668 8.468284256293707 11.291045675058275
0 5.859375 16.9921875 6.972448522214271 9.296598029619028
