0 97.265625 67.12239583333334 13.857803393240637 18.477071190987516
0 95.361328125 57.552083333333336 12.831906763689355 17.10920901825247
0 71.58203125 61.328125 13.246175789923525 17.661567719898034
0 43.84765625 80.79427083333334 15.203758187354921 20.271677583139894
0 46.58203125 68.359375 13.984911178454102 18.646548237938802
0 5.95703125 73.2421875 14.475758332069608 19.301011109426145
0 24.658203125 57.356770833333336 12.810114661752536 17.080152882336716
0 47.94921875 58.59375 12.947511862546646 17.263349150062194
0 61.572265625 54.817708333333336 12.523367021901361 16.69782269586848
0 76.953125 51.302083333333336 12.115132593554204 16.153510124738936
0 96.240234375 39.2578125 10.597995211294762 14.130660281726351
0 90.33203125 44.27083333333333 11.254326730093856 15.005768973458474
0 69.677734375 40.95052083333333 10.824064850444458 14.432086467259278
0 91.455078125 37.76041666666667 10.393912576859377 13.85855010247917
0 73.291015625 36.06770833333333 10.158274522151634 13.544366029535512
0 60.7421875 42.90364583333333 11.079183874921476 14.772245166561968
0 56.54296875 36.65364583333333 10.240455160865794 13.653940214487726
0 40.869140625 46.74479166666667 11.564511304624277 15.419348406165703
0 59.86328125 33.203125 9.746532850751532 12.995377134335376
0 40.4296875 35.7421875 10.11233003282525 13.483106710433667
0 22.412109375 35.9375 10.139921707663666 13.51989561021822
0 9.1796875 39.2578125 10.597995211294762 14.130660281726351
0 7.421875 29.361979166666668 9.16544031840894 12.220587091211922
0 12.939453125 32.421875 9.631185203893738 12.84158027185832
0 20.458984375 28.776041666666668 9.073528288158268 12.098037717544358
0 3.80859375 24.479166666666664 8.36871899463018 11.15829199284024
0 13.28125 21.484375 7.840107775064166 10.453477033418888
0 5.37109375 19.205729166666664 7.412693970636669 9.883591960848893
0 16.2109375 15.364583333333334 6.6301150458985685 8.840153394531425
0 7.763671875 19.791666666666664 7.524919437217989 10.033225916290652
0 19.091796875 22.8515625 8.085718566584333 10.780958088779109
0 30.615234375 28.645833333333332 9.052976668817948 12.07063555842393
0 26.07421875 24.674479166666664 8.402038511923953 11.202718015898604
0 33.69140625 19.791666666666664 7.524919437217989 10.033225916290652
0 42.96875 24.8046875 8.424178309229896 11.23223774563986
0 43.65234375 31.510416666666668 9.494842032534208 12.659789376712277
0 50.146484375 29.361979166666668 9.16544031840894 12.220587091211922
0 57.763671875 25.260416666666668 8.501213548086012 11.334951397448016
0 66.015625 29.361979166666668 9.16544031840894 12.220587091211922
0 74.8046875 30.143229166666668 9.286574740419274 12.382099653892366
0 86.328125 32.55208333333333 9.650505554713073 12.86734073961743
0 91.2109375 28.3203125 9.001392336274797 12.001856448366395
0 99.12109375 32.09635416666667 9.58271390875707 12.77695187834276
0 91.015625 32.74739583333333 9.679413773897526 12.905885031863368
0 78.662109375 26.627604166666668 8.728240750778255 11.637654334371007
0 86.083984375 27.083333333333332 8.802615418613255 11.736820558151006
0 96.142578125 30.46875 9.336583582018038 12.448778109357384
0 66.015625 20.703125 7.6962403643301345 10.261653819106845
0 58.447265625 21.940104166666664 7.92282408798045 10.5637654506406
0 46.923828125 22.526041666666664 8.027921409891299 10.703895213188398
0 40.673828125 21.484375 7.840107775064166 10.453477033418888
0 32.32421875 22.65625 8.051090062422436 10.734786749896582
0 24.31640625 19.205729166666664 7.412693970636669 9.883591960848893
0 10.546875 18.294270833333336 7.234661615679748 9.646215487572997
0 23.193359375 15.690104166666666 6.699981201202437 8.933308268269917
0 28.564453125 20.572916666666664 7.672000176987631 10.229333569316841
0 36.083984375 17.513020833333336 7.0784994535786145 9.437999271438152
0 44.53125 17.96875 7.170007400189656 9.56000986691954
0 53.125 14.778645833333334 6.502464524127966 8.669952698837287
0 59.9609375 17.3828125 7.052136235529384 9.40284831403918
0 51.416015625 18.5546875 7.28597191547444 9.714629220632586
0 70.361328125 23.763020833333336 8.245395560367612 10.993860747156816
0 48.4375 20.833333333333336 7.720404443770458 10.293872591693944
0 39.16015625 18.75 7.32421875 9.765625
0 27.63671875 17.513020833333336 7.0784994535786145 9.437999271438152
0 56.201171875 19.791666666666664 7.524919437217989 10.033225916290652
0 70.1171875 19.661458333333336 7.500125566067204 10.00016742142294
0 64.16015625 17.643229166666664 7.104764847914316 9.473019797219088
0 72.0703125 20.377604166666664 7.635495607419925 10.180660809893233
0 80.95703125 23.307291666666664 8.165947363439729 10.88792981791964
0 75.48828125 22.200520833333336 7.969705113037473 10.626273484049964
0 61.767578125 14.322916666666666 6.401421192444773 8.53522825659303
0 80.712890625 19.205729166666664 7.412693970636669 9.883591960848893
0 92.138671875 25.130208333333332 8.479274895904423 11.305699861205897
0 87.01171875 22.0703125 7.946299173761924 10.595065565015899
0 76.611328125 17.643229166666664 7.104764847914316 9.473019797219088
0 90.52734375 22.0703125 7.946299173761924 10.595065565015899
0 89.0625 30.2734375 9.306610523667546 12.408814031556727
0 97.94921875 25.130208333333332 8.479274895904423 11.305699861205897
0 83.59375 24.0234375 8.290452702152177 11.053936936202902
0 41.015625 17.1875 7.012405574387241 9.349874099182989
0 31.396484375 17.3828125 7.052136235529384 9.40284831403918
0 18.505859375 18.424479166666664 7.2603620931215325 9.680482790828709
0 93.505859375 21.484375 7.840107775064166 10.453477033418888
0 85.400390625 19.921875 7.549631882844837 10.066175843793117
0 73.4375 16.731770833333336 6.9188135063199665 9.225084675093289
