0 3.564453125 24.348958333333336 8.346432086900233 11.128576115866979
0 0.732421875 17.122395833333336 6.9991119025755095 9.332149203434014
0 7.421875 19.856770833333336 7.537285788103314 10.049714384137753
0 28.22265625 16.080729166666664 6.782870718656271 9.043827624875028
0 11.81640625 17.838541666666664 7.143981879101334 9.525309172135112
0 5.224609375 18.489583333333336 7.273178276253042 9.697571035004056
0 35.302734375 16.471354166666664 6.864759447755123 9.15301259700683
0 37.890625 15.755208333333334 6.7138671875 8.951822916666668
0 46.044921875 15.0390625 6.559504779115197 8.746006372153596
0 63.96484375 16.276041666666664 6.823937919616058 9.09858389282141
0 74.951171875 24.0234375 8.290452702152177 11.053936936202902
0 85.9375 27.604166666666668 8.886852892188134 11.849137189584178
0 76.220703125 18.880208333333336 7.349606066157407 9.799474754876544
0 83.59375 21.419270833333336 7.828219811023351 10.437626414697803
0 77.392578125 16.6015625 6.891839471823862 9.189119295765149
0 86.71875 17.838541666666664 7.143981879101334 9.525309172135112
0 79.736328125 16.6015625 6.891839471823862 9.189119295765149
0 86.572265625 21.940104166666664 7.92282408798045 10.5637654506406
0 78.41796875 18.489583333333336 7.273178276253042 9.697571035004056
0 92.3828125 26.106770833333332 8.642457433170346 11.52327657756046
0 80.517578125 20.377604166666664 7.635495607419925 10.180660809893233
0 88.8671875 19.53125 7.475249459177179 9.966999278902906
0 98.828125 20.377604166666664 7.635495607419925 10.180660809893233
0 92.7734375 19.53125 7.475249459177179 9.966999278902906
0 84.375 17.643229166666664 7.104764847914316 9.473019797219088
0 83.349609375 16.927083333333336 6.959078522333606 9.278771363111476
0 82.03125 18.359375 7.247523246483103 9.663364328644137
0 42.919921875 16.080729166666664 6.782870718656271 9.043827624875028
0 60.64453125 15.0390625 6.559504779115197 8.746006372153596
