0 24.31640625 60.807291666666664 13.18980882871967 17.586411771626228
0 22.65625 58.138020833333336 12.897062139352686 17.196082852470248
0 38.232421875 47.91666666666667 11.708573054962693 15.611430739950258
0 88.28125 45.3125 11.385960758165057 15.181281010886744
0 43.505859375 33.203125 9.746532850751532 12.995377134335376
0 88.818359375 34.04947916666667 9.869971697263324 13.159962263017766
0 74.072265625 32.09635416666667 9.58271390875707 12.77695187834276
0 50.390625 19.791666666666664 7.524919437217989 10.033225916290652
0 54.736328125 21.354166666666664 7.816313766397521 10.421751688530028
0 87.6953125 43.09895833333333 11.10437341226822 14.805831216357626
0 2.05078125 33.13802083333333 9.736972737758677 12.982630317011571
0 4.736328125 24.739583333333336 8.413115693414442 11.217487591219255
0 7.6171875 29.622395833333332 9.205995562132786 12.274660749510382
0 9.521484375 34.63541666666667 9.954532733337459 13.272710311116612
0 14.599609375 23.763020833333336 8.245395560367612 10.993860747156816
0 11.42578125 20.182291666666664 7.598815672600545 10.13175423013406
0 19.921875 28.125 8.970299351012615 11.960399134683486
0 18.994140625 21.354166666666664 7.816313766397521 10.421751688530028
0 5.37109375 17.057291666666664 6.985792933508055 9.31439057801074
0 10.693359375 15.364583333333334 6.6301150458985685 8.840153394531425
0 2.978515625 18.880208333333336 7.349606066157407 9.799474754876544
0 9.27734375 17.252604166666664 7.025674092542321 9.367565456723094
0 0.439453125 20.182291666666664 7.598815672600545 10.13175423013406
0 6.884765625 18.684895833333336 7.311492035346033 9.748656047128044
0 13.134765625 16.276041666666664 6.823937919616058 9.09858389282141
0 4.296875 21.354166666666664 7.816313766397521 10.421751688530028
0 15.4296875 16.796875 6.932261164306974 9.243014885742634
0 6.982421875 21.028645833333336 7.756509415978292 10.342012554637723
0 18.212890625 18.033854166666664 7.182984799767957 9.577313066357275
0 25.9765625 24.283854166666664 8.33526628646708 11.113688381956106
0 17.138671875 13.541666666666666 6.224389054678692 8.299185406238257
0 20.21484375 18.1640625 7.208869513560617 9.611826018080823
0 25.048828125 17.96875 7.170007400189656 9.56000986691954
0 30.2734375 17.317708333333336 7.038917599286375 9.385223465715166
0 22.36328125 18.359375 7.247523246483103 9.663364328644137
0 29.736328125 21.549479166666664 7.85197774064246 10.469303654189947
0 31.689453125 15.8203125 6.72772451325946 8.970299351012613
0 35.44921875 18.1640625 7.208869513560617 9.611826018080823
0 39.892578125 19.205729166666664 7.412693970636669 9.883591960848893
0 27.197265625 16.927083333333336 6.959078522333606 9.278771363111476
0 38.671875 25.130208333333332 8.479274895904423 11.305699861205897
0 25.5859375 16.2109375 6.810276368536802 9.080368491382403
0 37.060546875 16.536458333333336 6.878312786611722 9.171083715482297
0 20.8984375 15.559895833333334 6.672122530845778 8.896163374461038
0 28.466796875 16.015625 6.7691262856502785 9.025501714200372
0 24.365234375 38.99739583333333 10.562785827561513 14.083714436748682
0 3.22265625 56.315104166666664 12.693258266043348 16.924344354724465
0 3.90625 69.53125 14.104272471058769 18.80569662807836
0 26.611328125 55.46875 12.597514306976498 16.796685742635333
0 34.912109375 64.38802083333334 13.572604954795583 18.09680660639411
0 41.162109375 78.64583333333334 15.000251132134409 20.00033484284588
0 44.23828125 57.747395833333336 12.853661919343681 17.13821589245824
0 49.365234375 67.578125 13.904767761101706 18.539690348135608
0 61.23046875 54.947916666666664 12.538231557723472 16.71764207696463
0 59.9609375 43.1640625 11.112757236348344 14.817009648464458
0 77.978515625 64.51822916666666 13.586321587861368 18.115095450481824
0 78.515625 49.86979166666667 11.944815546130936 15.92642072817458
0 93.896484375 55.598958333333336 12.612291454938857 16.816388606585143
0 98.4375 63.997395833333336 13.531371629269632 18.041828839026174
0 92.431640625 43.61979166666667 11.171267833082963 14.895023777443953
0 95.21484375 38.671875 10.518608361580863 14.024811148774482
0 98.14453125 31.510416666666668 9.494842032534208 12.659789376712277
0 90.234375 32.2265625 9.60213178866716 12.802842384889546
0 84.619140625 34.9609375 10.001202153426476 13.334936204568635
0 82.763671875 40.49479166666667 10.763667046233154 14.351556061644205
0 69.287109375 38.15104166666667 10.447535869521296 13.930047826028394
0 73.974609375 35.48177083333333 10.075423595714831 13.433898127619774
0 76.07421875 28.515625 9.03237828793258 12.043171050576774
0 51.3671875 30.859375 9.396242870080965 12.52832382677462
0 39.84375 27.083333333333332 8.802615418613255 11.736820558151006
0 40.0390625 36.00260416666667 10.149102263376399 13.53213635116853
0 40.13671875 42.44791666666667 11.020184378215204 14.693579170953605
0 39.16015625 15.494791666666666 6.658149484030587 8.877532645374115
0 40.234375 16.40625 6.8511792970714245 9.134905729428567
0 41.357421875 16.796875 6.932261164306974 9.243014885742634
0 43.65234375 15.690104166666666 6.699981201202437 8.933308268269917
0 45.458984375 15.8203125 6.72772451325946 8.970299351012613
0 46.58203125 17.252604166666664 7.025674092542321 9.367565456723094
0 53.515625 11.002604166666668 5.610588473770214 7.480784631693618
0 50.9765625 17.122395833333336 6.9991119025755095 9.332149203434014
0 53.22265625 15.690104166666666 6.699981201202437 8.933308268269917
0 54.19921875 18.489583333333336 7.273178276253042 9.697571035004056
0 56.34765625 15.169270833333334 6.587839704871492 8.783786273161988
0 59.130859375 15.299479166666666 6.61605328023645 8.821404373648601
0 57.6171875 35.61197916666667 10.093893681970965 13.458524909294619
0 60.888671875 32.74739583333333 9.679413773897526 12.905885031863368
0 61.376953125 16.015625 6.7691262856502785 9.025501714200372
0 59.375 22.786458333333336 8.074192233473482 10.765589644631309
0 67.822265625 18.5546875 7.28597191547444 9.714629220632586
0 56.005859375 20.182291666666664 7.598815672600545 10.13175423013406
0 66.748046875 24.283854166666664 8.33526628646708 11.113688381956106
0 58.154296875 21.354166666666664 7.816313766397521 10.421751688530028
0 63.916015625 28.645833333333332 9.052976668817948 12.07063555842393
0 69.580078125 23.697916666666664 8.234092750996119 10.978790334661493
0 64.501953125 20.5078125 7.659851317145468 10.21313508952729
0 70.849609375 19.986979166666664 7.561957820656658 10.08261042754221
0 79.98046875 33.46354166666667 9.784679896167846 13.046239861557126
0 86.81640625 28.385416666666668 9.011732824849489 12.015643766465985
0 89.697265625 27.799479166666668 8.918236814088415 11.890982418784553
0 98.4375 24.739583333333336 8.413115693414442 11.217487591219255
0 94.140625 26.692708333333332 8.738904457566134 11.651872610088178
0 89.0625 25.325520833333332 8.512161670520847 11.349548894027794
0 66.748046875 15.885416666666666 6.741553355216833 8.988737806955777
0 74.21875 18.5546875 7.28597191547444 9.714629220632586
0 79.052734375 16.731770833333336 6.9188135063199665 9.225084675093289
0 75.5859375 17.122395833333336 6.9991119025755095 9.332149203434014
0 84.9609375 18.1640625 7.208869513560617 9.611826018080823
0 89.892578125 19.921875 7.549631882844837 10.066175843793117
0 84.619140625 20.703125 7.6962403643301345 10.261653819106845
0 81.0546875 18.229166666666664 7.221777078979024 9.629036105305365
0 88.037109375 22.0703125 7.946299173761924 10.595065565015899
0 93.896484375 21.549479166666664 7.85197774064246 10.469303654189947
0 96.2890625 22.4609375 8.016311973000304 10.688415964000404
0 92.7734375 22.981770833333336 8.108722079825698 10.811629439767596
0 97.36328125 28.3203125 9.001392336274797 12.001856448366395
0 84.27734375 23.567708333333336 8.211440458419013 10.948587277892017
0 80.517578125 23.177083333333336 8.143105507889608 10.857474010519478
0 76.123046875 23.046875 8.120199399200482 10.82693253226731
0 77.294921875 19.596354166666664 7.487697843252746 9.983597124336994
0 79.541015625 26.5625 8.717563999686098 11.62341866624813
