0 98.876953125 30.729166666666668 9.376398618003673 12.501864824004896
0 91.455078125 34.63541666666667 9.954532733337459 13.272710311116612
0 74.853515625 32.03125 9.572990198582838 12.763986931443785
0 69.7265625 36.5234375 10.22224989284926 13.629666523799013
0 60.546875 32.87760416666667 9.698638050580264 12.931517400773687
0 58.69140625 21.419270833333336 7.828219811023351 10.437626414697803
0 64.84375 21.549479166666664 7.85197774064246 10.469303654189947
0 57.275390625 28.971354166666668 9.104268731797058 12.139024975729411
0 48.33984375 20.1171875 7.586549618320344 10.115399491093791
0 31.103515625 20.833333333333336 7.720404443770458 10.293872591693944
0 46.044921875 15.559895833333334 6.672122530845778 8.896163374461038
0 55.126953125 14.84375 6.516771394062079 8.689028525416106
0 66.455078125 17.1875 7.012405574387241 9.349874099182989
0 79.1015625 24.609375 8.39094670707246 11.187928942763282
0 91.015625 26.041666666666668 8.631674575031099 11.508899433374797
0 81.8359375 19.205729166666664 7.412693970636669 9.883591960848893
0 73.876953125 14.583333333333334 6.459353786778786 8.612471715705048
0 62.20703125 15.169270833333334 6.587839704871492 8.783786273161988
0 47.265625 16.6015625 6.891839471823862 9.189119295765149
0 35.009765625 18.1640625 7.208869513560617 9.611826018080823
0 42.431640625 16.276041666666664 6.823937919616058 9.09858389282141
0 52.587890625 12.825520833333334 6.057566296777102 8.076755062369468
0 59.66796875 14.84375 6.516771394062079 8.689028525416106
0 39.697265625 16.471354166666664 6.864759447755123 9.15301259700683
0 57.51953125 15.169270833333334 6.587839704871492 8.783786273161988
0 68.5546875 15.559895833333334 6.672122530845778 8.896163374461038
0 73.33984375 19.075520833333336 7.3875234600282 9.850031280037602
0 66.69921875 15.559895833333334 6.672122530845778 8.896163374461038
0 37.20703125 15.885416666666666 6.741553355216833 8.988737806955777
0 31.8359375 16.731770833333336 6.9188135063199665 9.225084675093289
0 23.095703125 17.057291666666664 6.985792933508055 9.31439057801074
0 16.357421875 22.005208333333336 7.9345703125 10.579427083333332
0 2.05078125 22.591145833333336 8.039514082226251 10.719352109635
0 9.47265625 20.963541666666664 7.7444931277157725 10.325990836954363
0 19.189453125 16.861979166666664 6.945682786096826 9.260910381462436
0 29.6875 16.731770833333336 6.9188135063199665 9.225084675093289
0 12.841796875 18.619791666666664 7.298743129334349 9.731657505779133
0 6.8359375 19.205729166666664 7.412693970636669 9.883591960848893
0 16.69921875 18.033854166666664 7.182984799767957 9.577313066357275
0 25.29296875 16.276041666666664 6.823937919616058 9.09858389282141
0 34.033203125 15.299479166666666 6.61605328023645 8.821404373648601
0 2.24609375 18.033854166666664 7.182984799767957 9.577313066357275
0 30.322265625 14.84375 6.516771394062079 8.689028525416106
0 0.537109375 20.5078125 7.659851317145468 10.21313508952729
0 6.982421875 17.1875 7.012405574387241 9.349874099182989
0 76.806640625 17.057291666666664 6.985792933508055 9.31439057801074
0 88.0859375 20.833333333333336 7.720404443770458 10.293872591693944
0 79.1015625 17.057291666666664 6.985792933508055 9.31439057801074
0 86.1328125 18.619791666666664 7.298743129334349 9.731657505779133
0 93.994140625 23.4375 8.188725503539269 10.918300671385692
0 83.837890625 17.447916666666664 7.065330140863174 9.420440187817565
0 91.357421875 19.075520833333336 7.3875234600282 9.850031280037602
0 99.31640625 24.0234375 8.290452702152177 11.053936936202902
0 94.189453125 20.247395833333336 7.611061958825638 10.148082611767517
0 85.791015625 16.276041666666664 6.823937919616058 9.09858389282141
0 98.974609375 19.791666666666664 7.524919437217989 10.033225916290652
0 77.685546875 15.169270833333334 6.587839704871492 8.783786273161988
0 97.705078125 21.809895833333336 7.8992792392241125 10.532372318965482
0 88.818359375 19.53125 7.475249459177179 9.966999278902906
0 44.53125 16.471354166666664 6.864759447755123 9.15301259700683
0 5.322265625 18.1640625 7.208869513560617 9.611826018080823
0 11.1328125 19.53125 7.475249459177179 9.966999278902906
0 43.408203125 17.1875 7.012405574387241 9.349874099182989
0 3.271484375 19.075520833333336 7.3875234600282 9.850031280037602
0 33.154296875 16.471354166666664 6.864759447755123 9.15301259700683
0 55.859375 16.015625 6.7691262856502785 9.025501714200372
0 75.29296875 18.359375 7.247523246483103 9.663364328644137
0 89.404296875 17.7734375 7.130933499479933 9.50791133263991
0 72.36328125 15.4296875 6.644147051109997 8.858862734813329
