0 2.392578125 58.203125 12.904281318277572 17.205708424370094
0 6.0546875 76.43229166666666 14.787648241681783 19.71686432224238
0 13.0859375 39.77864583333333 10.668065364348472 14.224087152464628
0 21.484375 34.63541666666667 9.954532733337459 13.272710311116612
0 21.2890625 51.171875 12.099748291991583 16.132997722655443
0 34.716796875 64.51822916666666 13.586321587861368 18.115095450481824
0 40.966796875 85.9375 15.680215550128333 20.906954066837777
0 31.591796875 35.22135416666667 10.038381471800859 13.384508629067811
0 35.400390625 34.04947916666667 9.869971697263324 13.159962263017766
0 36.376953125 43.81510416666667 11.196250200100184 14.928333600133579
0 32.568359375 29.036458333333332 9.114492506755418 12.15265667567389
0 41.748046875 32.03125 9.572990198582838 12.763986931443785
0 37.548828125 26.171875 8.653226854710587 11.537635806280782
0 46.826171875 37.5 10.358009490037318 13.810679320049758
0 54.00390625 47.72135416666667 11.684686107834867 15.579581477113155
0 70.068359375 59.765625 13.076345999529144 17.43512799937219
0 79.78515625 54.036458333333336 12.433806632973244 16.578408843964322
0 96.142578125 51.302083333333336 12.115132593554204 16.153510124738936
0 88.818359375 52.994791666666664 12.313379517719735 16.41783935695965
0 86.9140625 64.6484375 13.600024386692622 18.133365848923496
0 67.822265625 44.27083333333333 11.254326730093856 15.005768973458474
0 99.169921875 34.04947916666667 9.869971697263324 13.159962263017766
0 92.48046875 31.0546875 9.425930915210266 12.567907886947022
0 60.15625 21.6796875 7.875664001809045 10.500885335745393
0 51.025390625 20.572916666666664 7.672000176987631 10.229333569316841
0 42.919921875 25.0 8.457279333832409 11.276372445109878
0 50.341796875 29.622395833333332 9.205995562132786 12.274660749510382
0 46.142578125 22.8515625 8.085718566584333 10.780958088779109
0 59.326171875 25.0 8.457279333832409 11.276372445109878
0 61.669921875 34.30989583333333 9.907643481901811 13.210191309202415
0 74.609375 32.03125 9.572990198582838 12.763986931443785
0 61.572265625 29.8828125 9.24637292940864 12.32849723921152
0 67.724609375 24.153645833333336 8.312889692307273 11.083852923076364
0 79.8828125 25.0 8.457279333832409 11.276372445109878
0 71.142578125 23.111979166666664 8.131660519088275 10.842214025451032
0 75.5859375 27.994791666666668 8.94951068030712 11.932680907076158
0 81.591796875 29.622395833333332 9.205995562132786 12.274660749510382
0 81.0546875 39.19270833333333 10.589203840879804 14.118938454506406
0 87.20703125 38.4765625 10.492012596234792 13.989350128313058
0 88.37890625 25.455729166666668 8.53401578009617 11.378687706794894
0 98.73046875 29.166666666666668 9.134905729428569 12.17987430590476
0 87.841796875 28.7109375 9.063258303782652 12.084344405043536
0 88.0859375 33.7890625 9.832155574699105 13.109540766265473
