0 4.296875 22.526041666666664 8.027921409891299 10.703895213188398
0 21.728515625 26.7578125 8.749555167743805 11.66607355699174
0 43.26171875 28.190104166666668 8.980675640601907 11.974234187469209
0 15.0390625 21.940104166666664 7.92282408798045 10.5637654506406
0 2.294921875 18.619791666666664 7.298743129334349 9.731657505779133
0 64.6484375 28.645833333333332 9.052976668817948 12.07063555842393
0 57.03125 23.6328125 8.222774405094897 10.963699206793196
0 91.357421875 28.645833333333332 9.052976668817948 12.07063555842393
0 75.732421875 26.953125 8.78142979122202 11.708573054962693
0 88.671875 26.627604166666668 8.728240750778255 11.637654334371007
0 82.080078125 28.190104166666668 8.980675640601907 11.974234187469209
0 61.62109375 18.75 7.32421875 9.765625
0 71.142578125 20.638020833333336 7.684129829110212 10.245506438813615
0 97.119140625 22.395833333333336 8.00468569861084 10.672914264814453
0 66.89453125 24.4140625 8.357582969744357 11.143443959659143
0 11.962890625 16.731770833333336 6.9188135063199665 9.225084675093289
0 4.78515625 18.75 7.32421875 9.765625
0 21.58203125 21.744791666666664 7.887480458569388 10.51664061142585
0 16.552734375 17.1875 7.012405574387241 9.349874099182989
0 29.00390625 15.8203125 6.72772451325946 8.970299351012613
0 21.142578125 16.276041666666664 6.823937919616058 9.09858389282141
0 58.30078125 14.518229166666666 6.444919458600731 8.593225944800976
0 50.1953125 19.856770833333336 7.537285788103314 10.049714384137753
0 68.212890625 14.713541666666666 6.488126106405426 8.650834808540568
0 81.93359375 17.1875 7.012405574387241 9.349874099182989
0 95.947265625 20.052083333333336 7.574263699945591 10.099018266594122
0 89.111328125 20.638020833333336 7.684129829110212 10.245506438813615
0 78.564453125 18.75 7.32421875 9.765625
0 66.650390625 20.182291666666664 7.598815672600545 10.13175423013406
0 78.076171875 25.390625 8.523095729839442 11.364127639785922
0 85.25390625 22.981770833333336 8.108722079825698 10.811629439767596
0 78.3203125 22.395833333333336 8.00468569861084 10.672914264814453
0 73.974609375 15.169270833333334 6.587839704871492 8.783786273161988
0 91.11328125 23.6328125 8.222774405094897 10.963699206793196
0 82.177734375 24.4140625 8.357582969744357 11.143443959659143
0 68.896484375 19.856770833333336 7.537285788103314 10.049714384137753
0 58.203125 20.182291666666664 7.598815672600545 10.13175423013406
0 76.7578125 16.080729166666664 6.782870718656271 9.043827624875028
0 92.7734375 19.53125 7.475249459177179 9.966999278902906
0 85.498046875 18.9453125 7.3622668956389274 9.816355860851903
0 80.419921875 23.177083333333336 8.143105507889608 10.857474010519478
0 93.84765625 23.958333333333336 8.279211405182211 11.038948540242949
0 74.90234375 18.9453125 7.3622668956389274 9.816355860851903
0 82.91015625 20.3125 7.62328857226367 10.164384763018226
0 97.021484375 25.390625 8.523095729839442 11.364127639785922
0 24.8046875 19.075520833333336 7.3875234600282 9.850031280037602
0 13.134765625 19.075520833333336 7.3875234600282 9.850031280037602
0 6.201171875 22.8515625 8.085718566584333 10.780958088779109
0 25.9765625 14.518229166666666 6.444919458600731 8.593225944800976
0 17.3828125 20.182291666666664 7.598815672600545 10.13175423013406
0 9.228515625 17.643229166666664 7.104764847914316 9.473019797219088
0 66.30859375 14.84375 6.516771394062079 8.689028525416106
0 61.474609375 16.080729166666664 6.782870718656271 9.043827624875028
0 53.955078125 17.057291666666664 6.985792933508055 9.31439057801074
0 70.21484375 17.1875 7.012405574387241 9.349874099182989
0 64.306640625 15.494791666666666 6.658149484030587 8.877532645374115
0 79.248046875 16.6015625 6.891839471823862 9.189119295765149
0 87.841796875 20.638020833333336 7.684129829110212 10.245506438813615
0 23.486328125 15.299479166666666 6.61605328023645 8.821404373648601
0 10.05859375 19.075520833333336 7.3875234600282 9.850031280037602
0 55.46875 13.736979166666666 6.269115778861736 8.358821038482315
0 83.740234375 18.489583333333336 7.273178276253042 9.697571035004056
0 77.1484375 18.294270833333336 7.234661615679748 9.646215487572997
0 64.208984375 18.294270833333336 7.234661615679748 9.646215487572997
0 90.33203125 21.09375 7.768507117527988 10.358009490037318
0 98.779296875 20.052083333333336 7.574263699945591 10.099018266594122
0 98.53515625 27.408854166666668 8.855357744474432 11.807143659299243
0 17.236328125 12.044270833333332 5.870173358664351 7.826897811552468
