0 73.681640625 54.752604166666664 12.515928133795093 16.687904178393456
0 86.083984375 42.3828125 11.01173007365034 14.682306764867118
0 94.580078125 43.359375 11.137870844051916 14.850494458735888
0 67.333984375 44.07552083333333 11.229473567489073 14.972631423318763
0 61.03515625 40.234375 10.72900136184506 14.305335149126746
0 73.2421875 35.80729166666667 10.121535615098267 13.495380820131023
0 97.4609375 37.82552083333333 10.40286898746296 13.870491983283944
0 86.376953125 32.8125 9.689030680168178 12.918707573557572
0 91.943359375 31.119791666666668 9.4358061729372 12.5810748972496
0 98.193359375 31.510416666666668 9.494842032534208 12.659789376712277
0 70.361328125 31.770833333333332 9.53399618640949 12.711994915212655
0 58.837890625 30.598958333333332 9.35651227829339 12.475349704391189
0 44.482421875 39.51822916666667 10.633088006704314 14.177450675605751
0 31.298828125 27.1484375 8.81318913463968 11.750918846186241
0 23.14453125 25.260416666666668 8.501213548086012 11.334951397448016
0 19.140625 34.63541666666667 9.954532733337459 13.272710311116612
0 15.673828125 28.385416666666668 9.011732824849489 12.015643766465985
0 10.595703125 26.5625 8.717563999686098 11.62341866624813
0 2.5390625 38.21614583333333 10.456446349494515 13.941928465992687
0 14.453125 22.135416666666664 7.958010748538389 10.610680998051187
0 18.1640625 20.703125 7.6962403643301345 10.261653819106845
0 11.71875 20.3125 7.62328857226367 10.164384763018226
0 8.49609375 22.721354166666664 8.062649422377262 10.75019922983635
0 4.19921875 23.763020833333336 8.245395560367612 10.993860747156816
0 8.59375 18.098958333333336 7.195938795502683 9.594585060670244
0 4.78515625 19.140625 7.400119417103358 9.866825889471144
0 0.634765625 21.028645833333336 7.756509415978292 10.342012554637723
0 4.1015625 17.838541666666664 7.143981879101334 9.525309172135112
0 16.259765625 16.2109375 6.810276368536802 9.080368491382403
0 20.947265625 17.708333333333336 7.117861199762329 9.490481599683106
0 93.701171875 26.7578125 8.749555167743805 11.66607355699174
0 80.76171875 26.7578125 8.749555167743805 11.66607355699174
0 76.123046875 26.692708333333332 8.738904457566134 11.651872610088178
0 88.4765625 26.888020833333332 8.770817787597604 11.694423716796805
0 79.58984375 23.6328125 8.222774405094897 10.963699206793196
0 75.927734375 23.2421875 8.154534433525017 10.872712578033356
0 69.775390625 21.940104166666664 7.92282408798045 10.5637654506406
0 65.33203125 24.348958333333336 8.346432086900233 11.128576115866979
0 56.884765625 23.372395833333336 8.177344364608315 10.903125819477753
0 58.203125 17.513020833333336 7.0784994535786145 9.437999271438152
0 53.61328125 17.122395833333336 6.9991119025755095 9.332149203434014
0 49.90234375 17.513020833333336 7.0784994535786145 9.437999271438152
0 47.75390625 22.4609375 8.016311973000304 10.688415964000404
0 44.62890625 18.098958333333336 7.195938795502683 9.594585060670244
0 38.671875 21.744791666666664 7.887480458569388 10.51664061142585
0 45.458984375 16.796875 6.932261164306974 9.243014885742634
0 41.552734375 15.8203125 6.72772451325946 8.970299351012613
0 36.865234375 17.708333333333336 7.117861199762329 9.490481599683106
0 30.95703125 19.7265625 7.512532730158185 10.01671030687758
0 26.07421875 17.708333333333336 7.117861199762329 9.490481599683106
0 30.322265625 16.6015625 6.891839471823862 9.189119295765149
0 25.09765625 14.973958333333334 6.545291317604741 8.727055090139656
0 29.78515625 15.169270833333334 6.587839704871492 8.783786273161988
0 22.36328125 14.908854166666666 6.531046923532928 8.708062564710572
0 21.6796875 19.53125 7.475249459177179 9.966999278902906
0 18.310546875 15.690104166666666 6.699981201202437 8.933308268269917
0 12.939453125 17.708333333333336 7.117861199762329 9.490481599683106
0 82.91015625 20.703125 7.6962403643301345 10.261653819106845
0 92.236328125 24.283854166666664 8.33526628646708 11.113688381956106
0 88.623046875 22.916666666666664 8.097228492078614 10.796304656104818
0 77.587890625 19.140625 7.400119417103358 9.866825889471144
0 98.291015625 22.8515625 8.085718566584333 10.780958088779109
0 94.82421875 23.828125 8.256682897014576 11.008910529352768
0 90.72265625 19.921875 7.549631882844837 10.066175843793117
0 62.98828125 17.838541666666664 7.143981879101334 9.525309172135112
0 59.5703125 15.885416666666666 6.741553355216833 8.988737806955777
0 55.029296875 13.606770833333334 6.2393335877260965 8.319111450301463
0 38.76953125 16.40625 6.8511792970714245 9.134905729428567
0 41.11328125 11.848958333333332 5.8223828211483495 7.763177094864466
0 47.36328125 15.690104166666666 6.699981201202437 8.933308268269917
0 62.744140625 15.4296875 6.644147051109997 8.858862734813329
0 58.984375 13.8671875 6.298757153488249 8.398342871317666
0 68.408203125 15.690104166666666 6.699981201202437 8.933308268269917
0 64.697265625 15.4296875 6.644147051109997 8.858862734813329
0 72.998046875 18.033854166666664 7.182984799767957 9.577313066357275
0 79.345703125 16.731770833333336 6.9188135063199665 9.225084675093289
0 75.048828125 15.4296875 6.644147051109997 8.858862734813329
0 69.677734375 14.973958333333334 6.545291317604741 8.727055090139656
0 84.765625 18.815104166666664 7.336923388776433 9.782564518368577
0 80.859375 19.140625 7.400119417103358 9.866825889471144
0 85.83984375 18.424479166666664 7.2603620931215325 9.680482790828709
0 92.7734375 20.3125 7.62328857226367 10.164384763018226
0 96.875 21.419270833333336 7.828219811023351 10.437626414697803
0 89.208984375 18.294270833333336 7.234661615679748 9.646215487572997
0 81.298828125 16.796875 6.932261164306974 9.243014885742634
0 66.162109375 18.424479166666664 7.2603620931215325 9.680482790828709
