0 41.6015625 21.028645833333336 7.756509415978292 10.342012554637723
0 34.27734375 19.7265625 7.512532730158185 10.01671030687758
0 11.5234375 20.1171875 7.586549618320344 10.115399491093791
0 2.34375 18.684895833333336 7.311492035346033 9.748656047128044
0 8.59375 18.424479166666664 7.2603620931215325 9.680482790828709
0 81.4453125 17.252604166666664 7.025674092542321 9.367565456723094
0 4.4921875 18.880208333333336 7.349606066157407 9.799474754876544
0 98.14453125 21.744791666666664 7.887480458569388 10.51664061142585
0 6.640625 18.684895833333336 7.311492035346033 9.748656047128044
0 93.310546875 20.3125 7.62328857226367 10.164384763018226
0 86.62109375 17.3828125 7.052136235529384 9.40284831403918
0 89.306640625 19.010416666666664 7.37490598974278 9.833207986323707
0 91.064453125 19.986979166666664 7.561957820656658 10.08261042754221
