0 40.91796875 44.20572916666667 11.24604844524431 14.994731260325747
0 22.0703125 36.39322916666667 10.204012144348443 13.605349525797925
0 14.013671875 34.63541666666667 9.954532733337459 13.272710311116612
0 20.5078125 29.557291666666668 9.195873518871684 12.261164691828911
0 14.599609375 23.177083333333336 8.143105507889608 10.857474010519478
0 30.322265625 29.557291666666668 9.195873518871684 12.261164691828911
0 25.9765625 23.958333333333336 8.279211405182211 11.038948540242949
0 39.306640625 35.9375 10.139921707663666 13.51989561021822
0 29.833984375 24.21875 8.324085508414218 11.098780677885625
0 17.67578125 21.223958333333336 7.792447103762027 10.389929471682702
0 7.470703125 28.776041666666668 9.073528288158268 12.098037717544358
0 10.107421875 20.3125 7.62328857226367 10.164384763018226
0 19.53125 17.643229166666664 7.104764847914316 9.473019797219088
0 11.181640625 18.294270833333336 7.234661615679748 9.646215487572997
0 17.7734375 16.731770833333336 6.9188135063199665 9.225084675093289
0 12.744140625 18.294270833333336 7.234661615679748 9.646215487572997
0 22.0703125 18.9453125 7.3622668956389274 9.816355860851903
0 28.466796875 18.033854166666664 7.182984799767957 9.577313066357275
0 20.99609375 16.861979166666664 6.945682786096826 9.260910381462436
0 26.3671875 20.703125 7.6962403643301345 10.261653819106845
0 38.037109375 20.833333333333336 7.720404443770458 10.293872591693944
0 42.578125 25.130208333333332 8.479274895904423 11.305699861205897
0 44.04296875 32.94270833333333 9.708235913444133 12.944314551258843
0 40.13671875 21.354166666666664 7.816313766397521 10.421751688530028
0 34.619140625 17.513020833333336 7.0784994535786145 9.437999271438152
0 39.404296875 24.739583333333336 8.413115693414442 11.217487591219255
0 31.591796875 17.643229166666664 7.104764847914316 9.473019797219088
0 24.609375 17.7734375 7.130933499479933 9.50791133263991
0 40.0390625 17.3828125 7.052136235529384 9.40284831403918
0 36.279296875 16.2109375 6.810276368536802 9.080368491382403
0 46.875 22.916666666666664 8.097228492078614 10.796304656104818
0 45.3125 17.252604166666664 7.025674092542321 9.367565456723094
0 38.330078125 16.2109375 6.810276368536802 9.080368491382403
0 43.45703125 16.861979166666664 6.945682786096826 9.260910381462436
0 52.880859375 15.299479166666666 6.61605328023645 8.821404373648601
0 58.544921875 40.95052083333333 10.824064850444458 14.432086467259278
0 45.99609375 19.401041666666664 7.450290292806215 9.933720390408286
0 49.4140625 28.515625 9.03237828793258 12.043171050576774
0 59.326171875 34.765625 9.973226707988399 13.297635610651199
0 47.94921875 20.052083333333336 7.574263699945591 10.099018266594122
0 55.908203125 15.4296875 6.644147051109997 8.858862734813329
0 59.423828125 15.950520833333334 6.755353888299149 9.0071385177322
