0 90.33203125 42.90364583333333 11.079183874921476 14.772245166561968
0 68.798828125 33.91927083333333 9.851081781963485 13.134775709284646
0 94.82421875 29.8828125 9.24637292940864 12.32849723921152
0 87.841796875 53.971354166666664 12.426314130555623 16.568418840740833
0 18.359375 13.671875 6.254242410864013 8.338989881152017
0 57.71484375 19.270833333333336 7.425247229367944 9.900329639157258
0 71.337890625 23.111979166666664 8.131660519088275 10.842214025451032
0 89.2578125 24.934895833333336 8.446260072691679 11.26168009692224
0 99.0234375 23.958333333333336 8.279211405182211 11.038948540242949
0 75.927734375 16.080729166666664 6.782870718656271 9.043827624875028
0 69.140625 15.299479166666666 6.61605328023645 8.821404373648601
0 57.861328125 14.973958333333334 6.545291317604741 8.727055090139656
0 65.087890625 18.619791666666664 7.298743129334349 9.731657505779133
0 72.75390625 18.9453125 7.3622668956389274 9.816355860851903
0 79.98046875 18.9453125 7.3622668956389274 9.816355860851903
0 41.015625 15.950520833333334 6.755353888299149 9.0071385177322
0 31.982421875 15.625 6.686066375795484 8.914755167727312
0 85.546875 19.466145833333336 7.462780310447684 9.950373747263578
0 36.669921875 17.057291666666664 6.985792933508055 9.31439057801074
