0 79.345703125 65.55989583333334 13.695560102732468 18.26074680364329
0 67.822265625 53.385416666666664 12.358677204172722 16.478236272230294
0 37.890625 71.35416666666666 14.287963758202668 19.050618344270223
0 54.833984375 44.59635416666667 11.295627150464934 15.060836200619912
0 98.92578125 53.255208333333336 12.343596445408132 16.45812859387751
0 88.232421875 33.203125 9.746532850751532 12.995377134335376
0 96.875 29.6875 9.216106488367615 12.288141984490153
0 98.92578125 44.59635416666667 11.295627150464934 15.060836200619912
0 58.544921875 29.817708333333332 9.236295135755345 12.315060181007127
0 50.390625 33.52864583333333 9.794193442310311 13.05892458974708
0 30.56640625 25.325520833333332 8.512161670520847 11.349548894027794
0 41.259765625 26.822916666666668 8.760192928715409 11.680257238287211
0 52.685546875 24.21875 8.324085508414218 11.098780677885625
0 68.994140625 24.869791666666664 8.435226416678011 11.246968555570682
0 12.40234375 30.013020833333332 9.266495636406846 12.35532751520913
0 25.146484375 26.822916666666668 8.760192928715409 11.680257238287211
0 4.00390625 31.575520833333332 9.50464569238125 12.672860923174998
0 24.658203125 18.9453125 7.3622668956389274 9.816355860851903
0 86.328125 26.171875 8.653226854710587 11.537635806280782
0 70.1171875 19.075520833333336 7.3875234600282 9.850031280037602
0 61.669921875 17.643229166666664 7.104764847914316 9.473019797219088
0 50.732421875 14.583333333333334 6.459353786778786 8.612471715705048
0 43.408203125 21.028645833333336 7.756509415978292 10.342012554637723
0 43.75 18.294270833333336 7.234661615679748 9.646215487572997
0 44.7265625 15.104166666666666 6.573687508709111 8.764916678278816
0 35.498046875 17.317708333333336 7.038917599286375 9.385223465715166
0 16.11328125 18.489583333333336 7.273178276253042 9.697571035004056
0 38.96484375 16.2109375 6.810276368536802 9.080368491382403
0 35.9375 13.4765625 6.209408553886659 8.279211405182211
0 25.634765625 16.2109375 6.810276368536802 9.080368491382403
0 24.31640625 15.4296875 6.644147051109997 8.858862734813329
0 31.25 16.2109375 6.810276368536802 9.080368491382403
0 31.0546875 19.596354166666664 7.487697843252746 9.983597124336994
0 29.6875 16.861979166666664 6.945682786096826 9.260910381462436
0 28.125 17.317708333333336 7.038917599286375 9.385223465715166
0 10.9375 18.75 7.32421875 9.765625
0 3.857421875 19.270833333333336 7.425247229367944 9.900329639157258
0 8.447265625 28.059895833333332 8.959911044862793 11.946548059817056
0 0.87890625 18.619791666666664 7.298743129334349 9.731657505779133
0 93.310546875 24.544270833333336 8.379840220792225 11.173120294389632
0 83.935546875 21.028645833333336 7.756509415978292 10.342012554637723
0 77.5390625 20.833333333333336 7.720404443770458 10.293872591693944
0 76.123046875 17.1875 7.012405574387241 9.349874099182989
0 72.509765625 15.559895833333334 6.672122530845778 8.896163374461038
0 71.044921875 15.104166666666666 6.573687508709111 8.764916678278816
0 66.015625 16.080729166666664 6.782870718656271 9.043827624875028
0 59.86328125 14.127604166666666 6.3576253222655215 8.476833763020695
0 94.482421875 20.247395833333336 7.611061958825638 10.148082611767517
0 89.306640625 19.7265625 7.512532730158185 10.01671030687758
0 86.328125 19.270833333333336 7.425247229367944 9.900329639157258
0 79.58984375 18.1640625 7.208869513560617 9.611826018080823
0 85.009765625 17.643229166666664 7.104764847914316 9.473019797219088
0 87.98828125 24.21875 8.324085508414218 11.098780677885625
0 96.533203125 21.028645833333336 7.756509415978292 10.342012554637723
0 71.19140625 29.4921875 9.185740321833748 12.247653762444997
0 79.248046875 30.989583333333332 9.416045300623482 12.554727067497975
0 21.875 18.294270833333336 7.234661615679748 9.646215487572997
0 55.56640625 16.666666666666664 6.905339660024879 9.207119546699838
