0 86.767578125 31.901041666666668 9.55351308746248 12.738017449949975
0 80.419921875 24.153645833333336 8.312889692307273 11.083852923076364
0 56.787109375 18.684895833333336 7.311492035346033 9.748656047128044
0 12.109375 17.447916666666664 7.065330140863174 9.420440187817565
0 1.611328125 16.731770833333336 6.9188135063199665 9.225084675093289
0 12.890625 17.643229166666664 7.104764847914316 9.473019797219088
0 6.640625 16.861979166666664 6.945682786096826 9.260910381462436
0 10.205078125 17.447916666666664 7.065330140863174 9.420440187817565
0 9.326171875 17.317708333333336 7.038917599286375 9.385223465715166
0 8.544921875 17.447916666666664 7.065330140863174 9.420440187817565
0 7.421875 17.317708333333336 7.038917599286375 9.385223465715166
0 3.857421875 16.861979166666664 6.945682786096826 9.260910381462436
0 0.1953125 17.317708333333336 7.038917599286375 9.385223465715166
0 5.419921875 17.317708333333336 7.038917599286375 9.385223465715166
0 2.880859375 18.359375 7.247523246483103 9.663364328644137
