0 69.62890625 21.028645833333336 7.756509415978292 10.342012554637723
0 24.4140625 27.213541666666668 8.823750179932228 11.765000239909636
0 33.30078125 42.51302083333333 11.02863220189981 14.704842935866417
0 23.828125 34.50520833333333 9.935803586486637 13.247738115315515
0 34.228515625 31.575520833333332 9.50464569238125 12.672860923174998
0 52.587890625 37.82552083333333 10.40286898746296 13.870491983283944
0 80.224609375 86.00260416666666 15.686153901240719 20.914871868320958
0 72.802734375 104.75260416666667 17.311834233011275 23.082445644015035
0 27.490234375 64.12760416666666 13.545130017805265 18.060173357073687
0 60.888671875 44.01041666666667 11.221176947540428 14.961569263387236
0 79.78515625 32.35677083333333 9.621510480001493 12.828680640001991
0 81.298828125 37.3046875 10.331000292853245 13.77466705713766
0 27.099609375 16.796875 6.932261164306974 9.243014885742634
0 48.193359375 48.11197916666667 11.732411368860527 15.643215158480702
0 69.82421875 73.828125 14.533546020252267 19.378061360336353
0 49.90234375 75.06510416666666 14.654793949637412 19.53972526618322
0 46.826171875 49.609375 11.913587216762167 15.884782955682889
0 67.08984375 63.216145833333336 13.448525718097354 17.931367624129805
0 53.02734375 68.48958333333334 13.998223805151019 18.664298406868028
0 31.298828125 64.51822916666666 13.586321587861368 18.115095450481824
0 20.5078125 69.85677083333334 14.13724953845272 18.849666051270294
0 9.619140625 80.6640625 15.191502032047904 20.25533604273054
0 15.185546875 42.90364583333333 11.079183874921476 14.772245166561968
0 11.71875 35.7421875 10.11233003282525 13.483106710433667
0 34.912109375 8.268229166666668 4.8637016145352865 6.484935486047048
0 47.119140625 14.908854166666666 6.531046923532928 8.708062564710572
0 56.396484375 26.497395833333332 8.706874156303165 11.609165541737553
0 31.787109375 24.21875 8.324085508414218 11.098780677885625
0 20.21484375 24.8046875 8.424178309229896 11.23223774563986
0 11.62109375 17.447916666666664 7.065330140863174 9.420440187817565
0 60.009765625 31.0546875 9.425930915210266 12.567907886947022
0 64.990234375 31.315104166666668 9.465370128949479 12.62049350526597
0 61.083984375 34.50520833333333 9.935803586486637 13.247738115315515
0 67.919921875 16.536458333333336 6.878312786611722 9.171083715482297
0 73.583984375 17.057291666666664 6.985792933508055 9.31439057801074
0 90.4296875 42.25260416666667 10.994801962067763 14.659735949423682
0 90.72265625 66.66666666666666 13.810679320049758 18.414239093399676
0 90.33203125 79.55729166666666 15.086922722544283 20.115896963392377
0 83.69140625 87.56510416666666 15.828005956896899 21.104007942529197
0 65.185546875 90.625 16.10218012484487 21.469573499793164
0 35.986328125 81.0546875 15.228240905608704 20.30432120747827
0 38.0859375 86.00260416666666 15.686153901240719 20.914871868320958
0 47.802734375 90.36458333333334 16.079028164452502 21.43870421927
0 38.525390625 57.421875 12.8173828125 17.08984375
0 35.107421875 55.598958333333336 12.612291454938857 16.816388606585143
0 6.298828125 56.25 12.685919000748614 16.914558667664817
0 -2.294921875 37.3046875 10.331000292853245 13.77466705713766
0 11.62109375 9.5703125 5.232674621424025 6.9768994952320345
0 49.70703125 13.4765625 6.209408553886659 8.279211405182211
0 69.921875 13.4765625 6.209408553886659 8.279211405182211
0 83.3984375 20.377604166666664 7.635495607419925 10.180660809893233
0 94.53125 11.458333333333332 5.72560517556571 7.634140234087614
0 50.68359375 11.848958333333332 5.8223828211483495 7.763177094864466
0 46.484375 9.309895833333332 5.160990760891041 6.881321014521388
0 43.408203125 11.328125 5.692980379082528 7.590640505443372
0 41.796875 17.96875 7.170007400189656 9.56000986691954
0 42.431640625 35.87239583333333 10.130732832457173 13.507643776609566
0 85.205078125 54.947916666666664 12.538231557723472 16.71764207696463
0 70.01953125 45.83333333333333 11.45121035113142 15.268280468175227
0 69.921875 51.692708333333336 12.161168728742233 16.214891638322978
0 57.71484375 61.197916666666664 13.2321065604729 17.642808747297202
0 39.306640625 62.630208333333336 13.386054809241521 17.848073078988694
0 35.498046875 74.08854166666666 14.559155812837602 19.412207750450136
0 17.822265625 74.54427083333334 14.603864885260498 19.471819847013997
0 9.619140625 44.40104166666667 11.270865058971795 15.027820078629059
0 22.802734375 47.20052083333333 11.620747537023785 15.494330049365049
0 20.1171875 54.1015625 12.441294623193059 16.58839283092408
0 16.50390625 59.700520833333336 13.069221866066808 17.425629154755743
0 19.921875 61.197916666666664 13.2321065604729 17.642808747297202
0 18.212890625 15.690104166666666 6.699981201202437 8.933308268269917
0 11.9140625 8.3984375 4.901848878237613 6.535798504316817
0 8.69140625 22.916666666666664 8.097228492078614 10.796304656104818
0 6.591796875 30.924479166666668 9.406149296522488 12.541532395363317
0 80.322265625 47.59114583333333 11.66873431048899 15.55831241398532
0 87.40234375 33.203125 9.746532850751532 12.995377134335376
0 75.390625 14.518229166666666 6.444919458600731 8.593225944800976
0 89.111328125 19.205729166666664 7.412693970636669 9.883591960848893
0 98.095703125 26.106770833333332 8.642457433170346 11.52327657756046
0 97.412109375 33.33333333333333 9.765625 13.020833333333334
0 92.431640625 37.95572916666667 10.420758715187912 13.894344953583882
0 82.91015625 30.533854166666668 9.346553241646458 12.462070988861944
0 73.388671875 35.7421875 10.11233003282525 13.483106710433667
0 76.513671875 70.5078125 14.202973972436642 18.93729862991552
0 83.30078125 70.63802083333334 14.216082396059711 18.954776528079616
0 81.494140625 61.458333333333336 13.260230091797137 17.68030678906285
0 87.59765625 83.72395833333334 15.476955973029744 20.63594129737299
0 61.62109375 70.8984375 14.242263048801313 18.989684065068417
0 73.73046875 90.625 16.10218012484487 21.469573499793164
0 54.4921875 80.2734375 15.154674094159102 20.20623212554547
0 50.1953125 71.02864583333334 14.2553353443929 19.007113792523867
0 -11.279296875 29.8828125 9.24637292940864 12.32849723921152
0 84.326171875 50.260416666666664 11.991505556877746 15.988674075836995
0 85.888671875 55.208333333333336 12.567907886947022 16.757210515929362
0 59.814453125 55.729166666666664 12.627051309556398 16.836068412741863
0 54.1015625 55.46875 12.597514306976498 16.796685742635333
0 62.5 43.68489583333333 11.179601491707887 14.906135322277184
0 52.197265625 33.984375 9.860531263063667 13.147375017418222
0 55.908203125 29.557291666666668 9.195873518871684 12.261164691828911
0 36.71875 34.89583333333333 9.991885707852113 13.322514277136149
0 19.091796875 35.28645833333333 10.047654805392046 13.39687307385606
0 41.30859375 22.786458333333336 8.074192233473482 10.765589644631309
0 56.396484375 20.1171875 7.586549618320344 10.115399491093791
0 53.125 25.5859375 8.555814067917595 11.407752090556793
0 45.5078125 33.59375 9.803697756475225 13.071597008633635
0 80.615234375 10.3515625 5.442063751259463 7.256085001679284
0 58.0078125 9.9609375 5.338395899821747 7.117861199762329
0 51.806640625 8.268229166666668 4.8637016145352865 6.484935486047048
0 31.396484375 14.2578125 6.386855937639267 8.515807916852356
0 53.90625 26.106770833333332 8.642457433170346 11.52327657756046
0 57.6171875 31.0546875 9.425930915210266 12.567907886947022
0 41.89453125 11.588541666666668 5.758045124546267 7.677393499395023
0 59.423828125 31.4453125 9.485028239697298 12.646704319596397
0 35.498046875 42.64322916666667 11.045508466097326 14.7273446214631
0 40.087890625 43.88020833333333 11.2045652775182 14.939420370024267
0 77.294921875 43.42447916666667 11.146229472503464 14.861639296671287
0 69.189453125 44.27083333333333 11.254326730093856 15.005768973458474
0 37.3046875 31.0546875 9.425930915210266 12.567907886947022
0 51.904296875 23.046875 8.120199399200482 10.82693253226731
0 -7.8125 66.40625 13.783678943647724 18.378238591530298
0 49.609375 54.231770833333336 12.456257099584077 16.608342799445435
0 43.896484375 47.20052083333333 11.620747537023785 15.494330049365049
0 13.916015625 30.013020833333332 9.266495636406846 12.35532751520913
0 45.80078125 14.778645833333334 6.502464524127966 8.669952698837287
0 58.10546875 11.328125 5.692980379082528 7.590640505443372
0 74.8046875 5.078125 3.811644286131835 5.082192381509113
0 86.42578125 10.807291666666668 5.56056737008319 7.4140898267775865
0 71.630859375 20.5078125 7.659851317145468 10.21313508952729
0 27.294921875 44.66145833333333 11.303869126862875 15.071825502483835
0 20.01953125 53.7109375 12.396298835198914 16.528398446931885
0 59.521484375 33.59375 9.803697756475225 13.071597008633635
