0 81.640625 45.63802083333333 11.426785416777987 15.235713889037317
0 96.142578125 51.106770833333336 12.092048801366547 16.122731735155398
0 84.9609375 62.955729166666664 13.420796769589858 17.89439569278648
0 67.724609375 73.30729166666666 14.48219057336996 19.309587431159947
0 69.140625 55.46875 12.597514306976498 16.796685742635333
0 90.576171875 91.015625 16.13684578418248 21.515794378909973
0 43.5546875 83.0078125 15.4106215490144 20.547495398685868
0 36.42578125 61.9140625 13.309303275974441 17.745737701299255
0 52.05078125 47.98177083333333 11.716524548616007 15.622032731488009
0 49.951171875 36.71875 10.24954566879069 13.66606089172092
0 49.70703125 28.125 8.970299351012615 11.960399134683486
0 62.01171875 27.669270833333332 8.897326499702912 11.863101999603883
0 61.572265625 34.70052083333333 9.963884104806219 13.28517880640829
0 66.943359375 41.27604166666667 10.867000619363317 14.489334159151088
0 80.46875 36.71875 10.24954566879069 13.66606089172092
0 74.31640625 31.184895833333332 9.445671106287941 12.594228141717254
0 86.71875 31.901041666666668 9.55351308746248 12.738017449949975
0 75.634765625 27.34375 8.84483443981289 11.793112586417188
0 4.931640625 30.598958333333332 9.35651227829339 12.475349704391189
0 2.099609375 44.3359375 11.262598930203817 15.016798573605088
0 1.220703125 58.072916666666664 12.889838917201462 17.18645188960195
0 20.947265625 47.98177083333333 11.716524548616007 15.622032731488009
0 34.033203125 42.44791666666667 11.020184378215204 14.693579170953605
0 31.15234375 35.15625 10.029099563693228 13.372132751590971
0 19.189453125 32.94270833333333 9.708235913444133 12.944314551258843
0 22.509765625 26.171875 8.653226854710587 11.537635806280782
0 10.107421875 26.953125 8.78142979122202 11.708573054962693
0 4.296875 24.4140625 8.357582969744357 11.143443959659143
0 31.73828125 27.799479166666668 8.918236814088415 11.890982418784553
0 42.67578125 31.770833333333332 9.53399618640949 12.711994915212655
0 41.943359375 24.153645833333336 8.312889692307273 11.083852923076364
0 39.599609375 15.8203125 6.72772451325946 8.970299351012613
0 27.197265625 24.153645833333336 8.312889692307273 11.083852923076364
0 40.8203125 21.940104166666664 7.92282408798045 10.5637654506406
0 59.47265625 24.609375 8.39094670707246 11.187928942763282
0 41.796875 19.010416666666664 7.37490598974278 9.833207986323707
0 87.59765625 27.669270833333332 8.897326499702912 11.863101999603883
0 67.822265625 19.3359375 7.437779301119349 9.917039068159132
0 92.87109375 30.859375 9.396242870080965 12.52832382677462
0 90.33203125 22.526041666666664 8.027921409891299 10.703895213188398
0 80.6640625 17.838541666666664 7.143981879101334 9.525309172135112
0 67.919921875 14.322916666666666 6.401421192444773 8.53522825659303
0 62.6953125 16.276041666666664 6.823937919616058 9.09858389282141
0 66.748046875 24.153645833333336 8.312889692307273 11.083852923076364
0 90.4296875 25.911458333333332 8.610068346964042 11.480091129285388
0 82.958984375 22.526041666666664 8.027921409891299 10.703895213188398
0 71.77734375 22.265625 7.981382342908947 10.641843123878598
0 14.0625 21.484375 7.840107775064166 10.453477033418888
0 31.494140625 21.09375 7.768507117527988 10.358009490037318
0 98.14453125 29.1015625 9.124704826492952 12.166273101990603
0 99.31640625 41.53645833333333 10.901227477717134 14.53496997028951
0 91.015625 18.033854166666664 7.182984799767957 9.577313066357275
0 82.080078125 16.080729166666664 6.782870718656271 9.043827624875028
0 95.263671875 19.7265625 7.512532730158185 10.01671030687758
0 56.103515625 15.690104166666666 6.699981201202437 8.933308268269917
0 12.3046875 15.494791666666666 6.658149484030587 8.877532645374115
0 6.93359375 16.536458333333336 6.878312786611722 9.171083715482297
0 1.513671875 16.080729166666664 6.782870718656271 9.043827624875028
0 10.302734375 16.536458333333336 6.878312786611722 9.171083715482297
0 17.87109375 21.09375 7.768507117527988 10.358009490037318
0 80.126953125 53.255208333333336 12.343596445408132 16.45812859387751
0 50.390625 19.921875 7.549631882844837 10.066175843793117
0 47.75390625 22.8515625 8.085718566584333 10.780958088779109
0 51.26953125 16.861979166666664 6.945682786096826 9.260910381462436
0 46.09375 14.322916666666666 6.401421192444773 8.53522825659303
0 13.28125 18.294270833333336 7.234661615679748 9.646215487572997
0 8.544921875 21.940104166666664 7.92282408798045 10.5637654506406
0 79.248046875 20.8984375 7.732458166088822 10.309944221451763
0 72.216796875 17.838541666666664 7.143981879101334 9.525309172135112
0 70.01953125 16.080729166666664 6.782870718656271 9.043827624875028
