0 57.32421875 54.166666666666664 12.448778109357384 16.598370812476514
0 54.1015625 46.09375 11.48369611952318 15.311594826030909
0 48.583984375 38.54166666666667 10.500885335745396 14.001180447660527
0 42.236328125 31.184895833333332 9.445671106287941 12.594228141717254
0 46.337890625 26.5625 8.717563999686098 11.62341866624813
0 52.24609375 30.078125 9.276540621075844 12.368720828101127
0 62.841796875 35.22135416666667 10.038381471800859 13.384508629067811
0 65.625 41.47135416666667 10.892680845687712 14.523574460916949
0 67.1875 60.872395833333336 13.196867865258577 17.59582382034477
0 78.02734375 51.7578125 12.168824485703665 16.225099314271553
0 90.673828125 63.216145833333336 13.448525718097354 17.931367624129805
0 93.603515625 76.5625 14.800238834206716 19.73365177894229
0 7.6171875 76.69270833333334 14.812818724989743 19.75042496665299
0 1.5625 63.151041666666664 13.441598843716577 17.9221317916221
0 8.837890625 44.98697916666667 11.344989193994817 15.126652258659753
0 23.6328125 52.278645833333336 12.229898016060718 16.306530688080954
0 33.49609375 44.140625 11.237764062208234 14.983685416277645
0 31.93359375 35.546875 10.084662867345157 13.44621715646021
0 22.0703125 30.2734375 9.306610523667546 12.408814031556727
0 13.8671875 34.50520833333333 9.935803586486637 13.247738115315515
0 10.15625 27.408854166666668 8.855357744474432 11.807143659299243
0 4.58984375 31.640625 9.51443925056146 12.685919000748614
0 15.869140625 26.7578125 8.749555167743805 11.66607355699174
0 23.2421875 26.236979166666668 8.66398288975732 11.551977186343091
0 27.197265625 24.283854166666664 8.33526628646708 11.113688381956106
0 31.787109375 19.661458333333336 7.500125566067204 10.00016742142294
0 33.154296875 28.971354166666668 9.104268731797058 12.139024975729411
0 42.7734375 23.567708333333336 8.211440458419013 10.948587277892017
0 49.267578125 22.981770833333336 8.108722079825698 10.811629439767596
0 53.22265625 26.236979166666668 8.66398288975732 11.551977186343091
0 58.349609375 24.739583333333336 8.413115693414442 11.217487591219255
0 60.44921875 29.361979166666668 9.16544031840894 12.220587091211922
0 68.798828125 24.283854166666664 8.33526628646708 11.113688381956106
0 74.951171875 27.604166666666668 8.886852892188134 11.849137189584178
0 74.462890625 33.7890625 9.832155574699105 13.109540766265473
0 79.98046875 41.47135416666667 10.892680845687712 14.523574460916949
0 89.404296875 38.8671875 10.545137050275265 14.060182733700355
0 95.458984375 40.49479166666667 10.763667046233154 14.351556061644205
0 97.412109375 49.21875 11.866590634291736 15.822120845722315
0 97.998046875 37.6953125 10.38494844187839 13.84659792250452
0 99.12109375 42.44791666666667 11.020184378215204 14.693579170953605
0 91.6015625 51.236979166666664 12.107442886277694 16.14325718170359
0 88.330078125 32.74739583333333 9.679413773897526 12.905885031863368
0 94.53125 32.2265625 9.60213178866716 12.802842384889546
0 98.92578125 29.557291666666668 9.195873518871684 12.261164691828911
0 93.75 26.171875 8.653226854710587 11.537635806280782
0 88.57421875 24.479166666666664 8.36871899463018 11.15829199284024
0 90.966796875 29.166666666666668 9.134905729428569 12.17987430590476
0 38.37890625 14.778645833333334 6.502464524127966 8.669952698837287
0 37.109375 16.471354166666664 6.864759447755123 9.15301259700683
0 31.54296875 13.541666666666666 6.224389054678692 8.299185406238257
0 29.19921875 17.252604166666664 7.025674092542321 9.367565456723094
0 25.244140625 17.7734375 7.130933499479933 9.50791133263991
0 22.8515625 12.6953125 6.026738787271576 8.0356517163621
0 18.359375 15.4296875 6.644147051109997 8.858862734813329
0 21.77734375 20.703125 7.6962403643301345 10.261653819106845
0 13.623046875 19.010416666666664 7.37490598974278 9.833207986323707
0 10.9375 22.005208333333336 7.9345703125 10.579427083333332
0 6.34765625 23.893229166666664 8.267954824306681 11.023939765742242
0 1.708984375 17.7734375 7.130933499479933 9.50791133263991
0 24.560546875 13.671875 6.254242410864013 8.338989881152017
0 36.1328125 13.671875 6.254242410864013 8.338989881152017
0 44.580078125 14.778645833333334 6.502464524127966 8.669952698837287
0 57.71484375 12.955729166666666 6.088237714617921 8.117650286157229
0 62.841796875 10.7421875 5.543793372981247 7.391724497308329
0 66.015625 13.4765625 6.209408553886659 8.279211405182211
0 63.232421875 15.950520833333334 6.755353888299149 9.0071385177322
0 59.375 20.572916666666664 7.672000176987631 10.229333569316841
0 72.119140625 22.65625 8.051090062422436 10.734786749896582
0 83.447265625 21.2890625 7.804389558437758 10.405852744583676
0 80.37109375 24.479166666666664 8.36871899463018 11.15829199284024
0 77.001953125 20.572916666666664 7.672000176987631 10.229333569316841
0 87.158203125 20.768229166666664 7.708331872750909 10.277775830334546
0 96.38671875 26.236979166666668 8.66398288975732 11.551977186343091
0 99.70703125 28.645833333333332 9.052976668817948 12.07063555842393
0 79.345703125 13.736979166666666 6.269115778861736 8.358821038482315
0 78.80859375 19.7265625 7.512532730158185 10.01671030687758
0 72.0703125 16.9921875 6.972448522214271 9.296598029619028
0 75.78125 15.4296875 6.644147051109997 8.858862734813329
0 72.4609375 13.020833333333334 6.103515625 8.138020833333332
0 67.96875 14.2578125 6.386855937639267 8.515807916852356
0 53.02734375 10.677083333333332 5.526968468101451 7.369291290801934
0 47.55859375 13.216145833333334 6.149121606326259 8.198828808435012
0 22.16796875 15.234375 6.60196156395994 8.802615418613254
0 28.80859375 12.825520833333334 6.057566296777102 8.076755062369468
0 14.35546875 17.7734375 7.130933499479933 9.50791133263991
0 4.345703125 16.2109375 6.810276368536802 9.080368491382403
0 8.447265625 14.778645833333334 6.502464524127966 8.669952698837287
0 14.013671875 14.583333333333334 6.459353786778786 8.612471715705048
0 8.984375 20.8984375 7.732458166088822 10.309944221451763
0 50.048828125 18.619791666666664 7.298743129334349 9.731657505779133
0 52.001953125 17.7734375 7.130933499479933 9.50791133263991
0 62.060546875 18.229166666666664 7.221777078979024 9.629036105305365
