0 12.59765625 36.19791666666667 10.17659423860661 13.568792318142146
0 11.23046875 26.3671875 8.685454999241765 11.580606665655687
0 64.404296875 25.5859375 8.555814067917595 11.407752090556793
0 57.71484375 28.645833333333332 9.052976668817948 12.07063555842393
0 68.408203125 32.421875 9.631185203893738 12.84158027185832
0 84.619140625 21.484375 7.840107775064166 10.453477033418888
0 93.06640625 21.028645833333336 7.756509415978292 10.342012554637723
0 73.486328125 15.755208333333334 6.7138671875 8.951822916666668
0 52.34375 17.447916666666664 7.065330140863174 9.420440187817565
0 29.052734375 20.1171875 7.586549618320344 10.115399491093791
0 16.015625 21.484375 7.840107775064166 10.453477033418888
0 8.935546875 18.9453125 7.3622668956389274 9.816355860851903
0 5.419921875 32.09635416666667 9.58271390875707 12.77695187834276
0 29.39453125 45.3125 11.385960758165057 15.181281010886744
0 40.869140625 31.640625 9.51443925056146 12.685919000748614
0 75.341796875 28.90625 9.094033462982996 12.125377950643994
0 87.255859375 47.59114583333333 11.66873431048899 15.55831241398532
0 60.888671875 44.07552083333333 11.229473567489073 14.972631423318763
0 51.123046875 50.911458333333336 12.06892085771801 16.091894476957346
0 22.705078125 24.869791666666664 8.435226416678011 11.246968555570682
0 4.296875 24.21875 8.324085508414218 11.098780677885625
0 26.904296875 23.763020833333336 8.245395560367612 10.993860747156816
0 38.18359375 24.088541666666664 8.301678777304348 11.068905036405797
0 12.255859375 21.354166666666664 7.816313766397521 10.421751688530028
0 0.87890625 24.544270833333336 8.379840220792225 11.173120294389632
0 24.755859375 20.572916666666664 7.672000176987631 10.229333569316841
0 7.470703125 22.721354166666664 8.062649422377262 10.75019922983635
0 19.53125 22.395833333333336 8.00468569861084 10.672914264814453
0 4.19921875 21.223958333333336 7.792447103762027 10.389929471682702
0 12.59765625 17.903645833333336 7.157006469457137 9.542675292609516
0 39.74609375 19.401041666666664 7.450290292806215 9.933720390408286
0 20.654296875 15.755208333333334 6.7138671875 8.951822916666668
0 32.6171875 21.223958333333336 7.792447103762027 10.389929471682702
0 44.287109375 21.809895833333336 7.8992792392241125 10.532372318965482
0 23.6328125 16.341145833333336 6.837572174807153 9.116762899742872
0 37.01171875 17.447916666666664 7.065330140863174 9.420440187817565
0 18.75 17.903645833333336 7.157006469457137 9.542675292609516
0 31.103515625 18.75 7.32421875 9.765625
0 47.705078125 21.6796875 7.875664001809045 10.500885335745393
0 70.556640625 23.307291666666664 8.165947363439729 10.88792981791964
0 90.087890625 33.91927083333333 9.851081781963485 13.134775709284646
0 94.775390625 24.674479166666664 8.402038511923953 11.202718015898604
0 88.037109375 22.591145833333336 8.039514082226251 10.719352109635
0 78.271484375 24.088541666666664 8.301678777304348 11.068905036405797
0 51.46484375 27.5390625 8.876366926421502 11.835155901895336
0 43.26171875 16.666666666666664 6.905339660024879 9.207119546699838
0 50.439453125 19.53125 7.475249459177179 9.966999278902906
0 81.93359375 20.3125 7.62328857226367 10.164384763018226
0 58.056640625 18.75 7.32421875 9.765625
0 65.771484375 17.708333333333336 7.117861199762329 9.490481599683106
0 97.607421875 23.046875 8.120199399200482 10.82693253226731
0 91.455078125 18.75 7.32421875 9.765625
0 83.251953125 18.1640625 7.208869513560617 9.611826018080823
0 75.439453125 19.205729166666664 7.412693970636669 9.883591960848893
0 69.53125 15.625 6.686066375795484 8.914755167727312
0 57.958984375 15.4296875 6.644147051109997 8.858862734813329
0 55.224609375 23.763020833333336 8.245395560367612 10.993860747156816
0 48.388671875 15.755208333333334 6.7138671875 8.951822916666668
0 9.765625 16.341145833333336 6.837572174807153 9.116762899742872
0 2.83203125 19.075520833333336 7.3875234600282 9.850031280037602
0 81.005859375 17.122395833333336 6.9991119025755095 9.332149203434014
0 96.09375 20.442708333333336 7.647683158045451 10.196910877393934
0 86.81640625 19.205729166666664 7.412693970636669 9.883591960848893
0 98.388671875 21.028645833333336 7.756509415978292 10.342012554637723
0 85.64453125 17.708333333333336 7.117861199762329 9.490481599683106
0 94.287109375 20.3125 7.62328857226367 10.164384763018226
0 87.6953125 17.447916666666664 7.065330140863174 9.420440187817565
0 78.61328125 18.359375 7.247523246483103 9.663364328644137
0 90.33203125 21.028645833333336 7.756509415978292 10.342012554637723
0 77.001953125 16.341145833333336 6.837572174807153 9.116762899742872
0 93.26171875 20.1171875 7.586549618320344 10.115399491093791
0 73.828125 18.1640625 7.208869513560617 9.611826018080823
0 60.986328125 14.84375 6.516771394062079 8.689028525416106
0 63.623046875 15.625 6.686066375795484 8.914755167727312
0 46.09375 15.755208333333334 6.7138671875 8.951822916666668
0 66.552734375 22.591145833333336 8.039514082226251 10.719352109635
0 56.103515625 19.401041666666664 7.450290292806215 9.933720390408286
0 54.638671875 14.0625 6.342959500374307 8.457279333832409
0 53.173828125 15.625 6.686066375795484 8.914755167727312
0 53.7109375 19.401041666666664 7.450290292806215 9.933720390408286
0 59.619140625 16.536458333333336 6.878312786611722 9.171083715482297
0 51.708984375 16.666666666666664 6.905339660024879 9.207119546699838
0 35.44921875 16.080729166666664 6.782870718656271 9.043827624875028
0 28.7109375 17.578125 7.091644310682526 9.455525747576702
0 15.52734375 18.619791666666664 7.298743129334349 9.731657505779133
0 6.787109375 27.408854166666668 8.855357744474432 11.807143659299243
0 8.935546875 31.0546875 9.425930915210266 12.567907886947022
