0 90.72265625 54.296875 12.463731601966636 16.61830880262218
0 76.171875 53.255208333333336 12.343596445408132 16.45812859387751
0 82.91015625 45.1171875 11.361395549918386 15.148527399891181
0 87.255859375 44.27083333333333 11.254326730093856 15.005768973458474
0 98.193359375 41.796875 10.935347208965403 14.580462945287206
0 62.744140625 56.184895833333336 12.678575486963496 16.90476731595133
0 44.189453125 46.80989583333333 11.572561783360925 15.430082377814566
0 40.52734375 48.89322916666667 11.82728416447516 15.76971221930021
0 26.025390625 41.40625 10.884127502518925 14.512170003358568
0 21.826171875 42.05729166666667 10.969360812751116 14.62581441700149
0 7.470703125 59.244791666666664 13.019243779114712 17.358991705486282
0 9.27734375 31.380208333333332 9.475204282385269 12.633605709847027
0 3.02734375 27.734375 8.907787792557633 11.877050390076842
0 31.591796875 24.153645833333336 8.312889692307273 11.083852923076364
0 28.662109375 27.473958333333332 8.865868558553435 11.821158078071248
0 5.078125 27.083333333333332 8.802615418613255 11.736820558151006
0 45.5078125 26.822916666666668 8.760192928715409 11.680257238287211
0 58.154296875 27.734375 8.907787792557633 11.877050390076842
0 54.345703125 24.934895833333336 8.446260072691679 11.26168009692224
0 50.5859375 20.442708333333336 7.647683158045451 10.196910877393934
0 47.412109375 26.171875 8.653226854710587 11.537635806280782
0 38.28125 25.9765625 8.620878229873984 11.494504306498644
0 45.458984375 34.04947916666667 9.869971697263324 13.159962263017766
0 68.84765625 42.05729166666667 10.969360812751116 14.62581441700149
0 84.765625 28.255208333333332 8.991039955234518 11.988053273646026
0 82.32421875 24.283854166666664 8.33526628646708 11.113688381956106
0 72.119140625 25.390625 8.523095729839442 11.364127639785922
0 63.525390625 22.65625 8.051090062422436 10.734786749896582
0 59.66796875 17.643229166666664 7.104764847914316 9.473019797219088
0 53.955078125 21.875 7.911060422861158 10.548080563814876
0 88.330078125 32.94270833333333 9.708235913444133 12.944314551258843
0 75.439453125 25.325520833333332 8.512161670520847 11.349548894027794
0 37.353515625 18.684895833333336 7.311492035346033 9.748656047128044
0 95.1171875 51.3671875 12.122817423120853 16.16375656416114
0 99.31640625 69.921875 14.143835725410728 18.85844763388097
0 41.748046875 83.59375 15.464916332177644 20.619888442903527
0 41.69921875 68.81510416666666 14.031450113003721 18.70860015067163
0 43.26171875 57.03125 12.773711875278535 17.031615833704713
0 40.52734375 42.1875 10.986328125 14.6484375
0 40.234375 34.70052083333333 9.963884104806219 13.28517880640829
0 42.724609375 28.125 8.970299351012615 11.960399134683486
0 50.29296875 27.473958333333332 8.865868558553435 11.821158078071248
0 57.6171875 36.84895833333333 10.267702539831983 13.690270053109312
0 60.791015625 41.66666666666667 10.918300671385692 14.557734228514258
0 60.9375 51.432291666666664 12.130497384247919 16.17399651233056
0 76.171875 47.39583333333333 11.644765642296699 15.526354189728933
0 72.314453125 38.4765625 10.492012596234792 13.989350128313058
0 74.658203125 33.33333333333333 9.765625 13.020833333333334
0 75.5859375 27.864583333333332 8.928673607377803 11.904898143170405
0 65.13671875 28.90625 9.094033462982996 12.125377950643994
0 61.865234375 32.03125 9.572990198582838 12.763986931443785
0 28.466796875 63.0859375 13.434668397860802 17.912891197147736
0 21.142578125 56.575520833333336 12.722572989304096 16.96343065240546
0 4.150390625 71.80989583333334 14.33351875710129 19.111358342801722
0 2.294921875 57.291666666666664 12.802842384889546 17.07045651318606
0 5.76171875 38.21614583333333 10.456446349494515 13.941928465992687
0 11.474609375 34.1796875 9.888825528576445 13.185100704768596
0 1.318359375 18.880208333333336 7.349606066157407 9.799474754876544
0 2.734375 25.130208333333332 8.479274895904423 11.305699861205897
0 5.712890625 19.921875 7.549631882844837 10.066175843793117
0 2.490234375 18.489583333333336 7.273178276253042 9.697571035004056
0 6.689453125 17.447916666666664 7.065330140863174 9.420440187817565
0 10.595703125 21.09375 7.768507117527988 10.358009490037318
0 15.234375 19.466145833333336 7.462780310447684 9.950373747263578
0 17.7734375 15.559895833333334 6.672122530845778 8.896163374461038
0 20.80078125 27.34375 8.84483443981289 11.793112586417188
0 22.900390625 36.78385416666667 10.258628121320564 13.678170828427419
0 18.9453125 22.8515625 8.085718566584333 10.780958088779109
0 19.62890625 17.057291666666664 6.985792933508055 9.31439057801074
0 11.962890625 17.7734375 7.130933499479933 9.50791133263991
0 35.205078125 28.059895833333332 8.959911044862793 11.946548059817056
0 39.74609375 23.2421875 8.154534433525017 10.872712578033356
0 46.533203125 23.6328125 8.222774405094897 10.963699206793196
0 56.8359375 24.869791666666664 8.435226416678011 11.246968555570682
0 58.30078125 19.856770833333336 7.537285788103314 10.049714384137753
0 51.3671875 18.684895833333336 7.311492035346033 9.748656047128044
0 58.59375 24.283854166666664 8.33526628646708 11.113688381956106
0 90.673828125 42.31770833333333 11.00326927326657 14.671025697688759
0 87.744140625 37.109375 10.30392029793343 13.738560397244573
0 84.912109375 32.6171875 9.660151239834237 12.880201653112316
0 94.775390625 38.41145833333333 10.483132346995646 13.977509795994195
0 92.236328125 32.421875 9.631185203893738 12.84158027185832
0 88.525390625 27.994791666666668 8.94951068030712 11.932680907076158
0 85.3515625 25.911458333333332 8.610068346964042 11.480091129285388
0 97.265625 31.315104166666668 9.465370128949479 12.62049350526597
0 99.755859375 35.9375 10.139921707663666 13.51989561021822
0 97.119140625 28.645833333333332 9.052976668817948 12.07063555842393
0 90.380859375 27.34375 8.84483443981289 11.793112586417188
0 80.712890625 22.135416666666664 7.958010748538389 10.610680998051187
0 84.765625 23.046875 8.120199399200482 10.82693253226731
0 88.57421875 21.2890625 7.804389558437758 10.405852744583676
0 89.16015625 25.716145833333332 8.57755695956738 11.436742612756506
0 94.140625 25.065104166666668 8.468284256293707 11.291045675058275
0 90.4296875 21.744791666666664 7.887480458569388 10.51664061142585
0 79.78515625 19.661458333333336 7.500125566067204 10.00016742142294
0 76.66015625 17.057291666666664 6.985792933508055 9.31439057801074
0 74.169921875 20.1171875 7.586549618320344 10.115399491093791
0 70.947265625 15.885416666666666 6.741553355216833 8.988737806955777
0 79.443359375 17.447916666666664 7.065330140863174 9.420440187817565
0 84.326171875 20.377604166666664 7.635495607419925 10.180660809893233
0 93.212890625 21.744791666666664 7.887480458569388 10.51664061142585
0 96.826171875 22.8515625 8.085718566584333 10.780958088779109
0 55.76171875 20.052083333333336 7.574263699945591 10.099018266594122
0 52.783203125 14.973958333333334 6.545291317604741 8.727055090139656
0 43.65234375 17.057291666666664 6.985792933508055 9.31439057801074
0 53.7109375 18.033854166666664 7.182984799767957 9.577313066357275
0 40.0390625 16.6015625 6.891839471823862 9.189119295765149
0 44.970703125 15.950520833333334 6.755353888299149 9.0071385177322
0 35.986328125 19.270833333333336 7.425247229367944 9.900329639157258
0 33.056640625 16.341145833333336 6.837572174807153 9.116762899742872
0 34.228515625 20.963541666666664 7.7444931277157725 10.325990836954363
0 30.17578125 21.614583333333336 7.863829789260941 10.485106385681254
0 26.904296875 20.1171875 7.586549618320344 10.115399491093791
0 23.193359375 19.3359375 7.437779301119349 9.917039068159132
0 29.931640625 18.880208333333336 7.349606066157407 9.799474754876544
0 26.904296875 15.364583333333334 6.6301150458985685 8.840153394531425
0 22.998046875 16.536458333333336 6.878312786611722 9.171083715482297
0 13.4765625 17.3828125 7.052136235529384 9.40284831403918
0 9.423828125 19.205729166666664 7.412693970636669 9.883591960848893
0 7.275390625 28.190104166666668 8.980675640601907 11.974234187469209
0 15.185546875 25.130208333333332 8.479274895904423 11.305699861205897
0 11.669921875 24.21875 8.324085508414218 11.098780677885625
0 3.41796875 19.7265625 7.512532730158185 10.01671030687758
0 14.306640625 17.838541666666664 7.143981879101334 9.525309172135112
0 21.484375 16.2109375 6.810276368536802 9.080368491382403
0 29.6875 15.169270833333334 6.587839704871492 8.783786273161988
0 28.955078125 19.3359375 7.437779301119349 9.917039068159132
0 37.890625 15.950520833333334 6.755353888299149 9.0071385177322
0 42.87109375 16.015625 6.7691262856502785 9.025501714200372
0 47.8515625 14.973958333333334 6.545291317604741 8.727055090139656
0 66.11328125 24.088541666666664 8.301678777304348 11.068905036405797
0 70.263671875 23.2421875 8.154534433525017 10.872712578033356
0 64.94140625 20.052083333333336 7.574263699945591 10.099018266594122
0 77.001953125 22.786458333333336 8.074192233473482 10.765589644631309
0 81.689453125 18.294270833333336 7.234661615679748 9.646215487572997
0 85.693359375 19.3359375 7.437779301119349 9.917039068159132
0 98.046875 21.09375 7.768507117527988 10.358009490037318
0 73.53515625 15.755208333333334 6.7138671875 8.951822916666668
0 67.919921875 16.015625 6.7691262856502785 9.025501714200372
0 64.35546875 17.1875 7.012405574387241 9.349874099182989
0 59.716796875 14.84375 6.516771394062079 8.689028525416106
0 56.884765625 16.927083333333336 6.959078522333606 9.278771363111476
0 41.796875 16.341145833333336 6.837572174807153 9.116762899742872
0 66.2109375 15.885416666666666 6.741553355216833 8.988737806955777
0 61.71875 15.104166666666666 6.573687508709111 8.764916678278816
0 24.560546875 16.341145833333336 6.837572174807153 9.116762899742872
0 47.705078125 19.3359375 7.437779301119349 9.917039068159132
0 36.42578125 15.559895833333334 6.672122530845778 8.896163374461038
0 25.390625 17.1875 7.012405574387241 9.349874099182989
0 7.275390625 21.2890625 7.804389558437758 10.405852744583676
0 27.05078125 27.018229166666668 8.792028986137655 11.722705314850208
0 45.21484375 90.55989583333334 16.09639525664135 21.461860342188466
0 84.130859375 18.294270833333336 7.234661615679748 9.646215487572997
0 73.876953125 17.96875 7.170007400189656 9.56000986691954
0 63.525390625 15.690104166666666 6.699981201202437 8.933308268269917
0 55.95703125 16.2109375 6.810276368536802 9.080368491382403
0 46.630859375 15.885416666666666 6.741553355216833 8.988737806955777
0 45.21484375 20.703125 7.6962403643301345 10.261653819106845
0 54.8828125 14.84375 6.516771394062079 8.689028525416106
0 31.73828125 17.7734375 7.130933499479933 9.50791133263991
0 24.0234375 15.169270833333334 6.587839704871492 8.783786273161988
0 30.95703125 15.885416666666666 6.741553355216833 8.988737806955777
0 34.86328125 15.755208333333334 6.7138671875 8.951822916666668
0 83.056640625 39.90885416666667 10.685511108405517 14.24734814454069
0 98.92578125 24.934895833333336 8.446260072691679 11.26168009692224
0 96.19140625 21.2890625 7.804389558437758 10.405852744583676
0 88.037109375 19.205729166666664 7.412693970636669 9.883591960848893
0 71.044921875 18.619791666666664 7.298743129334349 9.731657505779133
0 26.904296875 23.2421875 8.154534433525017 10.872712578033356
0 66.796875 20.377604166666664 7.635495607419925 10.180660809893233
0 55.029296875 27.734375 8.907787792557633 11.877050390076842
