0 74.70703125 61.1328125 13.225066333020294 17.633421777360393
0 9.5703125 57.291666666666664 12.802842384889546 17.07045651318606
0 38.330078125 50.716145833333336 12.045748508295013 16.06099801106002
0 36.083984375 28.450520833333332 9.02206146184966 12.029415282466214
0 8.0078125 28.841145833333332 9.083786661460703 12.11171554861427
0 15.185546875 22.330729166666664 7.993042513249997 10.657390017666662
0 13.037109375 31.184895833333332 9.445671106287941 12.594228141717254
0 67.87109375 42.7734375 11.062358984614171 14.74981197948556
0 74.609375 33.65885416666667 9.813192865486773 13.084257153982362
0 90.087890625 41.73177083333333 10.926827264384862 14.569103019179815
0 91.30859375 25.1953125 8.490251308132054 11.320335077509403
0 88.232421875 17.7734375 7.130933499479933 9.50791133263991
0 61.9140625 13.802083333333334 6.283953943473511 8.378605257964681
0 37.3046875 16.9921875 6.972448522214271 9.296598029619028
0 99.70703125 26.5625 8.717563999686098 11.62341866624813
0 99.21875 21.484375 7.840107775064166 10.453477033418888
0 28.7109375 14.908854166666666 6.531046923532928 8.708062564710572
0 6.0546875 17.122395833333336 6.9991119025755095 9.332149203434014
0 1.3671875 20.5078125 7.659851317145468 10.21313508952729
0 24.4140625 14.778645833333334 6.502464524127966 8.669952698837287
0 34.86328125 16.015625 6.7691262856502785 9.025501714200372
0 28.7109375 19.7265625 7.512532730158185 10.01671030687758
0 49.31640625 16.731770833333336 6.9188135063199665 9.225084675093289
0 42.67578125 15.885416666666666 6.741553355216833 8.988737806955777
0 91.40625 32.29166666666667 9.611826018080825 12.815768024107768
0 85.400390625 33.65885416666667 9.813192865486773 13.084257153982362
0 93.603515625 29.427083333333332 9.175595934065496 12.234127912087327
0 95.849609375 32.94270833333333 9.708235913444133 12.944314551258843
0 80.6640625 26.5625 8.717563999686098 11.62341866624813
0 79.150390625 30.794270833333332 9.386325988299376 12.515101317732501
0 68.359375 29.947916666666668 9.25643975103949 12.341919668052654
0 72.36328125 25.5859375 8.555814067917595 11.407752090556793
0 64.794921875 27.083333333333332 8.802615418613255 11.736820558151006
0 60.888671875 33.07291666666667 9.727403229070575 12.9698709720941
0 63.037109375 26.953125 8.78142979122202 11.708573054962693
0 56.884765625 30.6640625 9.366460725843998 12.48861430112533
0 53.515625 37.04427083333333 10.29487780360901 13.726503738145347
0 49.31640625 30.338541666666668 9.316612257369233 12.42214967649231
0 42.138671875 29.947916666666668 9.25643975103949 12.341919668052654
0 43.65234375 37.63020833333333 10.3759765625 13.834635416666666
0 44.921875 44.46614583333333 11.279125129746294 15.038833506328391
0 56.396484375 43.61979166666667 11.171267833082963 14.895023777443953
0 52.099609375 43.75 11.187928942763282 14.917238590351042
0 24.70703125 85.9375 15.680215550128333 20.906954066837777
0 39.35546875 77.66927083333334 14.906829518823015 19.87577269176402
0 35.693359375 61.653645833333336 13.28128365905087 17.708378212067824
0 23.92578125 53.190104166666664 12.336049152470542 16.44806553662739
0 12.548828125 38.8671875 10.545137050275265 14.060182733700355
0 17.96875 31.4453125 9.485028239697298 12.646704319596397
0 24.8046875 29.427083333333332 9.175595934065496 12.234127912087327
0 30.126953125 29.166666666666668 9.134905729428569 12.17987430590476
0 39.892578125 27.9296875 8.939098215256843 11.918797620342456
0 44.580078125 23.2421875 8.154534433525017 10.872712578033356
0 50.732421875 23.502604166666664 8.200090846279542 10.933454461706056
0 56.591796875 23.958333333333336 8.279211405182211 11.038948540242949
0 52.978515625 20.1171875 7.586549618320344 10.115399491093791
0 19.82421875 21.223958333333336 7.792447103762027 10.389929471682702
0 27.001953125 18.489583333333336 7.273178276253042 9.697571035004056
0 18.994140625 17.96875 7.170007400189656 9.56000986691954
0 5.56640625 20.1171875 7.586549618320344 10.115399491093791
0 1.953125 24.869791666666664 8.435226416678011 11.246968555570682
0 2.294921875 18.229166666666664 7.221777078979024 9.629036105305365
0 11.279296875 20.377604166666664 7.635495607419925 10.180660809893233
0 24.609375 20.5078125 7.659851317145468 10.21313508952729
0 20.60546875 16.145833333333336 6.796587356970242 9.062116475960323
0 22.55859375 22.330729166666664 7.993042513249997 10.657390017666662
0 31.884765625 19.856770833333336 7.537285788103314 10.049714384137753
0 27.783203125 16.40625 6.8511792970714245 9.134905729428567
0 32.6171875 16.145833333333336 6.796587356970242 9.062116475960323
0 38.96484375 15.169270833333334 6.587839704871492 8.783786273161988
0 43.65234375 17.643229166666664 7.104764847914316 9.473019797219088
0 39.2578125 17.122395833333336 6.9991119025755095 9.332149203434014
0 47.65625 16.276041666666664 6.823937919616058 9.09858389282141
0 55.56640625 14.778645833333334 6.502464524127966 8.669952698837287
0 60.05859375 15.885416666666666 6.741553355216833 8.988737806955777
0 67.333984375 16.145833333333336 6.796587356970242 9.062116475960323
0 57.177734375 16.40625 6.8511792970714245 9.134905729428567
0 64.501953125 16.731770833333336 6.9188135063199665 9.225084675093289
0 68.896484375 15.755208333333334 6.7138671875 8.951822916666668
0 73.388671875 15.755208333333334 6.7138671875 8.951822916666668
0 77.294921875 17.122395833333336 6.9991119025755095 9.332149203434014
0 72.0703125 16.861979166666664 6.945682786096826 9.260910381462436
0 80.2734375 19.140625 7.400119417103358 9.866825889471144
0 85.986328125 19.270833333333336 7.425247229367944 9.900329639157258
0 91.11328125 19.986979166666664 7.561957820656658 10.08261042754221
0 94.7265625 22.330729166666664 7.993042513249997 10.657390017666662
0 83.935546875 19.596354166666664 7.487697843252746 9.983597124336994
0 96.337890625 23.372395833333336 8.177344364608315 10.903125819477753
0 84.47265625 26.692708333333332 8.738904457566134 11.651872610088178
0 81.298828125 21.875 7.911060422861158 10.548080563814876
0 75.341796875 24.739583333333336 8.413115693414442 11.217487591219255
0 66.2109375 22.135416666666664 7.958010748538389 10.610680998051187
0 62.20703125 21.223958333333336 7.792447103762027 10.389929471682702
0 79.345703125 21.484375 7.840107775064166 10.453477033418888
0 74.951171875 19.3359375 7.437779301119349 9.917039068159132
0 60.888671875 23.2421875 8.154534433525017 10.872712578033356
0 41.40625 20.963541666666664 7.7444931277157725 10.325990836954363
0 98.779296875 30.533854166666668 9.346553241646458 12.462070988861944
