0 78.759765625 69.140625 14.06459792700551 18.752797236007346
0 59.375 59.505208333333336 13.047826126972625 17.397101502630168
0 52.197265625 52.1484375 12.214658261834412 16.286211015779216
0 40.0390625 49.21875 11.866590634291736 15.822120845722315
0 70.3125 57.356770833333336 12.810114661752536 17.080152882336716
0 68.701171875 46.80989583333333 11.572561783360925 15.430082377814566
0 74.560546875 41.27604166666667 10.867000619363317 14.489334159151088
0 87.3046875 46.35416666666667 11.516090249092533 15.354786998790045
0 83.7890625 59.375 13.033542788124159 17.37805705083221
0 74.951171875 34.9609375 10.001202153426476 13.334936204568635
0 80.859375 34.83072916666667 9.982560567502519 13.310080756670025
0 77.5390625 31.380208333333332 9.475204282385269 12.633605709847027
0 73.828125 28.841145833333332 9.083786661460703 12.11171554861427
0 65.869140625 36.84895833333333 10.267702539831983 13.690270053109312
0 60.44921875 41.27604166666667 10.867000619363317 14.489334159151088
0 57.32421875 36.71875 10.24954566879069 13.66606089172092
0 48.095703125 34.70052083333333 9.963884104806219 13.28517880640829
0 42.1875 35.80729166666667 10.121535615098267 13.495380820131023
0 36.9140625 36.71875 10.24954566879069 13.66606089172092
0 30.419921875 38.0859375 10.438617783500408 13.918157044667211
0 27.001953125 32.421875 9.631185203893738 12.84158027185832
0 28.271484375 25.9765625 8.620878229873984 11.494504306498644
0 20.849609375 26.692708333333332 8.738904457566134 11.651872610088178
0 12.40234375 29.8828125 9.24637292940864 12.32849723921152
0 11.279296875 38.4765625 10.492012596234792 13.989350128313058
0 4.6875 39.2578125 10.597995211294762 14.130660281726351
0 1.46484375 47.59114583333333 11.66873431048899 15.55831241398532
0 4.541015625 24.4140625 8.357582969744357 11.143443959659143
0 15.234375 23.697916666666664 8.234092750996119 10.978790334661493
0 11.5234375 21.028645833333336 7.756509415978292 10.342012554637723
0 4.248046875 21.549479166666664 7.85197774064246 10.469303654189947
