0 88.4765625 93.09895833333334 16.320485787501145 21.760647716668192
0 83.544921875 85.9375 15.680215550128333 20.906954066837777
0 86.328125 60.091145833333336 13.111908605310568 17.482544807080757
0 91.2109375 51.888020833333336 12.184121568406452 16.245495424541936
0 78.759765625 54.361979166666664 12.47120162457431 16.628268832765748
0 66.455078125 58.3984375 12.925914663420027 17.234552884560035
0 52.44140625 48.4375 11.772034620352729 15.696046160470303
0 35.107421875 59.700520833333336 13.069221866066808 17.425629154755743
0 22.4609375 50.5859375 12.03027547877626 16.040367305035012
0 17.138671875 38.0859375 10.438617783500408 13.918157044667211
0 10.400390625 37.17447916666667 10.31295486371814 13.75060648495752
0 0.830078125 58.919270833333336 12.983427359730621 17.311236479640826
0 3.90625 31.8359375 9.543759625922785 12.725012834563712
0 9.47265625 26.432291666666668 8.696171172348027 11.594894896464037
0 10.986328125 20.052083333333336 7.574263699945591 10.099018266594122
0 22.0703125 24.609375 8.39094670707246 11.187928942763282
0 31.298828125 35.3515625 10.056919588186085 13.409226117581447
0 35.107421875 43.09895833333333 11.10437341226822 14.805831216357626
0 47.216796875 35.87239583333333 10.130732832457173 13.507643776609566
0 49.853515625 28.580729166666668 9.042683343523592 12.056911124698123
0 45.263671875 26.822916666666668 8.760192928715409 11.680257238287211
0 32.666015625 28.190104166666668 8.980675640601907 11.974234187469209
0 31.201171875 21.875 7.911060422861158 10.548080563814876
0 27.099609375 23.4375 8.188725503539269 10.918300671385692
0 19.43359375 25.651041666666668 8.566692411876344 11.422256549168457
0 60.791015625 10.7421875 5.543793372981247 7.391724497308329
0 71.19140625 16.080729166666664 6.782870718656271 9.043827624875028
0 65.283203125 24.21875 8.324085508414218 11.098780677885625
0 61.767578125 28.580729166666668 9.042683343523592 12.056911124698123
0 60.15625 35.61197916666667 10.093893681970965 13.458524909294619
0 64.892578125 40.88541666666667 10.81545724284018 14.42060965712024
0 79.052734375 38.0859375 10.438617783500408 13.918157044667211
0 85.64453125 34.9609375 10.001202153426476 13.334936204568635
0 90.0390625 38.73697916666667 10.527458685705774 14.036611580941033
0 94.384765625 43.61979166666667 11.171267833082963 14.895023777443953
0 98.876953125 39.0625 10.57159916729051 14.095465556387346
0 99.169921875 31.4453125 9.485028239697298 12.646704319596397
0 96.630859375 26.432291666666668 8.696171172348027 11.594894896464037
0 97.216796875 19.140625 7.400119417103358 9.866825889471144
0 91.40625 17.838541666666664 7.143981879101334 9.525309172135112
0 89.6484375 27.604166666666668 8.886852892188134 11.849137189584178
0 93.701171875 30.143229166666668 9.286574740419274 12.382099653892366
0 85.15625 27.473958333333332 8.865868558553435 11.821158078071248
0 79.931640625 26.953125 8.78142979122202 11.708573054962693
0 75.0 29.8828125 9.24637292940864 12.32849723921152
0 79.833984375 18.098958333333336 7.195938795502683 9.594585060670244
0 71.484375 20.703125 7.6962403643301345 10.261653819106845
0 59.375 23.828125 8.256682897014576 11.008910529352768
0 60.05859375 20.442708333333336 7.647683158045451 10.196910877393934
0 64.697265625 16.471354166666664 6.864759447755123 9.15301259700683
0 51.416015625 15.8203125 6.72772451325946 8.970299351012613
0 46.826171875 13.606770833333334 6.2393335877260965 8.319111450301463
0 42.67578125 15.559895833333334 6.672122530845778 8.896163374461038
0 40.91796875 23.567708333333336 8.211440458419013 10.948587277892017
0 37.59765625 18.229166666666664 7.221777078979024 9.629036105305365
0 44.384765625 13.8671875 6.298757153488249 8.398342871317666
0 32.470703125 13.346354166666666 6.179338602086361 8.239118136115147
0 27.392578125 17.578125 7.091644310682526 9.455525747576702
0 20.21484375 20.442708333333336 7.647683158045451 10.196910877393934
0 13.916015625 18.098958333333336 7.195938795502683 9.594585060670244
0 4.296875 25.78125 8.588407763348565 11.451210351131419
0 52.9296875 28.190104166666668 8.980675640601907 11.974234187469209
0 46.728515625 22.265625 7.981382342908947 10.641843123878598
0 50.732421875 18.619791666666664 7.298743129334349 9.731657505779133
0 56.34765625 15.559895833333334 6.672122530845778 8.896163374461038
0 38.76953125 12.955729166666666 6.088237714617921 8.117650286157229
0 27.490234375 15.0390625 6.559504779115197 8.746006372153596
0 29.345703125 20.572916666666664 7.672000176987631 10.229333569316841
0 22.36328125 11.393229166666668 5.7093160808928545 7.612421441190473
0 18.310546875 11.9140625 5.838356466585996 7.784475288781327
0 18.212890625 19.270833333333336 7.425247229367944 9.900329639157258
0 11.865234375 17.317708333333336 7.038917599286375 9.385223465715166
0 3.80859375 16.666666666666664 6.905339660024879 9.207119546699838
0 28.955078125 14.127604166666666 6.3576253222655215 8.476833763020695
0 24.12109375 14.6484375 6.473755931273323 8.631674575031097
0 36.1328125 14.6484375 6.473755931273323 8.631674575031097
0 45.849609375 14.778645833333334 6.502464524127966 8.669952698837287
0 58.0078125 13.346354166666666 6.179338602086361 8.239118136115147
0 76.66015625 20.963541666666664 7.7444931277157725 10.325990836954363
0 80.908203125 22.135416666666664 7.958010748538389 10.610680998051187
0 86.42578125 22.65625 8.051090062422436 10.734786749896582
0 93.45703125 23.4375 8.188725503539269 10.918300671385692
0 89.2578125 24.348958333333336 8.346432086900233 11.128576115866979
0 66.162109375 12.955729166666666 6.088237714617921 8.117650286157229
0 76.3671875 14.388020833333334 6.415953381844678 8.554604509126236
0 82.373046875 14.778645833333334 6.502464524127966 8.669952698837287
0 88.57421875 19.270833333333336 7.425247229367944 9.900329639157258
0 41.796875 17.96875 7.170007400189656 9.56000986691954
0 39.35546875 22.265625 7.981382342908947 10.641843123878598
0 25.78125 13.216145833333334 6.149121606326259 8.198828808435012
0 19.7265625 17.1875 7.012405574387241 9.349874099182989
0 13.525390625 16.341145833333336 6.837572174807153 9.116762899742872
0 21.09375 15.690104166666666 6.699981201202437 8.933308268269917
0 11.181640625 15.950520833333334 6.755353888299149 9.0071385177322
0 19.3359375 14.388020833333334 6.415953381844678 8.554604509126236
0 91.40625 23.828125 8.256682897014576 11.008910529352768
0 86.5234375 17.1875 7.012405574387241 9.349874099182989
0 82.470703125 19.401041666666664 7.450290292806215 9.933720390408286
0 66.943359375 16.471354166666664 6.864759447755123 9.15301259700683
0 55.2734375 13.997395833333334 6.328259690346595 8.437679587128793
