0 29.052734375 89.453125 15.997732448829538 21.330309931772717
0 6.201171875 43.5546875 11.162927952985768 14.883903937314358
0 4.345703125 23.307291666666664 8.165947363439729 10.88792981791964
0 1.416015625 39.51822916666667 10.633088006704314 14.177450675605751
0 36.083984375 43.81510416666667 11.196250200100184 14.928333600133579
0 59.1796875 36.1328125 10.167438506443897 13.556584675258529
0 45.01953125 42.7734375 11.062358984614171 14.74981197948556
0 55.810546875 37.3046875 10.331000292853245 13.77466705713766
0 73.6328125 44.59635416666667 11.295627150464934 15.060836200619912
0 69.091796875 35.09114583333333 10.019809057239993 13.359745409653323
0 84.326171875 31.0546875 9.425930915210266 12.567907886947022
0 70.99609375 28.385416666666668 9.011732824849489 12.015643766465985
0 76.66015625 24.934895833333336 8.446260072691679 11.26168009692224
0 55.029296875 30.013020833333332 9.266495636406846 12.35532751520913
0 63.818359375 28.255208333333332 8.991039955234518 11.988053273646026
0 53.90625 17.96875 7.170007400189656 9.56000986691954
0 60.05859375 29.427083333333332 9.175595934065496 12.234127912087327
0 41.552734375 28.385416666666668 9.011732824849489 12.015643766465985
0 36.181640625 26.7578125 8.749555167743805 11.66607355699174
0 34.326171875 40.55989583333333 10.77231603681811 14.363088049090814
0 0.87890625 24.674479166666664 8.402038511923953 11.202718015898604
0 13.671875 24.934895833333336 8.446260072691679 11.26168009692224
0 93.603515625 52.018229166666664 12.199399469791677 16.265865959722237
0 84.912109375 23.177083333333336 8.143105507889608 10.857474010519478
0 66.30859375 27.018229166666668 8.792028986137655 11.722705314850208
0 50.244140625 26.627604166666668 8.728240750778255 11.637654334371007
0 42.67578125 25.5859375 8.555814067917595 11.407752090556793
0 49.560546875 31.640625 9.51443925056146 12.685919000748614
0 21.728515625 17.96875 7.170007400189656 9.56000986691954
0 14.013671875 20.377604166666664 7.635495607419925 10.180660809893233
0 17.3828125 20.377604166666664 7.635495607419925 10.180660809893233
0 12.109375 20.052083333333336 7.574263699945591 10.099018266594122
0 34.423828125 23.893229166666664 8.267954824306681 11.023939765742242
0 46.6796875 21.809895833333336 7.8992792392241125 10.532372318965482
0 47.998046875 17.708333333333336 7.117861199762329 9.490481599683106
0 78.41796875 20.377604166666664 7.635495607419925 10.180660809893233
0 80.224609375 21.809895833333336 7.8992792392241125 10.532372318965482
0 81.34765625 25.130208333333332 8.479274895904423 11.305699861205897
0 86.81640625 29.1015625 9.124704826492952 12.166273101990603
0 91.162109375 24.544270833333336 8.379840220792225 11.173120294389632
0 91.796875 29.557291666666668 9.195873518871684 12.261164691828911
0 99.072265625 25.9765625 8.620878229873984 11.494504306498644
0 83.7890625 22.005208333333336 7.9345703125 10.579427083333332
0 82.2265625 21.809895833333336 7.8992792392241125 10.532372318965482
0 73.779296875 62.825520833333336 13.406910788872556 17.875881051830074
0 40.234375 68.03385416666666 13.951574036453199 18.60209871527093
0 53.466796875 44.01041666666667 11.221176947540428 14.961569263387236
0 87.255859375 36.39322916666667 10.204012144348443 13.605349525797925
0 72.65625 31.510416666666668 9.494842032534208 12.659789376712277
0 79.8828125 30.729166666666668 9.376398618003673 12.501864824004896
0 74.658203125 29.1015625 9.124704826492952 12.166273101990603
0 25.634765625 47.52604166666667 11.660750228602783 15.547666971470377
0 12.255859375 56.640625 12.729891122201057 16.97318816293474
0 16.69921875 49.15364583333333 11.85873976301602 15.811653017354693
0 34.765625 33.85416666666667 9.841623227903504 13.122164303871338
0 95.068359375 28.255208333333332 8.991039955234518 11.988053273646026
0 70.99609375 23.763020833333336 8.245395560367612 10.993860747156816
0 59.1796875 21.6796875 7.875664001809045 10.500885335745393
0 49.8046875 15.885416666666666 6.741553355216833 8.988737806955777
0 42.578125 20.052083333333336 7.574263699945591 10.099018266594122
0 49.21875 22.721354166666664 8.062649422377262 10.75019922983635
0 25.634765625 25.716145833333332 8.57755695956738 11.436742612756506
0 12.01171875 28.059895833333332 8.959911044862793 11.946548059817056
0 9.326171875 20.5078125 7.659851317145468 10.21313508952729
0 29.39453125 17.513020833333336 7.0784994535786145 9.437999271438152
0 1.66015625 19.3359375 7.437779301119349 9.917039068159132
0 15.673828125 17.513020833333336 7.0784994535786145 9.437999271438152
0 23.388671875 15.625 6.686066375795484 8.914755167727312
0 19.140625 15.885416666666666 6.741553355216833 8.988737806955777
0 31.0546875 22.4609375 8.016311973000304 10.688415964000404
0 24.853515625 19.921875 7.549631882844837 10.066175843793117
0 32.080078125 17.3828125 7.052136235529384 9.40284831403918
0 41.650390625 15.885416666666666 6.741553355216833 8.988737806955777
0 51.708984375 15.169270833333334 6.587839704871492 8.783786273161988
0 89.697265625 31.640625 9.51443925056146 12.685919000748614
0 37.890625 16.471354166666664 6.864759447755123 9.15301259700683
0 63.720703125 15.625 6.686066375795484 8.914755167727312
0 43.896484375 18.098958333333336 7.195938795502683 9.594585060670244
0 45.99609375 15.755208333333334 6.7138671875 8.951822916666668
0 35.888671875 16.666666666666664 6.905339660024879 9.207119546699838
0 34.08203125 17.708333333333336 7.117861199762329 9.490481599683106
0 18.017578125 14.84375 6.516771394062079 8.689028525416106
0 65.52734375 17.252604166666664 7.025674092542321 9.367565456723094
0 94.287109375 22.8515625 8.085718566584333 10.780958088779109
0 83.0078125 18.5546875 7.28597191547444 9.714629220632586
0 71.728515625 21.223958333333336 7.792447103762027 10.389929471682702
0 68.1640625 19.791666666666664 7.524919437217989 10.033225916290652
0 66.064453125 15.0390625 6.559504779115197 8.746006372153596
0 62.158203125 24.348958333333336 8.346432086900233 11.128576115866979
0 66.943359375 22.721354166666664 8.062649422377262 10.75019922983635
0 64.306640625 21.419270833333336 7.828219811023351 10.437626414697803
0 52.34375 22.005208333333336 7.9345703125 10.579427083333332
0 49.70703125 19.921875 7.549631882844837 10.066175843793117
0 14.94140625 15.4296875 6.644147051109997 8.858862734813329
0 6.982421875 18.5546875 7.28597191547444 9.714629220632586
0 74.31640625 18.294270833333336 7.234661615679748 9.646215487572997
0 87.353515625 16.666666666666664 6.905339660024879 9.207119546699838
0 86.03515625 18.5546875 7.28597191547444 9.714629220632586
0 84.5703125 17.513020833333336 7.0784994535786145 9.437999271438152
0 68.84765625 16.341145833333336 6.837572174807153 9.116762899742872
0 60.595703125 20.052083333333336 7.574263699945591 10.099018266594122
0 76.85546875 19.921875 7.549631882844837 10.066175843793117
0 93.359375 21.549479166666664 7.85197774064246 10.469303654189947
0 97.509765625 31.770833333333332 9.53399618640949 12.711994915212655
0 27.197265625 16.471354166666664 6.864759447755123 9.15301259700683
0 78.564453125 16.927083333333336 6.959078522333606 9.278771363111476
0 75.1953125 15.299479166666666 6.61605328023645 8.821404373648601
0 70.3125 15.169270833333334 6.587839704871492 8.783786273161988
0 60.9375 14.388020833333334 6.415953381844678 8.554604509126236
