0 88.818359375 87.890625 15.857398750935767 21.143198334581022
0 71.240234375 70.37760416666666 14.189853439407557 18.919804585876744
0 45.41015625 83.3984375 15.446839275932328 20.595785701243106
0 39.501953125 60.807291666666664 13.18980882871967 17.586411771626228
0 22.216796875 48.2421875 11.748276705883885 15.664368941178514
0 2.294921875 69.85677083333334 14.13724953845272 18.849666051270294
0 92.87109375 52.083333333333336 12.20703125 16.276041666666664
0 98.6328125 44.7265625 11.312105098175438 15.082806797567253
0 86.42578125 51.3671875 12.122817423120853 16.16375656416114
0 74.560546875 52.5390625 12.260320694946696 16.347094259928927
0 66.9921875 52.34375 12.237510776222791 16.31668103496372
0 67.138671875 41.14583333333333 10.849846700824694 14.466462267766259
0 62.40234375 43.09895833333333 11.10437341226822 14.805831216357626
0 50.390625 43.09895833333333 11.10437341226822 14.805831216357626
0 41.845703125 50.390625 12.007028547916262 16.00937139722168
0 44.775390625 40.10416666666667 10.711626449453275 14.282168599271033
0 36.767578125 38.671875 10.518608361580863 14.024811148774482
0 48.14453125 33.07291666666667 9.727403229070575 12.9698709720941
0 78.515625 34.1796875 9.888825528576445 13.185100704768596
0 89.794921875 34.1796875 9.888825528576445 13.185100704768596
0 73.291015625 28.580729166666668 9.042683343523592 12.056911124698123
0 62.744140625 32.03125 9.572990198582838 12.763986931443785
0 62.255859375 26.041666666666668 8.631674575031099 11.508899433374797
0 58.203125 20.833333333333336 7.720404443770458 10.293872591693944
0 50.48828125 25.455729166666668 8.53401578009617 11.378687706794894
0 33.49609375 30.208333333333332 9.296598029619028 12.395464039492039
0 35.888671875 24.21875 8.324085508414218 11.098780677885625
0 88.037109375 66.92708333333334 13.837627012639933 18.450169350186577
0 68.603515625 58.7890625 12.969073096237658 17.29209746165021
0 62.548828125 58.463541666666664 12.93311773707098 17.244156982761304
0 59.9609375 51.5625 12.145842738117919 16.194456984157227
0 53.7109375 52.734375 12.283088255308904 16.377451007078538
0 78.857421875 52.864583333333336 12.298243212652517 16.397657616870024
0 59.9609375 36.328125 10.194881035455362 13.593174713940485
0 50.146484375 38.99739583333333 10.562785827561513 14.083714436748682
0 52.24609375 30.078125 9.276540621075844 12.368720828101127
0 46.77734375 37.5 10.358009490037318 13.810679320049758
0 57.32421875 35.3515625 10.056919588186085 13.409226117581447
0 77.294921875 41.08072916666667 10.841259563190683 14.45501275092091
0 81.884765625 42.90364583333333 11.079183874921476 14.772245166561968
0 86.81640625 33.0078125 9.717824296930333 12.957099062573777
0 92.626953125 31.25 9.4555257475767 12.607367663435602
0 66.748046875 24.609375 8.39094670707246 11.187928942763282
0 76.318359375 30.338541666666668 9.316612257369233 12.42214967649231
0 68.75 24.479166666666664 8.36871899463018 11.15829199284024
0 60.44921875 26.041666666666668 8.631674575031099 11.508899433374797
0 32.177734375 36.19791666666667 10.17659423860661 13.568792318142146
0 26.318359375 24.8046875 8.424178309229896 11.23223774563986
0 41.064453125 24.739583333333336 8.413115693414442 11.217487591219255
0 49.4140625 23.763020833333336 8.245395560367612 10.993860747156816
0 53.22265625 21.614583333333336 7.863829789260941 10.485106385681254
0 61.328125 21.809895833333336 7.8992792392241125 10.532372318965482
0 56.34765625 19.466145833333336 7.462780310447684 9.950373747263578
0 60.546875 20.5078125 7.659851317145468 10.21313508952729
0 51.025390625 19.986979166666664 7.561957820656658 10.08261042754221
0 1.7578125 33.33333333333333 9.765625 13.020833333333334
0 17.7734375 26.236979166666668 8.66398288975732 11.551977186343091
0 19.384765625 19.986979166666664 7.561957820656658 10.08261042754221
0 72.0703125 21.2890625 7.804389558437758 10.405852744583676
0 89.892578125 21.158854166666664 7.780486318348366 10.373981757797822
0 62.158203125 18.489583333333336 7.273178276253042 9.697571035004056
0 54.6875 16.145833333333336 6.796587356970242 9.062116475960323
0 34.619140625 19.270833333333336 7.425247229367944 9.900329639157258
0 14.0625 19.596354166666664 7.487697843252746 9.983597124336994
0 22.94921875 17.1875 7.012405574387241 9.349874099182989
0 21.533203125 17.7734375 7.130933499479933 9.50791133263991
0 88.57421875 28.776041666666668 9.073528288158268 12.098037717544358
0 89.306640625 24.088541666666664 8.301678777304348 11.068905036405797
0 91.89453125 25.5859375 8.555814067917595 11.407752090556793
0 96.09375 21.158854166666664 7.780486318348366 10.373981757797822
0 80.126953125 20.833333333333336 7.720404443770458 10.293872591693944
0 74.90234375 21.484375 7.840107775064166 10.453477033418888
0 79.78515625 25.78125 8.588407763348565 11.451210351131419
0 98.095703125 26.106770833333332 8.642457433170346 11.52327657756046
0 98.828125 30.533854166666668 9.346553241646458 12.462070988861944
0 71.97265625 18.489583333333336 7.273178276253042 9.697571035004056
0 65.52734375 17.513020833333336 7.0784994535786145 9.437999271438152
0 71.6796875 15.0390625 6.559504779115197 8.746006372153596
0 68.115234375 14.973958333333334 6.545291317604741 8.727055090139656
0 62.646484375 13.541666666666666 6.224389054678692 8.299185406238257
0 54.19921875 8.723958333333332 4.995942853926056 6.661257138568074
0 64.16015625 9.700520833333332 5.268150787851583 7.024201050468777
0 58.349609375 11.393229166666668 5.7093160808928545 7.612421441190473
0 45.41015625 12.890625 6.072921369058959 8.097228492078614
0 56.0546875 13.216145833333334 6.149121606326259 8.198828808435012
0 47.65625 19.466145833333336 7.462780310447684 9.950373747263578
0 51.3671875 15.299479166666666 6.61605328023645 8.821404373648601
0 42.96875 22.0703125 7.946299173761924 10.595065565015899
0 50.244140625 16.536458333333336 6.878312786611722 9.171083715482297
0 40.478515625 19.140625 7.400119417103358 9.866825889471144
0 36.23046875 14.713541666666666 6.488126106405426 8.650834808540568
0 25.732421875 21.940104166666664 7.92282408798045 10.5637654506406
0 31.0546875 16.666666666666664 6.905339660024879 9.207119546699838
0 29.150390625 21.09375 7.768507117527988 10.358009490037318
0 25.5859375 16.796875 6.932261164306974 9.243014885742634
0 21.77734375 23.4375 8.188725503539269 10.918300671385692
0 20.5078125 29.557291666666668 9.195873518871684 12.261164691828911
0 14.55078125 26.5625 8.717563999686098 11.62341866624813
0 16.162109375 37.36979166666667 10.340011197569225 13.786681596758967
0 5.224609375 36.45833333333333 10.21313508952729 13.617513452703053
0 8.251953125 28.385416666666668 9.011732824849489 12.015643766465985
0 1.07421875 27.408854166666668 8.855357744474432 11.807143659299243
0 5.224609375 24.21875 8.324085508414218 11.098780677885625
0 10.7421875 21.809895833333336 7.8992792392241125 10.532372318965482
0 6.34765625 17.643229166666664 7.104764847914316 9.473019797219088
0 3.125 21.09375 7.768507117527988 10.358009490037318
0 16.259765625 20.1171875 7.586549618320344 10.115399491093791
0 4.052734375 17.1875 7.012405574387241 9.349874099182989
0 12.451171875 13.8671875 6.298757153488249 8.398342871317666
0 23.6328125 13.541666666666666 6.224389054678692 8.299185406238257
0 31.15234375 13.020833333333334 6.103515625 8.138020833333332
0 43.1640625 13.020833333333334 6.103515625 8.138020833333332
0 49.12109375 12.890625 6.072921369058959 8.097228492078614
0 37.646484375 12.5 5.980199567341744 7.973599423122326
0 32.373046875 14.192708333333334 6.372257390692475 8.496343187589966
0 79.4921875 16.9921875 6.972448522214271 9.296598029619028
0 91.40625 16.9921875 6.972448522214271 9.296598029619028
0 95.263671875 18.489583333333336 7.273178276253042 9.697571035004056
0 92.626953125 18.1640625 7.208869513560617 9.611826018080823
0 86.23046875 16.796875 6.932261164306974 9.243014885742634
0 84.375 17.96875 7.170007400189656 9.56000986691954
0 98.388671875 19.466145833333336 7.462780310447684 9.950373747263578
0 78.173828125 13.671875 6.254242410864013 8.338989881152017
0 94.53125 27.083333333333332 8.802615418613255 11.736820558151006
0 86.181640625 20.442708333333336 7.647683158045451 10.196910877393934
0 75.1953125 15.494791666666666 6.658149484030587 8.877532645374115
0 65.0390625 12.239583333333332 5.917577950947668 7.8901039345968895
0 85.25390625 15.299479166666666 6.61605328023645 8.821404373648601
0 81.25 15.364583333333334 6.6301150458985685 8.840153394531425
0 71.435546875 12.5 5.980199567341744 7.973599423122326
0 60.15625 15.299479166666666 6.61605328023645 8.821404373648601
0 41.6015625 13.671875 6.254242410864013 8.338989881152017
0 38.330078125 16.9921875 6.972448522214271 9.296598029619028
0 28.3203125 16.536458333333336 6.878312786611722 9.171083715482297
0 18.75 13.151041666666666 6.133957288281793 8.178609717709058
0 11.572265625 17.96875 7.170007400189656 9.56000986691954
0 6.982421875 15.625 6.686066375795484 8.914755167727312
0 13.96484375 16.796875 6.932261164306974 9.243014885742634
0 4.052734375 14.713541666666666 6.488126106405426 8.650834808540568
0 27.978515625 13.151041666666666 6.133957288281793 8.178609717709058
0 10.3515625 15.0390625 6.559504779115197 8.746006372153596
0 26.5625 15.0390625 6.559504779115197 8.746006372153596
0 20.361328125 13.216145833333334 6.149121606326259 8.198828808435012
0 33.642578125 13.736979166666666 6.269115778861736 8.358821038482315
0 89.55078125 18.9453125 7.3622668956389274 9.816355860851903
0 66.40625 13.020833333333334 6.103515625 8.138020833333332
0 0.537109375 17.513020833333336 7.0784994535786145 9.437999271438152
