0 72.412109375 36.71875 10.24954566879069 13.66606089172092
0 53.7109375 37.82552083333333 10.40286898746296 13.870491983283944
0 35.986328125 36.84895833333333 10.267702539831983 13.690270053109312
0 37.59765625 43.5546875 11.162927952985768 14.883903937314358
0 25.537109375 44.46614583333333 11.279125129746294 15.038833506328391
0 32.71484375 53.776041666666664 12.403809468323715 16.53841262443162
0 42.48046875 57.942708333333336 12.875380315996695 17.16717375466226
0 9.9609375 70.3125 14.183288621365053 18.911051495153405
0 17.28515625 93.22916666666666 16.331894726879458 21.77585963583928
0 77.83203125 56.575520833333336 12.722572989304096 16.96343065240546
0 79.931640625 46.54947916666667 11.54032617260073 15.38710156346764
0 92.08984375 44.3359375 11.262598930203817 15.016798573605088
0 95.99609375 53.190104166666664 12.336049152470542 16.44806553662739
0 87.3046875 32.2265625 9.60213178866716 12.802842384889546
0 74.462890625 28.3203125 9.001392336274797 12.001856448366395
0 66.162109375 27.213541666666668 8.823750179932228 11.765000239909636
0 56.15234375 24.21875 8.324085508414218 11.098780677885625
0 38.623046875 23.958333333333336 8.279211405182211 11.038948540242949
0 42.626953125 21.484375 7.840107775064166 10.453477033418888
0 32.51953125 28.971354166666668 9.104268731797058 12.139024975729411
0 20.458984375 25.9765625 8.620878229873984 11.494504306498644
0 11.279296875 38.34635416666667 10.474244568927316 13.965659425236424
0 3.125 28.580729166666668 9.042683343523592 12.056911124698123
0 3.80859375 21.744791666666664 7.887480458569388 10.51664061142585
0 8.30078125 19.3359375 7.437779301119349 9.917039068159132
0 18.9453125 19.856770833333336 7.537285788103314 10.049714384137753
0 26.07421875 18.359375 7.247523246483103 9.663364328644137
0 16.89453125 19.986979166666664 7.561957820656658 10.08261042754221
0 51.5625 30.859375 9.396242870080965 12.52832382677462
0 51.806640625 24.609375 8.39094670707246 11.187928942763282
0 74.462890625 32.55208333333333 9.650505554713073 12.86734073961743
0 80.17578125 26.106770833333332 8.642457433170346 11.52327657756046
0 81.15234375 19.3359375 7.437779301119349 9.917039068159132
0 85.791015625 24.348958333333336 8.346432086900233 11.128576115866979
0 90.576171875 37.82552083333333 10.40286898746296 13.870491983283944
0 83.203125 37.56510416666667 10.366996918617573 13.822662558156765
0 46.38671875 73.76302083333334 14.527136517836798 19.36951535711573
0 2.83203125 16.861979166666664 6.945682786096826 9.260910381462436
0 10.15625 18.75 7.32421875 9.765625
0 18.9453125 14.127604166666666 6.3576253222655215 8.476833763020695
0 44.53125 18.229166666666664 7.221777078979024 9.629036105305365
0 53.955078125 16.731770833333336 6.9188135063199665 9.225084675093289
0 60.7421875 13.8671875 6.298757153488249 8.398342871317666
0 69.23828125 21.354166666666664 7.816313766397521 10.421751688530028
0 77.587890625 21.614583333333336 7.863829789260941 10.485106385681254
0 49.853515625 19.986979166666664 7.561957820656658 10.08261042754221
0 38.427734375 19.205729166666664 7.412693970636669 9.883591960848893
0 32.177734375 17.96875 7.170007400189656 9.56000986691954
0 39.35546875 15.950520833333334 6.755353888299149 9.0071385177322
0 74.560546875 17.447916666666664 7.065330140863174 9.420440187817565
0 84.765625 16.731770833333336 6.9188135063199665 9.225084675093289
0 99.0234375 35.48177083333333 10.075423595714831 13.433898127619774
0 91.69921875 26.3671875 8.685454999241765 11.580606665655687
0 85.15625 21.09375 7.768507117527988 10.358009490037318
0 75.341796875 21.940104166666664 7.92282408798045 10.5637654506406
0 89.94140625 22.200520833333336 7.969705113037473 10.626273484049964
0 64.84375 17.96875 7.170007400189656 9.56000986691954
0 33.642578125 20.247395833333336 7.611061958825638 10.148082611767517
0 21.2890625 21.354166666666664 7.816313766397521 10.421751688530028
0 6.591796875 18.489583333333336 7.273178276253042 9.697571035004056
0 14.013671875 16.471354166666664 6.864759447755123 9.15301259700683
0 46.19140625 15.104166666666666 6.573687508709111 8.764916678278816
0 41.69921875 16.6015625 6.891839471823862 9.189119295765149
0 33.935546875 16.861979166666664 6.945682786096826 9.260910381462436
0 23.095703125 18.229166666666664 7.221777078979024 9.629036105305365
0 98.33984375 25.716145833333332 8.57755695956738 11.436742612756506
0 92.1875 20.963541666666664 7.7444931277157725 10.325990836954363
0 81.25 16.731770833333336 6.9188135063199665 9.225084675093289
0 69.23828125 14.973958333333334 6.545291317604741 8.727055090139656
0 52.783203125 14.713541666666666 6.488126106405426 8.650834808540568
0 41.9921875 14.127604166666666 6.3576253222655215 8.476833763020695
0 30.95703125 16.2109375 6.810276368536802 9.080368491382403
0 12.5 16.9921875 6.972448522214271 9.296598029619028
0 88.427734375 26.236979166666668 8.66398288975732 11.551977186343091
0 55.56640625 19.3359375 7.437779301119349 9.917039068159132
0 23.095703125 14.973958333333334 6.545291317604741 8.727055090139656
0 35.986328125 16.2109375 6.810276368536802 9.080368491382403
0 16.064453125 18.098958333333336 7.195938795502683 9.594585060670244
0 65.380859375 15.364583333333334 6.6301150458985685 8.840153394531425
0 75.537109375 15.364583333333334 6.6301150458985685 8.840153394531425
0 88.818359375 18.229166666666664 7.221777078979024 9.629036105305365
0 78.955078125 17.578125 7.091644310682526 9.455525747576702
0 94.7265625 20.703125 7.6962403643301345 10.261653819106845
0 76.5625 15.885416666666666 6.741553355216833 8.988737806955777
0 93.505859375 19.986979166666664 7.561957820656658 10.08261042754221
0 85.3515625 18.75 7.32421875 9.765625
0 96.09375 21.484375 7.840107775064166 10.453477033418888
0 64.74609375 21.354166666666664 7.816313766397521 10.421751688530028
0 8.30078125 25.455729166666668 8.53401578009617 11.378687706794894
0 27.9296875 17.708333333333336 7.117861199762329 9.490481599683106
0 57.421875 14.2578125 6.386855937639267 8.515807916852356
0 44.23828125 13.216145833333334 6.149121606326259 8.198828808435012
0 50.146484375 12.369791666666668 5.948971157720314 7.931961543627086
0 99.0234375 22.0703125 7.946299173761924 10.595065565015899
0 70.068359375 17.96875 7.170007400189656 9.56000986691954
0 97.998046875 20.703125 7.6962403643301345 10.261653819106845
0 28.7109375 16.2109375 6.810276368536802 9.080368491382403
0 20.068359375 15.625 6.686066375795484 8.914755167727312
0 8.10546875 16.471354166666664 6.864759447755123 9.15301259700683
0 12.79296875 15.755208333333334 6.7138671875 8.951822916666668
0 6.25 16.471354166666664 6.864759447755123 9.15301259700683
0 31.298828125 14.388020833333334 6.415953381844678 8.554604509126236
0 37.98828125 14.973958333333334 6.545291317604741 8.727055090139656
0 55.859375 14.388020833333334 6.415953381844678 8.554604509126236
0 66.50390625 14.973958333333334 6.545291317604741 8.727055090139656
0 0.87890625 18.619791666666664 7.298743129334349 9.731657505779133
0 97.900390625 28.450520833333332 9.02206146184966 12.029415282466214
0 34.9609375 14.84375 6.516771394062079 8.689028525416106
0 52.685546875 52.669270833333336 12.275503760448466 16.36733834726462
0 57.080078125 45.05208333333333 11.353195335533615 15.137593780711486
0 41.796875 87.5 15.822120845722315 21.096161127629752
0 1.904296875 76.171875 14.762434841855255 19.683246455807005
0 99.31640625 61.067708333333336 13.218022355778636 17.624029807704847
0 74.0234375 47.4609375 11.652760676291981 15.537014235055976
0 85.7421875 42.05729166666667 10.969360812751116 14.62581441700149
0 77.294921875 43.42447916666667 11.146229472503464 14.861639296671287
0 60.7421875 42.31770833333333 11.00326927326657 14.671025697688759
0 58.203125 35.61197916666667 10.093893681970965 13.458524909294619
0 14.013671875 41.47135416666667 10.892680845687712 14.523574460916949
0 19.43359375 41.34114583333333 10.87556743237638 14.500756576501841
0 21.97265625 35.48177083333333 10.075423595714831 13.433898127619774
0 23.4375 54.427083333333336 12.478667175452193 16.638222900602926
0 23.828125 41.796875 10.935347208965403 14.580462945287206
0 43.017578125 26.822916666666668 8.760192928715409 11.680257238287211
0 47.216796875 23.567708333333336 8.211440458419013 10.948587277892017
0 69.23828125 29.1015625 9.124704826492952 12.166273101990603
0 76.5625 31.0546875 9.425930915210266 12.567907886947022
0 90.380859375 31.8359375 9.543759625922785 12.725012834563712
0 95.654296875 31.315104166666668 9.465370128949479 12.62049350526597
0 24.31640625 23.828125 8.256682897014576 11.008910529352768
0 30.37109375 22.4609375 8.016311973000304 10.688415964000404
0 26.26953125 23.958333333333336 8.279211405182211 11.038948540242949
0 13.232421875 21.354166666666664 7.816313766397521 10.421751688530028
0 49.4140625 23.958333333333336 8.279211405182211 11.038948540242949
0 45.263671875 23.697916666666664 8.234092750996119 10.978790334661493
0 59.9609375 26.5625 8.717563999686098 11.62341866624813
0 69.82421875 25.716145833333332 8.57755695956738 11.436742612756506
0 61.376953125 22.4609375 8.016311973000304 10.688415964000404
0 71.6796875 23.828125 8.256682897014576 11.008910529352768
0 60.3515625 21.354166666666664 7.816313766397521 10.421751688530028
0 67.822265625 25.325520833333332 8.512161670520847 11.349548894027794
0 58.837890625 20.572916666666664 7.672000176987631 10.229333569316841
0 35.546875 21.223958333333336 7.792447103762027 10.389929471682702
0 11.279296875 20.572916666666664 7.672000176987631 10.229333569316841
0 47.0703125 20.247395833333336 7.611061958825638 10.148082611767517
0 86.083984375 21.875 7.911060422861158 10.548080563814876
0 93.75 24.869791666666664 8.435226416678011 11.246968555570682
0 87.59765625 22.981770833333336 8.108722079825698 10.811629439767596
0 28.7109375 20.963541666666664 7.7444931277157725 10.325990836954363
0 57.373046875 19.856770833333336 7.537285788103314 10.049714384137753
0 91.69921875 24.088541666666664 8.301678777304348 11.068905036405797
0 42.822265625 16.9921875 6.972448522214271 9.296598029619028
0 36.669921875 18.619791666666664 7.298743129334349 9.731657505779133
0 11.865234375 30.078125 9.276540621075844 12.368720828101127
0 8.740234375 34.5703125 9.945172568847854 13.26023009179714
0 60.3515625 17.708333333333336 7.117861199762329 9.490481599683106
0 80.126953125 21.484375 7.840107775064166 10.453477033418888
