0 8.056640625 26.5625 8.717563999686098 11.62341866624813
0 3.564453125 15.950520833333334 6.755353888299149 9.0071385177322
0 10.546875 16.731770833333336 6.9188135063199665 9.225084675093289
0 18.26171875 17.1875 7.012405574387241 9.349874099182989
0 7.958984375 16.731770833333336 6.9188135063199665 9.225084675093289
0 14.013671875 15.8203125 6.72772451325946 8.970299351012613
0 5.46875 15.8203125 6.72772451325946 8.970299351012613
0 11.865234375 14.518229166666666 6.444919458600731 8.593225944800976
0 10.205078125 22.135416666666664 7.958010748538389 10.610680998051187
0 23.583984375 18.1640625 7.208869513560617 9.611826018080823
0 9.033203125 14.713541666666666 6.488126106405426 8.650834808540568
0 15.771484375 14.388020833333334 6.415953381844678 8.554604509126236
0 23.14453125 12.630208333333334 6.011265748166568 8.015020997555423
0 26.318359375 22.135416666666664 7.958010748538389 10.610680998051187
0 20.166015625 11.197916666666668 5.660167538754702 7.546890051672936
0 32.373046875 16.731770833333336 6.9188135063199665 9.225084675093289
0 24.90234375 14.0625 6.342959500374307 8.457279333832409
0 19.23828125 12.630208333333334 6.011265748166568 8.015020997555423
0 27.880859375 15.169270833333334 6.587839704871492 8.783786273161988
0 17.1875 12.825520833333334 6.057566296777102 8.076755062369468
0 30.810546875 13.411458333333334 6.194391824397107 8.259189099196142
0 39.013671875 20.052083333333336 7.574263699945591 10.099018266594122
0 33.056640625 12.955729166666666 6.088237714617921 8.117650286157229
0 41.162109375 11.71875 5.790303332827843 7.720404443770458
0 54.541015625 8.528645833333332 4.93970155524861 6.58626874033148
0 43.017578125 11.979166666666668 5.854286527481347 7.805715369975129
0 49.31640625 15.299479166666666 6.61605328023645 8.821404373648601
0 38.427734375 16.731770833333336 6.9188135063199665 9.225084675093289
0 48.974609375 12.3046875 5.933295317145868 7.911060422861158
0 35.9375 12.825520833333334 6.057566296777102 8.076755062369468
0 45.654296875 11.71875 5.790303332827843 7.720404443770458
0 28.955078125 12.825520833333334 6.057566296777102 8.076755062369468
0 53.955078125 13.0859375 6.118755388111396 8.15834051748186
0 45.41015625 17.3828125 7.052136235529384 9.40284831403918
0 65.185546875 10.091145833333332 5.373174091082461 7.164232121443281
0 55.810546875 9.765625 5.285799583645255 7.047732778193673
0 59.27734375 16.731770833333336 6.9188135063199665 9.225084675093289
0 77.392578125 12.630208333333334 6.011265748166568 8.015020997555423
0 67.919921875 11.393229166666668 5.7093160808928545 7.612421441190473
0 72.412109375 18.489583333333336 7.273178276253042 9.697571035004056
0 66.6015625 13.0859375 6.118755388111396 8.15834051748186
0 76.318359375 17.1875 7.012405574387241 9.349874099182989
0 58.69140625 11.5234375 5.74184805976159 7.6557974130154545
0 63.28125 13.606770833333334 6.2393335877260965 8.319111450301463
0 70.5078125 14.0625 6.342959500374307 8.457279333832409
0 81.298828125 19.140625 7.400119417103358 9.866825889471144
0 63.18359375 19.401041666666664 7.450290292806215 9.933720390408286
0 82.373046875 14.713541666666666 6.488126106405426 8.650834808540568
0 75.390625 13.0859375 6.118755388111396 8.15834051748186
0 92.919921875 16.40625 6.8511792970714245 9.134905729428567
0 86.181640625 15.169270833333334 6.587839704871492 8.783786273161988
0 98.828125 18.489583333333336 7.273178276253042 9.697571035004056
0 90.4296875 27.9296875 8.939098215256843 11.918797620342456
0 84.130859375 17.838541666666664 7.143981879101334 9.525309172135112
0 99.21875 23.046875 8.120199399200482 10.82693253226731
0 91.357421875 23.046875 8.120199399200482 10.82693253226731
0 87.01171875 17.838541666666664 7.143981879101334 9.525309172135112
0 89.501953125 31.901041666666668 9.55351308746248 12.738017449949975
0 99.31640625 64.77864583333334 13.613713393063637 18.15161785741818
0 82.861328125 47.52604166666667 11.660750228602783 15.547666971470377
0 81.640625 32.09635416666667 9.58271390875707 12.77695187834276
0 77.294921875 23.372395833333336 8.177344364608315 10.903125819477753
0 68.1640625 35.22135416666667 10.038381471800859 13.384508629067811
0 78.955078125 28.255208333333332 8.991039955234518 11.988053273646026
0 63.28125 24.348958333333336 8.346432086900233 11.128576115866979
0 53.564453125 28.125 8.970299351012615 11.960399134683486
0 46.337890625 25.911458333333332 8.610068346964042 11.480091129285388
0 43.75 32.35677083333333 9.621510480001493 12.828680640001991
0 48.583984375 20.833333333333336 7.720404443770458 10.293872591693944
0 28.466796875 27.1484375 8.81318913463968 11.750918846186241
0 21.58203125 42.31770833333333 11.00326927326657 14.671025697688759
0 12.20703125 52.604166666666664 12.267914576563586 16.357219435418116
0 2.490234375 85.28645833333334 15.62070787606168 20.82761050141557
0 32.71484375 86.06770833333334 15.69209000510552 20.922786673474025
0 35.546875 63.671875 13.496914299008777 17.995885732011704
0 49.31640625 44.07552083333333 11.229473567489073 14.972631423318763
0 66.162109375 54.036458333333336 12.433806632973244 16.578408843964322
0 89.111328125 79.296875 15.06221030182259 20.082947069096786
0 93.994140625 72.20052083333334 14.372450975728293 19.163267967637722
0 62.01171875 60.026041666666664 13.104803804677667 17.473071739570223
0 53.22265625 48.17708333333333 11.740346717328702 15.653795623104935
0 78.125 50.520833333333336 12.022531496333135 16.030041995110846
0 56.298828125 47.72135416666667 11.684686107834867 15.579581477113155
0 7.12890625 50.520833333333336 12.022531496333135 16.030041995110846
0 95.751953125 48.50260416666667 11.779943277355214 15.706591036473618
0 88.8671875 42.1875 10.986328125 14.6484375
0 92.919921875 32.87760416666667 9.698638050580264 12.931517400773687
0 98.828125 28.776041666666668 9.073528288158268 12.098037717544358
0 92.7734375 26.041666666666668 8.631674575031099 11.508899433374797
0 63.8671875 31.901041666666668 9.55351308746248 12.738017449949975
0 74.90234375 28.255208333333332 8.991039955234518 11.988053273646026
0 57.03125 31.901041666666668 9.55351308746248 12.738017449949975
0 76.66015625 29.8828125 9.24637292940864 12.32849723921152
0 34.521484375 31.25 9.4555257475767 12.607367663435602
0 5.46875 28.90625 9.094033462982996 12.125377950643994
0 36.03515625 34.11458333333333 9.87940311049722 13.17253748066296
0 2.294921875 30.338541666666668 9.316612257369233 12.42214967649231
0 0.634765625 21.809895833333336 7.8992792392241125 10.532372318965482
0 29.638671875 22.265625 7.981382342908947 10.641843123878598
0 40.52734375 21.354166666666664 7.816313766397521 10.421751688530028
0 49.658203125 18.9453125 7.3622668956389274 9.816355860851903
0 67.919921875 20.703125 7.6962403643301345 10.261653819106845
0 79.541015625 21.614583333333336 7.863829789260941 10.485106385681254
0 88.037109375 21.484375 7.840107775064166 10.453477033418888
0 94.23828125 24.153645833333336 8.312889692307273 11.083852923076364
0 41.259765625 16.40625 6.8511792970714245 9.134905729428567
0 96.923828125 23.567708333333336 8.211440458419013 10.948587277892017
0 40.52734375 18.9453125 7.3622668956389274 9.816355860851903
0 54.78515625 23.372395833333336 8.177344364608315 10.903125819477753
0 35.107421875 14.192708333333334 6.372257390692475 8.496343187589966
0 56.787109375 15.625 6.686066375795484 8.914755167727312
0 37.451171875 13.606770833333334 6.2393335877260965 8.319111450301463
0 22.412109375 17.057291666666664 6.985792933508055 9.31439057801074
0 44.677734375 13.736979166666666 6.269115778861736 8.358821038482315
0 58.544921875 14.84375 6.516771394062079 8.689028525416106
0 67.919921875 14.192708333333334 6.372257390692475 8.496343187589966
0 96.240234375 18.1640625 7.208869513560617 9.611826018080823
0 70.068359375 17.057291666666664 6.985792933508055 9.31439057801074
0 92.919921875 20.247395833333336 7.611061958825638 10.148082611767517
0 72.412109375 15.950520833333334 6.755353888299149 9.0071385177322
0 87.353515625 26.888020833333332 8.770817787597604 11.694423716796805
0 74.560546875 16.145833333333336 6.796587356970242 9.062116475960323
