0 72.705078125 63.736979166666664 13.503812798973136 18.00508373196418
0 39.892578125 47.52604166666667 11.660750228602783 15.547666971470377
0 45.166015625 33.203125 9.746532850751532 12.995377134335376
0 51.806640625 34.30989583333333 9.907643481901811 13.210191309202415
0 36.865234375 27.734375 8.907787792557633 11.877050390076842
0 29.150390625 30.6640625 9.366460725843998 12.48861430112533
0 23.53515625 26.3671875 8.685454999241765 11.580606665655687
0 14.990234375 26.302083333333332 8.674725588105405 11.56630078414054
0 0.29296875 19.205729166666664 7.412693970636669 9.883591960848893
0 5.908203125 19.661458333333336 7.500125566067204 10.00016742142294
0 1.904296875 19.921875 7.549631882844837 10.066175843793117
0 6.103515625 17.7734375 7.130933499479933 9.50791133263991
0 10.83984375 17.7734375 7.130933499479933 9.50791133263991
0 3.7109375 19.140625 7.400119417103358 9.866825889471144
0 8.49609375 18.880208333333336 7.349606066157407 9.799474754876544
0 19.775390625 14.84375 6.516771394062079 8.689028525416106
0 12.6953125 17.643229166666664 7.104764847914316 9.473019797219088
0 22.94921875 16.2109375 6.810276368536802 9.080368491382403
0 15.576171875 16.861979166666664 6.945682786096826 9.260910381462436
0 20.361328125 19.986979166666664 7.561957820656658 10.08261042754221
0 32.32421875 15.755208333333334 6.7138671875 8.951822916666668
0 24.365234375 16.9921875 6.972448522214271 9.296598029619028
0 40.234375 18.5546875 7.28597191547444 9.714629220632586
0 25.87890625 15.950520833333334 6.755353888299149 9.0071385177322
0 58.447265625 23.697916666666664 8.234092750996119 10.978790334661493
0 27.5390625 16.9921875 6.972448522214271 9.296598029619028
0 36.03515625 15.4296875 6.644147051109997 8.858862734813329
0 31.005859375 16.2109375 6.810276368536802 9.080368491382403
0 42.236328125 17.1875 7.012405574387241 9.349874099182989
0 47.021484375 15.885416666666666 6.741553355216833 8.988737806955777
0 57.51953125 15.755208333333334 6.7138671875 8.951822916666668
0 45.41015625 17.122395833333336 6.9991119025755095 9.332149203434014
0 55.76171875 15.625 6.686066375795484 8.914755167727312
0 63.8671875 14.973958333333334 6.545291317604741 8.727055090139656
0 72.021484375 15.299479166666666 6.61605328023645 8.821404373648601
0 61.5234375 14.973958333333334 6.545291317604741 8.727055090139656
0 68.994140625 15.885416666666666 6.741553355216833 8.988737806955777
0 74.12109375 17.578125 7.091644310682526 9.455525747576702
0 84.08203125 18.424479166666664 7.2603620931215325 9.680482790828709
0 77.83203125 17.447916666666664 7.065330140863174 9.420440187817565
0 88.4765625 19.010416666666664 7.37490598974278 9.833207986323707
0 76.611328125 16.080729166666664 6.782870718656271 9.043827624875028
0 91.40625 18.880208333333336 7.349606066157407 9.799474754876544
0 98.4375 24.348958333333336 8.346432086900233 11.128576115866979
0 94.82421875 20.8984375 7.732458166088822 10.309944221451763
0 72.36328125 22.265625 7.981382342908947 10.641843123878598
0 79.98046875 18.684895833333336 7.311492035346033 9.748656047128044
0 72.021484375 33.984375 9.860531263063667 13.147375017418222
0 65.966796875 24.0234375 8.290452702152177 11.053936936202902
0 84.521484375 43.9453125 11.212874188765769 14.950498918354358
0 96.2890625 39.38802083333333 10.615556110184379 14.154074813579173
0 93.65234375 28.515625 9.03237828793258 12.043171050576774
0 97.265625 29.622395833333332 9.205995562132786 12.274660749510382
