0 86.083984375 54.622395833333336 12.501037077797877 16.668049437063836
0 98.095703125 84.70052083333334 15.566956475655333 20.755941967540444
0 33.0078125 83.72395833333334 15.476955973029744 20.63594129737299
0 26.85546875 76.7578125 14.81910466574583 19.75880622099444
0 5.6640625 77.1484375 14.856764458786726 19.8090192783823
0 51.708984375 56.966145833333336 12.766418861909113 17.021891815878817
0 57.763671875 47.20052083333333 11.620747537023785 15.494330049365049
0 50.87890625 40.10416666666667 10.711626449453275 14.282168599271033
0 40.771484375 40.95052083333333 10.824064850444458 14.432086467259278
0 36.669921875 33.85416666666667 9.841623227903504 13.122164303871338
0 24.365234375 31.640625 9.51443925056146 12.685919000748614
0 14.74609375 25.1953125 8.490251308132054 11.320335077509403
0 29.248046875 26.7578125 8.749555167743805 11.66607355699174
0 33.837890625 20.052083333333336 7.574263699945591 10.099018266594122
0 41.259765625 20.3125 7.62328857226367 10.164384763018226
0 45.458984375 23.828125 8.256682897014576 11.008910529352768
0 50.146484375 20.3125 7.62328857226367 10.164384763018226
0 56.103515625 22.395833333333336 8.00468569861084 10.672914264814453
0 53.271484375 33.0078125 9.717824296930333 12.957099062573777
0 50.78125 27.864583333333332 8.928673607377803 11.904898143170405
0 61.962890625 31.640625 9.51443925056146 12.685919000748614
0 73.876953125 33.59375 9.803697756475225 13.071597008633635
0 89.74609375 51.822916666666664 12.176475429235841 16.235300572314458
0 86.81640625 44.7265625 11.312105098175438 15.082806797567253
0 4.19921875 43.03385416666667 11.095983253599758 14.794644338133011
0 2.9296875 26.627604166666668 8.728240750778255 11.637654334371007
0 8.59375 21.875 7.911060422861158 10.548080563814876
0 4.1015625 19.075520833333336 7.3875234600282 9.850031280037602
0 14.111328125 16.145833333333336 6.796587356970242 9.062116475960323
0 8.984375 18.815104166666664 7.336923388776433 9.782564518368577
0 1.46484375 20.3125 7.62328857226367 10.164384763018226
0 6.298828125 17.578125 7.091644310682526 9.455525747576702
0 13.28125 20.3125 7.62328857226367 10.164384763018226
0 24.951171875 19.3359375 7.437779301119349 9.917039068159132
0 11.376953125 20.182291666666664 7.598815672600545 10.13175423013406
0 18.798828125 18.815104166666664 7.336923388776433 9.782564518368577
0 17.138671875 19.205729166666664 7.412693970636669 9.883591960848893
0 19.3359375 15.169270833333334 6.587839704871492 8.783786273161988
0 11.71875 16.9921875 6.972448522214271 9.296598029619028
0 21.630859375 16.40625 6.8511792970714245 9.134905729428567
0 29.6875 16.40625 6.8511792970714245 9.134905729428567
0 42.529296875 16.6015625 6.891839471823862 9.189119295765149
0 46.19140625 16.731770833333336 6.9188135063199665 9.225084675093289
0 38.330078125 16.6015625 6.891839471823862 9.189119295765149
0 35.302734375 17.578125 7.091644310682526 9.455525747576702
0 26.5625 14.453125 6.430452730012657 8.57393697335021
0 33.10546875 15.169270833333334 6.587839704871492 8.783786273161988
0 31.884765625 16.731770833333336 6.9188135063199665 9.225084675093289
0 36.376953125 15.0390625 6.559504779115197 8.746006372153596
0 50.9765625 12.825520833333334 6.057566296777102 8.076755062369468
0 56.640625 16.145833333333336 6.796587356970242 9.062116475960323
0 56.298828125 13.932291666666666 6.313525654778199 8.418034206370931
0 61.767578125 13.802083333333334 6.283953943473511 8.378605257964681
0 59.423828125 18.9453125 7.3622668956389274 9.816355860851903
0 61.865234375 19.075520833333336 7.3875234600282 9.850031280037602
0 63.720703125 17.838541666666664 7.143981879101334 9.525309172135112
0 66.552734375 16.015625 6.7691262856502785 9.025501714200372
0 63.330078125 14.778645833333334 6.502464524127966 8.669952698837287
0 68.65234375 18.5546875 7.28597191547444 9.714629220632586
0 63.818359375 23.372395833333336 8.177344364608315 10.903125819477753
0 74.51171875 24.674479166666664 8.402038511923953 11.202718015898604
0 72.509765625 19.075520833333336 7.3875234600282 9.850031280037602
0 75.634765625 27.604166666666668 8.886852892188134 11.849137189584178
0 90.771484375 31.184895833333332 9.445671106287941 12.594228141717254
0 99.560546875 54.166666666666664 12.448778109357384 16.598370812476514
0 98.73046875 45.1171875 11.361395549918386 15.148527399891181
0 93.505859375 28.7109375 9.063258303782652 12.084344405043536
0 87.646484375 23.958333333333336 8.279211405182211 11.038948540242949
0 95.8984375 25.325520833333332 8.512161670520847 11.349548894027794
0 86.181640625 20.052083333333336 7.574263699945591 10.099018266594122
0 71.044921875 15.4296875 6.644147051109997 8.858862734813329
0 76.806640625 15.4296875 6.644147051109997 8.858862734813329
0 91.11328125 21.419270833333336 7.828219811023351 10.437626414697803
0 98.291015625 27.278645833333332 8.83429859993294 11.779064799910586
0 94.970703125 21.419270833333336 7.828219811023351 10.437626414697803
0 85.546875 18.098958333333336 7.195938795502683 9.594585060670244
0 87.451171875 17.3828125 7.052136235529384 9.40284831403918
0 90.283203125 17.578125 7.091644310682526 9.455525747576702
0 91.69921875 19.075520833333336 7.3875234600282 9.850031280037602
0 92.333984375 17.3828125 7.052136235529384 9.40284831403918
0 93.701171875 17.838541666666664 7.143981879101334 9.525309172135112
0 93.603515625 19.921875 7.549631882844837 10.066175843793117
0 95.166015625 17.3828125 7.052136235529384 9.40284831403918
0 95.99609375 18.359375 7.247523246483103 9.663364328644137
0 98.291015625 18.359375 7.247523246483103 9.663364328644137
0 88.0859375 18.684895833333336 7.311492035346033 9.748656047128044
0 99.365234375 17.578125 7.091644310682526 9.455525747576702
0 89.404296875 19.3359375 7.437779301119349 9.917039068159132
0 97.36328125 17.3828125 7.052136235529384 9.40284831403918
0 96.923828125 19.661458333333336 7.500125566067204 10.00016742142294
0 92.431640625 21.614583333333336 7.863829789260941 10.485106385681254
0 84.716796875 19.661458333333336 7.500125566067204 10.00016742142294
0 95.068359375 19.075520833333336 7.3875234600282 9.850031280037602
0 87.841796875 20.442708333333336 7.647683158045451 10.196910877393934
0 76.66015625 17.3828125 7.052136235529384 9.40284831403918
0 25.1953125 15.299479166666666 6.61605328023645 8.821404373648601
0 2.83203125 18.684895833333336 7.311492035346033 9.748656047128044
0 9.912109375 17.96875 7.170007400189656 9.56000986691954
0 15.478515625 20.8984375 7.732458166088822 10.309944221451763
0 54.833984375 95.1171875 16.49643768522898 21.995250246971974
0 98.095703125 20.638020833333336 7.684129829110212 10.245506438813615
