0 98.779296875 63.997395833333336 13.531371629269632 18.041828839026174
0 95.361328125 55.013020833333336 12.545657221126994 16.72754296150266
0 96.240234375 39.97395833333333 10.694223308065938 14.258964410754585
0 99.462890625 34.375 9.91703906815913 13.222718757545508
0 97.94921875 30.013020833333332 9.266495636406846 12.35532751520913
0 99.12109375 24.8046875 8.424178309229896 11.23223774563986
0 96.630859375 22.526041666666664 8.027921409891299 10.703895213188398
0 94.384765625 25.065104166666668 8.468284256293707 11.291045675058275
0 97.65625 21.158854166666664 7.780486318348366 10.373981757797822
0 96.09375 25.9765625 8.620878229873984 11.494504306498644
0 94.23828125 20.703125 7.6962403643301345 10.261653819106845
0 91.69921875 21.09375 7.768507117527988 10.358009490037318
0 91.455078125 24.348958333333336 8.346432086900233 11.128576115866979
0 90.478515625 20.638020833333336 7.684129829110212 10.245506438813615
0 89.306640625 25.9765625 8.620878229873984 11.494504306498644
0 87.744140625 21.419270833333336 7.828219811023351 10.437626414697803
0 89.990234375 27.994791666666668 8.94951068030712 11.932680907076158
0 89.794921875 32.29166666666667 9.611826018080825 12.815768024107768
0 89.0625 40.234375 10.72900136184506 14.305335149126746
0 86.5234375 31.640625 9.51443925056146 12.685919000748614
0 84.86328125 35.9375 10.139921707663666 13.51989561021822
0 85.693359375 26.106770833333332 8.642457433170346 11.52327657756046
0 84.27734375 22.265625 7.981382342908947 10.641843123878598
0 80.37109375 22.4609375 8.016311973000304 10.688415964000404
0 80.224609375 19.270833333333336 7.425247229367944 9.900329639157258
0 79.345703125 27.213541666666668 8.823750179932228 11.765000239909636
0 77.5390625 22.721354166666664 8.062649422377262 10.75019922983635
0 77.1484375 17.317708333333336 7.038917599286375 9.385223465715166
0 73.779296875 16.40625 6.8511792970714245 9.134905729428567
0 74.072265625 19.986979166666664 7.561957820656658 10.08261042754221
0 78.7109375 17.057291666666664 6.985792933508055 9.31439057801074
0 77.392578125 20.247395833333336 7.611061958825638 10.148082611767517
0 72.265625 18.880208333333336 7.349606066157407 9.799474754876544
0 69.873046875 23.567708333333336 8.211440458419013 10.948587277892017
0 69.384765625 17.903645833333336 7.157006469457137 9.542675292609516
0 67.67578125 15.299479166666666 6.61605328023645 8.821404373648601
0 67.138671875 18.880208333333336 7.349606066157407 9.799474754876544
0 65.0390625 20.5078125 7.659851317145468 10.21313508952729
0 67.08984375 24.8046875 8.424178309229896 11.23223774563986
0 65.4296875 27.473958333333332 8.865868558553435 11.821158078071248
0 65.087890625 16.796875 6.932261164306974 9.243014885742634
0 62.646484375 14.127604166666666 6.3576253222655215 8.476833763020695
0 62.548828125 17.96875 7.170007400189656 9.56000986691954
0 59.47265625 16.341145833333336 6.837572174807153 9.116762899742872
0 60.498046875 19.270833333333336 7.425247229367944 9.900329639157258
0 58.7890625 21.549479166666664 7.85197774064246 10.469303654189947
0 57.6171875 25.520833333333332 8.544921875 11.393229166666668
0 59.130859375 31.315104166666668 9.465370128949479 12.62049350526597
0 55.908203125 35.41666666666667 10.066175843793117 13.421567791724156
0 56.005859375 18.815104166666664 7.336923388776433 9.782564518368577
0 56.884765625 14.127604166666666 6.3576253222655215 8.476833763020695
0 53.80859375 17.447916666666664 7.065330140863174 9.420440187817565
0 55.17578125 14.127604166666666 6.3576253222655215 8.476833763020695
0 52.490234375 15.494791666666666 6.658149484030587 8.877532645374115
0 51.46484375 19.986979166666664 7.561957820656658 10.08261042754221
0 49.951171875 15.0390625 6.559504779115197 8.746006372153596
0 48.73046875 19.986979166666664 7.561957820656658 10.08261042754221
0 46.875 23.893229166666664 8.267954824306681 11.023939765742242
0 49.21875 28.190104166666668 8.980675640601907 11.974234187469209
0 44.482421875 31.184895833333332 9.445671106287941 12.594228141717254
0 39.990234375 25.1953125 8.490251308132054 11.320335077509403
0 39.404296875 20.442708333333336 7.647683158045451 10.196910877393934
0 46.630859375 18.619791666666664 7.298743129334349 9.731657505779133
0 44.091796875 17.447916666666664 7.065330140863174 9.420440187817565
0 41.748046875 15.4296875 6.644147051109997 8.858862734813329
0 38.4765625 20.247395833333336 7.611061958825638 10.148082611767517
0 45.166015625 15.0390625 6.559504779115197 8.746006372153596
0 39.404296875 16.9921875 6.972448522214271 9.296598029619028
0 35.400390625 17.903645833333336 7.157006469457137 9.542675292609516
0 38.18359375 16.080729166666664 6.782870718656271 9.043827624875028
0 33.69140625 16.536458333333336 6.878312786611722 9.171083715482297
0 32.71484375 19.986979166666664 7.561957820656658 10.08261042754221
0 31.494140625 15.494791666666666 6.658149484030587 8.877532645374115
0 29.58984375 18.229166666666664 7.221777078979024 9.629036105305365
0 31.0546875 21.354166666666664 7.816313766397521 10.421751688530028
0 27.587890625 20.247395833333336 7.611061958825638 10.148082611767517
0 29.6875 16.40625 6.8511792970714245 9.134905729428567
0 25.244140625 16.861979166666664 6.945682786096826 9.260910381462436
0 26.025390625 24.0234375 8.290452702152177 11.053936936202902
0 22.8515625 19.596354166666664 7.487697843252746 9.983597124336994
0 21.2890625 17.252604166666664 7.025674092542321 9.367565456723094
0 20.068359375 21.09375 7.768507117527988 10.358009490037318
0 19.7265625 16.341145833333336 6.837572174807153 9.116762899742872
0 17.529296875 15.299479166666666 6.61605328023645 8.821404373648601
0 17.333984375 20.963541666666664 7.7444931277157725 10.325990836954363
0 15.0390625 18.424479166666664 7.2603620931215325 9.680482790828709
0 13.134765625 22.005208333333336 7.9345703125 10.579427083333332
0 12.59765625 17.513020833333336 7.0784994535786145 9.437999271438152
0 10.05859375 19.596354166666664 7.487697843252746 9.983597124336994
0 13.818359375 17.513020833333336 7.0784994535786145 9.437999271438152
0 8.837890625 17.7734375 7.130933499479933 9.50791133263991
0 6.005859375 19.140625 7.400119417103358 9.866825889471144
0 3.61328125 23.697916666666664 8.234092750996119 10.978790334661493
0 1.171875 21.09375 7.768507117527988 10.358009490037318
0 2.9296875 17.317708333333336 7.038917599286375 9.385223465715166
0 5.126953125 20.5078125 7.659851317145468 10.21313508952729
0 7.03125 27.018229166666668 8.792028986137655 11.722705314850208
0 4.736328125 34.04947916666667 9.869971697263324 13.159962263017766
0 10.05859375 35.15625 10.029099563693228 13.372132751590971
0 20.60546875 28.645833333333332 9.052976668817948 12.07063555842393
0 22.8515625 37.6953125 10.38494844187839 13.84659792250452
0 2.24609375 54.557291666666664 12.49358489407881 16.658113192105077
0 3.90625 71.74479166666666 14.327019768439333 19.10269302458578
0 24.072265625 54.6875 12.508484821728025 16.677979762304034
0 36.474609375 63.411458333333336 13.469284967476753 17.959046623302335
0 43.603515625 84.70052083333334 15.566956475655333 20.755941967540444
0 47.314453125 55.729166666666664 12.627051309556398 16.836068412741863
0 42.041015625 45.703125 11.434932858395506 15.24657714452734
0 51.26953125 53.776041666666664 12.403809468323715 16.53841262443162
0 61.474609375 42.25260416666667 10.994801962067763 14.659735949423682
0 61.62109375 51.822916666666664 12.176475429235841 16.235300572314458
0 71.044921875 40.88541666666667 10.81545724284018 14.42060965712024
0 70.166015625 32.48697916666667 9.640850219074288 12.854466958765718
0 73.779296875 33.7890625 9.832155574699105 13.109540766265473
0 76.85546875 48.37239583333333 11.764120646604239 15.68549419547232
0 77.1484375 61.328125 13.246175789923525 17.661567719898034
0 88.37890625 45.96354166666667 11.467464738803672 15.289952985071562
0 86.03515625 43.22916666666667 11.121134740166381 14.828179653555177
0 82.421875 25.651041666666668 8.566692411876344 11.422256549168457
0 74.609375 31.640625 9.51443925056146 12.685919000748614
0 75.927734375 25.065104166666668 8.468284256293707 11.291045675058275
0 63.525390625 30.924479166666668 9.406149296522488 12.541532395363317
0 55.56640625 27.018229166666668 8.792028986137655 11.722705314850208
0 54.833984375 21.354166666666664 7.816313766397521 10.421751688530028
0 47.216796875 25.716145833333332 8.57755695956738 11.436742612756506
0 42.96875 33.0078125 9.717824296930333 12.957099062573777
0 60.25390625 54.4921875 12.486128262621328 16.648171016828435
0 25.1953125 21.09375 7.768507117527988 10.358009490037318
0 24.21875 16.861979166666664 6.945682786096826 9.260910381462436
0 35.05859375 20.052083333333336 7.574263699945591 10.099018266594122
0 25.68359375 19.7265625 7.512532730158185 10.01671030687758
0 20.947265625 41.14583333333333 10.849846700824694 14.466462267766259
0 26.611328125 60.15625 13.119009558230394 17.492012744307193
0 92.96875 57.421875 12.8173828125 17.08984375
0 74.8046875 52.278645833333336 12.229898016060718 16.306530688080954
