0 85.009765625 19.596354166666664 7.487697843252746 9.983597124336994
0 99.21875 22.4609375 8.016311973000304 10.688415964000404
0 34.033203125 15.299479166666666 6.61605328023645 8.821404373648601
0 41.11328125 22.916666666666664 8.097228492078614 10.796304656104818
0 22.16796875 21.419270833333336 7.828219811023351 10.437626414697803
0 9.814453125 22.4609375 8.016311973000304 10.688415964000404
0 79.296875 21.419270833333336 7.828219811023351 10.437626414697803
0 76.171875 18.424479166666664 7.2603620931215325 9.680482790828709
0 4.345703125 18.424479166666664 7.2603620931215325 9.680482790828709
0 7.470703125 54.557291666666664 12.49358489407881 16.658113192105077
