0 85.302734375 40.4296875 10.755011100284483 14.340014800379311
0 58.740234375 44.79166666666667 11.320335077509403 15.093780103345871
0 66.943359375 36.1328125 10.167438506443897 13.556584675258529
0 43.408203125 38.93229166666667 10.553965128046011 14.07195350406135
0 66.11328125 23.111979166666664 8.131660519088275 10.842214025451032
0 76.953125 26.953125 8.78142979122202 11.708573054962693
0 82.275390625 31.380208333333332 9.475204282385269 12.633605709847027
0 87.060546875 35.09114583333333 10.019809057239993 13.359745409653323
0 90.380859375 28.776041666666668 9.073528288158268 12.098037717544358
0 53.3203125 24.544270833333336 8.379840220792225 11.173120294389632
0 35.888671875 24.739583333333336 8.413115693414442 11.217487591219255
0 20.01953125 28.971354166666668 9.104268731797058 12.139024975729411
0 18.798828125 19.596354166666664 7.487697843252746 9.983597124336994
0 24.853515625 20.768229166666664 7.708331872750909 10.277775830334546
0 32.03125 18.75 7.32421875 9.765625
0 29.345703125 22.721354166666664 8.062649422377262 10.75019922983635
0 91.40625 23.828125 8.256682897014576 11.008910529352768
0 87.939453125 25.260416666666668 8.501213548086012 11.334951397448016
0 95.21484375 24.0234375 8.290452702152177 11.053936936202902
0 85.44921875 25.5859375 8.555814067917595 11.407752090556793
0 79.541015625 25.065104166666668 8.468284256293707 11.291045675058275
0 73.974609375 21.6796875 7.875664001809045 10.500885335745393
0 83.056640625 20.768229166666664 7.708331872750909 10.277775830334546
0 87.841796875 20.247395833333336 7.611061958825638 10.148082611767517
0 98.583984375 23.111979166666664 8.131660519088275 10.842214025451032
0 94.04296875 20.442708333333336 7.647683158045451 10.196910877393934
0 89.453125 20.052083333333336 7.574263699945591 10.099018266594122
0 83.056640625 17.96875 7.170007400189656 9.56000986691954
0 95.60546875 20.3125 7.62328857226367 10.164384763018226
0 91.30859375 19.075520833333336 7.3875234600282 9.850031280037602
0 89.16015625 24.544270833333336 8.379840220792225 11.173120294389632
0 85.693359375 18.033854166666664 7.182984799767957 9.577313066357275
0 76.611328125 16.2109375 6.810276368536802 9.080368491382403
0 73.4375 14.778645833333334 6.502464524127966 8.669952698837287
0 69.677734375 14.973958333333334 6.545291317604741 8.727055090139656
0 66.015625 19.401041666666664 7.450290292806215 9.933720390408286
0 55.46875 19.596354166666664 7.487697843252746 9.983597124336994
0 58.837890625 19.075520833333336 7.3875234600282 9.850031280037602
0 58.984375 15.364583333333334 6.6301150458985685 8.840153394531425
0 61.669921875 18.294270833333336 7.234661615679748 9.646215487572997
0 66.845703125 14.127604166666666 6.3576253222655215 8.476833763020695
0 50.78125 19.921875 7.549631882844837 10.066175843793117
0 47.265625 20.963541666666664 7.7444931277157725 10.325990836954363
0 43.9453125 18.5546875 7.28597191547444 9.714629220632586
0 51.7578125 14.84375 6.516771394062079 8.689028525416106
0 46.2890625 14.6484375 6.473755931273323 8.631674575031097
0 53.173828125 12.174479166666668 5.901818727360142 7.8690916364801895
0 58.056640625 13.932291666666666 6.313525654778199 8.418034206370931
0 71.875 15.690104166666666 6.699981201202437 8.933308268269917
0 73.828125 16.796875 6.932261164306974 9.243014885742634
0 4.736328125 21.354166666666664 7.816313766397521 10.421751688530028
0 8.59375 23.502604166666664 8.200090846279542 10.933454461706056
0 12.6953125 17.838541666666664 7.143981879101334 9.525309172135112
0 2.24609375 19.270833333333336 7.425247229367944 9.900329639157258
0 6.640625 17.7734375 7.130933499479933 9.50791133263991
0 14.55078125 17.252604166666664 7.025674092542321 9.367565456723094
0 20.263671875 15.559895833333334 6.672122530845778 8.896163374461038
0 17.48046875 18.294270833333336 7.234661615679748 9.646215487572997
0 23.14453125 16.536458333333336 6.878312786611722 9.171083715482297
0 30.322265625 15.299479166666666 6.61605328023645 8.821404373648601
0 35.7421875 13.932291666666666 6.313525654778199 8.418034206370931
0 40.478515625 17.317708333333336 7.038917599286375 9.385223465715166
0 37.01171875 19.270833333333336 7.425247229367944 9.900329639157258
0 33.447265625 16.40625 6.8511792970714245 9.134905729428567
0 37.98828125 16.015625 6.7691262856502785 9.025501714200372
0 43.408203125 13.932291666666666 6.313525654778199 8.418034206370931
0 47.607421875 14.778645833333334 6.502464524127966 8.669952698837287
0 41.11328125 14.973958333333334 6.545291317604741 8.727055090139656
0 36.23046875 15.690104166666666 6.699981201202437 8.933308268269917
0 32.666015625 15.494791666666666 6.658149484030587 8.877532645374115
0 27.001953125 14.973958333333334 6.545291317604741 8.727055090139656
0 31.787109375 15.299479166666666 6.61605328023645 8.821404373648601
0 35.3515625 18.359375 7.247523246483103 9.663364328644137
0 28.7109375 15.299479166666666 6.61605328023645 8.821404373648601
0 25.634765625 16.536458333333336 6.878312786611722 9.171083715482297
0 23.92578125 15.0390625 6.559504779115197 8.746006372153596
0 7.421875 18.489583333333336 7.273178276253042 9.697571035004056
0 21.6796875 15.299479166666666 6.61605328023645 8.821404373648601
