0 63.671875 34.70052083333333 9.963884104806219 13.28517880640829
0 79.541015625 40.16927083333333 10.720317425689878 14.293756567586504
0 82.421875 49.67447916666667 11.92140196815467 15.895202624206226
0 70.3125 32.03125 9.572990198582838 12.763986931443785
0 50.68359375 28.385416666666668 9.011732824849489 12.015643766465985
0 99.0234375 30.6640625 9.366460725843998 12.48861430112533
0 86.9140625 19.7265625 7.512532730158185 10.01671030687758
0 31.396484375 19.7265625 7.512532730158185 10.01671030687758
0 37.3046875 54.361979166666664 12.47120162457431 16.628268832765748
0 47.65625 53.059895833333336 12.320940697135223 16.427920929513633
0 60.546875 43.88020833333333 11.2045652775182 14.939420370024267
0 69.775390625 54.361979166666664 12.47120162457431 16.628268832765748
0 5.6640625 68.68489583333334 14.018169040351381 18.690892053801843
0 1.171875 50.0 11.960399134683488 15.947198846244651
0 12.158203125 41.2109375 10.85842704752026 14.477902730027015
0 19.677734375 37.6953125 10.38494844187839 13.84659792250452
0 10.791015625 33.203125 9.746532850751532 12.995377134335376
0 2.05078125 27.5390625 8.876366926421502 11.835155901895336
0 22.55859375 26.888020833333332 8.770817787597604 11.694423716796805
0 6.93359375 27.5390625 8.876366926421502 11.835155901895336
0 19.921875 24.21875 8.324085508414218 11.098780677885625
0 29.150390625 20.182291666666664 7.598815672600545 10.13175423013406
0 36.42578125 25.846354166666668 8.59924487524742 11.465659833663226
0 35.791015625 42.1875 10.986328125 14.6484375
0 47.412109375 36.39322916666667 10.204012144348443 13.605349525797925
0 54.6875 28.841145833333332 9.083786661460703 12.11171554861427
0 76.171875 27.5390625 8.876366926421502 11.835155901895336
0 93.798828125 45.83333333333333 11.45121035113142 15.268280468175227
0 93.65234375 27.864583333333332 8.928673607377803 11.904898143170405
0 89.16015625 34.1796875 9.888825528576445 13.185100704768596
0 81.396484375 35.3515625 10.056919588186085 13.409226117581447
0 95.8984375 39.51822916666667 10.633088006704314 14.177450675605751
0 96.923828125 24.0234375 8.290452702152177 11.053936936202902
0 89.306640625 24.21875 8.324085508414218 11.098780677885625
0 79.931640625 26.497395833333332 8.706874156303165 11.609165541737553
0 65.4296875 25.520833333333332 8.544921875 11.393229166666668
0 3.271484375 21.875 7.911060422861158 10.548080563814876
0 16.30859375 22.8515625 8.085718566584333 10.780958088779109
0 37.890625 19.3359375 7.437779301119349 9.917039068159132
0 45.654296875 25.0 8.457279333832409 11.276372445109878
0 40.185546875 29.6875 9.216106488367615 12.288141984490153
0 51.904296875 24.0234375 8.290452702152177 11.053936936202902
0 67.67578125 22.526041666666664 8.027921409891299 10.703895213188398
0 59.033203125 19.53125 7.475249459177179 9.966999278902906
0 49.4140625 19.53125 7.475249459177179 9.966999278902906
0 10.9375 19.3359375 7.437779301119349 9.917039068159132
0 44.775390625 19.205729166666664 7.412693970636669 9.883591960848893
0 55.2734375 22.330729166666664 7.993042513249997 10.657390017666662
0 69.775390625 21.875 7.911060422861158 10.548080563814876
0 5.810546875 18.5546875 7.28597191547444 9.714629220632586
0 13.18359375 16.666666666666664 6.905339660024879 9.207119546699838
0 20.654296875 19.7265625 7.512532730158185 10.01671030687758
0 80.517578125 23.372395833333336 8.177344364608315 10.903125819477753
0 42.041015625 16.666666666666664 6.905339660024879 9.207119546699838
0 16.89453125 16.666666666666664 6.905339660024879 9.207119546699838
0 25.390625 18.880208333333336 7.349606066157407 9.799474754876544
0 2.392578125 17.838541666666664 7.143981879101334 9.525309172135112
0 33.30078125 15.885416666666666 6.741553355216833 8.988737806955777
0 55.908203125 16.2109375 6.810276368536802 9.080368491382403
0 63.916015625 16.341145833333336 6.837572174807153 9.116762899742872
0 72.265625 19.3359375 7.437779301119349 9.917039068159132
0 98.779296875 23.893229166666664 8.267954824306681 11.023939765742242
0 82.03125 18.5546875 7.28597191547444 9.714629220632586
0 50.78125 16.861979166666664 6.945682786096826 9.260910381462436
0 36.03515625 16.861979166666664 6.945682786096826 9.260910381462436
0 42.431640625 14.0625 6.342959500374307 8.457279333832409
0 52.392578125 14.0625 6.342959500374307 8.457279333832409
0 61.279296875 15.364583333333334 6.6301150458985685 8.840153394531425
0 38.037109375 15.364583333333334 6.6301150458985685 8.840153394531425
0 47.65625 16.015625 6.7691262856502785 9.025501714200372
0 23.046875 16.015625 6.7691262856502785 9.025501714200372
0 58.544921875 14.713541666666666 6.488126106405426 8.650834808540568
0 23.53515625 19.3359375 7.437779301119349 9.917039068159132
0 65.771484375 18.5546875 7.28597191547444 9.714629220632586
0 78.271484375 16.2109375 6.810276368536802 9.080368491382403
0 68.1640625 15.559895833333334 6.672122530845778 8.896163374461038
0 85.05859375 18.359375 7.247523246483103 9.663364328644137
0 93.1640625 20.052083333333336 7.574263699945591 10.099018266594122
0 80.419921875 16.666666666666664 6.905339660024879 9.207119546699838
0 98.53515625 19.010416666666664 7.37490598974278 9.833207986323707
0 90.4296875 19.856770833333336 7.537285788103314 10.049714384137753
0 96.77734375 20.833333333333336 7.720404443770458 10.293872591693944
0 88.916015625 20.833333333333336 7.720404443770458 10.293872591693944
0 26.416015625 15.169270833333334 6.587839704871492 8.783786273161988
0 40.0390625 14.0625 6.342959500374307 8.457279333832409
0 29.296875 15.885416666666666 6.741553355216833 8.988737806955777
0 20.3125 16.2109375 6.810276368536802 9.080368491382403
0 44.140625 16.536458333333336 6.878312786611722 9.171083715482297
0 18.310546875 20.052083333333336 7.574263699945591 10.099018266594122
0 55.6640625 14.0625 6.342959500374307 8.457279333832409
0 75.390625 15.885416666666666 6.741553355216833 8.988737806955777
0 88.76953125 18.033854166666664 7.182984799767957 9.577313066357275
0 71.435546875 14.84375 6.516771394062079 8.689028525416106
