0 29.98046875 69.79166666666666 14.130660281726348 18.84088037563513
0 26.26953125 40.625 10.780958088779109 14.374610785038813
0 49.755859375 49.4140625 11.89011214525034 15.853482860333786
0 1.3671875 60.286458333333336 13.133199945892343 17.51093326118979
0 66.9921875 48.69791666666667 11.803637454720285 15.738183272960379
0 75.830078125 60.481770833333336 13.154456825105168 17.53927576680689
0 71.875 53.971354166666664 12.426314130555623 16.568418840740833
0 76.123046875 43.03385416666667 11.095983253599758 14.794644338133011
0 89.94140625 42.90364583333333 11.079183874921476 14.772245166561968
0 38.427734375 36.71875 10.24954566879069 13.66606089172092
0 95.751953125 33.203125 9.746532850751532 12.995377134335376
0 84.66796875 35.48177083333333 10.075423595714831 13.433898127619774
0 93.359375 53.580729166666664 12.381263900818356 16.508351867757806
0 95.5078125 66.40625 13.783678943647724 18.378238591530298
0 98.388671875 56.4453125 12.707924080601204 16.94389877413494
0 99.0234375 50.260416666666664 11.991505556877746 15.988674075836995
0 82.71484375 44.66145833333333 11.303869126862875 15.071825502483835
0 90.625 38.28125 10.46534924284805 13.953798990464069
0 81.25 41.66666666666667 10.918300671385692 14.557734228514258
0 75.1953125 34.11458333333333 9.87940311049722 13.17253748066296
0 62.939453125 41.796875 10.935347208965403 14.580462945287206
0 68.84765625 34.63541666666667 9.954532733337459 13.272710311116612
0 50.29296875 34.9609375 10.001202153426476 13.334936204568635
0 66.357421875 39.19270833333333 10.589203840879804 14.118938454506406
0 55.126953125 34.63541666666667 9.954532733337459 13.272710311116612
0 41.845703125 34.63541666666667 9.954532733337459 13.272710311116612
0 83.642578125 49.73958333333333 11.929211600153849 15.905615466871797
