0 90.52734375 93.09895833333334 16.320485787501145 21.760647716668192
0 68.994140625 77.60416666666666 14.90058058561243 19.867440780816572
0 86.23046875 62.109375 13.3302793382822 17.77370578437627
0 90.771484375 51.888020833333336 12.184121568406452 16.245495424541936
0 93.115234375 44.01041666666667 11.221176947540428 14.961569263387236
0 76.953125 51.3671875 12.122817423120853 16.16375656416114
0 99.267578125 43.1640625 11.112757236348344 14.817009648464458
0 64.697265625 58.658854166666664 12.95470292772896 17.272937236971945
0 96.630859375 40.234375 10.72900136184506 14.305335149126746
0 37.060546875 64.58333333333334 13.593174713940485 18.124232951920646
0 4.6875 74.28385416666666 14.578333633418197 19.43777817789093
0 1.171875 60.7421875 13.18274601224071 17.57699468298761
0 1.025390625 47.00520833333333 11.5966796875 15.462239583333334
0 21.38671875 50.455729166666664 12.01478252260103 16.019710030134707
0 35.7421875 42.96875 11.087586745962493 14.783448994616657
0 48.14453125 48.37239583333333 11.764120646604239 15.68549419547232
0 64.0625 43.1640625 11.112757236348344 14.817009648464458
0 78.759765625 38.0859375 10.438617783500408 13.918157044667211
0 85.546875 34.63541666666667 9.954532733337459 13.272710311116612
0 97.55859375 27.34375 8.84483443981289 11.793112586417188
0 88.57421875 32.87760416666667 9.698638050580264 12.931517400773687
0 47.0703125 37.04427083333333 10.29487780360901 13.726503738145347
0 60.791015625 34.83072916666667 9.982560567502519 13.310080756670025
0 72.802734375 31.184895833333332 9.445671106287941 12.594228141717254
0 6.93359375 38.99739583333333 10.562785827561513 14.083714436748682
0 92.626953125 30.6640625 9.366460725843998 12.48861430112533
0 96.240234375 22.65625 8.051090062422436 10.734786749896582
0 88.818359375 28.059895833333332 8.959911044862793 11.946548059817056
0 78.125 26.3671875 8.685454999241765 11.580606665655687
0 84.66796875 28.450520833333332 9.02206146184966 12.029415282466214
0 50.5859375 27.018229166666668 8.792028986137655 11.722705314850208
0 4.052734375 31.184895833333332 9.445671106287941 12.594228141717254
0 92.236328125 23.046875 8.120199399200482 10.82693253226731
0 46.044921875 29.296875 9.1552734375 12.20703125
0 89.74609375 20.768229166666664 7.708331872750909 10.277775830334546
0 76.806640625 20.768229166666664 7.708331872750909 10.277775830334546
0 91.69921875 20.052083333333336 7.574263699945591 10.099018266594122
0 81.25 21.809895833333336 7.8992792392241125 10.532372318965482
0 70.80078125 17.96875 7.170007400189656 9.56000986691954
0 86.865234375 17.317708333333336 7.038917599286375 9.385223465715166
0 66.89453125 23.893229166666664 8.267954824306681 11.023939765742242
0 86.083984375 22.005208333333336 7.9345703125 10.579427083333332
0 70.947265625 22.135416666666664 7.958010748538389 10.610680998051187
0 80.224609375 16.40625 6.8511792970714245 9.134905729428567
0 67.041015625 16.080729166666664 6.782870718656271 9.043827624875028
0 81.54296875 17.838541666666664 7.143981879101334 9.525309172135112
0 59.326171875 24.8046875 8.424178309229896 11.23223774563986
0 90.13671875 23.372395833333336 8.177344364608315 10.903125819477753
0 62.5 15.885416666666666 6.741553355216833 8.988737806955777
0 48.14453125 17.96875 7.170007400189656 9.56000986691954
0 60.009765625 21.2890625 7.804389558437758 10.405852744583676
0 83.10546875 15.0390625 6.559504779115197 8.746006372153596
0 73.828125 13.151041666666666 6.133957288281793 8.178609717709058
0 65.33203125 13.4765625 6.209408553886659 8.279211405182211
0 76.318359375 13.4765625 6.209408553886659 8.279211405182211
0 63.134765625 12.434895833333332 5.964605800076924 7.952807733435899
0 80.615234375 13.997395833333334 6.328259690346595 8.437679587128793
0 64.16015625 11.393229166666668 5.7093160808928545 7.612421441190473
0 57.91015625 19.401041666666664 7.450290292806215 9.933720390408286
0 78.125 15.364583333333334 6.6301150458985685 8.840153394531425
0 55.419921875 15.559895833333334 6.672122530845778 8.896163374461038
0 76.953125 17.643229166666664 7.104764847914316 9.473019797219088
0 60.888671875 17.122395833333336 6.9991119025755095 9.332149203434014
0 73.828125 27.018229166666668 8.792028986137655 11.722705314850208
0 67.28515625 31.575520833333332 9.50464569238125 12.672860923174998
0 61.279296875 29.1015625 9.124704826492952 12.166273101990603
0 48.53515625 23.046875 8.120199399200482 10.82693253226731
0 48.53515625 13.4765625 6.209408553886659 8.279211405182211
0 40.185546875 25.130208333333332 8.479274895904423 11.305699861205897
0 31.0546875 35.546875 10.084662867345157 13.44621715646021
0 43.9453125 14.713541666666666 6.488126106405426 8.650834808540568
0 31.4453125 28.776041666666668 9.073528288158268 12.098037717544358
0 22.314453125 25.651041666666668 8.566692411876344 11.422256549168457
0 9.765625 28.059895833333332 8.959911044862793 11.946548059817056
0 0.390625 34.83072916666667 9.982560567502519 13.310080756670025
0 2.099609375 16.796875 6.932261164306974 9.243014885742634
0 50.5859375 15.755208333333334 6.7138671875 8.951822916666668
0 39.892578125 22.135416666666664 7.958010748538389 10.610680998051187
0 4.296875 24.283854166666664 8.33526628646708 11.113688381956106
0 41.6015625 19.010416666666664 7.37490598974278 9.833207986323707
0 15.52734375 23.567708333333336 8.211440458419013 10.948587277892017
0 40.966796875 15.559895833333334 6.672122530845778 8.896163374461038
0 33.0078125 20.442708333333336 7.647683158045451 10.196910877393934
0 12.109375 22.135416666666664 7.958010748538389 10.610680998051187
0 30.517578125 14.192708333333334 6.372257390692475 8.496343187589966
0 25.9765625 23.567708333333336 8.211440458419013 10.948587277892017
0 6.103515625 17.838541666666664 7.143981879101334 9.525309172135112
0 23.876953125 12.434895833333332 5.964605800076924 7.952807733435899
0 7.958984375 14.713541666666666 6.488126106405426 8.650834808540568
0 27.63671875 13.671875 6.254242410864013 8.338989881152017
0 13.671875 16.796875 6.932261164306974 9.243014885742634
0 24.755859375 17.96875 7.170007400189656 9.56000986691954
0 12.255859375 18.489583333333336 7.273178276253042 9.697571035004056
0 29.19921875 18.489583333333336 7.273178276253042 9.697571035004056
0 17.626953125 18.1640625 7.208869513560617 9.611826018080823
0 1.416015625 19.401041666666664 7.450290292806215 9.933720390408286
0 32.32421875 15.885416666666666 6.741553355216833 8.988737806955777
0 20.068359375 20.052083333333336 7.574263699945591 10.099018266594122
0 37.158203125 14.84375 6.516771394062079 8.689028525416106
0 20.60546875 16.927083333333336 6.959078522333606 9.278771363111476
