0 6.396484375 25.260416666666668 8.501213548086012 11.334951397448016
0 9.521484375 37.43489583333333 10.349014256477766 13.798685675303688
0 2.001953125 37.43489583333333 10.349014256477766 13.798685675303688
0 0.78125 32.6171875 9.660151239834237 12.880201653112316
0 15.625 29.4921875 9.185740321833748 12.247653762444997
0 19.677734375 27.994791666666668 8.94951068030712 11.932680907076158
0 11.083984375 36.1328125 10.167438506443897 13.556584675258529
0 21.533203125 33.203125 9.746532850751532 12.995377134335376
0 21.337890625 40.55989583333333 10.77231603681811 14.363088049090814
0 19.580078125 56.315104166666664 12.693258266043348 16.924344354724465
0 8.642578125 69.98697916666666 14.150418846886756 18.86722512918234
0 32.568359375 70.05208333333334 14.156998907157229 18.875998542876303
0 31.0546875 51.497395833333336 12.138172486176355 16.184229981568475
0 36.1328125 42.90364583333333 11.079183874921476 14.772245166561968
0 45.654296875 48.69791666666667 11.803637454720285 15.738183272960379
0 52.685546875 53.971354166666664 12.426314130555623 16.568418840740833
0 57.12890625 67.90364583333334 13.938216853844281 18.58428913845904
0 34.521484375 72.13541666666666 14.365969599535914 19.15462613271455
0 41.845703125 86.58854166666666 15.739498240023957 20.985997653365278
0 50.78125 44.07552083333333 11.229473567489073 14.972631423318763
0 56.787109375 43.88020833333333 11.2045652775182 14.939420370024267
0 62.3046875 47.91666666666667 11.708573054962693 15.611430739950258
0 62.40234375 38.0859375 10.438617783500408 13.918157044667211
0 68.115234375 43.88020833333333 11.2045652775182 14.939420370024267
0 73.291015625 51.302083333333336 12.115132593554204 16.153510124738936
0 78.80859375 46.61458333333333 11.548393511001283 15.397858014668378
0 92.333984375 55.924479166666664 12.649158798866397 16.865545065155196
0 92.041015625 62.760416666666664 13.399962402404874 17.866616536539834
0 96.533203125 78.97135416666666 15.031262641631777 20.041683522175703
0 96.728515625 45.8984375 11.459340426952263 15.279120569269683
0 91.259765625 40.88541666666667 10.81545724284018 14.42060965712024
0 31.982421875 14.127604166666666 6.3576253222655215 8.476833763020695
0 34.033203125 17.838541666666664 7.143981879101334 9.525309172135112
0 37.548828125 16.40625 6.8511792970714245 9.134905729428567
0 42.236328125 16.276041666666664 6.823937919616058 9.09858389282141
0 50.146484375 16.927083333333336 6.959078522333606 9.278771363111476
0 49.365234375 21.158854166666664 7.780486318348366 10.373981757797822
0 46.533203125 23.828125 8.256682897014576 11.008910529352768
0 41.30859375 25.78125 8.588407763348565 11.451210351131419
0 43.1640625 31.380208333333332 9.475204282385269 12.633605709847027
0 36.9140625 30.46875 9.336583582018038 12.448778109357384
0 38.916015625 36.9140625 10.276768945607138 13.702358594142853
0 51.953125 37.17447916666667 10.31295486371814 13.75060648495752
0 53.173828125 31.770833333333332 9.53399618640949 12.711994915212655
0 52.294921875 26.432291666666668 8.696171172348027 11.594894896464037
0 63.916015625 26.432291666666668 8.696171172348027 11.594894896464037
0 60.986328125 24.479166666666664 8.36871899463018 11.15829199284024
0 63.330078125 18.5546875 7.28597191547444 9.714629220632586
0 55.46875 17.057291666666664 6.985792933508055 9.31439057801074
0 62.59765625 15.559895833333334 6.672122530845778 8.896163374461038
0 66.40625 16.2109375 6.810276368536802 9.080368491382403
0 70.5078125 14.973958333333334 6.545291317604741 8.727055090139656
0 71.6796875 20.963541666666664 7.7444931277157725 10.325990836954363
0 75.244140625 17.447916666666664 7.065330140863174 9.420440187817565
0 81.982421875 20.052083333333336 7.574263699945591 10.099018266594122
0 79.150390625 22.200520833333336 7.969705113037473 10.626273484049964
0 85.205078125 23.2421875 8.154534433525017 10.872712578033356
0 84.9609375 28.385416666666668 9.011732824849489 12.015643766465985
0 80.859375 32.29166666666667 9.611826018080825 12.815768024107768
0 85.595703125 20.768229166666664 7.708331872750909 10.277775830334546
0 89.013671875 17.96875 7.170007400189656 9.56000986691954
0 89.0625 24.348958333333336 8.346432086900233 11.128576115866979
0 92.7734375 21.549479166666664 7.85197774064246 10.469303654189947
0 93.359375 28.450520833333332 9.02206146184966 12.029415282466214
0 89.599609375 29.817708333333332 9.236295135755345 12.315060181007127
0 90.33203125 33.984375 9.860531263063667 13.147375017418222
0 94.189453125 38.4765625 10.492012596234792 13.989350128313058
0 96.533203125 34.04947916666667 9.869971697263324 13.159962263017766
0 95.654296875 29.296875 9.1552734375 12.20703125
0 90.33203125 27.669270833333332 8.897326499702912 11.863101999603883
0 95.751953125 25.260416666666668 8.501213548086012 11.334951397448016
0 99.609375 22.721354166666664 8.062649422377262 10.75019922983635
0 57.958984375 15.299479166666666 6.61605328023645 8.821404373648601
0 32.03125 19.7265625 7.512532730158185 10.01671030687758
0 28.564453125 20.442708333333336 7.647683158045451 10.196910877393934
0 23.681640625 21.744791666666664 7.887480458569388 10.51664061142585
0 25.78125 16.731770833333336 6.9188135063199665 9.225084675093289
0 20.8984375 16.796875 6.932261164306974 9.243014885742634
0 17.724609375 22.005208333333336 7.9345703125 10.579427083333332
0 15.33203125 17.252604166666664 7.025674092542321 9.367565456723094
0 11.474609375 17.057291666666664 6.985792933508055 9.31439057801074
0 5.17578125 19.791666666666664 7.524919437217989 10.033225916290652
0 9.912109375 17.7734375 7.130933499479933 9.50791133263991
0 2.9296875 18.294270833333336 7.234661615679748 9.646215487572997
0 7.275390625 18.294270833333336 7.234661615679748 9.646215487572997
0 17.626953125 14.84375 6.516771394062079 8.689028525416106
0 23.828125 16.276041666666664 6.823937919616058 9.09858389282141
0 28.41796875 15.364583333333334 6.6301150458985685 8.840153394531425
0 33.349609375 16.6015625 6.891839471823862 9.189119295765149
0 29.4921875 16.015625 6.7691262856502785 9.025501714200372
0 40.185546875 15.559895833333334 6.672122530845778 8.896163374461038
0 44.04296875 16.796875 6.932261164306974 9.243014885742634
0 39.404296875 16.276041666666664 6.823937919616058 9.09858389282141
0 75.390625 34.24479166666667 9.898238977189243 13.197651969585658
0 75.634765625 27.5390625 8.876366926421502 11.835155901895336
0 48.828125 73.69791666666666 14.520724186243065 19.360965581657418
0 55.6640625 44.07552083333333 11.229473567489073 14.972631423318763
0 99.12109375 42.12239583333333 10.977847746951262 14.63713032926835
0 73.193359375 17.7734375 7.130933499479933 9.50791133263991
0 37.98828125 26.822916666666668 8.760192928715409 11.680257238287211
0 26.953125 31.901041666666668 9.55351308746248 12.738017449949975
0 24.90234375 27.213541666666668 8.823750179932228 11.765000239909636
0 47.4609375 16.6015625 6.891839471823862 9.189119295765149
0 44.189453125 23.6328125 8.222774405094897 10.963699206793196
0 47.36328125 20.5078125 7.659851317145468 10.21313508952729
0 42.626953125 19.53125 7.475249459177179 9.966999278902906
0 38.8671875 22.916666666666664 8.097228492078614 10.796304656104818
0 38.76953125 18.359375 7.247523246483103 9.663364328644137
0 80.2734375 16.927083333333336 6.959078522333606 9.278771363111476
