0 44.189453125 83.33333333333334 15.440808887540916 20.587745183387888
0 95.068359375 84.765625 15.57293801534799 20.76391735379732
0 74.0234375 56.315104166666664 12.693258266043348 16.924344354724465
0 99.658203125 64.19270833333334 13.552003974105538 18.06933863214072
0 95.751953125 53.7109375 12.396298835198914 16.528398446931885
0 78.759765625 47.91666666666667 11.708573054962693 15.611430739950258
0 59.5703125 51.3671875 12.122817423120853 16.16375656416114
0 41.69921875 64.97395833333334 13.634221132622484 18.17896151016331
0 46.923828125 58.268229166666664 12.911496460758165 17.21532861434422
0 60.888671875 40.75520833333333 10.79822144345345 14.397628591271266
0 71.09375 39.71354166666667 10.65933178501769 14.212442380023585
0 88.37890625 41.66666666666667 10.918300671385692 14.557734228514258
0 97.021484375 39.19270833333333 10.589203840879804 14.118938454506406
0 86.81640625 33.7890625 9.832155574699105 13.109540766265473
0 81.884765625 35.48177083333333 10.075423595714831 13.433898127619774
0 73.14453125 36.00260416666667 10.149102263376399 13.53213635116853
0 56.54296875 34.5703125 9.945172568847854 13.26023009179714
0 60.498046875 32.2265625 9.60213178866716 12.802842384889546
0 41.9921875 42.96875 11.087586745962493 14.783448994616657
0 26.46484375 54.4921875 12.486128262621328 16.648171016828435
0 1.708984375 73.89322916666666 14.539952697230952 19.386603596307936
0 0.146484375 55.6640625 12.619673540121662 16.826231386828884
0 5.859375 37.43489583333333 10.349014256477766 13.798685675303688
0 22.4609375 36.65364583333333 10.240455160865794 13.653940214487726
0 23.2421875 29.231770833333332 9.145095253766906 12.193460338355873
0 8.203125 28.059895833333332 8.959911044862793 11.946548059817056
0 3.80859375 25.260416666666668 8.501213548086012 11.334951397448016
0 31.591796875 29.4921875 9.185740321833748 12.247653762444997
0 22.0703125 27.604166666666668 8.886852892188134 11.849137189584178
0 27.490234375 23.828125 8.256682897014576 11.008910529352768
0 19.62890625 22.65625 8.051090062422436 10.734786749896582
0 45.166015625 32.35677083333333 9.621510480001493 12.828680640001991
0 39.84375 35.87239583333333 10.130732832457173 13.507643776609566
0 50.439453125 28.450520833333332 9.02206146184966 12.029415282466214
0 39.55078125 24.348958333333336 8.346432086900233 11.128576115866979
0 48.583984375 22.135416666666664 7.958010748538389 10.610680998051187
0 38.96484375 20.182291666666664 7.598815672600545 10.13175423013406
0 45.068359375 24.609375 8.39094670707246 11.187928942763282
0 57.91015625 25.390625 8.523095729839442 11.364127639785922
0 64.111328125 28.841145833333332 9.083786661460703 12.11171554861427
0 73.92578125 31.0546875 9.425930915210266 12.567907886947022
0 76.26953125 29.8828125 9.24637292940864 12.32849723921152
0 90.33203125 31.705729166666668 9.524222738236839 12.698963650982451
0 86.5234375 27.9296875 8.939098215256843 11.918797620342456
0 78.759765625 25.911458333333332 8.610068346964042 11.480091129285388
0 99.658203125 34.30989583333333 9.907643481901811 13.210191309202415
0 98.193359375 27.9296875 8.939098215256843 11.918797620342456
0 90.8203125 28.190104166666668 8.980675640601907 11.974234187469209
0 99.072265625 31.315104166666668 9.465370128949479 12.62049350526597
0 94.482421875 24.869791666666664 8.435226416678011 11.246968555570682
0 99.267578125 26.953125 8.78142979122202 11.708573054962693
0 91.6015625 24.088541666666664 8.301678777304348 11.068905036405797
0 84.228515625 19.53125 7.475249459177179 9.966999278902906
0 80.322265625 23.697916666666664 8.234092750996119 10.978790334661493
0 75.78125 24.21875 8.324085508414218 11.098780677885625
0 69.921875 23.177083333333336 8.143105507889608 10.857474010519478
0 64.599609375 20.3125 7.62328857226367 10.164384763018226
0 67.919921875 26.171875 8.653226854710587 11.537635806280782
0 60.595703125 22.135416666666664 7.958010748538389 10.610680998051187
0 51.513671875 11.653645833333332 5.7741967555006415 7.698929007334189
0 52.24609375 19.53125 7.475249459177179 9.966999278902906
0 58.203125 15.950520833333334 6.755353888299149 9.0071385177322
0 70.8984375 18.098958333333336 7.195938795502683 9.594585060670244
0 61.181640625 16.6015625 6.891839471823862 9.189119295765149
0 78.369140625 20.052083333333336 7.574263699945591 10.099018266594122
0 68.212890625 15.559895833333334 6.672122530845778 8.896163374461038
0 91.796875 21.09375 7.768507117527988 10.358009490037318
0 56.8359375 15.4296875 6.644147051109997 8.858862734813329
0 64.501953125 16.471354166666664 6.864759447755123 9.15301259700683
0 97.998046875 21.09375 7.768507117527988 10.358009490037318
0 80.322265625 20.052083333333336 7.574263699945591 10.099018266594122
0 97.607421875 24.348958333333336 8.346432086900233 11.128576115866979
0 73.73046875 16.796875 6.932261164306974 9.243014885742634
0 93.701171875 21.484375 7.840107775064166 10.453477033418888
0 85.64453125 25.390625 8.523095729839442 11.364127639785922
0 31.005859375 21.223958333333336 7.792447103762027 10.389929471682702
0 12.158203125 23.177083333333336 8.143105507889608 10.857474010519478
0 5.76171875 20.3125 7.62328857226367 10.164384763018226
0 12.060546875 17.838541666666664 7.143981879101334 9.525309172135112
0 2.05078125 19.53125 7.475249459177179 9.966999278902906
0 10.05859375 17.96875 7.170007400189656 9.56000986691954
0 4.296875 19.270833333333336 7.425247229367944 9.900329639157258
0 8.203125 18.359375 7.247523246483103 9.663364328644137
0 18.017578125 14.388020833333334 6.415953381844678 8.554604509126236
0 31.103515625 17.96875 7.170007400189656 9.56000986691954
0 23.046875 19.140625 7.400119417103358 9.866825889471144
0 34.814453125 17.96875 7.170007400189656 9.56000986691954
0 26.7578125 17.578125 7.091644310682526 9.455525747576702
0 39.35546875 16.471354166666664 6.864759447755123 9.15301259700683
0 28.759765625 16.796875 6.932261164306974 9.243014885742634
0 41.69921875 16.471354166666664 6.864759447755123 9.15301259700683
0 30.224609375 15.950520833333334 6.755353888299149 9.0071385177322
0 44.287109375 16.6015625 6.891839471823862 9.189119295765149
0 37.01171875 17.578125 7.091644310682526 9.455525747576702
0 46.435546875 15.559895833333334 6.672122530845778 8.896163374461038
0 32.861328125 18.359375 7.247523246483103 9.663364328644137
0 52.63671875 15.4296875 6.644147051109997 8.858862734813329
0 22.4609375 16.080729166666664 6.782870718656271 9.043827624875028
0 77.197265625 18.229166666666664 7.221777078979024 9.629036105305365
0 24.51171875 16.666666666666664 6.905339660024879 9.207119546699838
0 13.720703125 18.359375 7.247523246483103 9.663364328644137
