0 91.064453125 23.4375 8.188725503539269 10.918300671385692
0 76.611328125 19.53125 7.475249459177179 9.966999278902906
0 36.42578125 30.143229166666668 9.286574740419274 12.382099653892366
0 49.51171875 20.8984375 7.732458166088822 10.309944221451763
0 48.193359375 17.3828125 7.052136235529384 9.40284831403918
0 35.546875 16.40625 6.8511792970714245 9.134905729428567
0 53.90625 13.997395833333334 6.328259690346595 8.437679587128793
0 96.77734375 35.02604166666667 10.010509928501419 13.347346571335224
0 96.77734375 27.5390625 8.876366926421502 11.835155901895336
0 98.828125 24.0234375 8.290452702152177 11.053936936202902
0 96.044921875 23.4375 8.188725503539269 10.918300671385692
0 95.01953125 20.703125 7.6962403643301345 10.261653819106845
0 85.15625 16.9921875 6.972448522214271 9.296598029619028
0 82.2265625 20.3125 7.62328857226367 10.164384763018226
0 78.22265625 17.3828125 7.052136235529384 9.40284831403918
0 75.87890625 15.8203125 6.72772451325946 8.970299351012613
0 73.828125 18.9453125 7.3622668956389274 9.816355860851903
0 72.94921875 16.2109375 6.810276368536802 9.080368491382403
0 66.015625 16.6015625 6.891839471823862 9.189119295765149
0 57.763671875 15.559895833333334 6.672122530845778 8.896163374461038
0 56.005859375 14.778645833333334 6.502464524127966 8.669952698837287
0 32.861328125 17.3828125 7.052136235529384 9.40284831403918
0 30.37109375 17.96875 7.170007400189656 9.56000986691954
0 28.02734375 17.7734375 7.130933499479933 9.50791133263991
0 25.048828125 16.2109375 6.810276368536802 9.080368491382403
0 22.55859375 16.9921875 6.972448522214271 9.296598029619028
0 20.361328125 16.40625 6.8511792970714245 9.134905729428567
0 17.87109375 15.950520833333334 6.755353888299149 9.0071385177322
0 16.064453125 17.1875 7.012405574387241 9.349874099182989
0 13.28125 17.3828125 7.052136235529384 9.40284831403918
0 11.81640625 20.3125 7.62328857226367 10.164384763018226
0 0.341796875 19.3359375 7.437779301119349 9.917039068159132
0 5.615234375 19.140625 7.400119417103358 9.866825889471144
0 39.794921875 22.265625 7.981382342908947 10.641843123878598
0 86.767578125 25.0 8.457279333832409 11.276372445109878
0 84.27734375 23.4375 8.188725503539269 10.918300671385692
0 86.767578125 19.921875 7.549631882844837 10.066175843793117
0 63.818359375 50.130208333333336 11.975962445281118 15.967949927041488
