0 88.232421875 29.817708333333332 9.236295135755345 12.315060181007127
0 72.509765625 33.59375 9.803697756475225 13.071597008633635
0 42.08984375 29.4921875 9.185740321833748 12.247653762444997
0 29.1015625 31.510416666666668 9.494842032534208 12.659789376712277
0 12.890625 27.408854166666668 8.855357744474432 11.807143659299243
0 32.958984375 26.5625 8.717563999686098 11.62341866624813
0 9.1796875 22.591145833333336 8.039514082226251 10.719352109635
0 19.43359375 21.940104166666664 7.92282408798045 10.5637654506406
0 30.126953125 22.135416666666664 7.958010748538389 10.610680998051187
0 38.0859375 25.1953125 8.490251308132054 11.320335077509403
0 45.263671875 27.278645833333332 8.83429859993294 11.779064799910586
0 83.447265625 21.744791666666664 7.887480458569388 10.51664061142585
0 43.603515625 22.135416666666664 7.958010748538389 10.610680998051187
0 22.900390625 20.247395833333336 7.611061958825638 10.148082611767517
0 35.25390625 16.6015625 6.891839471823862 9.189119295765149
0 74.853515625 24.0234375 8.290452702152177 11.053936936202902
0 95.41015625 23.111979166666664 8.131660519088275 10.842214025451032
0 84.619140625 19.010416666666664 7.37490598974278 9.833207986323707
0 76.123046875 17.317708333333336 7.038917599286375 9.385223465715166
0 30.517578125 15.950520833333334 6.755353888299149 9.0071385177322
0 10.83984375 18.359375 7.247523246483103 9.663364328644137
0 56.982421875 15.755208333333334 6.7138671875 8.951822916666668
0 79.4921875 21.744791666666664 7.887480458569388 10.51664061142585
0 98.486328125 21.419270833333336 7.828219811023351 10.437626414697803
0 89.990234375 25.0 8.457279333832409 11.276372445109878
0 64.0625 16.471354166666664 6.864759447755123 9.15301259700683
0 7.861328125 18.684895833333336 7.311492035346033 9.748656047128044
0 74.31640625 17.122395833333336 6.9991119025755095 9.332149203434014
0 39.892578125 20.247395833333336 7.611061958825638 10.148082611767517
0 1.46484375 18.489583333333336 7.273178276253042 9.697571035004056
0 99.4140625 30.013020833333332 9.266495636406846 12.35532751520913
