0 45.3125 91.9921875 16.22318586426027 21.63091448568036
0 26.611328125 60.807291666666664 13.18980882871967 17.586411771626228
0 4.39453125 75.65104166666666 14.711878409660583 19.615837879547446
0 23.388671875 56.966145833333336 12.766418861909113 17.021891815878817
0 1.025390625 77.79947916666666 14.919319533179099 19.892426044238796
0 62.646484375 55.143229166666664 12.560495377964282 16.74732717061904
0 60.546875 46.41927083333333 11.524174553527347 15.365566071369797
0 43.408203125 47.0703125 11.604707850238979 15.472943800318639
0 78.90625 50.5859375 12.03027547877626 16.040367305035012
0 71.337890625 41.9921875 10.960867307170393 14.614489742893857
0 91.30859375 45.63802083333333 11.426785416777987 15.235713889037317
0 93.798828125 57.8125 12.860905460025315 17.14787394670042
0 77.24609375 53.190104166666664 12.336049152470542 16.44806553662739
0 59.521484375 35.67708333333333 10.103116062772735 13.470821417030313
0 43.06640625 34.04947916666667 9.869971697263324 13.159962263017766
0 50.146484375 30.924479166666668 9.406149296522488 12.541532395363317
0 40.869140625 37.36979166666667 10.340011197569225 13.786681596758967
0 21.337890625 37.63020833333333 10.3759765625 13.834635416666666
0 58.69140625 33.3984375 9.775157091093119 13.033542788124159
0 65.52734375 31.25 9.4555257475767 12.607367663435602
0 72.314453125 38.02083333333333 10.429692071920813 13.906256095894417
0 96.533203125 41.27604166666667 10.867000619363317 14.489334159151088
0 87.79296875 36.328125 10.194881035455362 13.593174713940485
0 99.560546875 36.65364583333333 10.240455160865794 13.653940214487726
0 78.857421875 27.734375 8.907787792557633 11.877050390076842
0 75.1953125 31.575520833333332 9.50464569238125 12.672860923174998
0 57.2265625 26.7578125 8.749555167743805 11.66607355699174
0 76.7578125 30.859375 9.396242870080965 12.52832382677462
0 46.923828125 25.716145833333332 8.57755695956738 11.436742612756506
0 38.37890625 26.106770833333332 8.642457433170346 11.52327657756046
0 45.556640625 24.8046875 8.424178309229896 11.23223774563986
0 22.705078125 35.546875 10.084662867345157 13.44621715646021
0 10.3515625 31.184895833333332 9.445671106287941 12.594228141717254
0 3.90625 27.9296875 8.939098215256843 11.918797620342456
0 51.46484375 18.684895833333336 7.311492035346033 9.748656047128044
0 30.56640625 24.283854166666664 8.33526628646708 11.113688381956106
0 49.755859375 19.921875 7.549631882844837 10.066175843793117
0 27.197265625 26.5625 8.717563999686098 11.62341866624813
0 20.654296875 23.4375 8.188725503539269 10.918300671385692
0 31.15234375 23.4375 8.188725503539269 10.918300671385692
0 27.783203125 25.130208333333332 8.479274895904423 11.305699861205897
0 81.396484375 25.390625 8.523095729839442 11.364127639785922
0 70.703125 25.065104166666668 8.468284256293707 11.291045675058275
0 85.205078125 25.130208333333332 8.479274895904423 11.305699861205897
0 79.39453125 24.739583333333336 8.413115693414442 11.217487591219255
0 95.166015625 26.041666666666668 8.631674575031099 11.508899433374797
0 4.248046875 26.3671875 8.685454999241765 11.580606665655687
0 82.763671875 79.94791666666666 15.123915641313316 20.16522085508442
0 78.02734375 58.333333333333336 12.918707573557572 17.224943431410097
0 93.5546875 55.143229166666664 12.560495377964282 16.74732717061904
0 88.330078125 39.84375 10.676791799643494 14.235722399524658
0 76.7578125 45.96354166666667 11.467464738803672 15.289952985071562
0 61.9140625 49.54427083333333 11.905767335895483 15.874356447860643
0 55.126953125 64.77864583333334 13.613713393063637 18.15161785741818
0 45.068359375 60.15625 13.119009558230394 17.492012744307193
0 37.01171875 65.29947916666666 13.668332322118342 18.224443096157792
0 44.091796875 82.6171875 15.374318503186032 20.499091337581376
0 20.41015625 53.515625 12.37373958295489 16.498319443939856
0 4.00390625 66.92708333333334 13.837627012639933 18.450169350186577
0 0.68359375 52.018229166666664 12.199399469791677 16.265865959722237
0 24.31640625 41.9921875 10.960867307170393 14.614489742893857
0 18.5546875 38.02083333333333 10.429692071920813 13.906256095894417
0 8.447265625 34.375 9.91703906815913 13.222718757545508
0 7.861328125 28.059895833333332 8.959911044862793 11.946548059817056
0 1.416015625 24.609375 8.39094670707246 11.187928942763282
0 13.818359375 23.567708333333336 8.211440458419013 10.948587277892017
0 21.240234375 29.036458333333332 9.114492506755418 12.15265667567389
0 34.86328125 28.450520833333332 9.02206146184966 12.029415282466214
0 39.599609375 34.63541666666667 9.954532733337459 13.272710311116612
0 40.33203125 43.81510416666667 11.196250200100184 14.928333600133579
0 42.919921875 29.8828125 9.24637292940864 12.32849723921152
0 50.390625 28.190104166666668 8.980675640601907 11.974234187469209
0 57.177734375 30.598958333333332 9.35651227829339 12.475349704391189
0 64.794921875 27.864583333333332 8.928673607377803 11.904898143170405
0 64.990234375 23.111979166666664 8.131660519088275 10.842214025451032
0 59.08203125 23.2421875 8.154534433525017 10.872712578033356
0 74.560546875 28.385416666666668 9.011732824849489 12.015643766465985
0 72.802734375 33.3984375 9.775157091093119 13.033542788124159
0 69.62890625 38.60677083333333 10.509750584547465 14.01300077939662
0 60.205078125 41.47135416666667 10.892680845687712 14.523574460916949
0 78.759765625 32.74739583333333 9.679413773897526 12.905885031863368
0 84.375 35.87239583333333 10.130732832457173 13.507643776609566
0 95.361328125 38.15104166666667 10.447535869521296 13.930047826028394
0 97.607421875 32.2265625 9.60213178866716 12.802842384889546
0 90.283203125 32.87760416666667 9.698638050580264 12.931517400773687
0 88.427734375 28.190104166666668 8.980675640601907 11.974234187469209
0 99.31640625 27.5390625 8.876366926421502 11.835155901895336
0 99.70703125 34.04947916666667 9.869971697263324 13.159962263017766
0 96.09375 23.958333333333336 8.279211405182211 11.038948540242949
0 93.115234375 26.5625 8.717563999686098 11.62341866624813
0 89.794921875 22.0703125 7.946299173761924 10.595065565015899
0 78.173828125 15.364583333333334 6.6301150458985685 8.840153394531425
0 73.33984375 15.364583333333334 6.6301150458985685 8.840153394531425
0 67.626953125 15.494791666666666 6.658149484030587 8.877532645374115
0 59.27734375 14.518229166666666 6.444919458600731 8.593225944800976
0 51.3671875 14.518229166666666 6.444919458600731 8.593225944800976
0 42.431640625 16.145833333333336 6.796587356970242 9.062116475960323
0 33.30078125 18.684895833333336 7.311492035346033 9.748656047128044
0 46.435546875 21.09375 7.768507117527988 10.358009490037318
0 40.625 20.3125 7.62328857226367 10.164384763018226
0 36.474609375 20.833333333333336 7.720404443770458 10.293872591693944
0 29.78515625 21.158854166666664 7.780486318348366 10.373981757797822
0 25.927734375 23.307291666666664 8.165947363439729 10.88792981791964
0 19.23828125 20.182291666666664 7.598815672600545 10.13175423013406
0 11.71875 22.0703125 7.946299173761924 10.595065565015899
0 85.595703125 31.380208333333332 9.475204282385269 12.633605709847027
0 86.962890625 26.3671875 8.685454999241765 11.580606665655687
0 99.21875 22.916666666666664 8.097228492078614 10.796304656104818
0 97.509765625 25.130208333333332 8.479274895904423 11.305699861205897
0 91.650390625 22.265625 7.981382342908947 10.641843123878598
0 96.875 21.744791666666664 7.887480458569388 10.51664061142585
0 86.572265625 20.833333333333336 7.720404443770458 10.293872591693944
0 95.361328125 21.2890625 7.804389558437758 10.405852744583676
0 84.228515625 19.466145833333336 7.462780310447684 9.950373747263578
0 94.53125 19.661458333333336 7.500125566067204 10.00016742142294
0 89.55078125 19.466145833333336 7.462780310447684 9.950373747263578
0 82.6171875 21.484375 7.840107775064166 10.453477033418888
0 79.150390625 17.317708333333336 7.038917599286375 9.385223465715166
0 85.44921875 22.65625 8.051090062422436 10.734786749896582
0 80.6640625 22.265625 7.981382342908947 10.641843123878598
0 76.171875 22.265625 7.981382342908947 10.641843123878598
0 72.607421875 19.140625 7.400119417103358 9.866825889471144
0 97.75390625 21.744791666666664 7.887480458569388 10.51664061142585
0 74.951171875 24.8046875 8.424178309229896 11.23223774563986
0 77.392578125 22.135416666666664 7.958010748538389 10.610680998051187
0 66.6015625 22.4609375 8.016311973000304 10.688415964000404
0 44.3359375 18.1640625 7.208869513560617 9.611826018080823
0 20.8984375 18.489583333333336 7.273178276253042 9.697571035004056
0 11.328125 19.140625 7.400119417103358 9.866825889471144
0 40.625 26.236979166666668 8.66398288975732 11.551977186343091
0 38.720703125 19.140625 7.400119417103358 9.866825889471144
0 46.630859375 16.2109375 6.810276368536802 9.080368491382403
0 38.37890625 16.2109375 6.810276368536802 9.080368491382403
0 28.662109375 17.838541666666664 7.143981879101334 9.525309172135112
0 24.853515625 19.270833333333336 7.425247229367944 9.900329639157258
0 17.3828125 15.690104166666666 6.699981201202437 8.933308268269917
0 56.8359375 15.0390625 6.559504779115197 8.746006372153596
0 54.443359375 19.986979166666664 7.561957820656658 10.08261042754221
0 65.0390625 19.791666666666664 7.524919437217989 10.033225916290652
0 61.9140625 16.9921875 6.972448522214271 9.296598029619028
0 57.91015625 20.638020833333336 7.684129829110212 10.245506438813615
0 64.55078125 15.885416666666666 6.741553355216833 8.988737806955777
0 76.318359375 17.447916666666664 7.065330140863174 9.420440187817565
0 69.482421875 17.643229166666664 7.104764847914316 9.473019797219088
0 54.248046875 14.973958333333334 6.545291317604741 8.727055090139656
0 44.43359375 15.885416666666666 6.741553355216833 8.988737806955777
0 34.619140625 15.885416666666666 6.741553355216833 8.988737806955777
0 33.30078125 20.833333333333336 7.720404443770458 10.293872591693944
0 23.6328125 18.815104166666664 7.336923388776433 9.782564518368577
0 15.673828125 19.140625 7.400119417103358 9.866825889471144
0 5.6640625 19.596354166666664 7.487697843252746 9.983597124336994
0 70.849609375 15.885416666666666 6.741553355216833 8.988737806955777
0 8.0078125 18.1640625 7.208869513560617 9.611826018080823
0 4.98046875 22.65625 8.051090062422436 10.734786749896582
0 0.927734375 18.033854166666664 7.182984799767957 9.577313066357275
0 11.669921875 17.513020833333336 7.0784994535786145 9.437999271438152
0 78.173828125 19.466145833333336 7.462780310447684 9.950373747263578
0 82.373046875 17.96875 7.170007400189656 9.56000986691954
0 93.5546875 20.768229166666664 7.708331872750909 10.277775830334546
0 80.37109375 19.010416666666664 7.37490598974278 9.833207986323707
0 73.92578125 18.684895833333336 7.311492035346033 9.748656047128044
0 66.357421875 16.861979166666664 6.945682786096826 9.260910381462436
0 60.205078125 17.122395833333336 6.9991119025755095 9.332149203434014
0 53.7109375 16.861979166666664 6.945682786096826 9.260910381462436
0 9.375 20.5078125 7.659851317145468 10.21313508952729
0 17.28515625 21.419270833333336 7.828219811023351 10.437626414697803
0 2.783203125 19.596354166666664 7.487697843252746 9.983597124336994
0 21.484375 16.341145833333336 6.837572174807153 9.116762899742872
0 27.9296875 15.299479166666666 6.61605328023645 8.821404373648601
0 19.384765625 16.145833333333336 6.796587356970242 9.062116475960323
0 31.54296875 16.2109375 6.810276368536802 9.080368491382403
0 22.216796875 14.6484375 6.473755931273323 8.631674575031097
0 40.234375 16.471354166666664 6.864759447755123 9.15301259700683
0 49.365234375 17.122395833333336 6.9991119025755095 9.332149203434014
