0 82.177734375 62.109375 13.3302793382822 17.77370578437627
0 65.4296875 58.072916666666664 12.889838917201462 17.18645188960195
0 52.24609375 48.828125 11.819407184470878 15.759209579294502
0 38.330078125 64.97395833333334 13.634221132622484 18.17896151016331
0 45.947265625 87.3046875 15.80445236355475 21.072603151406334
0 2.9296875 60.807291666666664 13.18980882871967 17.586411771626228
0 8.7890625 35.02604166666667 10.010509928501419 13.347346571335224
0 19.287109375 29.427083333333332 9.175595934065496 12.234127912087327
0 32.470703125 35.02604166666667 10.010509928501419 13.347346571335224
0 35.7421875 43.9453125 11.212874188765769 14.950498918354358
0 51.123046875 37.23958333333333 10.321981521782082 13.762642029042777
0 41.30859375 32.48697916666667 9.640850219074288 12.854466958765718
0 32.080078125 29.427083333333332 9.175595934065496 12.234127912087327
0 41.9921875 22.526041666666664 8.027921409891299 10.703895213188398
0 59.033203125 25.260416666666668 8.501213548086012 11.334951397448016
0 49.90234375 28.90625 9.094033462982996 12.125377950643994
0 60.791015625 35.02604166666667 10.010509928501419 13.347346571335224
0 65.13671875 42.70833333333333 11.053936936202902 14.738582581603868
0 77.392578125 52.669270833333336 12.275503760448466 16.36733834726462
0 95.8984375 53.776041666666664 12.403809468323715 16.53841262443162
0 93.310546875 45.76822916666667 11.443074499055587 15.25743266540745
0 88.818359375 32.68229166666667 9.669787303317175 12.893049737756234
0 79.052734375 37.23958333333333 10.321981521782082 13.762642029042777
0 74.0234375 32.87760416666667 9.698638050580264 12.931517400773687
0 66.11328125 23.6328125 8.222774405094897 10.963699206793196
0 60.25390625 21.2890625 7.804389558437758 10.405852744583676
0 49.755859375 19.075520833333336 7.3875234600282 9.850031280037602
0 31.93359375 21.419270833333336 7.828219811023351 10.437626414697803
0 20.361328125 20.8984375 7.732458166088822 10.309944221451763
0 13.134765625 22.916666666666664 8.097228492078614 10.796304656104818
0 4.052734375 25.260416666666668 8.501213548086012 11.334951397448016
0 20.8984375 49.21875 11.866590634291736 15.822120845722315
0 92.3828125 26.888020833333332 8.770817787597604 11.694423716796805
0 81.0546875 22.330729166666664 7.993042513249997 10.657390017666662
0 70.849609375 21.809895833333336 7.8992792392241125 10.532372318965482
0 62.451171875 18.359375 7.247523246483103 9.663364328644137
0 52.34375 16.927083333333336 6.959078522333606 9.278771363111476
0 40.52734375 17.057291666666664 6.985792933508055 9.31439057801074
0 28.271484375 19.986979166666664 7.561957820656658 10.08261042754221
