0 84.765625 63.411458333333336 13.469284967476753 17.959046623302335
0 93.75 54.4921875 12.486128262621328 16.648171016828435
0 92.919921875 44.46614583333333 11.279125129746294 15.038833506328391
0 86.23046875 37.36979166666667 10.340011197569225 13.786681596758967
0 79.98046875 38.8671875 10.545137050275265 14.060182733700355
0 79.39453125 54.4921875 12.486128262621328 16.648171016828435
0 63.525390625 41.73177083333333 10.926827264384862 14.569103019179815
0 70.3125 60.677083333333336 13.175679409742983 17.567572546323976
0 52.24609375 49.0234375 11.843022407185213 15.790696542913619
0 34.619140625 43.09895833333333 11.10437341226822 14.805831216357626
0 35.64453125 61.263020833333336 13.239143044118567 17.652190725491423
0 20.1171875 48.69791666666667 11.803637454720285 15.738183272960379
0 1.46484375 66.27604166666666 13.770158902195407 18.360211869593876
0 3.02734375 30.078125 9.276540621075844 12.368720828101127
0 17.48046875 32.68229166666667 9.669787303317175 12.893049737756234
0 31.787109375 36.71875 10.24954566879069 13.66606089172092
0 51.025390625 37.95572916666667 10.420758715187912 13.894344953583882
0 50.439453125 28.255208333333332 8.991039955234518 11.988053273646026
0 42.724609375 32.35677083333333 9.621510480001493 12.828680640001991
0 34.08203125 28.580729166666668 9.042683343523592 12.056911124698123
0 22.802734375 26.106770833333332 8.642457433170346 11.52327657756046
0 9.86328125 29.036458333333332 9.114492506755418 12.15265667567389
0 4.638671875 24.934895833333336 8.446260072691679 11.26168009692224
0 14.306640625 19.921875 7.549631882844837 10.066175843793117
0 28.857421875 22.981770833333336 8.108722079825698 10.811629439767596
0 36.23046875 17.057291666666664 6.985792933508055 9.31439057801074
0 46.58203125 14.6484375 6.473755931273323 8.631674575031097
0 59.619140625 19.791666666666664 7.524919437217989 10.033225916290652
0 60.107421875 27.9296875 8.939098215256843 11.918797620342456
0 75.1953125 32.94270833333333 9.708235913444133 12.944314551258843
0 89.208984375 32.8125 9.689030680168178 12.918707573557572
0 58.837890625 25.716145833333332 8.57755695956738 11.436742612756506
0 67.3828125 25.260416666666668 8.501213548086012 11.334951397448016
0 74.169921875 29.036458333333332 9.114492506755418 12.15265667567389
0 90.33203125 25.390625 8.523095729839442 11.364127639785922
0 83.056640625 29.4921875 9.185740321833748 12.247653762444997
0 98.73046875 42.1875 10.986328125 14.6484375
0 98.73046875 32.2265625 9.60213178866716 12.802842384889546
0 99.755859375 20.377604166666664 7.635495607419925 10.180660809893233
0 93.603515625 22.526041666666664 8.027921409891299 10.703895213188398
0 79.736328125 23.4375 8.188725503539269 10.918300671385692
0 71.337890625 21.419270833333336 7.828219811023351 10.437626414697803
0 65.771484375 14.453125 6.430452730012657 8.57393697335021
0 56.103515625 15.559895833333334 6.672122530845778 8.896163374461038
0 62.841796875 12.369791666666668 5.948971157720314 7.931961543627086
0 72.021484375 13.28125 6.16424861960576 8.218998159474348
0 77.1484375 20.5078125 7.659851317145468 10.21313508952729
0 84.27734375 20.377604166666664 7.635495607419925 10.180660809893233
0 75.78125 14.908854166666666 6.531046923532928 8.708062564710572
0 87.5 20.052083333333336 7.574263699945591 10.099018266594122
0 79.638671875 16.731770833333336 6.9188135063199665 9.225084675093289
0 62.841796875 16.927083333333336 6.959078522333606 9.278771363111476
0 61.1328125 34.89583333333333 9.991885707852113 13.322514277136149
0 85.205078125 16.015625 6.7691262856502785 9.025501714200372
0 92.236328125 20.703125 7.6962403643301345 10.261653819106845
0 69.53125 13.8671875 6.298757153488249 8.398342871317666
0 57.470703125 13.28125 6.16424861960576 8.218998159474348
0 67.041015625 19.140625 7.400119417103358 9.866825889471144
0 74.169921875 15.559895833333334 6.672122530845778 8.896163374461038
0 87.841796875 17.1875 7.012405574387241 9.349874099182989
0 12.158203125 16.145833333333336 6.796587356970242 9.062116475960323
0 26.46484375 12.5 5.980199567341744 7.973599423122326
0 40.185546875 14.6484375 6.473755931273323 8.631674575031097
0 29.638671875 13.736979166666666 6.269115778861736 8.358821038482315
0 43.75 13.997395833333334 6.328259690346595 8.437679587128793
0 33.740234375 14.908854166666666 6.531046923532928 8.708062564710572
0 27.34375 18.5546875 7.28597191547444 9.714629220632586
0 20.99609375 21.744791666666664 7.887480458569388 10.51664061142585
0 5.56640625 20.703125 7.6962403643301345 10.261653819106845
0 17.919921875 18.684895833333336 7.311492035346033 9.748656047128044
0 31.005859375 20.963541666666664 7.7444931277157725 10.325990836954363
0 41.11328125 24.934895833333336 8.446260072691679 11.26168009692224
0 36.572265625 13.736979166666666 6.269115778861736 8.358821038482315
0 41.11328125 22.200520833333336 7.969705113037473 10.626273484049964
0 0.87890625 19.140625 7.400119417103358 9.866825889471144
0 48.291015625 21.614583333333336 7.863829789260941 10.485106385681254
0 54.39453125 14.6484375 6.473755931273323 8.631674575031097
0 50.439453125 17.643229166666664 7.104764847914316 9.473019797219088
0 29.39453125 19.596354166666664 7.487697843252746 9.983597124336994
0 21.337890625 16.471354166666664 6.864759447755123 9.15301259700683
0 18.1640625 14.6484375 6.473755931273323 8.631674575031097
0 24.4140625 15.690104166666666 6.699981201202437 8.933308268269917
0 42.041015625 15.364583333333334 6.6301150458985685 8.840153394531425
0 94.775390625 19.466145833333336 7.462780310447684 9.950373747263578
