0 89.55078125 32.87760416666667 9.698638050580264 12.931517400773687
0 98.73046875 31.575520833333332 9.50464569238125 12.672860923174998
0 93.798828125 27.734375 8.907787792557633 11.877050390076842
0 88.134765625 31.705729166666668 9.524222738236839 12.698963650982451
0 76.611328125 33.3984375 9.775157091093119 13.033542788124159
0 74.4140625 27.083333333333332 8.802615418613255 11.736820558151006
0 80.517578125 24.674479166666664 8.402038511923953 11.202718015898604
0 38.427734375 29.036458333333332 9.114492506755418 12.15265667567389
0 35.400390625 23.502604166666664 8.200090846279542 10.933454461706056
0 46.533203125 23.2421875 8.154534433525017 10.872712578033356
0 12.451171875 22.591145833333336 8.039514082226251 10.719352109635
0 22.94921875 19.53125 7.475249459177179 9.966999278902906
0 37.841796875 17.1875 7.012405574387241 9.349874099182989
0 50.390625 12.955729166666666 6.088237714617921 8.117650286157229
0 54.541015625 14.908854166666666 6.531046923532928 8.708062564710572
0 61.669921875 13.997395833333334 6.328259690346595 8.437679587128793
0 45.068359375 17.708333333333336 7.117861199762329 9.490481599683106
0 36.279296875 15.885416666666666 6.741553355216833 8.988737806955777
0 31.15234375 16.145833333333336 6.796587356970242 9.062116475960323
0 25.9765625 16.015625 6.7691262856502785 9.025501714200372
0 19.287109375 17.578125 7.091644310682526 9.455525747576702
0 12.548828125 17.708333333333336 7.117861199762329 9.490481599683106
0 6.73828125 19.661458333333336 7.500125566067204 10.00016742142294
0 2.978515625 22.200520833333336 7.969705113037473 10.626273484049964
0 17.87109375 14.908854166666666 6.531046923532928 8.708062564710572
0 4.052734375 19.270833333333336 7.425247229367944 9.900329639157258
0 35.107421875 16.927083333333336 6.959078522333606 9.278771363111476
0 42.48046875 17.057291666666664 6.985792933508055 9.31439057801074
0 27.197265625 16.276041666666664 6.823937919616058 9.09858389282141
0 10.302734375 17.708333333333336 7.117861199762329 9.490481599683106
0 9.5703125 20.442708333333336 7.647683158045451 10.196910877393934
0 5.517578125 17.317708333333336 7.038917599286375 9.385223465715166
0 0.78125 20.3125 7.62328857226367 10.164384763018226
0 20.947265625 16.927083333333336 6.959078522333606 9.278771363111476
0 2.587890625 19.791666666666664 7.524919437217989 10.033225916290652
0 23.046875 16.927083333333336 6.959078522333606 9.278771363111476
0 33.7890625 17.708333333333336 7.117861199762329 9.490481599683106
0 45.654296875 14.6484375 6.473755931273323 8.631674575031097
0 64.2578125 15.494791666666666 6.658149484030587 8.877532645374115
0 71.923828125 15.104166666666666 6.573687508709111 8.764916678278816
0 98.73046875 24.674479166666664 8.402038511923953 11.202718015898604
0 95.556640625 20.5078125 7.659851317145468 10.21313508952729
0 89.013671875 21.6796875 7.875664001809045 10.500885335745393
0 94.189453125 20.8984375 7.732458166088822 10.309944221451763
0 79.833984375 18.098958333333336 7.195938795502683 9.594585060670244
0 89.013671875 17.96875 7.170007400189656 9.56000986691954
0 84.47265625 17.838541666666664 7.143981879101334 9.525309172135112
0 78.662109375 17.578125 7.091644310682526 9.455525747576702
0 85.791015625 17.96875 7.170007400189656 9.56000986691954
0 76.904296875 17.708333333333336 7.117861199762329 9.490481599683106
0 87.158203125 18.489583333333336 7.273178276253042 9.697571035004056
0 68.701171875 15.885416666666666 6.741553355216833 8.988737806955777
0 74.31640625 17.1875 7.012405574387241 9.349874099182989
0 67.48046875 16.276041666666664 6.823937919616058 9.09858389282141
0 72.75390625 20.768229166666664 7.708331872750909 10.277775830334546
0 66.6015625 17.708333333333336 7.117861199762329 9.490481599683106
