0 95.21484375 87.109375 15.786764106906205 21.049018809208274
0 43.1640625 85.09114583333334 15.602811317339132 20.803748423118844
0 37.841796875 66.34114583333334 13.776920581415663 18.36922744188755
0 7.2265625 73.56770833333334 14.507891020513567 19.343854694018088
0 19.3359375 48.56770833333333 11.787846628312968 15.717128837750623
0 5.17578125 58.658854166666664 12.95470292772896 17.272937236971945
0 6.591796875 42.64322916666667 11.045508466097326 14.7273446214631
0 16.89453125 37.3046875 10.331000292853245 13.77466705713766
0 31.54296875 44.53125 11.287379155826983 15.049838874435977
0 32.91015625 32.94270833333333 9.708235913444133 12.944314551258843
0 40.52734375 23.567708333333336 8.211440458419013 10.948587277892017
0 55.224609375 27.5390625 8.876366926421502 11.835155901895336
0 62.939453125 31.119791666666668 9.4358061729372 12.5810748972496
0 50.68359375 21.354166666666664 7.816313766397521 10.421751688530028
0 66.69921875 16.666666666666664 6.905339660024879 9.207119546699838
0 90.91796875 56.510416666666664 12.715250644531043 16.95366752604139
0 85.400390625 67.05729166666666 13.851081198620872 18.46810826482783
0 63.818359375 62.174479166666664 13.33726402796152 17.783018703948695
0 78.173828125 40.8203125 10.806842779312605 14.40912370575014
0 61.03515625 36.58854166666667 10.231356576074347 13.641808768099132
0 69.3359375 28.385416666666668 9.011732824849489 12.015643766465985
0 74.4140625 34.24479166666667 9.898238977189243 13.197651969585658
0 3.7109375 32.6171875 9.660151239834237 12.880201653112316
0 68.701171875 29.622395833333332 9.205995562132786 12.274660749510382
0 72.265625 22.526041666666664 8.027921409891299 10.703895213188398
