0 8.49609375 77.34375 14.875558602238698 19.834078136318265
0 1.806640625 56.510416666666664 12.715250644531043 16.95366752604139
0 13.525390625 45.37760416666667 11.394137391720257 15.192183188960342
0 20.8984375 49.08854166666667 11.850883690763915 15.801178254351885
0 21.630859375 58.59375 12.947511862546646 17.263349150062194
0 44.873046875 56.184895833333336 12.678575486963496 16.90476731595133
0 47.94921875 71.02864583333334 14.2553353443929 19.007113792523867
0 44.775390625 88.54166666666666 15.916021497076779 21.221361996102374
0 54.248046875 58.7890625 12.969073096237658 17.29209746165021
0 65.380859375 54.296875 12.463731601966636 16.61830880262218
0 94.091796875 55.078125 12.553078491945271 16.73743798926036
0 99.951171875 65.49479166666666 13.688758234866825 18.2516776464891
0 61.9140625 51.692708333333336 12.161168728742233 16.214891638322978
0 75.830078125 51.171875 12.099748291991583 16.132997722655443
0 70.263671875 42.05729166666667 10.969360812751116 14.62581441700149
0 58.154296875 43.88020833333333 11.2045652775182 14.939420370024267
0 39.599609375 47.0703125 11.604707850238979 15.472943800318639
0 22.314453125 38.8671875 10.545137050275265 14.060182733700355
0 39.990234375 38.15104166666667 10.447535869521296 13.930047826028394
0 57.177734375 35.7421875 10.11233003282525 13.483106710433667
0 72.900390625 37.04427083333333 10.29487780360901 13.726503738145347
0 85.595703125 35.9375 10.139921707663666 13.51989561021822
0 88.232421875 43.75 11.187928942763282 14.917238590351042
0 95.5078125 39.453125 10.624325674761481 14.165767566348642
0 87.01171875 33.33333333333333 9.765625 13.020833333333334
0 75.439453125 30.924479166666668 9.406149296522488 12.541532395363317
0 65.52734375 30.533854166666668 9.346553241646458 12.462070988861944
0 59.814453125 33.46354166666667 9.784679896167846 13.046239861557126
0 49.51171875 30.924479166666668 9.406149296522488 12.541532395363317
0 43.798828125 33.65885416666667 9.813192865486773 13.084257153982362
0 35.400390625 28.841145833333332 9.083786661460703 12.11171554861427
0 21.19140625 29.752604166666668 9.22620633412535 12.301608445500468
0 12.255859375 33.46354166666667 9.784679896167846 13.046239861557126
0 2.63671875 36.84895833333333 10.267702539831983 13.690270053109312
0 9.326171875 37.76041666666667 10.393912576859377 13.85855010247917
0 7.12890625 30.533854166666668 9.346553241646458 12.462070988861944
0 25.390625 24.934895833333336 8.446260072691679 11.26168009692224
0 4.19921875 24.934895833333336 8.446260072691679 11.26168009692224
0 12.255859375 23.111979166666664 8.131660519088275 10.842214025451032
0 20.068359375 23.6328125 8.222774405094897 10.963699206793196
0 28.7109375 23.2421875 8.154534433525017 10.872712578033356
0 38.4765625 26.432291666666668 8.696171172348027 11.594894896464037
0 47.94921875 21.223958333333336 7.792447103762027 10.389929471682702
0 57.03125 25.846354166666668 8.59924487524742 11.465659833663226
0 65.966796875 26.041666666666668 8.631674575031099 11.508899433374797
0 75.9765625 24.934895833333336 8.446260072691679 11.26168009692224
0 46.728515625 25.716145833333332 8.57755695956738 11.436742612756506
0 38.916015625 21.940104166666664 7.92282408798045 10.5637654506406
0 33.447265625 20.5078125 7.659851317145468 10.21313508952729
0 20.21484375 18.619791666666664 7.298743129334349 9.731657505779133
0 1.416015625 23.4375 8.188725503539269 10.918300671385692
0 9.47265625 21.028645833333336 7.756509415978292 10.342012554637723
0 1.66015625 20.5078125 7.659851317145468 10.21313508952729
0 57.177734375 20.833333333333336 7.720404443770458 10.293872591693944
0 71.38671875 19.205729166666664 7.412693970636669 9.883591960848893
0 59.228515625 22.330729166666664 7.993042513249997 10.657390017666662
0 70.556640625 24.4140625 8.357582969744357 11.143443959659143
0 80.859375 24.0234375 8.290452702152177 11.053936936202902
0 88.671875 28.3203125 9.001392336274797 12.001856448366395
0 79.736328125 27.734375 8.907787792557633 11.877050390076842
0 90.625 31.8359375 9.543759625922785 12.725012834563712
0 97.8515625 31.640625 9.51443925056146 12.685919000748614
0 91.162109375 26.041666666666668 8.631674575031099 11.508899433374797
0 64.84375 22.135416666666664 7.958010748538389 10.610680998051187
0 78.22265625 20.3125 7.62328857226367 10.164384763018226
0 85.205078125 24.21875 8.324085508414218 11.098780677885625
0 97.8515625 21.940104166666664 7.92282408798045 10.5637654506406
0 64.84375 17.122395833333336 6.9991119025755095 9.332149203434014
0 52.978515625 16.40625 6.8511792970714245 9.134905729428567
0 40.4296875 17.708333333333336 7.117861199762329 9.490481599683106
0 51.85546875 12.5 5.980199567341744 7.973599423122326
0 58.984375 16.927083333333336 6.959078522333606 9.278771363111476
0 70.263671875 15.8203125 6.72772451325946 8.970299351012613
0 92.578125 22.526041666666664 8.027921409891299 10.703895213188398
0 86.03515625 20.3125 7.62328857226367 10.164384763018226
0 54.78515625 15.494791666666666 6.658149484030587 8.877532645374115
0 73.33984375 16.6015625 6.891839471823862 9.189119295765149
0 56.201171875 15.299479166666666 6.61605328023645 8.821404373648601
0 76.416015625 18.098958333333336 7.195938795502683 9.594585060670244
0 41.69921875 16.40625 6.8511792970714245 9.134905729428567
0 27.490234375 19.53125 7.475249459177179 9.966999278902906
0 17.578125 17.513020833333336 7.0784994535786145 9.437999271438152
0 10.302734375 18.424479166666664 7.2603620931215325 9.680482790828709
0 22.4609375 19.921875 7.549631882844837 10.066175843793117
0 36.376953125 17.903645833333336 7.157006469457137 9.542675292609516
0 27.490234375 16.2109375 6.810276368536802 9.080368491382403
0 37.20703125 19.7265625 7.512532730158185 10.01671030687758
0 25.09765625 17.513020833333336 7.0784994535786145 9.437999271438152
0 6.15234375 21.614583333333336 7.863829789260941 10.485106385681254
0 32.470703125 17.513020833333336 7.0784994535786145 9.437999271438152
0 46.2890625 17.513020833333336 7.0784994535786145 9.437999271438152
0 29.541015625 16.6015625 6.891839471823862 9.189119295765149
0 22.607421875 16.927083333333336 6.959078522333606 9.278771363111476
0 7.12890625 19.921875 7.549631882844837 10.066175843793117
0 43.212890625 18.098958333333336 7.195938795502683 9.594585060670244
0 80.859375 18.424479166666664 7.2603620931215325 9.680482790828709
0 94.82421875 25.520833333333332 8.544921875 11.393229166666668
0 74.462890625 17.513020833333336 7.0784994535786145 9.437999271438152
0 47.55859375 16.015625 6.7691262856502785 9.025501714200372
0 38.4765625 16.40625 6.8511792970714245 9.134905729428567
