0 94.3359375 58.854166666666664 12.976252212810852 17.301669617081135
0 25.78125 61.197916666666664 13.2321065604729 17.642808747297202
0 95.41015625 57.6171875 12.83916257810219 17.118883437469588
0 91.2109375 47.20052083333333 11.620747537023785 15.494330049365049
0 23.974609375 40.8203125 10.806842779312605 14.40912370575014
0 90.72265625 45.18229166666667 11.36958984997385 15.159453133298467
0 51.220703125 31.8359375 9.543759625922785 12.725012834563712
0 71.875 42.70833333333333 11.053936936202902 14.738582581603868
0 79.98046875 50.455729166666664 12.01478252260103 16.019710030134707
0 72.16796875 64.19270833333334 13.552003974105538 18.06933863214072
0 63.232421875 53.3203125 12.351139126494179 16.468185501992238
0 41.40625 58.138020833333336 12.897062139352686 17.196082852470248
0 46.19140625 73.69791666666666 14.520724186243065 19.360965581657418
0 44.091796875 82.87760416666666 15.398530043387284 20.531373391183045
0 10.205078125 72.72135416666666 14.424197141231046 19.232262854974728
0 21.337890625 58.723958333333336 12.9618900034151 17.28252000455347
0 0.87890625 54.1015625 12.441294623193059 16.58839283092408
0 22.75390625 49.21875 11.866590634291736 15.822120845722315
0 0.78125 17.903645833333336 7.157006469457137 9.542675292609516
0 10.107421875 18.424479166666664 7.2603620931215325 9.680482790828709
0 3.466796875 18.5546875 7.28597191547444 9.714629220632586
0 12.548828125 17.1875 7.012405574387241 9.349874099182989
0 6.591796875 18.5546875 7.28597191547444 9.714629220632586
0 14.74609375 17.447916666666664 7.065330140863174 9.420440187817565
0 22.509765625 28.255208333333332 8.991039955234518 11.988053273646026
0 3.22265625 28.385416666666668 9.011732824849489 12.015643766465985
0 4.736328125 28.255208333333332 8.991039955234518 11.988053273646026
0 27.490234375 26.302083333333332 8.674725588105405 11.56630078414054
0 46.923828125 26.302083333333332 8.674725588105405 11.56630078414054
0 6.34765625 22.330729166666664 7.993042513249997 10.657390017666662
0 8.447265625 29.166666666666668 9.134905729428569 12.17987430590476
0 3.662109375 39.453125 10.624325674761481 14.165767566348642
0 12.20703125 34.5703125 9.945172568847854 13.26023009179714
0 10.3515625 25.065104166666668 8.468284256293707 11.291045675058275
0 16.2109375 15.104166666666666 6.573687508709111 8.764916678278816
0 27.1484375 18.880208333333336 7.349606066157407 9.799474754876544
0 12.646484375 19.791666666666664 7.524919437217989 10.033225916290652
0 18.1640625 18.75 7.32421875 9.765625
0 38.525390625 22.591145833333336 8.039514082226251 10.719352109635
0 19.677734375 23.697916666666664 8.234092750996119 10.978790334661493
0 23.6328125 15.950520833333334 6.755353888299149 9.0071385177322
0 30.419921875 23.372395833333336 8.177344364608315 10.903125819477753
0 17.919921875 16.341145833333336 6.837572174807153 9.116762899742872
0 40.8203125 44.921875 11.336777112430854 15.11570281657447
0 20.361328125 18.880208333333336 7.349606066157407 9.799474754876544
0 40.91796875 36.00260416666667 10.149102263376399 13.53213635116853
0 31.73828125 17.317708333333336 7.038917599286375 9.385223465715166
0 46.09375 32.55208333333333 9.650505554713073 12.86734073961743
0 29.4921875 18.098958333333336 7.195938795502683 9.594585060670244
0 27.392578125 16.080729166666664 6.782870718656271 9.043827624875028
0 27.63671875 14.388020833333334 6.415953381844678 8.554604509126236
0 22.265625 17.1875 7.012405574387241 9.349874099182989
0 25.048828125 15.950520833333334 6.755353888299149 9.0071385177322
0 16.2109375 20.8984375 7.732458166088822 10.309944221451763
0 32.861328125 16.536458333333336 6.878312786611722 9.171083715482297
0 38.96484375 25.716145833333332 8.57755695956738 11.436742612756506
0 34.66796875 18.880208333333336 7.349606066157407 9.799474754876544
0 40.234375 17.96875 7.170007400189656 9.56000986691954
0 43.26171875 22.786458333333336 8.074192233473482 10.765589644631309
0 36.5234375 18.098958333333336 7.195938795502683 9.594585060670244
0 50.78125 28.190104166666668 8.980675640601907 11.974234187469209
0 37.939453125 17.1875 7.012405574387241 9.349874099182989
0 46.6796875 23.046875 8.120199399200482 10.82693253226731
0 37.109375 14.6484375 6.473755931273323 8.631674575031097
0 41.40625 16.666666666666664 6.905339660024879 9.207119546699838
0 55.810546875 35.67708333333333 10.103116062772735 13.470821417030313
0 61.181640625 44.53125 11.287379155826983 15.049838874435977
0 70.5078125 40.16927083333333 10.720317425689878 14.293756567586504
0 95.751953125 54.4921875 12.486128262621328 16.648171016828435
0 88.818359375 42.51302083333333 11.02863220189981 14.704842935866417
0 82.861328125 40.36458333333333 10.746348182164922 14.328464242886563
0 87.890625 37.82552083333333 10.40286898746296 13.870491983283944
0 42.48046875 15.559895833333334 6.672122530845778 8.896163374461038
0 54.931640625 14.6484375 6.473755931273323 8.631674575031097
0 47.265625 15.4296875 6.644147051109997 8.858862734813329
0 56.396484375 14.778645833333334 6.502464524127966 8.669952698837287
0 45.60546875 17.317708333333336 7.038917599286375 9.385223465715166
0 60.205078125 17.1875 7.012405574387241 9.349874099182989
0 44.23828125 15.625 6.686066375795484 8.914755167727312
0 51.46484375 16.9921875 6.972448522214271 9.296598029619028
0 59.08203125 21.940104166666664 7.92282408798045 10.5637654506406
0 49.70703125 21.549479166666664 7.85197774064246 10.469303654189947
0 56.25 20.3125 7.62328857226367 10.164384763018226
0 47.607421875 18.75 7.32421875 9.765625
0 53.662109375 19.140625 7.400119417103358 9.866825889471144
0 58.447265625 26.041666666666668 8.631674575031099 11.508899433374797
0 57.568359375 17.7734375 7.130933499479933 9.50791133263991
0 65.0390625 29.947916666666668 9.25643975103949 12.341919668052654
0 60.25390625 33.65885416666667 9.813192865486773 13.084257153982362
0 62.890625 19.205729166666664 7.412693970636669 9.883591960848893
0 64.990234375 25.130208333333332 8.479274895904423 11.305699861205897
0 62.20703125 16.666666666666664 6.905339660024879 9.207119546699838
0 70.361328125 23.697916666666664 8.234092750996119 10.978790334661493
0 64.208984375 16.666666666666664 6.905339660024879 9.207119546699838
0 76.220703125 23.567708333333336 8.211440458419013 10.948587277892017
0 66.162109375 20.3125 7.62328857226367 10.164384763018226
0 75.732421875 29.622395833333332 9.205995562132786 12.274660749510382
0 67.724609375 16.40625 6.8511792970714245 9.134905729428567
0 79.736328125 26.497395833333332 8.706874156303165 11.609165541737553
0 68.896484375 19.140625 7.400119417103358 9.866825889471144
0 85.693359375 32.6171875 9.660151239834237 12.880201653112316
0 71.6796875 19.466145833333336 7.462780310447684 9.950373747263578
0 78.41796875 20.8984375 7.732458166088822 10.309944221451763
0 95.703125 37.890625 10.411817693623036 13.88242359149738
0 74.21875 19.53125 7.475249459177179 9.966999278902906
0 91.748046875 31.510416666666668 9.494842032534208 12.659789376712277
0 68.310546875 15.4296875 6.644147051109997 8.858862734813329
0 71.533203125 15.755208333333334 6.7138671875 8.951822916666668
0 87.890625 18.424479166666664 7.2603620931215325 9.680482790828709
0 73.681640625 16.080729166666664 6.782870718656271 9.043827624875028
0 79.39453125 17.7734375 7.130933499479933 9.50791133263991
0 88.232421875 22.005208333333336 7.9345703125 10.579427083333332
0 76.904296875 17.643229166666664 7.104764847914316 9.473019797219088
0 81.15234375 22.591145833333336 8.039514082226251 10.719352109635
0 86.279296875 27.408854166666668 8.855357744474432 11.807143659299243
0 98.53515625 32.6171875 9.660151239834237 12.880201653112316
0 80.6640625 19.466145833333336 7.462780310447684 9.950373747263578
0 80.6640625 17.447916666666664 7.065330140863174 9.420440187817565
0 83.10546875 17.96875 7.170007400189656 9.56000986691954
0 85.693359375 17.1875 7.012405574387241 9.349874099182989
0 90.33203125 19.661458333333336 7.500125566067204 10.00016742142294
0 91.064453125 21.549479166666664 7.85197774064246 10.469303654189947
0 95.99609375 20.572916666666664 7.672000176987631 10.229333569316841
0 97.94921875 22.786458333333336 8.074192233473482 10.765589644631309
0 93.75 24.609375 8.39094670707246 11.187928942763282
0 89.794921875 26.627604166666668 8.728240750778255 11.637654334371007
0 98.33984375 27.278645833333332 8.83429859993294 11.779064799910586
0 96.337890625 31.966145833333332 9.56325660155786 12.751008802077147
0 87.353515625 24.479166666666664 8.36871899463018 11.15829199284024
0 22.607421875 36.65364583333333 10.240455160865794 13.653940214487726
0 50.146484375 69.3359375 14.0844491689628 18.779265558617066
0 48.6328125 69.01041666666666 14.051348185084642 18.735130913446188
0 46.77734375 68.68489583333334 14.018169040351381 18.690892053801843
0 3.466796875 24.479166666666664 8.36871899463018 11.15829199284024
0 25.9765625 23.893229166666664 8.267954824306681 11.023939765742242
