0 35.400390625 40.8203125 10.806842779312605 14.40912370575014
0 43.896484375 31.966145833333332 9.56325660155786 12.751008802077147
0 31.34765625 35.41666666666667 10.066175843793117 13.421567791724156
0 31.73828125 28.7109375 9.063258303782652 12.084344405043536
0 27.34375 23.567708333333336 8.211440458419013 10.948587277892017
0 22.36328125 25.846354166666668 8.59924487524742 11.465659833663226
0 16.2109375 32.8125 9.689030680168178 12.918707573557572
0 4.1015625 30.924479166666668 9.406149296522488 12.541532395363317
0 9.716796875 27.34375 8.84483443981289 11.793112586417188
0 20.01953125 20.963541666666664 7.7444931277157725 10.325990836954363
0 32.03125 20.703125 7.6962403643301345 10.261653819106845
0 40.72265625 24.348958333333336 8.346432086900233 11.128576115866979
0 29.296875 19.205729166666664 7.412693970636669 9.883591960848893
0 18.798828125 17.447916666666664 7.065330140863174 9.420440187817565
0 4.296875 24.21875 8.324085508414218 11.098780677885625
0 14.404296875 17.838541666666664 7.143981879101334 9.525309172135112
0 3.271484375 18.9453125 7.3622668956389274 9.816355860851903
0 21.240234375 15.690104166666666 6.699981201202437 8.933308268269917
0 6.005859375 20.442708333333336 7.647683158045451 10.196910877393934
0 26.66015625 13.736979166666666 6.269115778861736 8.358821038482315
0 11.865234375 18.9453125 7.3622668956389274 9.816355860851903
0 25.927734375 18.424479166666664 7.2603620931215325 9.680482790828709
0 32.470703125 16.731770833333336 6.9188135063199665 9.225084675093289
0 38.18359375 19.596354166666664 7.487697843252746 9.983597124336994
0 28.662109375 17.708333333333336 7.117861199762329 9.490481599683106
0 28.564453125 16.341145833333336 6.837572174807153 9.116762899742872
0 28.662109375 14.583333333333334 6.459353786778786 8.612471715705048
0 18.1640625 15.8203125 6.72772451325946 8.970299351012613
0 11.5234375 16.731770833333336 6.9188135063199665 9.225084675093289
0 7.03125 18.098958333333336 7.195938795502683 9.594585060670244
0 47.36328125 35.41666666666667 10.066175843793117 13.421567791724156
