0 83.251953125 40.0390625 10.70292841598522 14.270571221313624
0 94.43359375 53.385416666666664 12.358677204172722 16.478236272230294
0 97.75390625 67.3828125 13.884659626559234 18.51287950207898
0 89.794921875 44.79166666666667 11.320335077509403 15.093780103345871
0 98.388671875 35.02604166666667 10.010509928501419 13.347346571335224
0 67.138671875 72.13541666666666 14.365969599535914 19.15462613271455
0 40.966796875 88.8671875 15.945252047867593 21.260336063823456
0 44.384765625 73.37239583333334 14.48861995906887 19.318159945425162
0 43.84765625 59.635416666666664 13.062093847065857 17.416125129421143
0 60.7421875 52.083333333333336 12.20703125 16.276041666666664
0 69.287109375 54.622395833333336 12.501037077797877 16.668049437063836
0 76.07421875 48.50260416666667 11.779943277355214 15.706591036473618
0 60.205078125 43.61979166666667 11.171267833082963 14.895023777443953
0 69.189453125 41.92708333333333 10.952367214920875 14.603156286561166
0 40.966796875 45.05208333333333 11.353195335533615 15.137593780711486
0 24.31640625 55.338541666666664 12.582719804741396 16.776959739655194
0 4.248046875 76.5625 14.800238834206716 19.73365177894229
0 1.5625 58.203125 12.904281318277572 17.205708424370094
0 20.99609375 47.20052083333333 11.620747537023785 15.494330049365049
0 22.0703125 37.890625 10.411817693623036 13.88242359149738
0 3.515625 39.90885416666667 10.685511108405517 14.24734814454069
0 10.498046875 32.48697916666667 9.640850219074288 12.854466958765718
0 28.515625 30.46875 9.336583582018038 12.448778109357384
0 39.35546875 35.02604166666667 10.010509928501419 13.347346571335224
0 50.29296875 29.036458333333332 9.114492506755418 12.15265667567389
0 59.228515625 34.1796875 9.888825528576445 13.185100704768596
0 72.8515625 35.87239583333333 10.130732832457173 13.507643776609566
0 85.83984375 33.72395833333333 9.82267879603948 13.096905061385971
0 94.873046875 39.453125 10.624325674761481 14.165767566348642
0 90.33203125 32.48697916666667 9.640850219074288 12.854466958765718
0 76.513671875 29.752604166666668 9.22620633412535 12.301608445500468
0 60.7421875 28.776041666666668 9.073528288158268 12.098037717544358
0 48.291015625 26.041666666666668 8.631674575031099 11.508899433374797
0 40.234375 25.455729166666668 8.53401578009617 11.378687706794894
0 48.486328125 24.0234375 8.290452702152177 11.053936936202902
0 57.373046875 25.0 8.457279333832409 11.276372445109878
0 38.720703125 20.3125 7.62328857226367 10.164384763018226
0 30.46875 22.591145833333336 8.039514082226251 10.719352109635
0 9.86328125 28.580729166666668 9.042683343523592 12.056911124698123
0 3.173828125 26.7578125 8.749555167743805 11.66607355699174
0 20.361328125 23.307291666666664 8.165947363439729 10.88792981791964
0 13.4765625 25.1953125 8.490251308132054 11.320335077509403
0 21.435546875 28.776041666666668 9.073528288158268 12.098037717544358
0 26.904296875 24.479166666666664 8.36871899463018 11.15829199284024
0 57.51953125 21.744791666666664 7.887480458569388 10.51664061142585
0 28.41796875 22.330729166666664 7.993042513249997 10.657390017666662
0 56.54296875 19.010416666666664 7.37490598974278 9.833207986323707
0 25.537109375 20.442708333333336 7.647683158045451 10.196910877393934
0 50.927734375 17.447916666666664 7.065330140863174 9.420440187817565
0 28.7109375 16.861979166666664 6.945682786096826 9.260910381462436
0 50.29296875 15.169270833333334 6.587839704871492 8.783786273161988
0 27.24609375 17.838541666666664 7.143981879101334 9.525309172135112
0 65.13671875 20.703125 7.6962403643301345 10.261653819106845
0 65.52734375 30.208333333333332 9.296598029619028 12.395464039492039
0 66.2109375 26.302083333333332 8.674725588105405 11.56630078414054
0 75.830078125 24.153645833333336 8.312889692307273 11.083852923076364
0 90.869140625 25.325520833333332 8.512161670520847 11.349548894027794
0 16.69921875 22.005208333333336 7.9345703125 10.579427083333332
0 86.572265625 26.7578125 8.749555167743805 11.66607355699174
0 18.75 19.010416666666664 7.37490598974278 9.833207986323707
0 91.845703125 23.4375 8.188725503539269 10.918300671385692
0 23.681640625 19.270833333333336 7.425247229367944 9.900329639157258
0 98.095703125 24.609375 8.39094670707246 11.187928942763282
0 87.744140625 21.419270833333336 7.828219811023351 10.437626414697803
0 95.703125 22.8515625 8.085718566584333 10.780958088779109
0 85.9375 23.177083333333336 8.143105507889608 10.857474010519478
0 84.9609375 25.0 8.457279333832409 11.276372445109878
0 93.359375 24.153645833333336 8.312889692307273 11.083852923076364
0 79.58984375 24.153645833333336 8.312889692307273 11.083852923076364
0 90.13671875 21.875 7.911060422861158 10.548080563814876
0 78.125 21.419270833333336 7.828219811023351 10.437626414697803
0 32.080078125 17.838541666666664 7.143981879101334 9.525309172135112
0 39.794921875 17.317708333333336 7.038917599286375 9.385223465715166
0 42.48046875 17.578125 7.091644310682526 9.455525747576702
0 33.251953125 16.861979166666664 6.945682786096826 9.260910381462436
0 35.9375 19.270833333333336 7.425247229367944 9.900329639157258
0 46.533203125 17.122395833333336 6.9991119025755095 9.332149203434014
0 48.291015625 18.75 7.32421875 9.765625
0 64.697265625 18.1640625 7.208869513560617 9.611826018080823
0 17.67578125 17.447916666666664 7.065330140863174 9.420440187817565
0 8.642578125 18.1640625 7.208869513560617 9.611826018080823
0 9.9609375 18.033854166666664 7.182984799767957 9.577313066357275
0 32.8125 19.140625 7.400119417103358 9.866825889471144
0 12.939453125 17.578125 7.091644310682526 9.455525747576702
0 27.978515625 20.3125 7.62328857226367 10.164384763018226
0 11.03515625 19.986979166666664 7.561957820656658 10.08261042754221
0 41.943359375 20.703125 7.6962403643301345 10.261653819106845
0 13.720703125 19.270833333333336 7.425247229367944 9.900329639157258
0 55.46875 21.875 7.911060422861158 10.548080563814876
0 5.859375 25.716145833333332 8.57755695956738 11.436742612756506
0 1.171875 19.270833333333336 7.425247229367944 9.900329639157258
0 32.6171875 22.135416666666664 7.958010748538389 10.610680998051187
0 5.029296875 19.986979166666664 7.561957820656658 10.08261042754221
0 29.150390625 34.04947916666667 9.869971697263324 13.159962263017766
0 2.63671875 22.135416666666664 7.958010748538389 10.610680998051187
0 75.830078125 18.294270833333336 7.234661615679748 9.646215487572997
0 81.103515625 18.294270833333336 7.234661615679748 9.646215487572997
0 87.548828125 19.010416666666664 7.37490598974278 9.833207986323707
0 70.263671875 15.559895833333334 6.672122530845778 8.896163374461038
0 73.583984375 16.276041666666664 6.823937919616058 9.09858389282141
