0 84.08203125 69.46614583333334 14.097667800843624 18.796890401124834
0 79.931640625 83.33333333333334 15.440808887540916 20.587745183387888
0 76.171875 65.29947916666666 13.668332322118342 18.224443096157792
0 71.923828125 57.291666666666664 12.802842384889546 17.07045651318606
0 77.587890625 43.48958333333333 11.154581837461587 14.872775783282115
0 74.609375 36.97916666666667 10.285827359834423 13.714436479779232
0 86.572265625 48.56770833333333 11.787846628312968 15.717128837750623
0 79.541015625 26.627604166666668 8.728240750778255 11.637654334371007
0 65.72265625 27.473958333333332 8.865868558553435 11.821158078071248
0 56.0546875 39.32291666666667 10.606779295033428 14.142372393377903
0 50.927734375 39.6484375 10.650591044076627 14.200788058768838
0 25.390625 46.41927083333333 11.524174553527347 15.365566071369797
0 27.05078125 53.841145833333336 12.411315556434788 16.54842074191305
0 19.921875 59.635416666666664 13.062093847065857 17.416125129421143
0 27.392578125 72.59114583333334 14.411278018942378 19.215037358589836
0 32.763671875 61.1328125 13.225066333020294 17.633421777360393
0 39.94140625 60.9375 13.203923127919884 17.60523083722651
0 80.029296875 34.1796875 9.888825528576445 13.185100704768596
0 90.380859375 37.63020833333333 10.3759765625 13.834635416666666
0 95.166015625 51.3671875 12.122817423120853 16.16375656416114
0 93.115234375 24.8046875 8.424178309229896 11.23223774563986
0 73.681640625 21.549479166666664 7.85197774064246 10.469303654189947
0 88.37890625 22.981770833333336 8.108722079825698 10.811629439767596
0 73.583984375 16.6015625 6.891839471823862 9.189119295765149
0 60.302734375 25.1953125 8.490251308132054 11.320335077509403
0 49.609375 24.153645833333336 8.312889692307273 11.083852923076364
0 35.25390625 22.0703125 7.946299173761924 10.595065565015899
0 26.220703125 35.22135416666667 10.038381471800859 13.384508629067811
0 44.970703125 34.5703125 9.945172568847854 13.26023009179714
0 35.25390625 31.0546875 9.425930915210266 12.567907886947022
0 14.6484375 33.07291666666667 9.727403229070575 12.9698709720941
0 30.37109375 32.48697916666667 9.640850219074288 12.854466958765718
0 10.693359375 28.7109375 9.063258303782652 12.084344405043536
0 23.974609375 21.809895833333336 7.8992792392241125 10.532372318965482
0 8.251953125 19.921875 7.549631882844837 10.066175843793117
0 20.751953125 19.986979166666664 7.561957820656658 10.08261042754221
0 4.98046875 24.674479166666664 8.402038511923953 11.202718015898604
0 28.125 19.140625 7.400119417103358 9.866825889471144
0 15.52734375 21.223958333333336 7.792447103762027 10.389929471682702
0 40.185546875 20.8984375 7.732458166088822 10.309944221451763
0 31.54296875 18.1640625 7.208869513560617 9.611826018080823
0 45.849609375 19.401041666666664 7.450290292806215 9.933720390408286
0 61.083984375 16.666666666666664 6.905339660024879 9.207119546699838
0 97.4609375 49.67447916666667 11.92140196815467 15.895202624206226
0 52.9296875 19.921875 7.549631882844837 10.066175843793117
0 68.017578125 17.3828125 7.052136235529384 9.40284831403918
0 56.298828125 23.2421875 8.154534433525017 10.872712578033356
0 84.27734375 20.703125 7.6962403643301345 10.261653819106845
0 71.630859375 35.09114583333333 10.019809057239993 13.359745409653323
0 59.1796875 35.9375 10.139921707663666 13.51989561021822
0 39.794921875 86.84895833333334 15.763148889337106 21.017531852449476
0 54.541015625 29.752604166666668 9.22620633412535 12.301608445500468
0 66.40625 37.17447916666667 10.31295486371814 13.75060648495752
0 83.203125 45.18229166666667 11.36958984997385 15.159453133298467
0 62.060546875 31.901041666666668 9.55351308746248 12.738017449949975
0 96.484375 25.325520833333332 8.512161670520847 11.349548894027794
0 79.78515625 18.489583333333336 7.273178276253042 9.697571035004056
