0 98.046875 23.2421875 8.154534433525017 10.872712578033356
0 88.18359375 25.325520833333332 8.512161670520847 11.349548894027794
0 95.41015625 20.963541666666664 7.7444931277157725 10.325990836954363
0 78.02734375 17.708333333333336 7.117861199762329 9.490481599683106
0 92.08984375 19.140625 7.400119417103358 9.866825889471144
0 73.291015625 17.1875 7.012405574387241 9.349874099182989
0 66.6015625 19.986979166666664 7.561957820656658 10.08261042754221
0 58.69140625 15.299479166666666 6.61605328023645 8.821404373648601
0 70.01953125 20.1171875 7.586549618320344 10.115399491093791
0 61.767578125 14.322916666666666 6.401421192444773 8.53522825659303
0 64.94140625 25.78125 8.588407763348565 11.451210351131419
0 68.408203125 14.322916666666666 6.401421192444773 8.53522825659303
0 56.0546875 14.453125 6.430452730012657 8.57393697335021
0 45.99609375 19.7265625 7.512532730158185 10.01671030687758
0 42.724609375 15.0390625 6.559504779115197 8.746006372153596
0 34.765625 17.708333333333336 7.117861199762329 9.490481599683106
0 39.84375 15.169270833333334 6.587839704871492 8.783786273161988
0 33.935546875 14.192708333333334 6.372257390692475 8.496343187589966
0 28.41796875 16.861979166666664 6.945682786096826 9.260910381462436
0 21.142578125 19.140625 7.400119417103358 9.866825889471144
0 31.591796875 15.885416666666666 6.741553355216833 8.988737806955777
0 8.0078125 19.140625 7.400119417103358 9.866825889471144
0 97.314453125 20.377604166666664 7.635495607419925 10.180660809893233
0 5.2734375 18.880208333333336 7.349606066157407 9.799474754876544
0 23.33984375 14.6484375 6.473755931273323 8.631674575031097
