0 60.986328125 29.752604166666668 9.22620633412535 12.301608445500468
0 61.23046875 36.39322916666667 10.204012144348443 13.605349525797925
0 67.529296875 42.51302083333333 11.02863220189981 14.704842935866417
0 65.13671875 57.421875 12.8173828125 17.08984375
0 63.28125 67.31770833333334 13.877950440554287 18.503933920739048
0 84.033203125 63.216145833333336 13.448525718097354 17.931367624129805
0 77.734375 54.1015625 12.441294623193059 16.58839283092408
0 96.6796875 53.645833333333336 12.388783648794213 16.518378198392284
0 79.248046875 39.0625 10.57159916729051 14.095465556387346
0 72.8515625 32.16145833333333 9.592427762147041 12.789903682862722
0 76.416015625 27.864583333333332 8.928673607377803 11.904898143170405
0 89.111328125 34.04947916666667 9.869971697263324 13.159962263017766
0 98.681640625 42.90364583333333 11.079183874921476 14.772245166561968
0 99.4140625 36.71875 10.24954566879069 13.66606089172092
0 92.529296875 30.989583333333332 9.416045300623482 12.554727067497975
0 49.0234375 37.17447916666667 10.31295486371814 13.75060648495752
0 51.66015625 49.67447916666667 11.92140196815467 15.895202624206226
0 37.548828125 62.890625 13.413855576071724 17.88514076809563
0 34.033203125 42.3828125 11.01173007365034 14.682306764867118
0 20.751953125 51.432291666666664 12.130497384247919 16.17399651233056
0 1.318359375 57.877604166666664 12.868144923283701 17.157526564378266
0 16.259765625 63.736979166666664 13.503812798973136 18.00508373196418
0 10.693359375 39.71354166666667 10.65933178501769 14.212442380023585
0 1.07421875 46.15885416666667 11.491803212745808 15.322404283661076
0 4.4921875 30.989583333333332 9.416045300623482 12.554727067497975
0 9.130859375 28.3203125 9.001392336274797 12.001856448366395
0 21.6796875 26.236979166666668 8.66398288975732 11.551977186343091
0 20.99609375 32.29166666666667 9.611826018080825 12.815768024107768
0 31.982421875 29.166666666666668 9.134905729428569 12.17987430590476
0 27.392578125 20.442708333333336 7.647683158045451 10.196910877393934
0 31.54296875 21.809895833333336 7.8992792392241125 10.532372318965482
0 58.544921875 25.1953125 8.490251308132054 11.320335077509403
0 67.08984375 24.0234375 8.290452702152177 11.053936936202902
0 65.283203125 15.494791666666666 6.658149484030587 8.877532645374115
0 59.86328125 20.768229166666664 7.708331872750909 10.277775830334546
0 55.908203125 15.559895833333334 6.672122530845778 8.896163374461038
0 48.486328125 22.005208333333336 7.9345703125 10.579427083333332
0 44.580078125 29.296875 9.1552734375 12.20703125
0 49.609375 26.953125 8.78142979122202 11.708573054962693
0 41.6015625 24.348958333333336 8.346432086900233 11.128576115866979
0 40.72265625 14.908854166666666 6.531046923532928 8.708062564710572
0 35.302734375 17.252604166666664 7.025674092542321 9.367565456723094
0 40.966796875 21.354166666666664 7.816313766397521 10.421751688530028
0 25.5859375 18.5546875 7.28597191547444 9.714629220632586
0 18.603515625 17.7734375 7.130933499479933 9.50791133263991
0 12.79296875 20.247395833333336 7.611061958825638 10.148082611767517
0 4.296875 24.869791666666664 8.435226416678011 11.246968555570682
0 7.71484375 19.466145833333336 7.462780310447684 9.950373747263578
0 2.63671875 17.578125 7.091644310682526 9.455525747576702
0 12.109375 15.885416666666666 6.741553355216833 8.988737806955777
0 5.322265625 18.098958333333336 7.195938795502683 9.594585060670244
0 14.794921875 16.341145833333336 6.837572174807153 9.116762899742872
0 21.240234375 14.713541666666666 6.488126106405426 8.650834808540568
0 19.775390625 21.223958333333336 7.792447103762027 10.389929471682702
0 29.8828125 16.015625 6.7691262856502785 9.025501714200372
0 24.609375 14.127604166666666 6.3576253222655215 8.476833763020695
0 9.033203125 16.927083333333336 6.959078522333606 9.278771363111476
0 46.58203125 14.453125 6.430452730012657 8.57393697335021
0 56.884765625 12.5 5.980199567341744 7.973599423122326
0 48.583984375 18.424479166666664 7.2603620931215325 9.680482790828709
0 42.1875 18.424479166666664 7.2603620931215325 9.680482790828709
0 32.91015625 16.015625 6.7691262856502785 9.025501714200372
0 90.869140625 26.106770833333332 8.642457433170346 11.52327657756046
0 80.126953125 23.307291666666664 8.165947363439729 10.88792981791964
0 86.03515625 17.578125 7.091644310682526 9.455525747576702
0 72.265625 12.6953125 6.026738787271576 8.0356517163621
0 68.84765625 19.921875 7.549631882844837 10.066175843793117
0 92.67578125 20.247395833333336 7.611061958825638 10.148082611767517
0 84.86328125 20.247395833333336 7.611061958825638 10.148082611767517
0 97.36328125 23.307291666666664 8.165947363439729 10.88792981791964
0 91.552734375 23.893229166666664 8.267954824306681 11.023939765742242
0 99.0234375 31.315104166666668 9.465370128949479 12.62049350526597
0 99.51171875 21.354166666666664 7.816313766397521 10.421751688530028
0 95.703125 18.424479166666664 7.2603620931215325 9.680482790828709
0 89.0625 20.442708333333336 7.647683158045451 10.196910877393934
0 93.212890625 18.098958333333336 7.195938795502683 9.594585060670244
0 78.759765625 15.559895833333334 6.672122530845778 8.896163374461038
0 90.771484375 16.796875 6.932261164306974 9.243014885742634
0 74.853515625 14.127604166666666 6.3576253222655215 8.476833763020695
0 82.373046875 16.2109375 6.810276368536802 9.080368491382403
0 77.490234375 21.354166666666664 7.816313766397521 10.421751688530028
0 70.166015625 17.708333333333336 7.117861199762329 9.490481599683106
0 71.58203125 22.4609375 8.016311973000304 10.688415964000404
0 61.23046875 16.927083333333336 6.959078522333606 9.278771363111476
0 69.189453125 13.802083333333334 6.283953943473511 8.378605257964681
0 50.927734375 16.2109375 6.810276368536802 9.080368491382403
0 62.646484375 14.908854166666666 6.531046923532928 8.708062564710572
0 44.677734375 15.364583333333334 6.6301150458985685 8.840153394531425
0 28.41796875 14.2578125 6.386855937639267 8.515807916852356
0 29.58984375 19.010416666666664 7.37490598974278 9.833207986323707
0 37.890625 16.015625 6.7691262856502785 9.025501714200372
0 26.07421875 14.583333333333334 6.459353786778786 8.612471715705048
0 21.09375 17.252604166666664 7.025674092542321 9.367565456723094
0 10.302734375 19.010416666666664 7.37490598974278 9.833207986323707
0 3.076171875 19.986979166666664 7.561957820656658 10.08261042754221
0 7.080078125 16.2109375 6.810276368536802 9.080368491382403
0 15.966796875 15.8203125 6.72772451325946 8.970299351012613
0 0.732421875 18.424479166666664 7.2603620931215325 9.680482790828709
0 63.76953125 12.6953125 6.026738787271576 8.0356517163621
0 59.814453125 13.997395833333334 6.328259690346595 8.437679587128793
0 60.546875 93.88020833333334 16.388820290646425 21.851760387528564
0 91.357421875 94.20572916666666 16.41720905311617 21.88961207082156
