0 83.69140625 61.5234375 13.267251659719333 17.689668879625778
0 91.69921875 46.74479166666667 11.564511304624277 15.419348406165703
0 90.52734375 35.41666666666667 10.066175843793117 13.421567791724156
0 79.1015625 35.41666666666667 10.066175843793117 13.421567791724156
0 74.21875 50.1953125 11.983736521039955 15.978315361386604
0 61.71875 55.338541666666664 12.582719804741396 16.776959739655194
0 45.654296875 68.03385416666666 13.951574036453199 18.60209871527093
0 47.8515625 78.125 14.950498918354358 19.93399855780581
0 90.771484375 78.3203125 14.969175376502344 19.958900502003125
0 6.201171875 74.67447916666666 14.616613787631893 19.48881838350919
0 3.515625 57.747395833333336 12.853661919343681 17.13821589245824
0 22.509765625 49.15364583333333 11.85873976301602 15.811653017354693
0 37.548828125 41.08072916666667 10.841259563190683 14.45501275092091
0 49.658203125 41.796875 10.935347208965403 14.580462945287206
0 48.2421875 32.55208333333333 9.650505554713073 12.86734073961743
0 66.357421875 38.671875 10.518608361580863 14.024811148774482
0 59.814453125 26.3671875 8.685454999241765 11.580606665655687
0 43.603515625 28.776041666666668 9.073528288158268 12.098037717544358
0 52.978515625 24.674479166666664 8.402038511923953 11.202718015898604
0 45.01953125 21.028645833333336 7.756509415978292 10.342012554637723
0 36.1328125 24.8046875 8.424178309229896 11.23223774563986
0 25.634765625 30.794270833333332 9.386325988299376 12.515101317732501
0 24.951171875 23.307291666666664 8.165947363439729 10.88792981791964
0 18.017578125 27.734375 8.907787792557633 11.877050390076842
0 6.4453125 37.3046875 10.331000292853245 13.77466705713766
0 11.328125 26.692708333333332 8.738904457566134 11.651872610088178
0 3.271484375 22.265625 7.981382342908947 10.641843123878598
0 0.830078125 29.947916666666668 9.25643975103949 12.341919668052654
0 6.103515625 17.96875 7.170007400189656 9.56000986691954
0 14.306640625 18.815104166666664 7.336923388776433 9.782564518368577
0 21.240234375 15.364583333333334 6.6301150458985685 8.840153394531425
0 11.23046875 15.364583333333334 6.6301150458985685 8.840153394531425
0 30.224609375 17.122395833333336 6.9991119025755095 9.332149203434014
0 62.255859375 21.223958333333336 7.792447103762027 10.389929471682702
0 42.431640625 17.122395833333336 6.9991119025755095 9.332149203434014
0 74.31640625 25.846354166666668 8.59924487524742 11.465659833663226
0 89.35546875 29.1015625 9.124704826492952 12.166273101990603
0 80.224609375 22.591145833333336 8.039514082226251 10.719352109635
0 65.185546875 19.140625 7.400119417103358 9.866825889471144
0 57.2265625 17.122395833333336 6.9991119025755095 9.332149203434014
0 96.97265625 27.734375 8.907787792557633 11.877050390076842
0 34.765625 14.713541666666666 6.488126106405426 8.650834808540568
0 84.08203125 17.7734375 7.130933499479933 9.50791133263991
0 67.28515625 18.815104166666664 7.336923388776433 9.782564518368577
0 63.671875 10.221354166666668 5.407728621420089 7.21030482856012
0 54.150390625 12.109375 5.886017310176364 7.848023080235151
0 88.0859375 24.153645833333336 8.312889692307273 11.083852923076364
0 82.03125 16.276041666666664 6.823937919616058 9.09858389282141
0 44.775390625 13.346354166666666 6.179338602086361 8.239118136115147
0 36.42578125 13.151041666666666 6.133957288281793 8.178609717709058
0 27.05078125 16.080729166666664 6.782870718656271 9.043827624875028
0 18.1640625 13.671875 6.254242410864013 8.338989881152017
0 33.984375 14.518229166666666 6.444919458600731 8.593225944800976
0 22.802734375 15.559895833333334 6.672122530845778 8.896163374461038
0 39.6484375 18.815104166666664 7.336923388776433 9.782564518368577
0 49.267578125 14.518229166666666 6.444919458600731 8.593225944800976
0 38.8671875 15.0390625 6.559504779115197 8.746006372153596
0 64.697265625 13.8671875 6.298757153488249 8.398342871317666
0 77.685546875 14.518229166666666 6.444919458600731 8.593225944800976
0 56.4453125 13.997395833333334 6.328259690346595 8.437679587128793
0 89.35546875 17.122395833333336 6.9991119025755095 9.332149203434014
0 96.19140625 15.234375 6.60196156395994 8.802615418613254
0 89.892578125 14.713541666666666 6.488126106405426 8.650834808540568
0 97.705078125 20.182291666666664 7.598815672600545 10.13175423013406
0 86.5234375 14.908854166666666 6.531046923532928 8.708062564710572
0 99.4140625 23.111979166666664 8.131660519088275 10.842214025451032
0 93.603515625 17.96875 7.170007400189656 9.56000986691954
0 78.80859375 17.7734375 7.130933499479933 9.50791133263991
0 89.2578125 65.234375 13.661516897948847 18.215355863931794
0 95.41015625 48.11197916666667 11.732411368860527 15.643215158480702
0 83.984375 42.64322916666667 11.045508466097326 14.7273446214631
0 66.11328125 62.5 13.372132751590971 17.829510335454625
0 81.25 44.7265625 11.312105098175438 15.082806797567253
0 69.82421875 30.794270833333332 9.386325988299376 12.515101317732501
0 47.36328125 47.78645833333333 11.69265384562257 15.590205127496759
0 72.900390625 30.794270833333332 9.386325988299376 12.515101317732501
0 42.578125 47.4609375 11.652760676291981 15.537014235055976
0 2.734375 31.184895833333332 9.445671106287941 12.594228141717254
0 31.640625 36.78385416666667 10.258628121320564 13.678170828427419
0 6.201171875 30.46875 9.336583582018038 12.448778109357384
0 31.15234375 33.52864583333333 9.794193442310311 13.05892458974708
0 23.681640625 53.125 12.32849723921152 16.437996318948695
0 23.046875 26.171875 8.653226854710587 11.537635806280782
0 5.322265625 24.479166666666664 8.36871899463018 11.15829199284024
0 53.759765625 28.385416666666668 9.011732824849489 12.015643766465985
0 52.34375 38.21614583333333 10.456446349494515 13.941928465992687
0 49.8046875 36.97916666666667 10.285827359834423 13.714436479779232
0 61.62109375 33.07291666666667 9.727403229070575 12.9698709720941
0 67.28515625 23.958333333333336 8.279211405182211 11.038948540242949
0 58.154296875 33.07291666666667 9.727403229070575 12.9698709720941
0 58.7890625 23.4375 8.188725503539269 10.918300671385692
0 70.21484375 24.153645833333336 8.312889692307273 11.083852923076364
0 81.396484375 24.8046875 8.424178309229896 11.23223774563986
0 58.251953125 19.53125 7.475249459177179 9.966999278902906
0 53.61328125 15.234375 6.60196156395994 8.802615418613254
0 42.822265625 24.153645833333336 8.312889692307273 11.083852923076364
0 22.65625 19.010416666666664 7.37490598974278 9.833207986323707
0 37.548828125 17.7734375 7.130933499479933 9.50791133263991
0 42.431640625 21.419270833333336 7.828219811023351 10.437626414697803
0 87.060546875 22.591145833333336 8.039514082226251 10.719352109635
0 93.75 30.2734375 9.306610523667546 12.408814031556727
0 95.41015625 20.182291666666664 7.598815672600545 10.13175423013406
0 73.92578125 21.875 7.911060422861158 10.548080563814876
0 94.62890625 24.153645833333336 8.312889692307273 11.083852923076364
0 76.904296875 20.5078125 7.659851317145468 10.21313508952729
0 92.96875 15.234375 6.60196156395994 8.802615418613254
0 99.51171875 14.713541666666666 6.488126106405426 8.650834808540568
