0 90.91796875 20.3125 7.62328857226367 10.164384763018226
0 98.779296875 21.158854166666664 7.780486318348366 10.373981757797822
0 95.3125 22.981770833333336 8.108722079825698 10.811629439767596
0 98.4375 27.473958333333332 8.865868558553435 11.821158078071248
0 98.681640625 32.421875 9.631185203893738 12.84158027185832
0 87.6953125 25.78125 8.588407763348565 11.451210351131419
0 88.671875 19.986979166666664 7.561957820656658 10.08261042754221
0 88.671875 16.9921875 6.972448522214271 9.296598029619028
0 85.693359375 18.619791666666664 7.298743129334349 9.731657505779133
0 84.423828125 17.317708333333336 7.038917599286375 9.385223465715166
0 82.421875 20.1171875 7.586549618320344 10.115399491093791
0 81.4453125 17.7734375 7.130933499479933 9.50791133263991
0 78.955078125 16.796875 6.932261164306974 9.243014885742634
0 77.34375 18.815104166666664 7.336923388776433 9.782564518368577
0 75.830078125 26.7578125 8.749555167743805 11.66607355699174
0 76.953125 35.7421875 10.11233003282525 13.483106710433667
0 76.318359375 21.809895833333336 7.8992792392241125 10.532372318965482
0 72.94921875 22.4609375 8.016311973000304 10.688415964000404
0 77.099609375 15.299479166666666 6.61605328023645 8.821404373648601
0 75.439453125 16.276041666666664 6.823937919616058 9.09858389282141
0 73.974609375 15.169270833333334 6.587839704871492 8.783786273161988
0 72.0703125 14.322916666666666 6.401421192444773 8.53522825659303
0 70.361328125 15.169270833333334 6.587839704871492 8.783786273161988
0 65.966796875 15.494791666666666 6.658149484030587 8.877532645374115
0 64.208984375 16.276041666666664 6.823937919616058 9.09858389282141
0 60.986328125 14.778645833333334 6.502464524127966 8.669952698837287
0 61.71875 23.307291666666664 8.165947363439729 10.88792981791964
0 60.986328125 39.77864583333333 10.668065364348472 14.224087152464628
0 57.373046875 14.973958333333334 6.545291317604741 8.727055090139656
0 57.373046875 18.489583333333336 7.273178276253042 9.697571035004056
0 52.880859375 14.322916666666666 6.401421192444773 8.53522825659303
0 47.509765625 14.778645833333334 6.502464524127966 8.669952698837287
0 45.654296875 14.973958333333334 6.545291317604741 8.727055090139656
0 43.26171875 15.169270833333334 6.587839704871492 8.783786273161988
0 40.625 15.494791666666666 6.658149484030587 8.877532645374115
0 38.37890625 15.8203125 6.72772451325946 8.970299351012613
0 37.01171875 18.1640625 7.208869513560617 9.611826018080823
0 31.787109375 15.169270833333334 6.587839704871492 8.783786273161988
0 27.05078125 15.494791666666666 6.658149484030587 8.877532645374115
0 26.66015625 16.796875 6.932261164306974 9.243014885742634
0 22.65625 15.8203125 6.72772451325946 8.970299351012613
0 23.193359375 17.447916666666664 7.065330140863174 9.420440187817565
0 14.94140625 18.619791666666664 7.298743129334349 9.731657505779133
0 10.302734375 16.471354166666664 6.864759447755123 9.15301259700683
0 7.421875 18.1640625 7.208869513560617 9.611826018080823
0 6.8359375 19.661458333333336 7.500125566067204 10.00016742142294
0 3.3203125 17.317708333333336 7.038917599286375 9.385223465715166
0 4.052734375 22.135416666666664 7.958010748538389 10.610680998051187
0 34.66796875 16.9921875 6.972448522214271 9.296598029619028
