0 96.826171875 32.68229166666667 9.669787303317175 12.893049737756234
0 90.8203125 40.95052083333333 10.824064850444458 14.432086467259278
0 85.302734375 34.30989583333333 9.907643481901811 13.210191309202415
0 90.91796875 33.203125 9.746532850751532 12.995377134335376
0 84.814453125 27.34375 8.84483443981289 11.793112586417188
0 61.1328125 36.45833333333333 10.21313508952729 13.617513452703053
0 41.2109375 55.794270833333336 12.634424770803498 16.845899694404665
0 26.5625 47.78645833333333 11.69265384562257 15.590205127496759
0 7.763671875 53.776041666666664 12.403809468323715 16.53841262443162
0 4.78515625 46.02864583333333 11.475583298927713 15.300777731903617
0 0.09765625 41.66666666666667 10.918300671385692 14.557734228514258
0 3.369140625 31.966145833333332 9.56325660155786 12.751008802077147
0 24.8046875 28.841145833333332 9.083786661460703 12.11171554861427
0 5.029296875 28.190104166666668 8.980675640601907 11.974234187469209
0 20.3125 27.669270833333332 8.897326499702912 11.863101999603883
0 14.794921875 17.578125 7.091644310682526 9.455525747576702
0 43.798828125 15.690104166666666 6.699981201202437 8.933308268269917
0 73.193359375 19.205729166666664 7.412693970636669 9.883591960848893
0 77.05078125 19.3359375 7.437779301119349 9.917039068159132
0 74.31640625 15.950520833333334 6.755353888299149 9.0071385177322
0 70.5078125 15.690104166666666 6.699981201202437 8.933308268269917
0 94.091796875 30.46875 9.336583582018038 12.448778109357384
0 94.7265625 22.4609375 8.016311973000304 10.688415964000404
0 66.015625 52.669270833333336 12.275503760448466 16.36733834726462
0 71.435546875 35.9375 10.139921707663666 13.51989561021822
0 76.85546875 28.841145833333332 9.083786661460703 12.11171554861427
0 19.580078125 42.90364583333333 11.079183874921476 14.772245166561968
0 40.91796875 22.721354166666664 8.062649422377262 10.75019922983635
0 46.435546875 24.674479166666664 8.402038511923953 11.202718015898604
0 57.03125 18.815104166666664 7.336923388776433 9.782564518368577
0 77.34375 23.177083333333336 8.143105507889608 10.857474010519478
0 47.4609375 21.09375 7.768507117527988 10.358009490037318
0 44.7265625 63.541666666666664 13.483106710433667 17.977475613911555
0 7.861328125 36.65364583333333 10.240455160865794 13.653940214487726
0 11.865234375 34.83072916666667 9.982560567502519 13.310080756670025
0 10.7421875 21.809895833333336 7.8992792392241125 10.532372318965482
0 24.31640625 18.424479166666664 7.2603620931215325 9.680482790828709
0 12.255859375 20.052083333333336 7.574263699945591 10.099018266594122
0 91.943359375 22.0703125 7.946299173761924 10.595065565015899
0 79.58984375 23.567708333333336 8.211440458419013 10.948587277892017
0 66.650390625 20.833333333333336 7.720404443770458 10.293872591693944
0 70.1171875 22.721354166666664 8.062649422377262 10.75019922983635
0 45.60546875 16.731770833333336 6.9188135063199665 9.225084675093289
0 28.076171875 18.5546875 7.28597191547444 9.714629220632586
0 26.025390625 18.815104166666664 7.336923388776433 9.782564518368577
0 21.240234375 16.927083333333336 6.959078522333606 9.278771363111476
0 18.994140625 18.815104166666664 7.336923388776433 9.782564518368577
0 42.96875 18.815104166666664 7.336923388776433 9.782564518368577
0 37.158203125 17.057291666666664 6.985792933508055 9.31439057801074
0 31.93359375 18.9453125 7.3622668956389274 9.816355860851903
0 31.005859375 15.559895833333334 6.672122530845778 8.896163374461038
0 64.501953125 17.057291666666664 6.985792933508055 9.31439057801074
0 29.8828125 19.205729166666664 7.412693970636669 9.883591960848893
0 33.88671875 17.708333333333336 7.117861199762329 9.490481599683106
0 35.302734375 17.708333333333336 7.117861199762329 9.490481599683106
0 26.123046875 36.9140625 10.276768945607138 13.702358594142853
0 21.630859375 34.70052083333333 9.963884104806219 13.28517880640829
0 29.6875 34.5703125 9.945172568847854 13.26023009179714
0 27.5390625 27.083333333333332 8.802615418613255 11.736820558151006
0 60.7421875 24.934895833333336 8.446260072691679 11.26168009692224
0 90.72265625 29.296875 9.1552734375 12.20703125
0 84.27734375 25.716145833333332 8.57755695956738 11.436742612756506
0 73.779296875 25.5859375 8.555814067917595 11.407752090556793
0 61.328125 20.572916666666664 7.672000176987631 10.229333569316841
0 74.8046875 22.330729166666664 7.993042513249997 10.657390017666662
0 88.37890625 21.09375 7.768507117527988 10.358009490037318
0 98.583984375 21.6796875 7.875664001809045 10.500885335745393
0 90.087890625 20.833333333333336 7.720404443770458 10.293872591693944
0 99.169921875 26.5625 8.717563999686098 11.62341866624813
0 66.11328125 17.057291666666664 6.985792933508055 9.31439057801074
0 33.984375 22.8515625 8.085718566584333 10.780958088779109
0 40.72265625 18.9453125 7.3622668956389274 9.816355860851903
0 68.1640625 17.578125 7.091644310682526 9.455525747576702
0 17.138671875 16.471354166666664 6.864759447755123 9.15301259700683
0 7.470703125 20.442708333333336 7.647683158045451 10.196910877393934
0 1.953125 23.4375 8.188725503539269 10.918300671385692
0 10.64453125 17.578125 7.091644310682526 9.455525747576702
0 1.025390625 20.052083333333336 7.574263699945591 10.099018266594122
0 27.44140625 15.950520833333334 6.755353888299149 9.0071385177322
0 29.19921875 16.471354166666664 6.864759447755123 9.15301259700683
0 32.275390625 15.950520833333334 6.755353888299149 9.0071385177322
0 41.2109375 16.927083333333336 6.959078522333606 9.278771363111476
0 61.23046875 14.973958333333334 6.545291317604741 8.727055090139656
0 78.759765625 17.838541666666664 7.143981879101334 9.525309172135112
0 85.498046875 17.447916666666664 7.065330140863174 9.420440187817565
0 85.498046875 19.7265625 7.512532730158185 10.01671030687758
0 93.701171875 20.442708333333336 7.647683158045451 10.196910877393934
0 72.36328125 42.44791666666667 11.020184378215204 14.693579170953605
0 20.3125 20.572916666666664 7.672000176987631 10.229333569316841
0 4.00390625 19.7265625 7.512532730158185 10.01671030687758
0 68.06640625 14.713541666666666 6.488126106405426 8.650834808540568
