0 97.94921875 26.627604166666668 8.728240750778255 11.637654334371007
0 91.259765625 18.1640625 7.208869513560617 9.611826018080823
0 97.021484375 23.307291666666664 8.165947363439729 10.88792981791964
0 99.21875 31.901041666666668 9.55351308746248 12.738017449949975
0 99.21875 21.354166666666664 7.816313766397521 10.421751688530028
0 99.4140625 40.69010416666667 10.789593218788873 14.386124291718497
0 96.38671875 46.875 11.580606665655687 15.440808887540916
0 96.38671875 53.841145833333336 12.411315556434788 16.54842074191305
0 85.888671875 62.825520833333336 13.406910788872556 17.875881051830074
0 78.857421875 54.296875 12.463731601966636 16.61830880262218
0 92.529296875 88.21614583333334 15.886737164087366 21.182316218783157
0 55.712890625 84.63541666666666 15.560972636696732 20.747963515595643
0 35.986328125 63.151041666666664 13.441598843716577 17.9221317916221
0 94.62890625 19.661458333333336 7.500125566067204 10.00016742142294
0 88.18359375 19.986979166666664 7.561957820656658 10.08261042754221
0 95.01953125 21.614583333333336 7.863829789260941 10.485106385681254
0 86.23046875 17.252604166666664 7.025674092542321 9.367565456723094
0 91.69921875 20.768229166666664 7.708331872750909 10.277775830334546
0 81.25 15.4296875 6.644147051109997 8.858862734813329
0 93.1640625 23.307291666666664 8.165947363439729 10.88792981791964
0 84.08203125 19.986979166666664 7.561957820656658 10.08261042754221
0 91.11328125 23.893229166666664 8.267954824306681 11.023939765742242
0 82.03125 18.033854166666664 7.182984799767957 9.577313066357275
0 86.71875 15.885416666666666 6.741553355216833 8.988737806955777
0 72.16796875 12.6953125 6.026738787271576 8.0356517163621
0 78.22265625 15.169270833333334 6.587839704871492 8.783786273161988
0 69.775390625 14.6484375 6.473755931273323 8.631674575031097
0 75.146484375 14.973958333333334 6.545291317604741 8.727055090139656
0 65.283203125 15.299479166666666 6.61605328023645 8.821404373648601
0 71.240234375 18.619791666666664 7.298743129334349 9.731657505779133
0 77.63671875 18.294270833333336 7.234661615679748 9.646215487572997
0 68.310546875 18.424479166666664 7.2603620931215325 9.680482790828709
0 79.78515625 17.513020833333336 7.0784994535786145 9.437999271438152
0 81.8359375 22.395833333333336 8.00468569861084 10.672914264814453
0 70.263671875 21.940104166666664 7.92282408798045 10.5637654506406
0 76.806640625 21.158854166666664 7.780486318348366 10.373981757797822
0 80.56640625 26.3671875 8.685454999241765 11.580606665655687
0 89.0625 28.776041666666668 9.073528288158268 12.098037717544358
0 93.1640625 31.510416666666668 9.494842032534208 12.659789376712277
0 89.55078125 26.3671875 8.685454999241765 11.580606665655687
0 81.0546875 24.0234375 8.290452702152177 11.053936936202902
0 75.341796875 27.083333333333332 8.802615418613255 11.736820558151006
0 73.53515625 32.68229166666667 9.669787303317175 12.893049737756234
0 78.41796875 37.04427083333333 10.29487780360901 13.726503738145347
0 89.0625 34.1796875 9.888825528576445 13.185100704768596
0 67.87109375 42.1875 10.986328125 14.6484375
0 62.548828125 36.58854166666667 10.231356576074347 13.641808768099132
0 61.71875 30.2734375 9.306610523667546 12.408814031556727
0 60.009765625 24.479166666666664 8.36871899463018 11.15829199284024
0 67.431640625 23.893229166666664 8.267954824306681 11.023939765742242
0 60.3515625 20.8984375 7.732458166088822 10.309944221451763
0 55.859375 15.885416666666666 6.741553355216833 8.988737806955777
0 61.376953125 18.033854166666664 7.182984799767957 9.577313066357275
0 61.376953125 11.067708333333332 5.627163365046928 7.502884486729237
0 55.615234375 13.020833333333334 6.103515625 8.138020833333332
0 58.447265625 18.880208333333336 7.349606066157407 9.799474754876544
0 50.9765625 16.536458333333336 6.878312786611722 9.171083715482297
0 46.533203125 14.973958333333334 6.545291317604741 8.727055090139656
0 49.70703125 18.9453125 7.3622668956389274 9.816355860851903
0 47.998046875 14.6484375 6.473755931273323 8.631674575031097
0 40.0390625 14.388020833333334 6.415953381844678 8.554604509126236
0 44.62890625 15.559895833333334 6.672122530845778 8.896163374461038
0 48.14453125 21.614583333333336 7.863829789260941 10.485106385681254
0 49.12109375 27.864583333333332 8.928673607377803 11.904898143170405
0 49.169921875 36.78385416666667 10.258628121320564 13.678170828427419
0 51.953125 48.76302083333333 11.811524951393816 15.748699935191754
0 67.08984375 59.895833333333336 13.090582635209483 17.45411018027931
0 19.7265625 50.260416666666664 11.991505556877746 15.988674075836995
0 37.6953125 44.66145833333333 11.303869126862875 15.071825502483835
0 1.46484375 58.3984375 12.925914663420027 17.234552884560035
0 1.26953125 46.35416666666667 11.516090249092533 15.354786998790045
0 6.787109375 36.00260416666667 10.149102263376399 13.53213635116853
0 16.69921875 38.28125 10.46534924284805 13.953798990464069
0 2.9296875 31.770833333333332 9.53399618640949 12.711994915212655
0 7.8125 28.190104166666668 8.980675640601907 11.974234187469209
0 5.126953125 24.544270833333336 8.379840220792225 11.173120294389632
0 4.052734375 19.401041666666664 7.450290292806215 9.933720390408286
0 13.818359375 22.0703125 7.946299173761924 10.595065565015899
0 4.78515625 16.796875 6.932261164306974 9.243014885742634
0 14.306640625 17.513020833333336 7.0784994535786145 9.437999271438152
0 3.076171875 17.122395833333336 6.9991119025755095 9.332149203434014
0 7.6171875 18.75 7.32421875 9.765625
0 0.537109375 16.2109375 6.810276368536802 9.080368491382403
0 7.8125 16.341145833333336 6.837572174807153 9.116762899742872
0 18.84765625 15.625 6.686066375795484 8.914755167727312
0 6.591796875 16.471354166666664 6.864759447755123 9.15301259700683
0 22.119140625 13.346354166666666 6.179338602086361 8.239118136115147
0 18.603515625 18.1640625 7.208869513560617 9.611826018080823
0 20.556640625 13.151041666666666 6.133957288281793 8.178609717709058
0 24.951171875 15.104166666666666 6.573687508709111 8.764916678278816
0 19.873046875 20.703125 7.6962403643301345 10.261653819106845
0 26.46484375 17.838541666666664 7.143981879101334 9.525309172135112
0 20.751953125 15.4296875 6.644147051109997 8.858862734813329
0 19.970703125 29.6875 9.216106488367615 12.288141984490153
0 27.24609375 22.526041666666664 8.027921409891299 10.703895213188398
0 21.09375 25.390625 8.523095729839442 11.364127639785922
0 29.4921875 19.986979166666664 7.561957820656658 10.08261042754221
0 30.419921875 13.28125 6.16424861960576 8.218998159474348
0 34.716796875 17.122395833333336 6.9991119025755095 9.332149203434014
0 28.80859375 14.6484375 6.473755931273323 8.631674575031097
0 31.982421875 21.158854166666664 7.780486318348366 10.373981757797822
0 34.1796875 14.6484375 6.473755931273323 8.631674575031097
0 37.98828125 16.471354166666664 6.864759447755123 9.15301259700683
0 32.763671875 15.755208333333334 6.7138671875 8.951822916666668
0 39.697265625 25.390625 8.523095729839442 11.364127639785922
0 32.470703125 29.622395833333332 9.205995562132786 12.274660749510382
0 41.162109375 16.471354166666664 6.864759447755123 9.15301259700683
0 42.431640625 30.078125 9.276540621075844 12.368720828101127
0 40.625 19.205729166666664 7.412693970636669 9.883591960848893
0 32.470703125 35.546875 10.084662867345157 13.44621715646021
0 41.2109375 21.223958333333336 7.792447103762027 10.389929471682702
0 86.03515625 21.223958333333336 7.792447103762027 10.389929471682702
0 36.767578125 16.2109375 6.810276368536802 9.080368491382403
0 12.109375 16.666666666666664 6.905339660024879 9.207119546699838
0 10.302734375 16.9921875 6.972448522214271 9.296598029619028
0 12.109375 19.205729166666664 7.412693970636669 9.883591960848893
