0 94.43359375 94.85677083333334 16.473839814777563 21.965119753036753
0 86.1328125 64.90885416666666 13.627388648538883 18.169851531385177
0 99.853515625 53.190104166666664 12.336049152470542 16.44806553662739
0 88.037109375 34.30989583333333 9.907643481901811 13.210191309202415
0 99.31640625 42.44791666666667 11.020184378215204 14.693579170953605
0 98.73046875 31.8359375 9.543759625922785 12.725012834563712
0 94.62890625 46.41927083333333 11.524174553527347 15.365566071369797
0 77.685546875 54.296875 12.463731601966636 16.61830880262218
0 67.138671875 58.528645833333336 12.940316801217158 17.25375573495621
0 66.89453125 73.69791666666666 14.520724186243065 19.360965581657418
0 43.26171875 84.30989583333334 15.53101885986264 20.708025146483518
0 38.37890625 64.58333333333334 13.593174713940485 18.124232951920646
0 51.025390625 48.2421875 11.748276705883885 15.664368941178514
0 36.669921875 43.03385416666667 11.095983253599758 14.794644338133011
0 20.99609375 48.2421875 11.748276705883885 15.664368941178514
0 1.806640625 60.807291666666664 13.18980882871967 17.586411771626228
0 10.986328125 39.71354166666667 10.65933178501769 14.212442380023585
0 19.53125 32.74739583333333 9.679413773897526 12.905885031863368
0 30.224609375 34.5703125 9.945172568847854 13.26023009179714
0 2.34375 30.208333333333332 9.296598029619028 12.395464039492039
0 22.021484375 25.651041666666668 8.566692411876344 11.422256549168457
0 9.619140625 29.296875 9.1552734375 12.20703125
0 20.556640625 21.223958333333336 7.792447103762027 10.389929471682702
0 4.736328125 26.822916666666668 8.760192928715409 11.680257238287211
0 14.6484375 17.447916666666664 7.065330140863174 9.420440187817565
0 42.236328125 30.794270833333332 9.386325988299376 12.515101317732501
0 65.087890625 41.40625 10.884127502518925 14.512170003358568
0 47.705078125 36.39322916666667 10.204012144348443 13.605349525797925
0 61.669921875 29.1015625 9.124704826492952 12.166273101990603
0 50.439453125 29.557291666666668 9.195873518871684 12.261164691828911
0 61.9140625 35.15625 10.029099563693228 13.372132751590971
0 74.658203125 28.841145833333332 9.083786661460703 12.11171554861427
0 80.078125 39.453125 10.624325674761481 14.165767566348642
0 73.388671875 33.52864583333333 9.794193442310311 13.05892458974708
0 67.48046875 24.4140625 8.357582969744357 11.143443959659143
0 59.765625 24.869791666666664 8.435226416678011 11.246968555570682
0 70.654296875 22.916666666666664 8.097228492078614 10.796304656104818
0 89.990234375 30.338541666666668 9.316612257369233 12.42214967649231
0 70.751953125 19.140625 7.400119417103358 9.866825889471144
0 62.353515625 19.140625 7.400119417103358 9.866825889471144
0 48.046875 23.2421875 8.154534433525017 10.872712578033356
0 40.771484375 25.78125 8.588407763348565 11.451210351131419
0 32.275390625 30.6640625 9.366460725843998 12.48861430112533
0 27.685546875 23.958333333333336 8.279211405182211 11.038948540242949
0 16.69921875 19.856770833333336 7.537285788103314 10.049714384137753
0 6.689453125 18.489583333333336 7.273178276253042 9.697571035004056
0 31.787109375 22.786458333333336 8.074192233473482 10.765589644631309
0 39.208984375 17.447916666666664 7.065330140863174 9.420440187817565
0 25.09765625 18.815104166666664 7.336923388776433 9.782564518368577
0 42.236328125 22.005208333333336 7.9345703125 10.579427083333332
0 29.052734375 20.182291666666664 7.598815672600545 10.13175423013406
0 12.158203125 20.638020833333336 7.684129829110212 10.245506438813615
0 3.61328125 17.643229166666664 7.104764847914316 9.473019797219088
0 20.8984375 18.489583333333336 7.273178276253042 9.697571035004056
0 18.603515625 15.494791666666666 6.658149484030587 8.877532645374115
0 28.7109375 15.0390625 6.559504779115197 8.746006372153596
0 37.939453125 15.0390625 6.559504779115197 8.746006372153596
0 48.388671875 18.359375 7.247523246483103 9.663364328644137
0 59.08203125 20.182291666666664 7.598815672600545 10.13175423013406
0 79.19921875 16.40625 6.8511792970714245 9.134905729428567
0 92.138671875 18.229166666666664 7.221777078979024 9.629036105305365
0 81.787109375 22.4609375 8.016311973000304 10.688415964000404
0 88.623046875 16.276041666666664 6.823937919616058 9.09858389282141
0 97.94921875 19.270833333333336 7.425247229367944 9.900329639157258
0 86.328125 22.005208333333336 7.9345703125 10.579427083333332
0 76.806640625 21.875 7.911060422861158 10.548080563814876
0 86.572265625 17.643229166666664 7.104764847914316 9.473019797219088
0 94.873046875 19.140625 7.400119417103358 9.866825889471144
0 79.638671875 25.065104166666668 8.468284256293707 11.291045675058275
0 65.673828125 16.080729166666664 6.782870718656271 9.043827624875028
0 55.908203125 16.276041666666664 6.823937919616058 9.09858389282141
0 53.857421875 14.2578125 6.386855937639267 8.515807916852356
0 51.708984375 18.033854166666664 7.182984799767957 9.577313066357275
0 45.3125 16.40625 6.8511792970714245 9.134905729428567
0 42.724609375 14.453125 6.430452730012657 8.57393697335021
0 41.455078125 13.997395833333334 6.328259690346595 8.437679587128793
0 31.591796875 15.494791666666666 6.658149484030587 8.877532645374115
0 40.4296875 20.5078125 7.659851317145468 10.21313508952729
0 34.619140625 16.40625 6.8511792970714245 9.134905729428567
0 22.607421875 16.861979166666664 6.945682786096826 9.260910381462436
0 35.888671875 17.903645833333336 7.157006469457137 9.542675292609516
0 81.005859375 18.489583333333336 7.273178276253042 9.697571035004056
0 89.306640625 25.520833333333332 8.544921875 11.393229166666668
0 82.6171875 16.276041666666664 6.823937919616058 9.09858389282141
0 95.8984375 23.372395833333336 8.177344364608315 10.903125819477753
0 82.958984375 20.182291666666664 7.598815672600545 10.13175423013406
0 92.138671875 23.046875 8.120199399200482 10.82693253226731
0 97.36328125 22.005208333333336 7.9345703125 10.579427083333332
0 89.404296875 20.3125 7.62328857226367 10.164384763018226
