0 6.298828125 75.5859375 14.70554663471284 19.607395512950454
0 43.359375 86.71875 15.75132800361809 21.001770671490785
0 30.322265625 95.3125 16.513365794029156 22.017821058705543
0 24.8046875 56.4453125 12.707924080601204 16.94389877413494
0 31.34765625 45.44270833333333 11.402308161785525 15.203077549047366
0 44.677734375 57.8125 12.860905460025315 17.14787394670042
0 56.298828125 66.27604166666666 13.770158902195407 18.360211869593876
0 59.228515625 54.361979166666664 12.47120162457431 16.628268832765748
0 42.431640625 45.76822916666667 11.443074499055587 15.25743266540745
0 42.529296875 36.5234375 10.22224989284926 13.629666523799013
0 26.416015625 30.403645833333332 9.326603265341873 12.43547102045583
0 22.802734375 40.55989583333333 10.77231603681811 14.363088049090814
0 1.46484375 58.7890625 12.969073096237658 17.29209746165021
0 77.83203125 53.125 12.32849723921152 16.437996318948695
0 91.6015625 55.46875 12.597514306976498 16.796685742635333
0 84.326171875 44.66145833333333 11.303869126862875 15.071825502483835
0 60.791015625 45.8984375 11.459340426952263 15.279120569269683
0 55.615234375 35.41666666666667 10.066175843793117 13.421567791724156
0 70.654296875 41.9921875 10.960867307170393 14.614489742893857
0 73.828125 33.984375 9.860531263063667 13.147375017418222
0 97.8515625 40.55989583333333 10.77231603681811 14.363088049090814
0 89.35546875 44.79166666666667 11.320335077509403 15.093780103345871
0 86.5234375 35.22135416666667 10.038381471800859 13.384508629067811
0 93.115234375 33.52864583333333 9.794193442310311 13.05892458974708
0 85.25390625 40.75520833333333 10.79822144345345 14.397628591271266
0 60.888671875 35.546875 10.084662867345157 13.44621715646021
0 63.818359375 26.953125 8.78142979122202 11.708573054962693
0 57.6171875 22.200520833333336 7.969705113037473 10.626273484049964
0 39.013671875 25.520833333333332 8.544921875 11.393229166666668
0 44.189453125 33.07291666666667 9.727403229070575 12.9698709720941
0 53.369140625 30.6640625 9.366460725843998 12.48861430112533
0 11.71875 33.65885416666667 9.813192865486773 13.084257153982362
0 17.822265625 29.1015625 9.124704826492952 12.166273101990603
0 8.203125 30.989583333333332 9.416045300623482 12.554727067497975
0 3.7109375 22.981770833333336 8.108722079825698 10.811629439767596
0 12.548828125 26.302083333333332 8.674725588105405 11.56630078414054
0 46.2890625 26.953125 8.78142979122202 11.708573054962693
0 18.798828125 23.177083333333336 8.143105507889608 10.857474010519478
0 25.48828125 23.958333333333336 8.279211405182211 11.038948540242949
0 39.599609375 20.963541666666664 7.7444931277157725 10.325990836954363
0 4.296875 18.294270833333336 7.234661615679748 9.646215487572997
0 58.30078125 26.7578125 8.749555167743805 11.66607355699174
0 49.951171875 21.419270833333336 7.828219811023351 10.437626414697803
0 40.673828125 16.40625 6.8511792970714245 9.134905729428567
0 64.892578125 31.184895833333332 9.445671106287941 12.594228141717254
0 72.314453125 25.846354166666668 8.59924487524742 11.465659833663226
0 84.66796875 28.971354166666668 9.104268731797058 12.139024975729411
0 75.830078125 30.989583333333332 9.416045300623482 12.554727067497975
0 96.09375 23.958333333333336 8.279211405182211 11.038948540242949
0 89.84375 25.390625 8.523095729839442 11.364127639785922
0 88.18359375 32.29166666666667 9.611826018080825 12.815768024107768
0 69.482421875 20.3125 7.62328857226367 10.164384763018226
0 77.734375 21.614583333333336 7.863829789260941 10.485106385681254
0 62.451171875 17.96875 7.170007400189656 9.56000986691954
0 81.73828125 17.513020833333336 7.0784994535786145 9.437999271438152
0 70.068359375 14.192708333333334 6.372257390692475 8.496343187589966
0 76.07421875 18.619791666666664 7.298743129334349 9.731657505779133
0 53.61328125 12.5 5.980199567341744 7.973599423122326
0 65.234375 15.8203125 6.72772451325946 8.970299351012613
0 55.615234375 18.294270833333336 7.234661615679748 9.646215487572997
0 45.1171875 16.40625 6.8511792970714245 9.134905729428567
0 52.5390625 18.75 7.32421875 9.765625
0 74.658203125 22.721354166666664 8.062649422377262 10.75019922983635
0 81.15234375 25.651041666666668 8.566692411876344 11.422256549168457
0 91.6015625 19.7265625 7.512532730158185 10.01671030687758
0 83.740234375 20.963541666666664 7.7444931277157725 10.325990836954363
0 65.380859375 21.744791666666664 7.887480458569388 10.51664061142585
0 32.177734375 22.981770833333336 8.108722079825698 10.811629439767596
0 26.171875 20.5078125 7.659851317145468 10.21313508952729
0 35.595703125 20.052083333333336 7.574263699945591 10.099018266594122
0 27.978515625 17.1875 7.012405574387241 9.349874099182989
0 35.25390625 15.8203125 6.72772451325946 8.970299351012613
0 10.791015625 19.53125 7.475249459177179 9.966999278902906
0 19.482421875 19.270833333333336 7.425247229367944 9.900329639157258
0 7.6171875 17.3828125 7.052136235529384 9.40284831403918
0 25.0 15.8203125 6.72772451325946 8.970299351012613
0 18.994140625 16.861979166666664 6.945682786096826 9.260910381462436
0 31.494140625 15.299479166666666 6.61605328023645 8.821404373648601
0 16.064453125 18.1640625 7.208869513560617 9.611826018080823
0 22.65625 16.40625 6.8511792970714245 9.134905729428567
0 16.2109375 14.518229166666666 6.444919458600731 8.593225944800976
0 57.373046875 15.494791666666666 6.658149484030587 8.877532645374115
0 23.14453125 19.401041666666664 7.450290292806215 9.933720390408286
0 0.439453125 17.838541666666664 7.143981879101334 9.525309172135112
0 30.078125 17.838541666666664 7.143981879101334 9.525309172135112
0 74.90234375 15.625 6.686066375795484 8.914755167727312
0 99.267578125 21.2890625 7.804389558437758 10.405852744583676
0 92.919921875 23.502604166666664 8.200090846279542 10.933454461706056
0 79.345703125 18.75 7.32421875 9.765625
