0 99.31640625 46.2890625 11.508000265481447 15.344000353975263
0 93.212890625 51.822916666666664 12.176475429235841 16.235300572314458
0 89.0625 62.565104166666664 13.379095591298201 17.838794121730935
0 75.78125 53.971354166666664 12.426314130555623 16.568418840740833
0 68.115234375 59.830729166666664 13.083466253800058 17.444621671733408
0 52.34375 47.98177083333333 11.716524548616007 15.622032731488009
0 38.0859375 64.58333333333334 13.593174713940485 18.124232951920646
0 23.4375 49.28385416666667 11.874436314907054 15.832581753209407
0 5.126953125 57.877604166666664 12.868144923283701 17.157526564378266
0 0.634765625 46.54947916666667 11.54032617260073 15.38710156346764
0 15.52734375 36.58854166666667 10.231356576074347 13.641808768099132
0 24.21875 28.971354166666668 9.104268731797058 12.139024975729411
0 30.712890625 28.3203125 9.001392336274797 12.001856448366395
0 31.34765625 34.44010416666667 9.926425761285763 13.235234348381017
0 35.595703125 42.05729166666667 10.969360812751116 14.62581441700149
0 48.779296875 35.48177083333333 10.075423595714831 13.433898127619774
0 50.48828125 28.971354166666668 9.104268731797058 12.139024975729411
0 41.259765625 24.934895833333336 8.446260072691679 11.26168009692224
0 37.744140625 20.5078125 7.659851317145468 10.21313508952729
0 63.4765625 35.48177083333333 10.075423595714831 13.433898127619774
0 66.650390625 40.55989583333333 10.77231603681811 14.363088049090814
0 72.021484375 37.109375 10.30392029793343 13.738560397244573
0 73.095703125 32.16145833333333 9.592427762147041 12.789903682862722
0 80.615234375 36.58854166666667 10.231356576074347 13.641808768099132
0 60.9375 29.817708333333332 9.236295135755345 12.315060181007127
0 75.537109375 28.776041666666668 9.073528288158268 12.098037717544358
0 86.71875 32.09635416666667 9.58271390875707 12.77695187834276
0 85.009765625 27.9296875 8.939098215256843 11.918797620342456
0 89.990234375 27.5390625 8.876366926421502 11.835155901895336
0 93.06640625 30.729166666666668 9.376398618003673 12.501864824004896
0 99.560546875 30.859375 9.396242870080965 12.52832382677462
0 97.412109375 26.302083333333332 8.674725588105405 11.56630078414054
0 93.45703125 23.307291666666664 8.165947363439729 10.88792981791964
0 89.404296875 19.856770833333336 7.537285788103314 10.049714384137753
0 82.080078125 21.614583333333336 7.863829789260941 10.485106385681254
0 92.138671875 20.1171875 7.586549618320344 10.115399491093791
0 79.833984375 24.869791666666664 8.435226416678011 11.246968555570682
0 94.921875 20.377604166666664 7.635495607419925 10.180660809893233
0 78.02734375 18.619791666666664 7.298743129334349 9.731657505779133
0 81.8359375 16.796875 6.932261164306974 9.243014885742634
0 76.025390625 14.388020833333334 6.415953381844678 8.554604509126236
0 80.37109375 15.559895833333334 6.672122530845778 8.896163374461038
0 71.240234375 18.098958333333336 7.195938795502683 9.594585060670244
0 68.212890625 23.372395833333336 8.177344364608315 10.903125819477753
0 60.693359375 24.869791666666664 8.435226416678011 11.246968555570682
0 47.998046875 21.419270833333336 7.828219811023351 10.437626414697803
0 60.693359375 17.513020833333336 7.0784994535786145 9.437999271438152
0 64.697265625 12.565104166666666 5.995752778438873 7.9943370379184975
0 29.6875 22.4609375 8.016311973000304 10.688415964000404
0 66.015625 13.346354166666666 6.179338602086361 8.239118136115147
0 17.626953125 11.848958333333332 5.8223828211483495 7.763177094864466
0 11.5234375 17.838541666666664 7.143981879101334 9.525309172135112
0 5.712890625 30.924479166666668 9.406149296522488 12.541532395363317
0 4.150390625 25.260416666666668 8.501213548086012 11.334951397448016
0 1.220703125 17.513020833333336 7.0784994535786145 9.437999271438152
0 6.103515625 15.885416666666666 6.741553355216833 8.988737806955777
0 27.9296875 13.4765625 6.209408553886659 8.279211405182211
0 4.39453125 16.471354166666664 6.864759447755123 9.15301259700683
0 35.205078125 13.4765625 6.209408553886659 8.279211405182211
0 42.7734375 13.4765625 6.209408553886659 8.279211405182211
0 39.013671875 12.825520833333334 6.057566296777102 8.076755062369468
0 30.224609375 15.4296875 6.644147051109997 8.858862734813329
0 27.83203125 19.3359375 7.437779301119349 9.917039068159132
0 8.88671875 27.9296875 8.939098215256843 11.918797620342456
0 51.708984375 16.796875 6.932261164306974 9.243014885742634
0 47.509765625 18.229166666666664 7.221777078979024 9.629036105305365
0 54.8828125 15.4296875 6.644147051109997 8.858862734813329
0 62.646484375 12.955729166666666 6.088237714617921 8.117650286157229
0 68.798828125 13.4765625 6.209408553886659 8.279211405182211
0 73.6328125 16.276041666666664 6.823937919616058 9.09858389282141
0 87.548828125 22.981770833333336 8.108722079825698 10.811629439767596
0 61.5234375 21.419270833333336 7.828219811023351 10.437626414697803
0 40.869140625 21.549479166666664 7.85197774064246 10.469303654189947
0 14.35546875 15.0390625 6.559504779115197 8.746006372153596
0 21.826171875 14.713541666666666 6.488126106405426 8.650834808540568
0 15.234375 16.9921875 6.972448522214271 9.296598029619028
0 19.189453125 14.84375 6.516771394062079 8.689028525416106
0 9.423828125 18.619791666666664 7.298743129334349 9.731657505779133
0 28.564453125 16.145833333333336 6.796587356970242 9.062116475960323
