0 62.939453125 17.903645833333336 7.157006469457137 9.542675292609516
0 68.505859375 19.7265625 7.512532730158185 10.01671030687758
0 70.60546875 19.53125 7.475249459177179 9.966999278902906
0 72.802734375 21.6796875 7.875664001809045 10.500885335745393
0 76.66015625 34.63541666666667 9.954532733337459 13.272710311116612
0 1.171875 20.703125 7.6962403643301345 10.261653819106845
0 0.439453125 18.684895833333336 7.311492035346033 9.748656047128044
0 3.90625 18.9453125 7.3622668956389274 9.816355860851903
0 7.03125 20.052083333333336 7.574263699945591 10.099018266594122
0 14.794921875 16.536458333333336 6.878312786611722 9.171083715482297
0 16.89453125 14.778645833333334 6.502464524127966 8.669952698837287
0 17.529296875 16.536458333333336 6.878312786611722 9.171083715482297
0 19.43359375 17.1875 7.012405574387241 9.349874099182989
0 20.1171875 15.690104166666666 6.699981201202437 8.933308268269917
0 21.533203125 15.950520833333334 6.755353888299149 9.0071385177322
0 22.36328125 16.731770833333336 6.9188135063199665 9.225084675093289
0 25.146484375 16.080729166666664 6.782870718656271 9.043827624875028
0 23.583984375 17.252604166666664 7.025674092542321 9.367565456723094
0 27.34375 16.9921875 6.972448522214271 9.296598029619028
0 28.466796875 16.080729166666664 6.782870718656271 9.043827624875028
0 28.90625 16.080729166666664 6.782870718656271 9.043827624875028
0 33.642578125 17.1875 7.012405574387241 9.349874099182989
0 39.55078125 15.950520833333334 6.755353888299149 9.0071385177322
0 39.453125 19.3359375 7.437779301119349 9.917039068159132
0 41.357421875 16.145833333333336 6.796587356970242 9.062116475960323
0 45.8984375 15.950520833333334 6.755353888299149 9.0071385177322
0 52.34375 13.28125 6.16424861960576 8.218998159474348
0 49.90234375 21.875 7.911060422861158 10.548080563814876
0 31.103515625 16.536458333333336 6.878312786611722 9.171083715482297
0 35.205078125 16.9921875 6.972448522214271 9.296598029619028
0 62.20703125 15.104166666666666 6.573687508709111 8.764916678278816
0 60.9375 15.234375 6.60196156395994 8.802615418613254
0 65.91796875 18.229166666666664 7.221777078979024 9.629036105305365
0 52.978515625 13.997395833333334 6.328259690346595 8.437679587128793
0 68.994140625 16.341145833333336 6.837572174807153 9.116762899742872
0 75.09765625 17.057291666666664 6.985792933508055 9.31439057801074
0 77.05078125 20.833333333333336 7.720404443770458 10.293872591693944
0 69.43359375 31.184895833333332 9.445671106287941 12.594228141717254
0 77.63671875 29.036458333333332 9.114492506755418 12.15265667567389
0 81.591796875 31.575520833333332 9.50464569238125 12.672860923174998
0 97.705078125 54.557291666666664 12.49358489407881 16.658113192105077
0 91.2109375 23.372395833333336 8.177344364608315 10.903125819477753
0 98.583984375 31.901041666666668 9.55351308746248 12.738017449949975
0 99.462890625 21.6796875 7.875664001809045 10.500885335745393
0 94.140625 23.177083333333336 8.143105507889608 10.857474010519478
0 95.556640625 23.893229166666664 8.267954824306681 11.023939765742242
0 92.724609375 23.177083333333336 8.143105507889608 10.857474010519478
0 91.2109375 19.53125 7.475249459177179 9.966999278902906
0 85.25390625 19.3359375 7.437779301119349 9.917039068159132
0 89.2578125 19.53125 7.475249459177179 9.966999278902906
0 8.984375 19.791666666666664 7.524919437217989 10.033225916290652
