0 98.4375 38.80208333333333 10.536301575703167 14.048402100937555
0 96.6796875 31.119791666666668 9.4358061729372 12.5810748972496
0 99.51171875 28.515625 9.03237828793258 12.043171050576774
0 99.267578125 33.7890625 9.832155574699105 13.109540766265473
0 90.283203125 43.42447916666667 11.146229472503464 14.861639296671287
0 93.798828125 53.971354166666664 12.426314130555623 16.568418840740833
0 96.58203125 56.705729166666664 12.737205050481693 16.982940067308924
0 78.515625 48.50260416666667 11.779943277355214 15.706591036473618
0 74.21875 48.046875 11.724470649596281 15.632627532795041
0 63.76953125 37.5 10.358009490037318 13.810679320049758
0 52.978515625 46.41927083333333 11.524174553527347 15.365566071369797
0 46.58203125 38.93229166666667 10.553965128046011 14.07195350406135
0 44.873046875 25.390625 8.523095729839442 11.364127639785922
0 44.482421875 31.510416666666668 9.494842032534208 12.659789376712277
0 35.498046875 36.5234375 10.22224989284926 13.629666523799013
0 11.083984375 46.35416666666667 11.516090249092533 15.354786998790045
0 15.185546875 47.78645833333333 11.69265384562257 15.590205127496759
0 11.328125 49.08854166666667 11.850883690763915 15.801178254351885
0 9.716796875 56.0546875 12.663875684354508 16.885167579139345
0 6.640625 53.190104166666664 12.336049152470542 16.44806553662739
0 7.666015625 48.76302083333333 11.811524951393816 15.748699935191754
0 11.5234375 27.473958333333332 8.865868558553435 11.821158078071248
0 15.8203125 29.166666666666668 9.134905729428569 12.17987430590476
0 21.826171875 20.638020833333336 7.684129829110212 10.245506438813615
0 24.755859375 23.6328125 8.222774405094897 10.963699206793196
0 31.640625 21.940104166666664 7.92282408798045 10.5637654506406
0 23.046875 21.875 7.911060422861158 10.548080563814876
0 34.814453125 19.856770833333336 7.537285788103314 10.049714384137753
0 47.216796875 21.223958333333336 7.792447103762027 10.389929471682702
0 45.458984375 22.721354166666664 8.062649422377262 10.75019922983635
0 59.27734375 25.78125 8.588407763348565 11.451210351131419
0 61.083984375 20.5078125 7.659851317145468 10.21313508952729
0 54.345703125 19.856770833333336 7.537285788103314 10.049714384137753
0 59.1796875 19.596354166666664 7.487697843252746 9.983597124336994
0 55.37109375 17.513020833333336 7.0784994535786145 9.437999271438152
0 1.46484375 24.609375 8.39094670707246 11.187928942763282
0 90.087890625 32.55208333333333 9.650505554713073 12.86734073961743
0 92.236328125 29.166666666666668 9.134905729428569 12.17987430590476
0 93.45703125 23.502604166666664 8.200090846279542 10.933454461706056
0 99.365234375 25.651041666666668 8.566692411876344 11.422256549168457
0 95.361328125 25.78125 8.588407763348565 11.451210351131419
0 97.021484375 24.0234375 8.290452702152177 11.053936936202902
0 77.294921875 29.231770833333332 9.145095253766906 12.193460338355873
0 74.072265625 27.669270833333332 8.897326499702912 11.863101999603883
0 68.603515625 24.869791666666664 8.435226416678011 11.246968555570682
0 71.435546875 22.721354166666664 8.062649422377262 10.75019922983635
0 66.748046875 23.828125 8.256682897014576 11.008910529352768
0 99.12109375 51.953125 12.191762912254749 16.25568388300633
0 96.77734375 45.83333333333333 11.45121035113142 15.268280468175227
0 84.619140625 51.171875 12.099748291991583 16.132997722655443
0 87.5 22.721354166666664 8.062649422377262 10.75019922983635
0 87.548828125 36.00260416666667 10.149102263376399 13.53213635116853
0 87.646484375 26.106770833333332 8.642457433170346 11.52327657756046
0 88.28125 30.598958333333332 9.35651227829339 12.475349704391189
0 91.552734375 17.643229166666664 7.104764847914316 9.473019797219088
0 95.166015625 22.265625 7.981382342908947 10.641843123878598
0 91.6015625 22.135416666666664 7.958010748538389 10.610680998051187
0 94.384765625 19.596354166666664 7.487697843252746 9.983597124336994
0 99.462890625 20.963541666666664 7.7444931277157725 10.325990836954363
0 89.35546875 20.768229166666664 7.708331872750909 10.277775830334546
0 97.0703125 21.09375 7.768507117527988 10.358009490037318
0 88.525390625 18.424479166666664 7.2603620931215325 9.680482790828709
0 85.009765625 18.1640625 7.208869513560617 9.611826018080823
0 81.34765625 20.1171875 7.586549618320344 10.115399491093791
0 86.474609375 18.359375 7.247523246483103 9.663364328644137
0 81.396484375 17.578125 7.091644310682526 9.455525747576702
0 82.666015625 23.111979166666664 8.131660519088275 10.842214025451032
0 78.90625 25.78125 8.588407763348565 11.451210351131419
0 74.31640625 20.1171875 7.586549618320344 10.115399491093791
0 73.828125 24.479166666666664 8.36871899463018 11.15829199284024
0 77.685546875 20.572916666666664 7.672000176987631 10.229333569316841
0 76.123046875 24.869791666666664 8.435226416678011 11.246968555570682
0 73.291015625 14.84375 6.516771394062079 8.689028525416106
0 78.955078125 17.252604166666664 7.025674092542321 9.367565456723094
0 74.853515625 15.494791666666666 6.658149484030587 8.877532645374115
0 70.263671875 17.903645833333336 7.157006469457137 9.542675292609516
0 69.677734375 21.6796875 7.875664001809045 10.500885335745393
0 77.392578125 16.861979166666664 6.945682786096826 9.260910381462436
0 61.083984375 16.276041666666664 6.823937919616058 9.09858389282141
0 68.9453125 14.908854166666666 6.531046923532928 8.708062564710572
0 58.984375 14.453125 6.430452730012657 8.57393697335021
0 67.529296875 14.388020833333334 6.415953381844678 8.554604509126236
0 62.744140625 14.84375 6.516771394062079 8.689028525416106
0 70.556640625 15.494791666666666 6.658149484030587 8.877532645374115
0 48.73046875 14.583333333333334 6.459353786778786 8.612471715705048
0 45.80078125 17.3828125 7.052136235529384 9.40284831403918
0 56.8359375 15.104166666666666 6.573687508709111 8.764916678278816
0 52.685546875 16.015625 6.7691262856502785 9.025501714200372
0 52.490234375 25.130208333333332 8.479274895904423 11.305699861205897
0 55.17578125 14.322916666666666 6.401421192444773 8.53522825659303
0 64.16015625 26.627604166666668 8.728240750778255 11.637654334371007
0 64.794921875 19.010416666666664 7.37490598974278 9.833207986323707
0 58.0078125 23.828125 8.256682897014576 11.008910529352768
0 62.451171875 21.484375 7.840107775064166 10.453477033418888
0 49.462890625 21.354166666666664 7.816313766397521 10.421751688530028
0 48.33984375 31.119791666666668 9.4358061729372 12.5810748972496
0 60.25390625 33.26822916666667 9.756083595670033 13.008111460893376
0 54.00390625 36.5234375 10.22224989284926 13.629666523799013
0 49.90234375 40.95052083333333 10.824064850444458 14.432086467259278
0 75.9765625 61.71875 13.288294102219997 17.717725469626664
0 44.873046875 82.87760416666666 15.398530043387284 20.531373391183045
0 36.962890625 60.3515625 13.140289393073113 17.520385857430817
0 24.70703125 55.729166666666664 12.627051309556398 16.836068412741863
0 28.564453125 50.065104166666664 11.968183319780016 15.957577759706687
0 13.96484375 35.67708333333333 10.103116062772735 13.470821417030313
0 10.595703125 33.52864583333333 9.794193442310311 13.05892458974708
0 4.150390625 25.651041666666668 8.566692411876344 11.422256549168457
0 2.294921875 18.229166666666664 7.221777078979024 9.629036105305365
0 12.060546875 17.317708333333336 7.038917599286375 9.385223465715166
0 3.515625 19.270833333333336 7.425247229367944 9.900329639157258
0 10.107421875 17.3828125 7.052136235529384 9.40284831403918
0 5.322265625 19.791666666666664 7.524919437217989 10.033225916290652
0 11.81640625 21.158854166666664 7.780486318348366 10.373981757797822
0 16.162109375 21.354166666666664 7.816313766397521 10.421751688530028
0 20.263671875 24.4140625 8.357582969744357 11.143443959659143
0 27.734375 21.354166666666664 7.816313766397521 10.421751688530028
0 16.6015625 16.080729166666664 6.782870718656271 9.043827624875028
0 14.599609375 16.015625 6.7691262856502785 9.025501714200372
0 18.1640625 16.015625 6.7691262856502785 9.025501714200372
0 22.216796875 16.9921875 6.972448522214271 9.296598029619028
0 26.07421875 15.364583333333334 6.6301150458985685 8.840153394531425
0 30.419921875 15.169270833333334 6.587839704871492 8.783786273161988
0 38.720703125 16.341145833333336 6.837572174807153 9.116762899742872
0 39.94140625 14.6484375 6.473755931273323 8.631674575031097
0 41.6015625 17.317708333333336 7.038917599286375 9.385223465715166
0 42.96875 17.122395833333336 6.9991119025755095 9.332149203434014
0 36.81640625 16.861979166666664 6.945682786096826 9.260910381462436
0 33.49609375 15.755208333333334 6.7138671875 8.951822916666668
0 25.732421875 17.838541666666664 7.143981879101334 9.525309172135112
0 28.125 16.861979166666664 6.945682786096826 9.260910381462436
0 19.82421875 17.122395833333336 6.9991119025755095 9.332149203434014
0 8.056640625 18.619791666666664 7.298743129334349 9.731657505779133
0 64.501953125 17.122395833333336 6.9991119025755095 9.332149203434014
0 84.521484375 23.567708333333336 8.211440458419013 10.948587277892017
0 72.314453125 33.7890625 9.832155574699105 13.109540766265473
0 98.4375 20.5078125 7.659851317145468 10.21313508952729
0 65.380859375 15.8203125 6.72772451325946 8.970299351012613
