0 88.8671875 66.40625 13.783678943647724 18.378238591530298
0 90.869140625 88.99739583333334 15.956929275392302 21.27590570052307
0 67.822265625 64.97395833333334 13.634221132622484 18.17896151016331
0 75.146484375 53.645833333333336 12.388783648794213 16.518378198392284
0 36.181640625 64.38802083333334 13.572604954795583 18.09680660639411
0 5.37109375 69.66145833333334 14.117472541772921 18.823296722363896
0 1.220703125 62.044270833333336 13.323290986903732 17.76438798253831
0 22.802734375 53.059895833333336 12.320940697135223 16.427920929513633
0 34.814453125 44.53125 11.287379155826983 15.049838874435977
0 51.318359375 51.497395833333336 12.138172486176355 16.184229981568475
0 17.724609375 40.95052083333333 10.824064850444458 14.432086467259278
0 19.43359375 32.6171875 9.660151239834237 12.880201653112316
0 4.78515625 32.29166666666667 9.611826018080825 12.815768024107768
0 9.66796875 29.361979166666668 9.16544031840894 12.220587091211922
0 3.857421875 25.5859375 8.555814067917595 11.407752090556793
0 46.19140625 50.390625 12.007028547916262 16.00937139722168
0 48.876953125 36.45833333333333 10.21313508952729 13.617513452703053
0 66.89453125 43.42447916666667 11.146229472503464 14.861639296671287
0 61.328125 36.1328125 10.167438506443897 13.556584675258529
0 73.6328125 33.33333333333333 9.765625 13.020833333333334
0 79.78515625 37.56510416666667 10.366996918617573 13.822662558156765
0 91.2109375 50.130208333333336 11.975962445281118 15.967949927041488
0 97.607421875 47.91666666666667 11.708573054962693 15.611430739950258
0 98.193359375 41.27604166666667 10.867000619363317 14.489334159151088
0 90.72265625 41.27604166666667 10.867000619363317 14.489334159151088
0 86.669921875 36.328125 10.194881035455362 13.593174713940485
0 93.1640625 31.0546875 9.425930915210266 12.567907886947022
0 99.70703125 22.981770833333336 8.108722079825698 10.811629439767596
0 90.283203125 25.911458333333332 8.610068346964042 11.480091129285388
0 80.2734375 29.036458333333332 9.114492506755418 12.15265667567389
0 74.12109375 28.255208333333332 8.991039955234518 11.988053273646026
0 81.298828125 24.544270833333336 8.379840220792225 11.173120294389632
0 95.166015625 21.419270833333336 7.828219811023351 10.437626414697803
0 82.71484375 14.453125 6.430452730012657 8.57393697335021
0 77.83203125 20.052083333333336 7.574263699945591 10.099018266594122
0 71.09375 22.330729166666664 7.993042513249997 10.657390017666662
0 61.9140625 30.403645833333332 9.326603265341873 12.43547102045583
0 48.974609375 29.622395833333332 9.205995562132786 12.274660749510382
0 43.994140625 31.8359375 9.543759625922785 12.725012834563712
0 55.17578125 23.4375 8.188725503539269 10.918300671385692
0 60.400390625 26.041666666666668 8.631674575031099 11.508899433374797
0 60.15625 19.075520833333336 7.3875234600282 9.850031280037602
0 77.587890625 15.364583333333334 6.6301150458985685 8.840153394531425
0 68.75 13.997395833333334 6.328259690346595 8.437679587128793
0 63.525390625 13.671875 6.254242410864013 8.338989881152017
0 81.54296875 21.875 7.911060422861158 10.548080563814876
0 90.380859375 29.166666666666668 9.134905729428569 12.17987430590476
0 85.986328125 21.744791666666664 7.887480458569388 10.51664061142585
0 80.95703125 18.489583333333336 7.273178276253042 9.697571035004056
0 86.767578125 18.294270833333336 7.234661615679748 9.646215487572997
0 92.724609375 18.1640625 7.208869513560617 9.611826018080823
0 75.634765625 14.453125 6.430452730012657 8.57393697335021
0 71.09375 18.619791666666664 7.298743129334349 9.731657505779133
0 67.138671875 24.21875 8.324085508414218 11.098780677885625
0 51.07421875 16.471354166666664 6.864759447755123 9.15301259700683
0 57.12890625 13.802083333333334 6.283953943473511 8.378605257964681
0 49.90234375 22.200520833333336 7.969705113037473 10.626273484049964
0 42.48046875 24.21875 8.324085508414218 11.098780677885625
0 46.533203125 16.471354166666664 6.864759447755123 9.15301259700683
0 40.72265625 15.234375 6.60196156395994 8.802615418613254
0 29.58984375 35.67708333333333 10.103116062772735 13.470821417030313
0 32.958984375 28.059895833333332 8.959911044862793 11.946548059817056
0 22.94921875 25.78125 8.588407763348565 11.451210351131419
0 29.00390625 23.763020833333336 8.245395560367612 10.993860747156816
0 16.064453125 24.088541666666664 8.301678777304348 11.068905036405797
0 9.47265625 21.419270833333336 7.828219811023351 10.437626414697803
0 4.00390625 18.9453125 7.3622668956389274 9.816355860851903
0 18.65234375 19.53125 7.475249459177179 9.966999278902906
0 12.353515625 22.526041666666664 8.027921409891299 10.703895213188398
0 18.75 15.234375 6.60196156395994 8.802615418613254
0 9.326171875 17.057291666666664 6.985792933508055 9.31439057801074
0 20.849609375 17.057291666666664 6.985792933508055 9.31439057801074
0 26.416015625 14.453125 6.430452730012657 8.57393697335021
0 11.572265625 19.856770833333336 7.537285788103314 10.049714384137753
0 30.95703125 19.270833333333336 7.425247229367944 9.900329639157258
0 6.201171875 17.3828125 7.052136235529384 9.40284831403918
0 27.34375 18.815104166666664 7.336923388776433 9.782564518368577
0 12.59765625 18.033854166666664 7.182984799767957 9.577313066357275
0 40.72265625 21.2890625 7.804389558437758 10.405852744583676
0 17.138671875 18.619791666666664 7.298743129334349 9.731657505779133
0 41.30859375 19.075520833333336 7.3875234600282 9.850031280037602
0 35.7421875 15.234375 6.60196156395994 8.802615418613254
0 14.35546875 16.276041666666664 6.823937919616058 9.09858389282141
0 6.4453125 19.856770833333336 7.537285788103314 10.049714384137753
0 23.974609375 15.0390625 6.559504779115197 8.746006372153596
0 40.380859375 17.578125 7.091644310682526 9.455525747576702
0 94.82421875 18.1640625 7.208869513560617 9.611826018080823
0 62.5 18.033854166666664 7.182984799767957 9.577313066357275
0 45.751953125 13.346354166666666 6.179338602086361 8.239118136115147
0 30.712890625 14.908854166666666 6.531046923532928 8.708062564710572
0 37.5 16.471354166666664 6.864759447755123 9.15301259700683
