0 79.931640625 65.55989583333334 13.695560102732468 18.26074680364329
0 45.263671875 74.73958333333334 14.622984070692066 19.49731209425609
0 78.271484375 58.072916666666664 12.889838917201462 17.18645188960195
0 92.578125 49.609375 11.913587216762167 15.884782955682889
0 78.02734375 44.40104166666667 11.270865058971795 15.027820078629059
0 64.208984375 46.02864583333333 11.475583298927713 15.300777731903617
0 46.533203125 51.888020833333336 12.184121568406452 16.245495424541936
0 32.03125 54.427083333333336 12.478667175452193 16.638222900602926
0 23.779296875 90.69010416666666 16.107962915523252 21.477283887364337
0 6.25 46.80989583333333 11.572561783360925 15.430082377814566
0 9.423828125 28.3203125 9.001392336274797 12.001856448366395
0 26.904296875 37.43489583333333 10.349014256477766 13.798685675303688
0 28.22265625 26.888020833333332 8.770817787597604 11.694423716796805
0 51.5625 35.80729166666667 10.121535615098267 13.495380820131023
0 68.505859375 33.46354166666667 9.784679896167846 13.046239861557126
0 84.66796875 31.315104166666668 9.465370128949479 12.62049350526597
0 98.193359375 31.705729166666668 9.524222738236839 12.698963650982451
0 89.990234375 36.9140625 10.276768945607138 13.702358594142853
0 86.572265625 43.75 11.187928942763282 14.917238590351042
0 66.2109375 25.9765625 8.620878229873984 11.494504306498644
0 71.142578125 23.567708333333336 8.211440458419013 10.948587277892017
0 82.568359375 20.572916666666664 7.672000176987631 10.229333569316841
0 77.9296875 21.158854166666664 7.780486318348366 10.373981757797822
0 83.154296875 25.130208333333332 8.479274895904423 11.305699861205897
0 92.28515625 25.651041666666668 8.566692411876344 11.422256549168457
0 2.734375 34.24479166666667 9.898238977189243 13.197651969585658
0 4.345703125 20.572916666666664 7.672000176987631 10.229333569316841
0 11.865234375 19.401041666666664 7.450290292806215 9.933720390408286
0 21.97265625 21.419270833333336 7.828219811023351 10.437626414697803
0 27.880859375 17.122395833333336 6.9991119025755095 9.332149203434014
0 42.236328125 21.2890625 7.804389558437758 10.405852744583676
