0 82.71484375 86.1328125 15.698023864272075 20.9306984856961
0 40.234375 87.36979166666666 15.810344051499778 21.08045873533304
0 15.771484375 91.08072916666666 16.14261615654076 21.523488208721016
0 4.8828125 74.54427083333334 14.603864885260498 19.471819847013997
0 0.830078125 59.505208333333336 13.047826126972625 17.397101502630168
0 23.583984375 59.440104166666664 13.04068641309906 17.38758188413208
0 21.533203125 48.4375 11.772034620352729 15.696046160470303
0 40.234375 47.0703125 11.604707850238979 15.472943800318639
0 46.38671875 57.03125 12.773711875278535 17.031615833704713
0 60.05859375 54.6875 12.508484821728025 16.677979762304034
0 76.416015625 52.213541666666664 12.222280514221671 16.29637401896223
0 94.04296875 58.0078125 12.882611645022848 17.17681552669713
0 97.705078125 64.12760416666666 13.545130017805265 18.060173357073687
0 70.99609375 41.14583333333333 10.849846700824694 14.466462267766259
0 61.669921875 43.75 11.187928942763282 14.917238590351042
0 53.759765625 36.00260416666667 10.149102263376399 13.53213635116853
0 86.474609375 46.74479166666667 11.564511304624277 15.419348406165703
0 42.822265625 38.99739583333333 10.562785827561513 14.083714436748682
0 32.03125 32.68229166666667 9.669787303317175 12.893049737756234
0 27.099609375 31.510416666666668 9.494842032534208 12.659789376712277
0 23.14453125 39.6484375 10.650591044076627 14.200788058768838
0 10.05859375 33.85416666666667 9.841623227903504 13.122164303871338
0 20.8984375 27.9296875 8.939098215256843 11.918797620342456
0 7.51953125 30.924479166666668 9.406149296522488 12.541532395363317
0 4.638671875 25.78125 8.588407763348565 11.451210351131419
0 94.482421875 40.4296875 10.755011100284483 14.340014800379311
0 99.560546875 50.065104166666664 11.968183319780016 15.957577759706687
0 90.087890625 43.81510416666667 11.196250200100184 14.928333600133579
0 83.984375 40.8203125 10.806842779312605 14.40912370575014
0 73.046875 36.78385416666667 10.258628121320564 13.678170828427419
0 60.546875 34.89583333333333 9.991885707852113 13.322514277136149
0 49.90234375 30.338541666666668 9.316612257369233 12.42214967649231
0 76.416015625 30.859375 9.396242870080965 12.52832382677462
0 65.625 30.598958333333332 9.35651227829339 12.475349704391189
0 58.837890625 27.278645833333332 8.83429859993294 11.779064799910586
0 42.96875 30.729166666666668 9.376398618003673 12.501864824004896
0 40.33203125 27.278645833333332 8.83429859993294 11.779064799910586
0 25.927734375 26.041666666666668 8.631674575031099 11.508899433374797
0 19.775390625 21.419270833333336 7.828219811023351 10.437626414697803
0 15.33203125 21.940104166666664 7.92282408798045 10.5637654506406
0 11.669921875 23.2421875 8.154534433525017 10.872712578033356
0 0.68359375 20.3125 7.62328857226367 10.164384763018226
0 6.982421875 18.9453125 7.3622668956389274 9.816355860851903
0 11.962890625 16.861979166666664 6.945682786096826 9.260910381462436
0 17.87109375 18.1640625 7.208869513560617 9.611826018080823
0 32.91015625 22.265625 7.981382342908947 10.641843123878598
0 26.611328125 16.145833333333336 6.796587356970242 9.062116475960323
0 82.080078125 28.90625 9.094033462982996 12.125377950643994
0 97.119140625 30.924479166666668 9.406149296522488 12.541532395363317
0 98.974609375 36.65364583333333 10.240455160865794 13.653940214487726
0 91.064453125 33.85416666666667 9.841623227903504 13.122164303871338
0 85.7421875 35.22135416666667 10.038381471800859 13.384508629067811
0 88.57421875 29.1015625 9.124704826492952 12.166273101990603
0 80.37109375 24.934895833333336 8.446260072691679 11.26168009692224
0 65.234375 26.3671875 8.685454999241765 11.580606665655687
0 69.7265625 23.893229166666664 8.267954824306681 11.023939765742242
0 75.1953125 24.21875 8.324085508414218 11.098780677885625
0 76.806640625 19.3359375 7.437779301119349 9.917039068159132
0 71.19140625 19.921875 7.549631882844837 10.066175843793117
0 70.068359375 15.364583333333334 6.6301150458985685 8.840153394531425
0 61.572265625 18.815104166666664 7.336923388776433 9.782564518368577
0 56.4453125 20.833333333333336 7.720404443770458 10.293872591693944
0 49.267578125 20.963541666666664 7.7444931277157725 10.325990836954363
0 50.537109375 14.192708333333334 6.372257390692475 8.496343187589966
0 58.69140625 17.1875 7.012405574387241 9.349874099182989
0 87.939453125 22.591145833333336 8.039514082226251 10.719352109635
0 91.259765625 20.5078125 7.659851317145468 10.21313508952729
0 97.265625 21.419270833333336 7.828219811023351 10.437626414697803
0 94.7265625 25.5859375 8.555814067917595 11.407752090556793
0 85.7421875 28.255208333333332 8.991039955234518 11.988053273646026
0 93.408203125 28.580729166666668 9.042683343523592 12.056911124698123
0 78.369140625 27.864583333333332 8.928673607377803 11.904898143170405
0 73.046875 19.270833333333336 7.425247229367944 9.900329639157258
0 64.794921875 16.471354166666664 6.864759447755123 9.15301259700683
0 64.2578125 21.614583333333336 7.863829789260941 10.485106385681254
0 58.935546875 20.3125 7.62328857226367 10.164384763018226
0 55.078125 23.567708333333336 8.211440458419013 10.948587277892017
0 56.54296875 15.299479166666666 6.61605328023645 8.821404373648601
0 44.580078125 17.513020833333336 7.0784994535786145 9.437999271438152
0 51.513671875 18.9453125 7.3622668956389274 9.816355860851903
0 38.4765625 16.666666666666664 6.905339660024879 9.207119546699838
0 34.27734375 17.513020833333336 7.0784994535786145 9.437999271438152
0 47.802734375 15.169270833333334 6.587839704871492 8.783786273161988
0 35.498046875 16.015625 6.7691262856502785 9.025501714200372
0 36.23046875 21.940104166666664 7.92282408798045 10.5637654506406
0 29.78515625 17.447916666666664 7.065330140863174 9.420440187817565
0 27.05078125 21.940104166666664 7.92282408798045 10.5637654506406
0 30.6640625 23.111979166666664 8.131660519088275 10.842214025451032
0 87.548828125 18.684895833333336 7.311492035346033 9.748656047128044
0 81.494140625 18.1640625 7.208869513560617 9.611826018080823
0 92.919921875 19.270833333333336 7.425247229367944 9.900329639157258
0 78.61328125 18.9453125 7.3622668956389274 9.816355860851903
0 91.064453125 26.236979166666668 8.66398288975732 11.551977186343091
0 84.619140625 21.158854166666664 7.780486318348366 10.373981757797822
0 46.533203125 25.260416666666668 8.501213548086012 11.334951397448016
0 38.623046875 26.7578125 8.749555167743805 11.66607355699174
0 39.2578125 20.1171875 7.586549618320344 10.115399491093791
0 30.908203125 15.690104166666666 6.699981201202437 8.933308268269917
0 23.388671875 19.140625 7.400119417103358 9.866825889471144
0 41.6015625 15.494791666666666 6.658149484030587 8.877532645374115
0 20.5078125 15.885416666666666 6.741553355216833 8.988737806955777
0 10.302734375 18.684895833333336 7.311492035346033 9.748656047128044
0 46.875 16.015625 6.7691262856502785 9.025501714200372
0 37.01171875 18.033854166666664 7.182984799767957 9.577313066357275
0 2.685546875 20.833333333333336 7.720404443770458 10.293872591693944
0 89.697265625 23.2421875 8.154534433525017 10.872712578033356
0 99.609375 24.934895833333336 8.446260072691679 11.26168009692224
0 67.48046875 16.2109375 6.810276368536802 9.080368491382403
0 57.568359375 16.2109375 6.810276368536802 9.080368491382403
0 42.236328125 17.122395833333336 6.9991119025755095 9.332149203434014
0 22.509765625 16.666666666666664 6.905339660024879 9.207119546699838
0 5.517578125 18.489583333333336 7.273178276253042 9.697571035004056
0 17.626953125 16.341145833333336 6.837572174807153 9.116762899742872
0 31.787109375 18.359375 7.247523246483103 9.663364328644137
0 24.365234375 17.447916666666664 7.065330140863174 9.420440187817565
0 4.00390625 18.619791666666664 7.298743129334349 9.731657505779133
0 17.431640625 28.385416666666668 9.011732824849489 12.015643766465985
0 86.23046875 20.768229166666664 7.708331872750909 10.277775830334546
0 79.98046875 20.768229166666664 7.708331872750909 10.277775830334546
0 64.404296875 18.684895833333336 7.311492035346033 9.748656047128044
