0 98.486328125 32.8125 9.689030680168178 12.918707573557572
0 93.45703125 32.16145833333333 9.592427762147041 12.789903682862722
0 95.166015625 24.348958333333336 8.346432086900233 11.128576115866979
0 80.419921875 24.21875 8.324085508414218 11.098780677885625
0 87.3046875 20.247395833333336 7.611061958825638 10.148082611767517
0 93.26171875 20.768229166666664 7.708331872750909 10.277775830334546
0 97.0703125 22.330729166666664 7.993042513249997 10.657390017666662
0 75.78125 31.8359375 9.543759625922785 12.725012834563712
0 91.552734375 19.791666666666664 7.524919437217989 10.033225916290652
0 99.560546875 23.828125 8.256682897014576 11.008910529352768
0 94.873046875 20.8984375 7.732458166088822 10.309944221451763
0 64.94140625 34.375 9.91703906815913 13.222718757545508
0 59.912109375 33.33333333333333 9.765625 13.020833333333334
0 57.32421875 20.377604166666664 7.635495607419925 10.180660809893233
0 60.302734375 14.973958333333334 6.545291317604741 8.727055090139656
0 48.681640625 19.270833333333336 7.425247229367944 9.900329639157258
0 58.935546875 20.377604166666664 7.635495607419925 10.180660809893233
0 64.55078125 17.513020833333336 7.0784994535786145 9.437999271438152
0 67.96875 22.4609375 8.016311973000304 10.688415964000404
0 72.65625 19.791666666666664 7.524919437217989 10.033225916290652
0 78.90625 18.359375 7.247523246483103 9.663364328644137
0 3.173828125 23.046875 8.120199399200482 10.82693253226731
0 3.369140625 19.010416666666664 7.37490598974278 9.833207986323707
0 10.498046875 20.5078125 7.659851317145468 10.21313508952729
0 17.431640625 20.5078125 7.659851317145468 10.21313508952729
0 12.40234375 18.359375 7.247523246483103 9.663364328644137
0 18.1640625 17.513020833333336 7.0784994535786145 9.437999271438152
0 22.75390625 16.471354166666664 6.864759447755123 9.15301259700683
0 17.7734375 14.322916666666666 6.401421192444773 8.53522825659303
0 25.5859375 16.2109375 6.810276368536802 9.080368491382403
0 30.712890625 20.377604166666664 7.635495607419925 10.180660809893233
0 46.6796875 15.104166666666666 6.573687508709111 8.764916678278816
0 42.333984375 16.2109375 6.810276368536802 9.080368491382403
0 36.42578125 16.341145833333336 6.837572174807153 9.116762899742872
0 28.61328125 16.6015625 6.891839471823862 9.189119295765149
0 40.0390625 16.080729166666664 6.782870718656271 9.043827624875028
0 30.810546875 15.690104166666666 6.699981201202437 8.933308268269917
0 66.259765625 15.559895833333334 6.672122530845778 8.896163374461038
0 68.45703125 15.950520833333334 6.755353888299149 9.0071385177322
0 77.099609375 16.2109375 6.810276368536802 9.080368491382403
