0 58.056640625 43.9453125 11.212874188765769 14.950498918354358
0 82.275390625 37.63020833333333 10.3759765625 13.834635416666666
0 74.31640625 30.46875 9.336583582018038 12.448778109357384
0 65.91796875 32.94270833333333 9.708235913444133 12.944314551258843
0 50.48828125 33.46354166666667 9.784679896167846 13.046239861557126
0 27.294921875 42.1875 10.986328125 14.6484375
0 64.111328125 26.822916666666668 8.760192928715409 11.680257238287211
0 93.26171875 33.26822916666667 9.756083595670033 13.008111460893376
0 98.2421875 28.7109375 9.063258303782652 12.084344405043536
0 89.892578125 27.018229166666668 8.792028986137655 11.722705314850208
0 1.26953125 19.986979166666664 7.561957820656658 10.08261042754221
0 5.859375 24.544270833333336 8.379840220792225 11.173120294389632
0 16.845703125 24.0234375 8.290452702152177 11.053936936202902
0 25.48828125 23.697916666666664 8.234092750996119 10.978790334661493
0 37.01171875 24.0234375 8.290452702152177 11.053936936202902
0 55.56640625 24.21875 8.324085508414218 11.098780677885625
0 46.142578125 22.65625 8.051090062422436 10.734786749896582
0 58.349609375 19.986979166666664 7.561957820656658 10.08261042754221
0 50.341796875 18.9453125 7.3622668956389274 9.816355860851903
0 65.283203125 21.614583333333336 7.863829789260941 10.485106385681254
0 75.341796875 21.744791666666664 7.887480458569388 10.51664061142585
0 77.44140625 29.622395833333332 9.205995562132786 12.274660749510382
0 81.103515625 18.619791666666664 7.298743129334349 9.731657505779133
0 69.970703125 22.265625 7.981382342908947 10.641843123878598
0 78.759765625 23.502604166666664 8.200090846279542 10.933454461706056
0 87.40234375 24.739583333333336 8.413115693414442 11.217487591219255
0 98.779296875 23.502604166666664 8.200090846279542 10.933454461706056
0 92.48046875 22.4609375 8.016311973000304 10.688415964000404
0 61.62109375 17.3828125 7.052136235529384 9.40284831403918
0 53.90625 18.294270833333336 7.234661615679748 9.646215487572997
0 88.427734375 19.856770833333336 7.537285788103314 10.049714384137753
