0 60.205078125 20.638020833333336 7.684129829110212 10.245506438813615
0 33.49609375 17.317708333333336 7.038917599286375 9.385223465715166
0 29.638671875 13.997395833333334 6.328259690346595 8.437679587128793
0 23.974609375 15.169270833333334 6.587839704871492 8.783786273161988
0 19.43359375 12.3046875 5.933295317145868 7.911060422861158
0 7.71484375 16.731770833333336 6.9188135063199665 9.225084675093289
0 15.576171875 14.713541666666666 6.488126106405426 8.650834808540568
0 21.6796875 17.708333333333336 7.117861199762329 9.490481599683106
0 36.181640625 15.885416666666666 6.741553355216833 8.988737806955777
0 6.103515625 15.885416666666666 6.741553355216833 8.988737806955777
0 56.201171875 14.713541666666666 6.488126106405426 8.650834808540568
0 51.123046875 17.643229166666664 7.104764847914316 9.473019797219088
0 36.62109375 12.3046875 5.933295317145868 7.911060422861158
0 26.611328125 14.322916666666666 6.401421192444773 8.53522825659303
0 19.53125 16.2109375 6.810276368536802 9.080368491382403
0 59.716796875 14.583333333333334 6.459353786778786 8.612471715705048
0 16.9921875 15.8203125 6.72772451325946 8.970299351012613
0 37.060546875 36.39322916666667 10.204012144348443 13.605349525797925
0 91.9921875 32.16145833333333 9.592427762147041 12.789903682862722
0 71.044921875 21.223958333333336 7.792447103762027 10.389929471682702
0 65.91796875 15.494791666666666 6.658149484030587 8.877532645374115
0 73.388671875 17.447916666666664 7.065330140863174 9.420440187817565
0 67.919921875 15.169270833333334 6.587839704871492 8.783786273161988
0 66.11328125 82.6171875 15.374318503186032 20.499091337581376
0 54.98046875 81.51041666666666 15.27099121483985 20.361321619786466
0 56.005859375 69.07552083333334 14.057974617042262 18.74396615605635
0 72.412109375 62.3046875 13.351222445207128 17.801629926942837
0 86.767578125 56.380208333333336 12.700593290212897 16.93412438695053
0 93.310546875 48.17708333333333 11.740346717328702 15.653795623104935
0 97.16796875 38.54166666666667 10.500885335745396 14.001180447660527
0 97.021484375 28.90625 9.094033462982996 12.125377950643994
0 85.595703125 40.8203125 10.806842779312605 14.40912370575014
0 78.369140625 36.39322916666667 10.204012144348443 13.605349525797925
0 78.173828125 30.46875 9.336583582018038 12.448778109357384
0 71.484375 28.841145833333332 9.083786661460703 12.11171554861427
0 76.953125 26.822916666666668 8.760192928715409 11.680257238287211
0 81.34765625 22.786458333333336 8.074192233473482 10.765589644631309
0 67.48046875 25.260416666666668 8.501213548086012 11.334951397448016
0 61.5234375 30.013020833333332 9.266495636406846 12.35532751520913
0 59.326171875 25.260416666666668 8.501213548086012 11.334951397448016
0 56.591796875 35.61197916666667 10.093893681970965 13.458524909294619
0 64.306640625 27.018229166666668 8.792028986137655 11.722705314850208
0 61.279296875 33.984375 9.860531263063667 13.147375017418222
0 64.55078125 45.18229166666667 11.36958984997385 15.159453133298467
0 60.009765625 51.497395833333336 12.138172486176355 16.184229981568475
0 62.890625 39.19270833333333 10.589203840879804 14.118938454506406
0 53.857421875 50.325520833333336 11.999269562583924 15.99902608344523
0 38.427734375 55.794270833333336 12.634424770803498 16.845899694404665
0 38.96484375 46.09375 11.48369611952318 15.311594826030909
0 44.775390625 30.46875 9.336583582018038 12.448778109357384
0 40.087890625 30.6640625 9.366460725843998 12.48861430112533
0 49.31640625 28.841145833333332 9.083786661460703 12.11171554861427
0 47.36328125 21.6796875 7.875664001809045 10.500885335745393
0 39.404296875 22.265625 7.981382342908947 10.641843123878598
0 31.640625 33.984375 9.860531263063667 13.147375017418222
0 22.998046875 44.85677083333333 11.328559077923941 15.104745437231923
0 18.505859375 49.28385416666667 11.874436314907054 15.832581753209407
0 11.474609375 38.80208333333333 10.536301575703167 14.048402100937555
0 17.919921875 38.28125 10.46534924284805 13.953798990464069
0 19.287109375 32.48697916666667 9.640850219074288 12.854466958765718
0 10.107421875 30.46875 9.336583582018038 12.448778109357384
0 5.810546875 30.924479166666668 9.406149296522488 12.541532395363317
0 2.24609375 26.432291666666668 8.696171172348027 11.594894896464037
0 7.6171875 27.083333333333332 8.802615418613255 11.736820558151006
0 22.0703125 27.408854166666668 8.855357744474432 11.807143659299243
0 17.822265625 22.591145833333336 8.039514082226251 10.719352109635
0 10.888671875 24.4140625 8.357582969744357 11.143443959659143
0 7.421875 21.875 7.911060422861158 10.548080563814876
0 11.572265625 18.619791666666664 7.298743129334349 9.731657505779133
0 23.291015625 24.088541666666664 8.301678777304348 11.068905036405797
0 31.4453125 22.786458333333336 8.074192233473482 10.765589644631309
0 27.099609375 23.958333333333336 8.279211405182211 11.038948540242949
0 21.337890625 21.6796875 7.875664001809045 10.500885335745393
0 13.818359375 23.372395833333336 8.177344364608315 10.903125819477753
0 15.8203125 19.140625 7.400119417103358 9.866825889471144
0 24.560546875 19.7265625 7.512532730158185 10.01671030687758
0 50.244140625 19.856770833333336 7.537285788103314 10.049714384137753
0 63.8671875 21.223958333333336 7.792447103762027 10.389929471682702
0 55.46875 20.1171875 7.586549618320344 10.115399491093791
0 31.689453125 27.9296875 8.939098215256843 11.918797620342456
0 54.98046875 31.315104166666668 9.465370128949479 12.62049350526597
