0 90.52734375 62.955729166666664 13.420796769589858 17.89439569278648
0 93.603515625 55.2734375 12.575316026633615 16.767088035511488
0 76.7578125 52.018229166666664 12.199399469791677 16.265865959722237
0 63.671875 55.078125 12.553078491945271 16.73743798926036
0 61.42578125 74.0234375 14.55275758980269 19.403676786403587
0 44.580078125 87.04427083333334 15.780863615536983 21.041151487382646
0 43.505859375 56.705729166666664 12.737205050481693 16.982940067308924
0 23.486328125 59.635416666666664 13.062093847065857 17.416125129421143
0 9.08203125 75.5859375 14.70554663471284 19.607395512950454
0 4.39453125 57.747395833333336 12.853661919343681 17.13821589245824
0 14.94140625 41.66666666666667 10.918300671385692 14.557734228514258
0 23.193359375 40.36458333333333 10.746348182164922 14.328464242886563
0 42.333984375 47.98177083333333 11.716524548616007 15.622032731488009
0 58.30078125 44.921875 11.336777112430854 15.11570281657447
0 69.873046875 41.9921875 10.960867307170393 14.614489742893857
0 88.57421875 43.5546875 11.162927952985768 14.883903937314358
0 94.189453125 40.55989583333333 10.77231603681811 14.363088049090814
0 99.560546875 37.109375 10.30392029793343 13.738560397244573
0 97.412109375 31.770833333333332 9.53399618640949 12.711994915212655
0 89.697265625 28.841145833333332 9.083786661460703 12.11171554861427
0 85.205078125 39.71354166666667 10.65933178501769 14.212442380023585
0 89.94140625 33.52864583333333 9.794193442310311 13.05892458974708
0 76.220703125 30.859375 9.396242870080965 12.52832382677462
0 72.8515625 37.56510416666667 10.366996918617573 13.822662558156765
0 66.50390625 36.45833333333333 10.21313508952729 13.617513452703053
0 42.578125 37.109375 10.30392029793343 13.738560397244573
0 29.052734375 29.752604166666668 9.22620633412535 12.301608445500468
0 11.23046875 34.765625 9.973226707988399 13.297635610651199
0 8.251953125 31.380208333333332 9.475204282385269 12.633605709847027
0 3.61328125 26.3671875 8.685454999241765 11.580606665655687
0 18.115234375 25.716145833333332 8.57755695956738 11.436742612756506
0 21.435546875 29.427083333333332 9.175595934065496 12.234127912087327
0 25.9765625 25.520833333333332 8.544921875 11.393229166666668
0 30.46875 22.8515625 8.085718566584333 10.780958088779109
0 44.140625 33.7890625 9.832155574699105 13.109540766265473
0 50.927734375 28.776041666666668 9.073528288158268 12.098037717544358
0 59.1796875 34.1796875 9.888825528576445 13.185100704768596
0 58.837890625 27.5390625 8.876366926421502 11.835155901895336
0 65.234375 29.231770833333332 9.145095253766906 12.193460338355873
0 75.537109375 27.083333333333332 8.802615418613255 11.736820558151006
0 79.39453125 28.255208333333332 8.991039955234518 11.988053273646026
0 85.44921875 28.515625 9.03237828793258 12.043171050576774
0 91.357421875 24.739583333333336 8.413115693414442 11.217487591219255
0 87.939453125 22.395833333333336 8.00468569861084 10.672914264814453
0 93.115234375 21.354166666666664 7.816313766397521 10.421751688530028
0 85.205078125 21.419270833333336 7.828219811023351 10.437626414697803
0 80.078125 23.763020833333336 8.245395560367612 10.993860747156816
0 70.01953125 25.520833333333332 8.544921875 11.393229166666668
0 64.35546875 22.265625 7.981382342908947 10.641843123878598
0 61.962890625 18.294270833333336 7.234661615679748 9.646215487572997
0 53.61328125 12.6953125 6.026738787271576 8.0356517163621
0 58.056640625 16.145833333333336 6.796587356970242 9.062116475960323
0 68.45703125 15.8203125 6.72772451325946 8.970299351012613
0 80.2734375 18.5546875 7.28597191547444 9.714629220632586
0 78.173828125 22.330729166666664 7.993042513249997 10.657390017666662
0 76.26953125 18.880208333333336 7.349606066157407 9.799474754876544
0 85.83984375 18.75 7.32421875 9.765625
0 95.751953125 21.6796875 7.875664001809045 10.500885335745393
0 95.1171875 26.692708333333332 8.738904457566134 11.651872610088178
0 85.009765625 25.130208333333332 8.479274895904423 11.305699861205897
0 70.361328125 21.6796875 7.875664001809045 10.500885335745393
0 65.72265625 17.903645833333336 7.157006469457137 9.542675292609516
0 60.400390625 14.713541666666666 6.488126106405426 8.650834808540568
0 58.984375 20.638020833333336 7.684129829110212 10.245506438813615
0 55.615234375 22.200520833333336 7.969705113037473 10.626273484049964
0 52.392578125 19.791666666666664 7.524919437217989 10.033225916290652
0 49.0234375 22.65625 8.051090062422436 10.734786749896582
0 38.427734375 27.018229166666668 8.792028986137655 11.722705314850208
0 44.82421875 25.716145833333332 8.57755695956738 11.436742612756506
0 46.6796875 21.028645833333336 7.756509415978292 10.342012554637723
0 52.978515625 15.299479166666666 6.61605328023645 8.821404373648601
0 59.47265625 17.578125 7.091644310682526 9.455525747576702
0 69.7265625 16.145833333333336 6.796587356970242 9.062116475960323
0 76.513671875 17.1875 7.012405574387241 9.349874099182989
0 76.611328125 22.200520833333336 7.969705113037473 10.626273484049964
0 78.7109375 16.927083333333336 6.959078522333606 9.278771363111476
0 40.185546875 18.489583333333336 7.273178276253042 9.697571035004056
0 40.13671875 24.4140625 8.357582969744357 11.143443959659143
0 41.30859375 16.015625 6.7691262856502785 9.025501714200372
0 33.0078125 17.708333333333336 7.117861199762329 9.490481599683106
0 29.98046875 16.6015625 6.891839471823862 9.189119295765149
0 23.193359375 18.229166666666664 7.221777078979024 9.629036105305365
0 12.20703125 17.96875 7.170007400189656 9.56000986691954
0 9.08203125 18.229166666666664 7.221777078979024 9.629036105305365
0 5.322265625 19.856770833333336 7.537285788103314 10.049714384137753
0 0.68359375 19.270833333333336 7.425247229367944 9.900329639157258
0 6.494140625 26.5625 8.717563999686098 11.62341866624813
0 14.35546875 25.716145833333332 8.57755695956738 11.436742612756506
0 16.11328125 21.158854166666664 7.780486318348366 10.373981757797822
0 11.03515625 21.419270833333336 7.828219811023351 10.437626414697803
0 7.32421875 20.182291666666664 7.598815672600545 10.13175423013406
0 17.431640625 17.903645833333336 7.157006469457137 9.542675292609516
0 24.853515625 18.619791666666664 7.298743129334349 9.731657505779133
0 20.849609375 22.916666666666664 8.097228492078614 10.796304656104818
0 39.990234375 21.6796875 7.875664001809045 10.500885335745393
0 35.44921875 19.53125 7.475249459177179 9.966999278902906
0 41.943359375 17.1875 7.012405574387241 9.349874099182989
0 45.556640625 16.927083333333336 6.959078522333606 9.278771363111476
0 91.11328125 20.182291666666664 7.598815672600545 10.13175423013406
0 7.51953125 22.8515625 8.085718566584333 10.780958088779109
0 1.806640625 22.526041666666664 8.027921409891299 10.703895213188398
0 19.43359375 19.791666666666664 7.524919437217989 10.033225916290652
0 29.296875 18.1640625 7.208869513560617 9.611826018080823
0 27.490234375 22.395833333333336 8.00468569861084 10.672914264814453
0 44.189453125 18.75 7.32421875 9.765625
0 58.447265625 23.6328125 8.222774405094897 10.963699206793196
0 56.884765625 27.278645833333332 8.83429859993294 11.779064799910586
0 63.916015625 25.716145833333332 8.57755695956738 11.436742612756506
0 77.685546875 24.283854166666664 8.33526628646708 11.113688381956106
0 83.154296875 22.981770833333336 8.108722079825698 10.811629439767596
0 97.65625 34.44010416666667 9.926425761285763 13.235234348381017
0 28.22265625 20.052083333333336 7.574263699945591 10.099018266594122
0 12.5 20.638020833333336 7.684129829110212 10.245506438813615
0 6.591796875 23.828125 8.256682897014576 11.008910529352768
0 35.302734375 17.252604166666664 7.025674092542321 9.367565456723094
0 36.767578125 16.9921875 6.972448522214271 9.296598029619028
0 34.1796875 17.903645833333336 7.157006469457137 9.542675292609516
0 56.298828125 16.666666666666664 6.905339660024879 9.207119546699838
