0 35.791015625 62.434895833333336 13.365166284459344 17.820221712612458
0 22.119140625 48.69791666666667 11.803637454720285 15.738183272960379
0 0.830078125 57.8125 12.860905460025315 17.14787394670042
0 0.732421875 47.00520833333333 11.5966796875 15.462239583333334
0 3.02734375 31.8359375 9.543759625922785 12.725012834563712
0 5.37109375 24.283854166666664 8.33526628646708 11.113688381956106
0 9.375 26.953125 8.78142979122202 11.708573054962693
0 12.40234375 32.421875 9.631185203893738 12.84158027185832
0 12.01171875 39.58333333333333 10.641843123878598 14.189124165171464
0 18.505859375 30.989583333333332 9.416045300623482 12.554727067497975
0 21.6796875 25.260416666666668 8.501213548086012 11.334951397448016
0 13.76953125 20.377604166666664 7.635495607419925 10.180660809893233
0 3.02734375 20.182291666666664 7.598815672600545 10.13175423013406
0 11.474609375 18.5546875 7.28597191547444 9.714629220632586
0 27.05078125 23.4375 8.188725503539269 10.918300671385692
0 33.251953125 28.059895833333332 8.959911044862793 11.946548059817056
0 31.34765625 35.3515625 10.056919588186085 13.409226117581447
0 36.23046875 43.22916666666667 11.121134740166381 14.828179653555177
0 47.998046875 37.5 10.358009490037318 13.810679320049758
0 42.1875 31.4453125 9.485028239697298 12.646704319596397
0 30.126953125 21.354166666666664 7.816313766397521 10.421751688530028
0 20.1171875 21.028645833333336 7.756509415978292 10.342012554637723
0 15.478515625 18.5546875 7.28597191547444 9.714629220632586
0 5.810546875 17.96875 7.170007400189656 9.56000986691954
0 14.013671875 16.9921875 6.972448522214271 9.296598029619028
0 20.5078125 17.96875 7.170007400189656 9.56000986691954
0 25.5859375 14.713541666666666 6.488126106405426 8.650834808540568
0 30.95703125 15.4296875 6.644147051109997 8.858862734813329
0 36.81640625 16.40625 6.8511792970714245 9.134905729428567
0 49.658203125 19.3359375 7.437779301119349 9.917039068159132
0 41.552734375 24.153645833333336 8.312889692307273 11.083852923076364
0 62.3046875 36.78385416666667 10.258628121320564 13.678170828427419
0 61.376953125 30.338541666666668 9.316612257369233 12.42214967649231
0 48.4375 29.8828125 9.24637292940864 12.32849723921152
0 39.697265625 22.330729166666664 7.993042513249997 10.657390017666662
0 48.193359375 22.591145833333336 8.039514082226251 10.719352109635
0 50.830078125 27.799479166666668 8.918236814088415 11.890982418784553
0 59.66796875 24.153645833333336 8.312889692307273 11.083852923076364
0 66.015625 21.875 7.911060422861158 10.548080563814876
0 76.85546875 28.059895833333332 8.959911044862793 11.946548059817056
0 72.314453125 32.68229166666667 9.669787303317175 12.893049737756234
0 81.494140625 26.953125 8.78142979122202 11.708573054962693
0 90.52734375 26.953125 8.78142979122202 11.708573054962693
0 88.330078125 20.182291666666664 7.598815672600545 10.13175423013406
0 81.689453125 22.4609375 8.016311973000304 10.688415964000404
0 70.60546875 21.354166666666664 7.816313766397521 10.421751688530028
0 67.28515625 16.731770833333336 6.9188135063199665 9.225084675093289
0 58.740234375 18.815104166666664 7.336923388776433 9.782564518368577
0 50.09765625 16.145833333333336 6.796587356970242 9.062116475960323
0 45.068359375 14.0625 6.342959500374307 8.457279333832409
0 41.162109375 19.205729166666664 7.412693970636669 9.883591960848893
0 33.984375 17.122395833333336 6.9991119025755095 9.332149203434014
0 24.609375 12.890625 6.072921369058959 8.097228492078614
0 18.017578125 15.690104166666666 6.699981201202437 8.933308268269917
0 3.564453125 15.690104166666666 6.699981201202437 8.933308268269917
0 10.205078125 16.9921875 6.972448522214271 9.296598029619028
0 1.5625 16.276041666666664 6.823937919616058 9.09858389282141
0 8.0078125 18.9453125 7.3622668956389274 9.816355860851903
0 0.830078125 18.098958333333336 7.195938795502683 9.594585060670244
0 6.54296875 20.638020833333336 7.684129829110212 10.245506438813615
0 26.85546875 18.684895833333336 7.311492035346033 9.748656047128044
0 37.79296875 15.0390625 6.559504779115197 8.746006372153596
0 46.923828125 13.020833333333334 6.103515625 8.138020833333332
0 56.396484375 13.8671875 6.298757153488249 8.398342871317666
0 72.021484375 12.369791666666668 5.948971157720314 7.931961543627086
0 77.783203125 18.098958333333336 7.195938795502683 9.594585060670244
0 84.619140625 20.377604166666664 7.635495607419925 10.180660809893233
0 78.125 22.200520833333336 7.969705113037473 10.626273484049964
0 72.216796875 19.075520833333336 7.3875234600282 9.850031280037602
0 63.037109375 17.708333333333336 7.117861199762329 9.490481599683106
0 60.107421875 17.838541666666664 7.143981879101334 9.525309172135112
0 69.482421875 13.736979166666666 6.269115778861736 8.358821038482315
0 74.755859375 14.0625 6.342959500374307 8.457279333832409
0 82.32421875 16.276041666666664 6.823937919616058 9.09858389282141
0 87.060546875 15.0390625 6.559504779115197 8.746006372153596
0 95.166015625 20.182291666666664 7.598815672600545 10.13175423013406
0 81.0546875 18.5546875 7.28597191547444 9.714629220632586
0 99.072265625 18.5546875 7.28597191547444 9.714629220632586
0 78.7109375 15.169270833333334 6.587839704871492 8.783786273161988
0 73.388671875 16.276041666666664 6.823937919616058 9.09858389282141
0 86.328125 17.96875 7.170007400189656 9.56000986691954
0 93.45703125 18.359375 7.247523246483103 9.663364328644137
0 96.19140625 23.4375 8.188725503539269 10.918300671385692
0 91.162109375 23.697916666666664 8.234092750996119 10.978790334661493
0 28.515625 13.8671875 6.298757153488249 8.398342871317666
0 25.244140625 24.153645833333336 8.312889692307273 11.083852923076364
0 28.857421875 16.276041666666664 6.823937919616058 9.09858389282141
0 17.7734375 18.229166666666664 7.221777078979024 9.629036105305365
0 51.5625 48.30729166666667 11.756201345372451 15.674935127163266
0 64.94140625 42.51302083333333 11.02863220189981 14.704842935866417
0 58.544921875 13.736979166666666 6.269115778861736 8.358821038482315
0 40.4296875 15.559895833333334 6.672122530845778 8.896163374461038
0 39.0625 15.690104166666666 6.699981201202437 8.933308268269917
0 32.71484375 14.453125 6.430452730012657 8.57393697335021
0 47.900390625 17.3828125 7.052136235529384 9.40284831403918
0 66.650390625 15.0390625 6.559504779115197 8.746006372153596
