0 99.560546875 31.25 9.4555257475767 12.607367663435602
0 79.00390625 24.0234375 8.290452702152177 11.053936936202902
0 85.693359375 18.294270833333336 7.234661615679748 9.646215487572997
0 96.435546875 31.510416666666668 9.494842032534208 12.659789376712277
0 77.05078125 30.924479166666668 9.406149296522488 12.541532395363317
0 68.408203125 24.479166666666664 8.36871899463018 11.15829199284024
0 64.599609375 17.838541666666664 7.143981879101334 9.525309172135112
0 32.275390625 16.6015625 6.891839471823862 9.189119295765149
0 11.474609375 18.489583333333336 7.273178276253042 9.697571035004056
0 6.640625 21.223958333333336 7.792447103762027 10.389929471682702
0 3.3203125 18.1640625 7.208869513560617 9.611826018080823
0 7.12890625 19.205729166666664 7.412693970636669 9.883591960848893
0 61.23046875 14.583333333333334 6.459353786778786 8.612471715705048
