0 43.06640625 83.91927083333334 15.494997894026005 20.659997192034673
0 72.509765625 71.2890625 14.28144403905956 19.041925385412746
0 85.44921875 64.84375 13.620552737073607 18.16073698276481
0 77.9296875 53.90625 12.418817107773318 16.558422810364423
0 66.455078125 58.984375 12.990598543574682 17.320798058099577
0 95.703125 52.734375 12.283088255308904 16.377451007078538
0 93.603515625 45.44270833333333 11.402308161785525 15.203077549047366
0 36.669921875 64.51822916666666 13.586321587861368 18.115095450481824
0 53.857421875 48.828125 11.819407184470878 15.759209579294502
0 64.55078125 42.44791666666667 11.020184378215204 14.693579170953605
0 36.474609375 43.81510416666667 11.196250200100184 14.928333600133579
0 20.458984375 48.95833333333333 11.835155901895336 15.780207869193779
0 0.830078125 58.658854166666664 12.95470292772896 17.272937236971945
0 4.00390625 31.119791666666668 9.4358061729372 12.5810748972496
0 19.580078125 32.35677083333333 9.621510480001493 12.828680640001991
0 21.6796875 26.888020833333332 8.770817787597604 11.694423716796805
0 31.396484375 35.546875 10.084662867345157 13.44621715646021
0 32.2265625 29.557291666666668 9.195873518871684 12.261164691828911
0 41.748046875 31.705729166666668 9.524222738236839 12.698963650982451
0 49.0234375 37.43489583333333 10.349014256477766 13.798685675303688
0 60.595703125 35.546875 10.084662867345157 13.44621715646021
0 62.060546875 30.729166666666668 9.376398618003673 12.501864824004896
0 67.67578125 23.958333333333336 8.279211405182211 11.038948540242949
0 74.51171875 32.74739583333333 9.679413773897526 12.905885031863368
0 79.931640625 37.5 10.358009490037318 13.810679320049758
0 87.20703125 38.34635416666667 10.474244568927316 13.965659425236424
0 91.796875 30.598958333333332 9.35651227829339 12.475349704391189
0 88.96484375 24.544270833333336 8.379840220792225 11.173120294389632
0 93.896484375 23.502604166666664 8.200090846279542 10.933454461706056
0 88.4765625 28.776041666666668 9.073528288158268 12.098037717544358
0 81.54296875 22.591145833333336 8.039514082226251 10.719352109635
0 71.533203125 22.330729166666664 7.993042513249997 10.657390017666662
0 92.236328125 18.9453125 7.3622668956389274 9.816355860851903
0 98.876953125 30.143229166666668 9.286574740419274 12.382099653892366
0 98.53515625 41.9921875 10.960867307170393 14.614489742893857
0 96.77734375 18.229166666666664 7.221777078979024 9.629036105305365
0 76.46484375 21.2890625 7.804389558437758 10.405852744583676
0 81.982421875 18.489583333333336 7.273178276253042 9.697571035004056
0 70.5078125 18.359375 7.247523246483103 9.663364328644137
0 58.837890625 18.684895833333336 7.311492035346033 9.748656047128044
0 50.78125 20.247395833333336 7.611061958825638 10.148082611767517
0 60.498046875 21.484375 7.840107775064166 10.453477033418888
0 42.96875 25.5859375 8.555814067917595 11.407752090556793
0 47.4609375 23.2421875 8.154534433525017 10.872712578033356
0 41.748046875 22.200520833333336 7.969705113037473 10.626273484049964
0 27.294921875 23.828125 8.256682897014576 11.008910529352768
0 40.869140625 19.53125 7.475249459177179 9.966999278902906
0 31.591796875 21.744791666666664 7.887480458569388 10.51664061142585
0 41.162109375 16.145833333333336 6.796587356970242 9.062116475960323
0 28.61328125 20.572916666666664 7.672000176987631 10.229333569316841
0 39.013671875 14.0625 6.342959500374307 8.457279333832409
0 26.171875 18.098958333333336 7.195938795502683 9.594585060670244
0 18.1640625 18.684895833333336 7.311492035346033 9.748656047128044
0 13.4765625 22.005208333333336 7.9345703125 10.579427083333332
0 20.21484375 21.158854166666664 7.780486318348366 10.373981757797822
0 7.2265625 18.489583333333336 7.273178276253042 9.697571035004056
0 3.564453125 24.8046875 8.424178309229896 11.23223774563986
0 9.228515625 28.385416666666668 9.011732824849489 12.015643766465985
0 10.986328125 16.9921875 6.972448522214271 9.296598029619028
0 4.150390625 19.401041666666664 7.450290292806215 9.933720390408286
0 28.80859375 16.861979166666664 6.945682786096826 9.260910381462436
0 50.9765625 16.9921875 6.972448522214271 9.296598029619028
0 66.11328125 16.276041666666664 6.823937919616058 9.09858389282141
0 85.05859375 20.703125 7.6962403643301345 10.261653819106845
0 0.390625 45.703125 11.434932858395506 15.24657714452734
0 49.560546875 28.3203125 9.001392336274797 12.001856448366395
0 47.16796875 18.033854166666664 7.182984799767957 9.577313066357275
0 34.814453125 17.447916666666664 7.065330140863174 9.420440187817565
0 45.5078125 16.145833333333336 6.796587356970242 9.062116475960323
0 32.568359375 16.471354166666664 6.864759447755123 9.15301259700683
0 21.435546875 15.4296875 6.644147051109997 8.858862734813329
0 12.744140625 19.075520833333336 7.3875234600282 9.850031280037602
0 19.580078125 15.885416666666666 6.741553355216833 8.988737806955777
0 5.322265625 16.9921875 6.972448522214271 9.296598029619028
0 68.994140625 13.671875 6.254242410864013 8.338989881152017
0 86.279296875 16.40625 6.8511792970714245 9.134905729428567
0 89.94140625 33.7890625 9.832155574699105 13.109540766265473
0 75.146484375 28.190104166666668 8.980675640601907 11.974234187469209
0 87.158203125 33.46354166666667 9.784679896167846 13.046239861557126
0 93.798828125 92.31770833333334 16.251863959587826 21.6691519461171
0 54.78515625 14.2578125 6.386855937639267 8.515807916852356
0 78.125 15.8203125 6.72772451325946 8.970299351012613
0 61.279296875 18.229166666666664 7.221777078979024 9.629036105305365
0 23.095703125 16.40625 6.8511792970714245 9.134905729428567
