0 83.349609375 64.71354166666666 13.60687061133298 18.142494148443973
0 61.62109375 61.197916666666664 13.2321065604729 17.642808747297202
0 52.24609375 51.692708333333336 12.161168728742233 16.214891638322978
0 50.0 39.19270833333333 10.589203840879804 14.118938454506406
0 60.25390625 37.23958333333333 10.321981521782082 13.762642029042777
0 72.802734375 32.421875 9.631185203893738 12.84158027185832
0 86.62109375 33.46354166666667 9.784679896167846 13.046239861557126
0 98.6328125 32.29166666666667 9.611826018080825 12.815768024107768
0 91.6015625 30.729166666666668 9.376398618003673 12.501864824004896
0 78.61328125 25.1953125 8.490251308132054 11.320335077509403
0 66.943359375 24.4140625 8.357582969744357 11.143443959659143
0 59.375 26.236979166666668 8.66398288975732 11.551977186343091
0 71.58203125 23.046875 8.120199399200482 10.82693253226731
0 51.123046875 20.182291666666664 7.598815672600545 10.13175423013406
0 50.78125 30.143229166666668 9.286574740419274 12.382099653892366
0 32.080078125 37.23958333333333 10.321981521782082 13.762642029042777
0 1.5625 33.7890625 9.832155574699105 13.109540766265473
0 5.17578125 26.106770833333332 8.642457433170346 11.52327657756046
0 22.265625 26.3671875 8.685454999241765 11.580606665655687
0 27.685546875 24.088541666666664 8.301678777304348 11.068905036405797
0 11.962890625 19.7265625 7.512532730158185 10.01671030687758
0 27.1484375 18.684895833333336 7.311492035346033 9.748656047128044
0 41.259765625 25.78125 8.588407763348565 11.451210351131419
0 14.892578125 17.643229166666664 7.104764847914316 9.473019797219088
0 97.802734375 18.684895833333336 7.311492035346033 9.748656047128044
0 83.935546875 15.364583333333334 6.6301150458985685 8.840153394531425
0 99.4140625 19.7265625 7.512532730158185 10.01671030687758
0 79.052734375 15.234375 6.60196156395994 8.802615418613254
0 94.873046875 18.098958333333336 7.195938795502683 9.594585060670244
0 74.755859375 12.630208333333334 6.011265748166568 8.015020997555423
0 93.06640625 17.1875 7.012405574387241 9.349874099182989
0 77.001953125 14.778645833333334 6.502464524127966 8.669952698837287
0 92.041015625 19.010416666666664 7.37490598974278 9.833207986323707
0 81.982421875 16.40625 6.8511792970714245 9.134905729428567
0 91.015625 16.861979166666664 6.945682786096826 9.260910381462436
0 76.220703125 17.317708333333336 7.038917599286375 9.385223465715166
0 95.556640625 21.549479166666664 7.85197774064246 10.469303654189947
0 86.42578125 15.494791666666666 6.658149484030587 8.877532645374115
0 71.484375 12.630208333333334 6.011265748166568 8.015020997555423
0 89.35546875 16.6015625 6.891839471823862 9.189119295765149
0 67.87109375 12.630208333333334 6.011265748166568 8.015020997555423
0 87.890625 15.690104166666666 6.699981201202437 8.933308268269917
0 70.99609375 15.0390625 6.559504779115197 8.746006372153596
0 92.96875 22.330729166666664 7.993042513249997 10.657390017666662
0 65.8203125 15.364583333333334 6.6301150458985685 8.840153394531425
0 90.8203125 22.005208333333336 7.9345703125 10.579427083333332
0 66.015625 11.458333333333332 5.72560517556571 7.634140234087614
0 86.42578125 18.815104166666664 7.336923388776433 9.782564518368577
0 61.62109375 11.458333333333332 5.72560517556571 7.634140234087614
0 84.5703125 17.057291666666664 6.985792933508055 9.31439057801074
0 58.0078125 11.9140625 5.838356466585996 7.784475288781327
0 84.912109375 19.7265625 7.512532730158185 10.01671030687758
0 56.787109375 13.8671875 6.298757153488249 8.398342871317666
0 81.884765625 19.596354166666664 7.487697843252746 9.983597124336994
0 55.2734375 11.1328125 5.6436895779134915 7.524919437217989
0 96.58203125 28.059895833333332 8.959911044862793 11.946548059817056
0 71.6796875 18.098958333333336 7.195938795502683 9.594585060670244
0 93.65234375 26.497395833333332 8.706874156303165 11.609165541737553
0 76.66015625 23.177083333333336 8.143105507889608 10.857474010519478
0 99.072265625 26.953125 8.78142979122202 11.708573054962693
0 98.974609375 37.109375 10.30392029793343 13.738560397244573
0 89.111328125 23.372395833333336 8.177344364608315 10.903125819477753
0 88.8671875 32.421875 9.631185203893738 12.84158027185832
0 73.974609375 25.1953125 8.490251308132054 11.320335077509403
0 89.208984375 26.822916666666668 8.760192928715409 11.680257238287211
0 80.859375 28.190104166666668 8.980675640601907 11.974234187469209
0 68.212890625 21.419270833333336 7.828219811023351 10.437626414697803
0 80.17578125 22.786458333333336 8.074192233473482 10.765589644631309
0 61.279296875 15.8203125 6.72772451325946 8.970299351012613
0 78.61328125 21.223958333333336 7.792447103762027 10.389929471682702
0 59.228515625 15.0390625 6.559504779115197 8.746006372153596
0 75.0 28.515625 9.03237828793258 12.043171050576774
0 59.47265625 18.098958333333336 7.195938795502683 9.594585060670244
0 79.4921875 34.9609375 10.001202153426476 13.334936204568635
0 59.912109375 22.330729166666664 7.993042513249997 10.657390017666662
0 51.5625 14.583333333333334 6.459353786778786 8.612471715705048
0 64.111328125 22.005208333333336 7.9345703125 10.579427083333332
0 50.0 15.690104166666666 6.699981201202437 8.933308268269917
0 63.427734375 26.236979166666668 8.66398288975732 11.551977186343091
0 47.16796875 12.630208333333334 6.011265748166568 8.015020997555423
0 27.9296875 12.044270833333332 5.870173358664351 7.826897811552468
0 47.36328125 15.494791666666666 6.658149484030587 8.877532645374115
0 30.859375 13.736979166666666 6.269115778861736 8.358821038482315
0 45.01953125 13.997395833333334 6.328259690346595 8.437679587128793
0 26.5625 13.411458333333334 6.194391824397107 8.259189099196142
0 43.06640625 12.955729166666666 6.088237714617921 8.117650286157229
0 26.123046875 17.057291666666664 6.985792933508055 9.31439057801074
0 40.8203125 14.127604166666666 6.3576253222655215 8.476833763020695
0 24.658203125 14.322916666666666 6.401421192444773 8.53522825659303
0 42.529296875 16.861979166666664 6.945682786096826 9.260910381462436
0 23.046875 12.955729166666666 6.088237714617921 8.117650286157229
0 48.291015625 20.052083333333336 7.574263699945591 10.099018266594122
0 21.484375 14.127604166666666 6.3576253222655215 8.476833763020695
0 37.646484375 13.0859375 6.118755388111396 8.15834051748186
0 18.06640625 11.263020833333332 5.676597667766807 7.568796890355743
0 37.20703125 16.276041666666664 6.823937919616058 9.09858389282141
0 19.775390625 14.908854166666666 6.531046923532928 8.708062564710572
0 39.794921875 16.40625 6.8511792970714245 9.134905729428567
0 18.75 13.541666666666666 6.224389054678692 8.299185406238257
0 40.380859375 19.466145833333336 7.462780310447684 9.950373747263578
0 20.8984375 17.643229166666664 7.104764847914316 9.473019797219088
0 42.96875 21.875 7.911060422861158 10.548080563814876
0 16.357421875 15.494791666666666 6.658149484030587 8.877532645374115
0 32.666015625 12.825520833333334 6.057566296777102 8.076755062369468
0 13.57421875 13.997395833333334 6.328259690346595 8.437679587128793
0 34.716796875 15.0390625 6.559504779115197 8.746006372153596
0 12.40234375 16.40625 6.8511792970714245 9.134905729428567
0 33.447265625 16.276041666666664 6.823937919616058 9.09858389282141
0 9.912109375 14.908854166666666 6.531046923532928 8.708062564710572
0 29.931640625 17.057291666666664 6.985792933508055 9.31439057801074
0 8.0078125 16.861979166666664 6.945682786096826 9.260910381462436
0 31.4453125 19.010416666666664 7.37490598974278 9.833207986323707
0 10.15625 19.596354166666664 7.487697843252746 9.983597124336994
0 36.62109375 23.046875 8.120199399200482 10.82693253226731
0 6.54296875 18.5546875 7.28597191547444 9.714629220632586
0 33.10546875 23.046875 8.120199399200482 10.82693253226731
0 16.50390625 20.963541666666664 7.7444931277157725 10.325990836954363
0 4.39453125 15.234375 6.60196156395994 8.802615418613254
0 11.865234375 26.953125 8.78142979122202 11.708573054962693
0 7.080078125 14.778645833333334 6.502464524127966 8.669952698837287
0 20.01953125 33.33333333333333 9.765625 13.020833333333334
0 1.123046875 16.40625 6.8511792970714245 9.134905729428567
0 19.775390625 22.786458333333336 8.074192233473482 10.765589644631309
0 2.9296875 17.903645833333336 7.157006469457137 9.542675292609516
0 31.787109375 26.236979166666668 8.66398288975732 11.551977186343091
0 3.7109375 22.4609375 8.016311973000304 10.688415964000404
0 15.380859375 14.127604166666666 6.3576253222655215 8.476833763020695
0 3.369140625 29.231770833333332 9.145095253766906 12.193460338355873
0 49.853515625 25.0 8.457279333832409 11.276372445109878
0 32.666015625 32.29166666666667 9.611826018080825 12.815768024107768
0 15.576171875 37.56510416666667 10.366996918617573 13.822662558156765
0 8.251953125 38.41145833333333 10.483132346995646 13.977509795994195
0 22.021484375 49.93489583333333 11.952609880106287 15.936813173475048
0 2.001953125 59.114583333333336 13.004929048255931 17.339905397674574
0 2.783203125 73.56770833333334 14.507891020513567 19.343854694018088
0 33.935546875 41.92708333333333 10.952367214920875 14.603156286561166
0 44.677734375 30.729166666666668 9.376398618003673 12.501864824004896
0 59.5703125 31.380208333333332 9.475204282385269 12.633605709847027
0 48.828125 34.9609375 10.001202153426476 13.334936204568635
0 49.853515625 46.61458333333333 11.548393511001283 15.397858014668378
0 64.697265625 40.4296875 10.755011100284483 14.340014800379311
0 81.982421875 41.015625 10.832665618468535 14.443554157958047
0 65.478515625 54.752604166666664 12.515928133795093 16.687904178393456
0 86.42578125 38.73697916666667 10.527458685705774 14.036611580941033
0 91.162109375 50.78125 12.053477574543152 16.0713034327242
0 76.806640625 54.557291666666664 12.49358489407881 16.658113192105077
0 90.234375 44.01041666666667 11.221176947540428 14.961569263387236
0 86.181640625 59.244791666666664 13.019243779114712 17.358991705486282
0 47.265625 74.8046875 14.629351579842387 19.505802106456514
0 37.20703125 64.38802083333334 13.572604954795583 18.09680660639411
