0 67.529296875 26.171875 8.653226854710587 11.537635806280782
0 58.3984375 18.75 7.32421875 9.765625
0 46.435546875 16.080729166666664 6.782870718656271 9.043827624875028
0 29.296875 18.880208333333336 7.349606066157407 9.799474754876544
0 3.076171875 24.283854166666664 8.33526628646708 11.113688381956106
0 8.544921875 20.8984375 7.732458166088822 10.309944221451763
0 13.623046875 17.643229166666664 7.104764847914316 9.473019797219088
0 38.671875 16.861979166666664 6.945682786096826 9.260910381462436
0 64.404296875 22.135416666666664 7.958010748538389 10.610680998051187
0 76.953125 22.4609375 8.016311973000304 10.688415964000404
0 90.0390625 30.013020833333332 9.266495636406846 12.35532751520913
0 98.046875 25.390625 8.523095729839442 11.364127639785922
0 84.814453125 20.768229166666664 7.708331872750909 10.277775830334546
0 66.845703125 16.536458333333336 6.878312786611722 9.171083715482297
0 53.61328125 15.299479166666666 6.61605328023645 8.821404373648601
0 3.80859375 19.205729166666664 7.412693970636669 9.883591960848893
0 9.912109375 18.098958333333336 7.195938795502683 9.594585060670244
0 24.755859375 15.625 6.686066375795484 8.914755167727312
0 56.201171875 14.583333333333334 6.459353786778786 8.612471715705048
0 81.34765625 19.53125 7.475249459177179 9.966999278902906
0 74.853515625 18.098958333333336 7.195938795502683 9.594585060670244
0 91.9921875 19.010416666666664 7.37490598974278 9.833207986323707
0 77.392578125 17.7734375 7.130933499479933 9.50791133263991
0 34.619140625 15.494791666666666 6.658149484030587 8.877532645374115
0 42.041015625 15.950520833333334 6.755353888299149 9.0071385177322
0 1.220703125 17.96875 7.170007400189656 9.56000986691954
0 21.875 15.8203125 6.72772451325946 8.970299351012613
0 7.71484375 17.1875 7.012405574387241 9.349874099182989
