0 86.181640625 65.625 13.702358594142853 18.269811458857134
0 66.796875 61.1328125 13.225066333020294 17.633421777360393
0 77.587890625 53.645833333333336 12.388783648794213 16.518378198392284
0 96.875 53.841145833333336 12.411315556434788 16.54842074191305
0 99.21875 40.95052083333333 10.824064850444458 14.432086467259278
0 87.5 38.15104166666667 10.447535869521296 13.930047826028394
0 78.41796875 36.328125 10.194881035455362 13.593174713940485
0 65.72265625 41.86197916666667 10.943860520654974 14.591814027539964
0 51.220703125 50.130208333333336 11.975962445281118 15.967949927041488
0 35.83984375 74.28385416666666 14.578333633418197 19.43777817789093
0 34.814453125 61.9140625 13.309303275974441 17.745737701299255
0 4.1015625 73.37239583333334 14.48861995906887 19.318159945425162
0 0.9765625 58.463541666666664 12.93311773707098 17.244156982761304
0 23.6328125 49.0234375 11.843022407185213 15.790696542913619
0 15.0390625 40.49479166666667 10.763667046233154 14.351556061644205
0 0.390625 45.76822916666667 11.443074499055587 15.25743266540745
0 4.58984375 33.52864583333333 9.794193442310311 13.05892458974708
0 18.896484375 33.203125 9.746532850751532 12.995377134335376
0 9.814453125 29.166666666666668 9.134905729428569 12.17987430590476
0 5.17578125 24.674479166666664 8.402038511923953 11.202718015898604
0 24.12109375 25.78125 8.588407763348565 11.451210351131419
0 30.95703125 28.7109375 9.063258303782652 12.084344405043536
0 31.787109375 37.56510416666667 10.366996918617573 13.822662558156765
0 35.83984375 45.3125 11.385960758165057 15.181281010886744
0 48.53515625 37.23958333333333 10.321981521782082 13.762642029042777
0 43.994140625 32.09635416666667 9.58271390875707 12.77695187834276
0 42.578125 25.325520833333332 8.512161670520847 11.349548894027794
0 50.830078125 27.473958333333332 8.865868558553435 11.821158078071248
0 60.986328125 29.947916666666668 9.25643975103949 12.341919668052654
0 73.291015625 33.33333333333333 9.765625 13.020833333333334
0 87.59765625 33.52864583333333 9.794193442310311 13.05892458974708
0 76.904296875 24.088541666666664 8.301678777304348 11.068905036405797
0 66.89453125 24.8046875 8.424178309229896 11.23223774563986
0 58.88671875 24.348958333333336 8.346432086900233 11.128576115866979
0 47.119140625 22.65625 8.051090062422436 10.734786749896582
0 40.0390625 21.2890625 7.804389558437758 10.405852744583676
0 28.857421875 23.893229166666664 8.267954824306681 11.023939765742242
0 43.65234375 15.234375 6.60196156395994 8.802615418613254
0 29.58984375 19.270833333333336 7.425247229367944 9.900329639157258
0 21.09375 14.583333333333334 6.459353786778786 8.612471715705048
0 14.94140625 16.6015625 6.891839471823862 9.189119295765149
0 8.154296875 19.7265625 7.512532730158185 10.01671030687758
0 20.01953125 21.419270833333336 7.828219811023351 10.437626414697803
0 49.90234375 20.182291666666664 7.598815672600545 10.13175423013406
0 60.986328125 18.619791666666664 7.298743129334349 9.731657505779133
0 70.947265625 18.619791666666664 7.298743129334349 9.731657505779133
0 82.12890625 22.65625 8.051090062422436 10.734786749896582
0 88.96484375 24.544270833333336 8.379840220792225 11.173120294389632
0 91.9921875 31.8359375 9.543759625922785 12.725012834563712
0 97.94921875 28.385416666666668 9.011732824849489 12.015643766465985
0 91.650390625 20.963541666666664 7.7444931277157725 10.325990836954363
0 82.8125 15.559895833333334 6.672122530845778 8.896163374461038
0 49.12109375 18.294270833333336 7.234661615679748 9.646215487572997
0 51.220703125 17.3828125 7.052136235529384 9.40284831403918
0 37.01171875 16.276041666666664 6.823937919616058 9.09858389282141
0 32.03125 14.908854166666666 6.531046923532928 8.708062564710572
0 31.201171875 17.578125 7.091644310682526 9.455525747576702
0 35.83984375 18.815104166666664 7.336923388776433 9.782564518368577
0 25.29296875 14.127604166666666 6.3576253222655215 8.476833763020695
0 29.345703125 14.127604166666666 6.3576253222655215 8.476833763020695
0 10.498046875 16.145833333333336 6.796587356970242 9.062116475960323
0 9.5703125 17.3828125 7.052136235529384 9.40284831403918
0 12.939453125 19.53125 7.475249459177179 9.966999278902906
0 3.759765625 19.075520833333336 7.3875234600282 9.850031280037602
0 70.01953125 21.744791666666664 7.887480458569388 10.51664061142585
0 67.3828125 20.833333333333336 7.720404443770458 10.293872591693944
0 79.19921875 16.276041666666664 6.823937919616058 9.09858389282141
0 85.986328125 18.1640625 7.208869513560617 9.611826018080823
0 88.525390625 16.471354166666664 6.864759447755123 9.15301259700683
0 91.552734375 17.252604166666664 7.025674092542321 9.367565456723094
0 95.263671875 20.638020833333336 7.684129829110212 10.245506438813615
0 96.337890625 23.111979166666664 8.131660519088275 10.842214025451032
0 99.560546875 33.52864583333333 9.794193442310311 13.05892458974708
0 89.35546875 28.841145833333332 9.083786661460703 12.11171554861427
0 74.90234375 28.059895833333332 8.959911044862793 11.946548059817056
0 70.5078125 14.453125 6.430452730012657 8.57393697335021
0 65.625 16.145833333333336 6.796587356970242 9.062116475960323
0 56.884765625 13.541666666666666 6.224389054678692 8.299185406238257
0 47.021484375 15.234375 6.60196156395994 8.802615418613254
0 32.373046875 21.549479166666664 7.85197774064246 10.469303654189947
0 25.9765625 18.9453125 7.3622668956389274 9.816355860851903
0 18.505859375 15.364583333333334 6.6301150458985685 8.840153394531425
0 12.6953125 16.471354166666664 6.864759447755123 9.15301259700683
0 0.830078125 19.270833333333336 7.425247229367944 9.900329639157258
0 6.787109375 21.2890625 7.804389558437758 10.405852744583676
0 60.595703125 34.5703125 9.945172568847854 13.26023009179714
0 99.21875 30.859375 9.396242870080965 12.52832382677462
0 99.462890625 20.638020833333336 7.684129829110212 10.245506438813615
0 79.1015625 20.963541666666664 7.7444931277157725 10.325990836954363
0 99.12109375 25.130208333333332 8.479274895904423 11.305699861205897
0 40.72265625 17.057291666666664 6.985792933508055 9.31439057801074
0 18.310546875 18.619791666666664 7.298743129334349 9.731657505779133
0 10.400390625 22.330729166666664 7.993042513249997 10.657390017666662
0 40.869140625 19.53125 7.475249459177179 9.966999278902906
0 56.640625 16.276041666666664 6.823937919616058 9.09858389282141
0 61.767578125 21.875 7.911060422861158 10.548080563814876
0 81.640625 18.1640625 7.208869513560617 9.611826018080823
0 92.724609375 23.567708333333336 8.211440458419013 10.948587277892017
0 21.435546875 18.1640625 7.208869513560617 9.611826018080823
