0 96.19140625 32.8125 9.689030680168178 12.918707573557572
0 91.552734375 31.640625 9.51443925056146 12.685919000748614
0 83.154296875 27.34375 8.84483443981289 11.793112586417188
0 85.107421875 19.270833333333336 7.425247229367944 9.900329639157258
0 90.8203125 22.135416666666664 7.958010748538389 10.610680998051187
0 70.5078125 22.721354166666664 8.062649422377262 10.75019922983635
0 65.13671875 18.880208333333336 7.349606066157407 9.799474754876544
0 48.193359375 19.596354166666664 7.487697843252746 9.983597124336994
0 41.6015625 17.708333333333336 7.117861199762329 9.490481599683106
0 32.421875 17.3828125 7.052136235529384 9.40284831403918
0 18.1640625 15.364583333333334 6.6301150458985685 8.840153394531425
0 10.64453125 21.028645833333336 7.756509415978292 10.342012554637723
0 35.107421875 17.252604166666664 7.025674092542321 9.367565456723094
0 20.8984375 18.5546875 7.28597191547444 9.714629220632586
0 29.541015625 17.578125 7.091644310682526 9.455525747576702
0 38.4765625 17.122395833333336 6.9991119025755095 9.332149203434014
0 45.263671875 15.690104166666666 6.699981201202437 8.933308268269917
0 51.7578125 16.666666666666664 6.905339660024879 9.207119546699838
0 43.994140625 18.294270833333336 7.234661615679748 9.646215487572997
0 60.498046875 17.122395833333336 6.9991119025755095 9.332149203434014
0 76.806640625 20.442708333333336 7.647683158045451 10.196910877393934
0 98.583984375 32.35677083333333 9.621510480001493 12.828680640001991
0 79.931640625 23.763020833333336 8.245395560367612 10.993860747156816
0 75.048828125 16.861979166666664 6.945682786096826 9.260910381462436
0 68.896484375 15.690104166666666 6.699981201202437 8.933308268269917
0 77.44140625 16.9921875 6.972448522214271 9.296598029619028
0 25.537109375 15.690104166666666 6.699981201202437 8.933308268269917
0 3.61328125 19.401041666666664 7.450290292806215 9.933720390408286
0 28.3203125 15.690104166666666 6.699981201202437 8.933308268269917
0 56.93359375 15.559895833333334 6.672122530845778 8.896163374461038
0 52.197265625 11.783854166666668 5.806365231457656 7.741820308610207
