0 71.630859375 34.83072916666667 9.982560567502519 13.310080756670025
0 2.05078125 28.385416666666668 9.011732824849489 12.015643766465985
0 20.068359375 20.703125 7.6962403643301345 10.261653819106845
0 34.423828125 16.861979166666664 6.945682786096826 9.260910381462436
0 83.154296875 21.2890625 7.804389558437758 10.405852744583676
0 68.310546875 18.294270833333336 7.234661615679748 9.646215487572997
0 5.078125 21.2890625 7.804389558437758 10.405852744583676
0 46.38671875 15.885416666666666 6.741553355216833 8.988737806955777
0 24.267578125 17.513020833333336 7.0784994535786145 9.437999271438152
0 11.572265625 22.330729166666664 7.993042513249997 10.657390017666662
0 88.57421875 24.153645833333336 8.312889692307273 11.083852923076364
0 11.572265625 16.861979166666664 6.945682786096826 9.260910381462436
0 76.611328125 16.666666666666664 6.905339660024879 9.207119546699838
0 28.369140625 18.880208333333336 7.349606066157407 9.799474754876544
0 98.73046875 22.916666666666664 8.097228492078614 10.796304656104818
0 26.5625 16.471354166666664 6.864759447755123 9.15301259700683
0 95.41015625 21.744791666666664 7.887480458569388 10.51664061142585
0 3.564453125 18.098958333333336 7.195938795502683 9.594585060670244
0 86.62109375 19.921875 7.549631882844837 10.066175843793117
0 18.26171875 14.2578125 6.386855937639267 8.515807916852356
0 80.859375 19.075520833333336 7.3875234600282 9.850031280037602
0 73.779296875 15.494791666666666 6.658149484030587 8.877532645374115
0 92.67578125 20.5078125 7.659851317145468 10.21313508952729
0 66.2109375 15.885416666666666 6.741553355216833 8.988737806955777
