0 23.681640625 76.30208333333334 14.7750469200564 19.700062560075203
0 60.44921875 70.703125 14.222632077308402 18.963509436411204
0 69.873046875 40.69010416666667 10.789593218788873 14.386124291718497
0 40.869140625 39.0625 10.57159916729051 14.095465556387346
0 32.51953125 36.9140625 10.276768945607138 13.702358594142853
0 27.490234375 35.09114583333333 10.019809057239993 13.359745409653323
0 7.6171875 46.484375 11.532253190729483 15.376337587639311
0 2.001953125 42.83854166666667 11.070774625986973 14.761032834649296
0 2.587890625 26.236979166666668 8.66398288975732 11.551977186343091
0 28.125 30.143229166666668 9.286574740419274 12.382099653892366
0 47.607421875 30.6640625 9.366460725843998 12.48861430112533
0 61.5234375 24.348958333333336 8.346432086900233 11.128576115866979
0 49.267578125 58.7890625 12.969073096237658 17.29209746165021
0 40.771484375 72.265625 14.378929430407405 19.171905907209876
0 24.8046875 59.5703125 13.054961936161765 17.406615914882355
0 25.09765625 45.63802083333333 11.426785416777987 15.235713889037317
0 44.04296875 50.065104166666664 11.968183319780016 15.957577759706687
0 13.8671875 33.33333333333333 9.765625 13.020833333333334
0 14.0625 48.828125 11.819407184470878 15.759209579294502
0 6.396484375 27.278645833333332 8.83429859993294 11.779064799910586
0 9.130859375 21.549479166666664 7.85197774064246 10.469303654189947
0 13.96484375 23.307291666666664 8.165947363439729 10.88792981791964
0 6.93359375 19.270833333333336 7.425247229367944 9.900329639157258
0 0.87890625 19.270833333333336 7.425247229367944 9.900329639157258
0 14.453125 18.619791666666664 7.298743129334349 9.731657505779133
0 4.39453125 18.880208333333336 7.349606066157407 9.799474754876544
0 11.5234375 17.838541666666664 7.143981879101334 9.525309172135112
0 20.068359375 20.768229166666664 7.708331872750909 10.277775830334546
0 25.87890625 24.348958333333336 8.346432086900233 11.128576115866979
0 17.87109375 18.880208333333336 7.349606066157407 9.799474754876544
0 18.359375 12.955729166666666 6.088237714617921 8.117650286157229
0 28.7109375 17.122395833333336 6.9991119025755095 9.332149203434014
0 24.609375 18.880208333333336 7.349606066157407 9.799474754876544
0 22.55859375 17.122395833333336 6.9991119025755095 9.332149203434014
0 23.779296875 21.549479166666664 7.85197774064246 10.469303654189947
0 30.224609375 16.471354166666664 6.864759447755123 9.15301259700683
0 32.03125 16.861979166666664 6.945682786096826 9.260910381462436
0 31.8359375 19.401041666666664 7.450290292806215 9.933720390408286
0 33.642578125 22.0703125 7.946299173761924 10.595065565015899
0 32.12890625 24.739583333333336 8.413115693414442 11.217487591219255
0 35.7421875 26.3671875 8.685454999241765 11.580606665655687
0 35.44921875 22.916666666666664 8.097228492078614 10.796304656104818
0 40.576171875 25.0 8.457279333832409 11.276372445109878
0 41.259765625 19.53125 7.475249459177179 9.966999278902906
0 49.90234375 18.619791666666664 7.298743129334349 9.731657505779133
0 50.1953125 21.028645833333336 7.756509415978292 10.342012554637723
0 55.712890625 20.182291666666664 7.598815672600545 10.13175423013406
0 55.029296875 29.427083333333332 9.175595934065496 12.234127912087327
0 68.45703125 31.315104166666668 9.465370128949479 12.62049350526597
0 77.392578125 28.385416666666668 9.011732824849489 12.015643766465985
0 82.8125 27.408854166666668 8.855357744474432 11.807143659299243
0 86.5234375 23.828125 8.256682897014576 11.008910529352768
0 91.162109375 22.916666666666664 8.097228492078614 10.796304656104818
0 95.99609375 23.307291666666664 8.165947363439729 10.88792981791964
0 78.41796875 20.768229166666664 7.708331872750909 10.277775830334546
0 73.583984375 20.052083333333336 7.574263699945591 10.099018266594122
0 63.134765625 16.9921875 6.972448522214271 9.296598029619028
0 67.96875 18.229166666666664 7.221777078979024 9.629036105305365
0 59.814453125 15.494791666666666 6.658149484030587 8.877532645374115
0 51.708984375 15.364583333333334 6.6301150458985685 8.840153394531425
0 65.4296875 16.731770833333336 6.9188135063199665 9.225084675093289
0 49.90234375 14.973958333333334 6.545291317604741 8.727055090139656
0 44.091796875 16.080729166666664 6.782870718656271 9.043827624875028
0 69.04296875 16.731770833333336 6.9188135063199665 9.225084675093289
0 45.8984375 14.0625 6.342959500374307 8.457279333832409
0 39.35546875 15.494791666666666 6.658149484030587 8.877532645374115
0 34.228515625 16.080729166666664 6.782870718656271 9.043827624875028
0 38.427734375 18.619791666666664 7.298743129334349 9.731657505779133
0 85.15625 19.270833333333336 7.425247229367944 9.900329639157258
0 94.384765625 20.8984375 7.732458166088822 10.309944221451763
0 89.55078125 19.53125 7.475249459177179 9.966999278902906
0 84.130859375 17.7734375 7.130933499479933 9.50791133263991
0 92.3828125 19.270833333333336 7.425247229367944 9.900329639157258
0 98.974609375 21.940104166666664 7.92282408798045 10.5637654506406
0 78.41796875 53.515625 12.37373958295489 16.498319443939856
0 36.42578125 16.731770833333336 6.9188135063199665 9.225084675093289
0 78.02734375 46.15885416666667 11.491803212745808 15.322404283661076
