0 42.578125 32.48697916666667 9.640850219074288 12.854466958765718
0 44.287109375 33.91927083333333 9.851081781963485 13.134775709284646
0 56.787109375 27.473958333333332 8.865868558553435 11.821158078071248
0 79.1015625 28.125 8.970299351012615 11.960399134683486
0 76.220703125 31.705729166666668 9.524222738236839 12.698963650982451
0 87.109375 36.5234375 10.22224989284926 13.629666523799013
0 69.970703125 25.260416666666668 8.501213548086012 11.334951397448016
0 48.486328125 21.354166666666664 7.816313766397521 10.421751688530028
0 21.58203125 41.34114583333333 10.87556743237638 14.500756576501841
0 10.498046875 31.380208333333332 9.475204282385269 12.633605709847027
0 2.685546875 56.770833333333336 12.74451478138495 16.992686375179932
0 28.22265625 58.3984375 12.925914663420027 17.234552884560035
0 94.82421875 58.0078125 12.882611645022848 17.17681552669713
0 96.337890625 56.119791666666664 12.67122771730145 16.894970289735266
0 88.8671875 46.15885416666667 11.491803212745808 15.322404283661076
0 92.7734375 47.78645833333333 11.69265384562257 15.590205127496759
0 94.82421875 41.92708333333333 10.952367214920875 14.603156286561166
0 7.6171875 32.35677083333333 9.621510480001493 12.828680640001991
0 26.904296875 26.888020833333332 8.770817787597604 11.694423716796805
0 28.271484375 26.041666666666668 8.631674575031099 11.508899433374797
0 4.736328125 27.5390625 8.876366926421502 11.835155901895336
0 74.90234375 52.083333333333336 12.20703125 16.276041666666664
0 43.06640625 48.2421875 11.748276705883885 15.664368941178514
0 45.21484375 25.5859375 8.555814067917595 11.407752090556793
0 37.79296875 27.018229166666668 8.792028986137655 11.722705314850208
0 38.96484375 27.994791666666668 8.94951068030712 11.932680907076158
0 30.419921875 24.479166666666664 8.36871899463018 11.15829199284024
0 68.603515625 43.22916666666667 11.121134740166381 14.828179653555177
0 58.642578125 35.09114583333333 10.019809057239993 13.359745409653323
0 0.732421875 20.572916666666664 7.672000176987631 10.229333569316841
0 6.640625 17.513020833333336 7.0784994535786145 9.437999271438152
0 1.953125 19.466145833333336 7.462780310447684 9.950373747263578
0 10.83984375 17.838541666666664 7.143981879101334 9.525309172135112
0 3.90625 19.661458333333336 7.500125566067204 10.00016742142294
0 14.599609375 16.276041666666664 6.823937919616058 9.09858389282141
0 6.298828125 20.572916666666664 7.672000176987631 10.229333569316841
0 17.96875 15.104166666666666 6.573687508709111 8.764916678278816
0 5.56640625 22.4609375 8.016311973000304 10.688415964000404
0 20.068359375 18.033854166666664 7.182984799767957 9.577313066357275
0 2.9296875 24.153645833333336 8.312889692307273 11.083852923076364
0 15.185546875 18.684895833333336 7.311492035346033 9.748656047128044
0 7.71484375 27.5390625 8.876366926421502 11.835155901895336
0 8.69140625 19.921875 7.549631882844837 10.066175843793117
0 16.40625 22.786458333333336 8.074192233473482 10.765589644631309
0 11.81640625 22.8515625 8.085718566584333 10.780958088779109
0 19.04296875 22.005208333333336 7.9345703125 10.579427083333332
0 20.263671875 27.473958333333332 8.865868558553435 11.821158078071248
0 23.046875 35.67708333333333 10.103116062772735 13.470821417030313
0 11.1328125 40.234375 10.72900136184506 14.305335149126746
0 3.759765625 38.21614583333333 10.456446349494515 13.941928465992687
0 11.376953125 34.11458333333333 9.87940311049722 13.17253748066296
0 32.32421875 16.2109375 6.810276368536802 9.080368491382403
0 19.04296875 16.861979166666664 6.945682786096826 9.260910381462436
0 24.267578125 15.885416666666666 6.741553355216833 8.988737806955777
0 25.09765625 24.609375 8.39094670707246 11.187928942763282
0 22.0703125 16.2109375 6.810276368536802 9.080368491382403
0 33.544921875 28.255208333333332 8.991039955234518 11.988053273646026
0 26.904296875 19.661458333333336 7.500125566067204 10.00016742142294
0 22.94921875 18.815104166666664 7.336923388776433 9.782564518368577
0 17.7734375 19.921875 7.549631882844837 10.066175843793117
0 30.37109375 18.489583333333336 7.273178276253042 9.697571035004056
0 25.341796875 19.791666666666664 7.524919437217989 10.033225916290652
0 37.890625 22.330729166666664 7.993042513249997 10.657390017666662
0 25.5859375 15.755208333333334 6.7138671875 8.951822916666668
0 39.84375 25.065104166666668 8.468284256293707 11.291045675058275
0 26.806640625 16.40625 6.8511792970714245 9.134905729428567
0 41.015625 17.513020833333336 7.0784994535786145 9.437999271438152
0 34.375 16.927083333333336 6.959078522333606 9.278771363111476
0 45.751953125 15.755208333333334 6.7138671875 8.951822916666668
0 35.009765625 15.885416666666666 6.741553355216833 8.988737806955777
0 47.314453125 14.908854166666666 6.531046923532928 8.708062564710572
0 36.181640625 17.1875 7.012405574387241 9.349874099182989
0 44.140625 16.927083333333336 6.959078522333606 9.278771363111476
0 38.4765625 15.755208333333334 6.7138671875 8.951822916666668
0 46.337890625 22.65625 8.051090062422436 10.734786749896582
0 39.794921875 15.559895833333334 6.672122530845778 8.896163374461038
0 49.365234375 27.669270833333332 8.897326499702912 11.863101999603883
0 41.015625 15.885416666666666 6.741553355216833 8.988737806955777
0 39.697265625 33.72395833333333 9.82267879603948 13.096905061385971
0 50.439453125 12.239583333333332 5.917577950947668 7.8901039345968895
0 62.5 14.192708333333334 6.372257390692475 8.496343187589966
0 52.099609375 12.239583333333332 5.917577950947668 7.8901039345968895
0 55.46875 20.1171875 7.586549618320344 10.115399491093791
0 54.39453125 14.973958333333334 6.545291317604741 8.727055090139656
0 58.154296875 25.260416666666668 8.501213548086012 11.334951397448016
0 52.978515625 17.513020833333336 7.0784994535786145 9.437999271438152
0 59.326171875 30.729166666666668 9.376398618003673 12.501864824004896
0 51.416015625 15.625 6.686066375795484 8.914755167727312
0 55.712890625 36.78385416666667 10.258628121320564 13.678170828427419
0 47.900390625 19.010416666666664 7.37490598974278 9.833207986323707
0 60.546875 41.92708333333333 10.952367214920875 14.603156286561166
0 49.609375 18.815104166666664 7.336923388776433 9.782564518368577
0 56.201171875 16.080729166666664 6.782870718656271 9.043827624875028
0 59.130859375 21.028645833333336 7.756509415978292 10.342012554637723
0 62.98828125 17.3828125 7.052136235529384 9.40284831403918
0 65.478515625 25.716145833333332 8.57755695956738 11.436742612756506
0 62.353515625 51.302083333333336 12.115132593554204 16.153510124738936
0 75.0 47.4609375 11.652760676291981 15.537014235055976
0 70.703125 38.54166666666667 10.500885335745396 14.001180447660527
0 74.560546875 34.70052083333333 9.963884104806219 13.28517880640829
0 74.755859375 28.3203125 9.001392336274797 12.001856448366395
0 29.58984375 22.4609375 8.016311973000304 10.688415964000404
0 64.013671875 16.080729166666664 6.782870718656271 9.043827624875028
0 86.23046875 27.018229166666668 8.792028986137655 11.722705314850208
0 64.990234375 16.080729166666664 6.782870718656271 9.043827624875028
0 84.765625 23.111979166666664 8.131660519088275 10.842214025451032
0 66.30859375 14.778645833333334 6.502464524127966 8.669952698837287
0 86.23046875 31.705729166666668 9.524222738236839 12.698963650982451
0 67.67578125 16.40625 6.8511792970714245 9.134905729428567
0 84.423828125 19.140625 7.400119417103358 9.866825889471144
0 67.431640625 19.010416666666664 7.37490598974278 9.833207986323707
0 90.576171875 18.619791666666664 7.298743129334349 9.731657505779133
0 69.23828125 16.536458333333336 6.878312786611722 9.171083715482297
0 94.3359375 23.307291666666664 8.165947363439729 10.88792981791964
0 70.654296875 16.080729166666664 6.782870718656271 9.043827624875028
0 88.134765625 22.330729166666664 7.993042513249997 10.657390017666662
0 71.728515625 18.619791666666664 7.298743129334349 9.731657505779133
0 81.640625 18.359375 7.247523246483103 9.663364328644137
0 75.9765625 15.885416666666666 6.741553355216833 8.988737806955777
0 93.701171875 21.223958333333336 7.792447103762027 10.389929471682702
0 75.244140625 22.526041666666664 8.027921409891299 10.703895213188398
0 91.30859375 23.6328125 8.222774405094897 10.963699206793196
0 80.078125 19.270833333333336 7.425247229367944 9.900329639157258
0 96.728515625 22.330729166666664 7.993042513249997 10.657390017666662
0 74.169921875 19.661458333333336 7.500125566067204 10.00016742142294
0 89.599609375 25.846354166666668 8.59924487524742 11.465659833663226
0 77.5390625 21.223958333333336 7.792447103762027 10.389929471682702
0 98.4375 23.958333333333336 8.279211405182211 11.038948540242949
0 80.46875 23.502604166666664 8.200090846279542 10.933454461706056
0 99.0234375 20.8984375 7.732458166088822 10.309944221451763
0 82.6171875 20.703125 7.6962403643301345 10.261653819106845
0 90.673828125 21.419270833333336 7.828219811023351 10.437626414697803
0 96.484375 28.971354166666668 9.104268731797058 12.139024975729411
0 95.751953125 37.95572916666667 10.420758715187912 13.894344953583882
0 87.548828125 43.22916666666667 11.121134740166381 14.828179653555177
0 94.921875 51.106770833333336 12.092048801366547 16.122731735155398
0 79.248046875 64.6484375 13.600024386692622 18.133365848923496
0 79.98046875 55.46875 12.597514306976498 16.796685742635333
0 55.95703125 66.6015625 13.803934177122365 18.405245569496486
0 47.021484375 57.356770833333336 12.810114661752536 17.080152882336716
0 36.328125 69.46614583333334 14.097667800843624 18.796890401124834
0 26.07421875 54.947916666666664 12.538231557723472 16.71764207696463
0 41.357421875 43.75 11.187928942763282 14.917238590351042
0 5.224609375 66.86197916666666 13.830895011748852 18.44119334899847
0 1.07421875 52.9296875 12.305813692416963 16.407751589889283
0 42.236328125 82.03125 15.319702634290936 20.42627017905458
0 45.01953125 30.533854166666668 9.346553241646458 12.462070988861944
0 65.0390625 20.768229166666664 7.708331872750909 10.277775830334546
0 70.80078125 22.0703125 7.946299173761924 10.595065565015899
0 82.373046875 24.088541666666664 8.301678777304348 11.068905036405797
0 97.705078125 22.786458333333336 8.074192233473482 10.765589644631309
0 82.6171875 37.76041666666667 10.393912576859377 13.85855010247917
0 83.447265625 18.684895833333336 7.311492035346033 9.748656047128044
0 78.515625 17.1875 7.012405574387241 9.349874099182989
0 95.01953125 21.354166666666664 7.816313766397521 10.421751688530028
0 76.3671875 18.033854166666664 7.182984799767957 9.577313066357275
0 72.4609375 15.885416666666666 6.741553355216833 8.988737806955777
0 82.373046875 17.643229166666664 7.104764847914316 9.473019797219088
0 99.609375 35.3515625 10.056919588186085 13.409226117581447
0 97.94921875 31.184895833333332 9.445671106287941 12.594228141717254
