0 49.90234375 85.22135416666666 15.614744635578651 20.819659514104867
0 7.861328125 75.9765625 14.743496495582473 19.6579953274433
0 1.123046875 56.966145833333336 12.766418861909113 17.021891815878817
0 25.87890625 58.333333333333336 12.918707573557572 17.224943431410097
0 45.947265625 68.5546875 14.004875373027058 18.673167164036077
0 95.60546875 71.94010416666666 14.346507902274364 19.128677203032485
0 91.943359375 57.552083333333336 12.831906763689355 17.10920901825247
0 96.484375 53.3203125 12.351139126494179 16.468185501992238
0 77.392578125 50.5859375 12.03027547877626 16.040367305035012
0 61.279296875 53.841145833333336 12.411315556434788 16.54842074191305
0 45.703125 57.291666666666664 12.802842384889546 17.07045651318606
0 29.638671875 45.57291666666667 11.418632161785709 15.224842882380946
0 40.72265625 45.96354166666667 11.467464738803672 15.289952985071562
0 50.5859375 44.3359375 11.262598930203817 15.016798573605088
0 59.47265625 44.20572916666667 11.24604844524431 14.994731260325747
0 72.0703125 41.53645833333333 10.901227477717134 14.53496997028951
0 88.8671875 46.2890625 11.508000265481447 15.344000353975263
0 96.19140625 41.08072916666667 10.841259563190683 14.45501275092091
0 97.900390625 34.04947916666667 9.869971697263324 13.159962263017766
0 83.49609375 38.28125 10.46534924284805 13.953798990464069
0 56.93359375 33.65885416666667 9.813192865486773 13.084257153982362
0 41.162109375 37.82552083333333 10.40286898746296 13.870491983283944
0 23.92578125 41.14583333333333 10.849846700824694 14.466462267766259
0 10.107421875 33.3984375 9.775157091093119 13.033542788124159
0 23.2421875 32.16145833333333 9.592427762147041 12.789903682862722
0 9.1796875 29.557291666666668 9.195873518871684 12.261164691828911
0 27.197265625 32.68229166666667 9.669787303317175 12.893049737756234
0 4.931640625 26.5625 8.717563999686098 11.62341866624813
0 20.458984375 28.515625 9.03237828793258 12.043171050576774
0 15.8203125 26.302083333333332 8.674725588105405 11.56630078414054
0 11.9140625 23.307291666666664 8.165947363439729 10.88792981791964
0 1.85546875 21.875 7.911060422861158 10.548080563814876
0 11.1328125 20.768229166666664 7.708331872750909 10.277775830334546
0 5.029296875 21.744791666666664 7.887480458569388 10.51664061142585
0 27.099609375 21.2890625 7.804389558437758 10.405852744583676
0 39.94140625 26.627604166666668 8.728240750778255 11.637654334371007
0 31.494140625 24.0234375 8.290452702152177 11.053936936202902
0 39.599609375 22.916666666666664 8.097228492078614 10.796304656104818
0 25.9765625 26.302083333333332 8.674725588105405 11.56630078414054
0 18.9453125 22.65625 8.051090062422436 10.734786749896582
0 14.599609375 18.1640625 7.208869513560617 9.611826018080823
0 10.009765625 18.5546875 7.28597191547444 9.714629220632586
0 3.90625 19.010416666666664 7.37490598974278 9.833207986323707
0 23.33984375 19.010416666666664 7.37490598974278 9.833207986323707
0 17.822265625 18.033854166666664 7.182984799767957 9.577313066357275
0 49.462890625 29.6875 9.216106488367615 12.288141984490153
0 42.96875 32.03125 9.572990198582838 12.763986931443785
0 45.947265625 24.8046875 8.424178309229896 11.23223774563986
0 64.16015625 30.2734375 9.306610523667546 12.408814031556727
0 56.689453125 27.669270833333332 8.897326499702912 11.863101999603883
0 75.439453125 31.510416666666668 9.494842032534208 12.659789376712277
0 89.990234375 32.55208333333333 9.650505554713073 12.86734073961743
0 69.7265625 24.544270833333336 8.379840220792225 11.173120294389632
0 88.671875 29.6875 9.216106488367615 12.288141984490153
0 59.27734375 24.283854166666664 8.33526628646708 11.113688381956106
0 64.74609375 26.627604166666668 8.728240750778255 11.637654334371007
0 77.783203125 27.9296875 8.939098215256843 11.918797620342456
0 86.03515625 28.190104166666668 8.980675640601907 11.974234187469209
0 97.412109375 31.510416666666668 9.494842032534208 12.659789376712277
0 56.494140625 22.65625 8.051090062422436 10.734786749896582
0 47.65625 22.526041666666664 8.027921409891299 10.703895213188398
0 34.423828125 16.666666666666664 6.905339660024879 9.207119546699838
0 29.150390625 14.778645833333334 6.502464524127966 8.669952698837287
0 24.365234375 16.276041666666664 6.823937919616058 9.09858389282141
0 38.916015625 16.9921875 6.972448522214271 9.296598029619028
0 48.974609375 16.9921875 6.972448522214271 9.296598029619028
0 43.1640625 16.666666666666664 6.905339660024879 9.207119546699838
0 59.228515625 15.885416666666666 6.741553355216833 8.988737806955777
0 63.623046875 14.388020833333334 6.415953381844678 8.554604509126236
0 68.9453125 16.276041666666664 6.823937919616058 9.09858389282141
0 55.2734375 16.015625 6.7691262856502785 9.025501714200372
0 79.931640625 25.0 8.457279333832409 11.276372445109878
0 93.45703125 22.395833333333336 8.00468569861084 10.672914264814453
0 84.5703125 21.744791666666664 7.887480458569388 10.51664061142585
0 66.89453125 16.927083333333336 6.959078522333606 9.278771363111476
0 61.71875 15.299479166666666 6.61605328023645 8.821404373648601
0 46.142578125 16.9921875 6.972448522214271 9.296598029619028
0 75.439453125 24.8046875 8.424178309229896 11.23223774563986
0 76.26953125 18.619791666666664 7.298743129334349 9.731657505779133
0 90.8203125 28.255208333333332 8.991039955234518 11.988053273646026
0 88.8671875 21.158854166666664 7.780486318348366 10.373981757797822
0 96.58203125 22.526041666666664 8.027921409891299 10.703895213188398
0 97.216796875 28.776041666666668 9.073528288158268 12.098037717544358
0 69.82421875 20.8984375 7.732458166088822 10.309944221451763
0 72.607421875 36.19791666666667 10.17659423860661 13.568792318142146
0 86.1328125 33.3984375 9.775157091093119 13.033542788124159
0 94.384765625 26.171875 8.653226854710587 11.537635806280782
0 81.8359375 23.177083333333336 8.143105507889608 10.857474010519478
0 87.744140625 23.177083333333336 8.143105507889608 10.857474010519478
0 77.490234375 21.744791666666664 7.887480458569388 10.51664061142585
0 31.494140625 18.1640625 7.208869513560617 9.611826018080823
0 7.763671875 20.247395833333336 7.611061958825638 10.148082611767517
0 34.912109375 19.791666666666664 7.524919437217989 10.033225916290652
0 52.5390625 16.9921875 6.972448522214271 9.296598029619028
0 64.013671875 22.135416666666664 7.958010748538389 10.610680998051187
0 58.740234375 20.5078125 7.659851317145468 10.21313508952729
0 51.318359375 19.401041666666664 7.450290292806215 9.933720390408286
0 85.205078125 24.934895833333336 8.446260072691679 11.26168009692224
0 98.4375 23.046875 8.120199399200482 10.82693253226731
0 37.5 21.6796875 7.875664001809045 10.500885335745393
0 45.80078125 20.052083333333336 7.574263699945591 10.099018266594122
0 54.150390625 18.5546875 7.28597191547444 9.714629220632586
0 60.986328125 20.247395833333336 7.611061958825638 10.148082611767517
0 41.552734375 14.518229166666666 6.444919458600731 8.593225944800976
0 81.34765625 18.5546875 7.28597191547444 9.714629220632586
0 21.2890625 17.252604166666664 7.025674092542321 9.367565456723094
