0 3.173828125 71.41927083333334 14.29448050369918 19.059307338265576
0 35.986328125 66.40625 13.783678943647724 18.378238591530298
0 45.21484375 69.01041666666666 14.051348185084642 18.735130913446188
0 46.435546875 82.74739583333334 15.386429035590249 20.515238714120333
0 46.6796875 58.658854166666664 12.95470292772896 17.272937236971945
0 20.458984375 54.231770833333336 12.456257099584077 16.608342799445435
0 26.416015625 39.77864583333333 10.668065364348472 14.224087152464628
0 22.314453125 34.89583333333333 9.991885707852113 13.322514277136149
0 31.15234375 30.924479166666668 9.406149296522488 12.541532395363317
0 39.6484375 33.203125 9.746532850751532 12.995377134335376
0 39.16015625 43.42447916666667 11.146229472503464 14.861639296671287
0 60.595703125 42.25260416666667 10.994801962067763 14.659735949423682
0 61.181640625 51.627604166666664 12.153508149255297 16.204677532340394
0 73.388671875 55.533854166666664 12.604905046425404 16.80654006190054
0 77.63671875 47.98177083333333 11.716524548616007 15.622032731488009
0 90.087890625 46.875 11.580606665655687 15.440808887540916
0 95.849609375 54.231770833333336 12.456257099584077 16.608342799445435
0 92.87109375 45.703125 11.434932858395506 15.24657714452734
0 95.1171875 38.02083333333333 10.429692071920813 13.906256095894417
0 84.912109375 39.453125 10.624325674761481 14.165767566348642
0 81.103515625 36.39322916666667 10.204012144348443 13.605349525797925
0 68.1640625 38.15104166666667 10.447535869521296 13.930047826028394
0 56.787109375 35.41666666666667 10.066175843793117 13.421567791724156
0 72.8515625 34.11458333333333 9.87940311049722 13.17253748066296
0 75.29296875 26.692708333333332 8.738904457566134 11.651872610088178
0 86.279296875 28.125 8.970299351012615 11.960399134683486
0 90.8203125 31.901041666666668 9.55351308746248 12.738017449949975
0 98.33984375 30.794270833333332 9.386325988299376 12.515101317732501
0 99.51171875 35.87239583333333 10.130732832457173 13.507643776609566
0 95.5078125 24.869791666666664 8.435226416678011 11.246968555570682
0 91.89453125 24.609375 8.39094670707246 11.187928942763282
0 50.341796875 28.971354166666668 9.104268731797058 12.139024975729411
0 56.787109375 24.544270833333336 8.379840220792225 11.173120294389632
0 59.5703125 20.1171875 7.586549618320344 10.115399491093791
0 64.990234375 26.692708333333332 8.738904457566134 11.651872610088178
0 64.892578125 20.768229166666664 7.708331872750909 10.277775830334546
0 70.556640625 22.0703125 7.946299173761924 10.595065565015899
0 75.68359375 21.484375 7.840107775064166 10.453477033418888
0 79.150390625 25.716145833333332 8.57755695956738 11.436742612756506
0 80.029296875 20.833333333333336 7.720404443770458 10.293872591693944
0 85.15625 22.916666666666664 8.097228492078614 10.796304656104818
0 91.064453125 20.768229166666664 7.708331872750909 10.277775830334546
0 86.62109375 16.9921875 6.972448522214271 9.296598029619028
0 98.095703125 20.182291666666664 7.598815672600545 10.13175423013406
0 99.51171875 27.1484375 8.81318913463968 11.750918846186241
0 99.658203125 21.09375 7.768507117527988 10.358009490037318
0 94.970703125 21.09375 7.768507117527988 10.358009490037318
0 82.32421875 23.111979166666664 8.131660519088275 10.842214025451032
0 82.666015625 18.033854166666664 7.182984799767957 9.577313066357275
0 77.05078125 16.861979166666664 6.945682786096826 9.260910381462436
0 83.544921875 17.057291666666664 6.985792933508055 9.31439057801074
0 79.39453125 16.015625 6.7691262856502785 9.025501714200372
0 73.33984375 16.2109375 6.810276368536802 9.080368491382403
0 77.197265625 15.0390625 6.559504779115197 8.746006372153596
0 71.240234375 18.619791666666664 7.298743129334349 9.731657505779133
0 75.29296875 16.080729166666664 6.782870718656271 9.043827624875028
0 66.015625 16.861979166666664 6.945682786096826 9.260910381462436
0 59.86328125 17.057291666666664 6.985792933508055 9.31439057801074
0 67.919921875 14.713541666666666 6.488126106405426 8.650834808540568
0 62.646484375 15.234375 6.60196156395994 8.802615418613254
0 67.236328125 15.755208333333334 6.7138671875 8.951822916666668
0 59.228515625 15.0390625 6.559504779115197 8.746006372153596
0 64.892578125 16.015625 6.7691262856502785 9.025501714200372
0 56.25 18.359375 7.247523246483103 9.663364328644137
0 51.953125 16.2109375 6.810276368536802 9.080368491382403
0 55.6640625 13.932291666666666 6.313525654778199 8.418034206370931
0 51.85546875 19.140625 7.400119417103358 9.866825889471144
0 56.494140625 15.885416666666666 6.741553355216833 8.988737806955777
0 48.291015625 24.869791666666664 8.435226416678011 11.246968555570682
0 40.869140625 27.34375 8.84483443981289 11.793112586417188
0 45.60546875 22.0703125 7.946299173761924 10.595065565015899
0 38.671875 23.567708333333336 8.211440458419013 10.948587277892017
0 40.4296875 17.838541666666664 7.143981879101334 9.525309172135112
0 46.337890625 15.0390625 6.559504779115197 8.746006372153596
0 41.6015625 15.364583333333334 6.6301150458985685 8.840153394531425
0 36.572265625 16.861979166666664 6.945682786096826 9.260910381462436
0 42.96875 15.885416666666666 6.741553355216833 8.988737806955777
0 38.427734375 16.080729166666664 6.782870718656271 9.043827624875028
0 44.580078125 15.559895833333334 6.672122530845778 8.896163374461038
0 34.375 18.815104166666664 7.336923388776433 9.782564518368577
0 27.34375 24.088541666666664 8.301678777304348 11.068905036405797
0 35.400390625 15.494791666666666 6.658149484030587 8.877532645374115
0 30.56640625 17.838541666666664 7.143981879101334 9.525309172135112
0 25.146484375 19.3359375 7.437779301119349 9.917039068159132
0 30.17578125 21.614583333333336 7.863829789260941 10.485106385681254
0 20.263671875 21.614583333333336 7.863829789260941 10.485106385681254
0 10.302734375 34.765625 9.973226707988399 13.297635610651199
0 8.203125 29.166666666666668 9.134905729428569 12.17987430590476
0 2.294921875 26.041666666666668 8.631674575031099 11.508899433374797
0 13.96484375 23.2421875 8.154534433525017 10.872712578033356
0 8.30078125 20.5078125 7.659851317145468 10.21313508952729
0 2.44140625 19.010416666666664 7.37490598974278 9.833207986323707
0 6.591796875 17.838541666666664 7.143981879101334 9.525309172135112
0 11.767578125 17.708333333333336 7.117861199762329 9.490481599683106
0 7.71484375 19.596354166666664 7.487697843252746 9.983597124336994
0 14.0625 17.96875 7.170007400189656 9.56000986691954
0 9.5703125 17.3828125 7.052136235529384 9.40284831403918
0 15.087890625 18.815104166666664 7.336923388776433 9.782564518368577
0 10.05859375 20.442708333333336 7.647683158045451 10.196910877393934
0 16.796875 16.40625 6.8511792970714245 9.134905729428567
0 22.0703125 16.861979166666664 6.945682786096826 9.260910381462436
0 17.87109375 19.791666666666664 7.524919437217989 10.033225916290652
0 23.291015625 19.010416666666664 7.37490598974278 9.833207986323707
0 18.994140625 16.40625 6.8511792970714245 9.134905729428567
0 24.169921875 16.015625 6.7691262856502785 9.025501714200372
0 32.080078125 15.494791666666666 6.658149484030587 8.877532645374115
0 27.63671875 16.40625 6.8511792970714245 9.134905729428567
0 19.287109375 28.776041666666668 9.073528288158268 12.098037717544358
0 47.55859375 23.046875 8.120199399200482 10.82693253226731
0 45.60546875 16.9921875 6.972448522214271 9.296598029619028
0 52.9296875 14.84375 6.516771394062079 8.689028525416106
0 62.5 19.466145833333336 7.462780310447684 9.950373747263578
0 78.173828125 19.986979166666664 7.561957820656658 10.08261042754221
0 87.158203125 20.768229166666664 7.708331872750909 10.277775830334546
0 80.126953125 18.9453125 7.3622668956389274 9.816355860851903
0 93.408203125 21.744791666666664 7.887480458569388 10.51664061142585
0 80.95703125 17.708333333333336 7.117861199762329 9.490481599683106
0 97.36328125 22.395833333333336 8.00468569861084 10.672914264814453
0 61.083984375 18.359375 7.247523246483103 9.663364328644137
0 98.095703125 24.4140625 8.357582969744357 11.143443959659143
0 84.814453125 20.3125 7.62328857226367 10.164384763018226
0 54.150390625 17.317708333333336 7.038917599286375 9.385223465715166
0 47.802734375 17.708333333333336 7.117861199762329 9.490481599683106
0 20.751953125 16.536458333333336 6.878312786611722 9.171083715482297
0 46.19140625 92.578125 16.27477005123704 21.69969340164939
0 4.736328125 75.26041666666666 14.673846777552866 19.565129036737154
0 30.224609375 58.854166666666664 12.976252212810852 17.301669617081135
0 41.6015625 46.484375 11.532253190729483 15.376337587639311
0 63.134765625 55.6640625 12.619673540121662 16.826231386828884
0 79.638671875 52.408854166666664 12.245118803551563 16.32682507140208
0 98.33984375 58.463541666666664 12.93311773707098 17.244156982761304
0 70.654296875 44.20572916666667 11.24604844524431 14.994731260325747
0 72.021484375 38.54166666666667 10.500885335745396 14.001180447660527
0 62.158203125 45.83333333333333 11.45121035113142 15.268280468175227
0 59.5703125 35.546875 10.084662867345157 13.44621715646021
0 41.50390625 49.15364583333333 11.85873976301602 15.811653017354693
0 96.58203125 41.08072916666667 10.841259563190683 14.45501275092091
0 87.40234375 36.328125 10.194881035455362 13.593174713940485
0 76.806640625 31.640625 9.51443925056146 12.685919000748614
0 80.029296875 27.799479166666668 8.918236814088415 11.890982418784553
0 71.484375 25.1953125 8.490251308132054 11.320335077509403
0 66.6015625 22.721354166666664 8.062649422377262 10.75019922983635
0 51.3671875 30.924479166666668 9.406149296522488 12.541532395363317
0 43.212890625 33.72395833333333 9.82267879603948 13.096905061385971
0 41.748046875 38.15104166666667 10.447535869521296 13.930047826028394
0 29.00390625 25.716145833333332 8.57755695956738 11.436742612756506
0 20.751953125 23.893229166666664 8.267954824306681 11.023939765742242
0 30.908203125 24.348958333333336 8.346432086900233 11.128576115866979
0 4.541015625 26.888020833333332 8.770817787597604 11.694423716796805
0 31.4453125 22.916666666666664 8.097228492078614 10.796304656104818
0 65.72265625 30.6640625 9.366460725843998 12.48861430112533
0 94.23828125 26.171875 8.653226854710587 11.537635806280782
