0 83.251953125 65.10416666666666 13.647875839232116 18.19716778564282
0 96.19140625 50.9765625 12.076635093633655 16.10218012484487
0 77.63671875 54.817708333333336 12.523367021901361 16.69782269586848
0 65.185546875 60.807291666666664 13.18980882871967 17.586411771626228
0 41.796875 80.46875 15.173099236640688 20.230798982187583
0 37.646484375 65.29947916666666 13.668332322118342 18.224443096157792
0 50.68359375 51.432291666666664 12.130497384247919 16.17399651233056
0 1.708984375 61.1328125 13.225066333020294 17.633421777360393
0 20.5078125 49.73958333333333 11.929211600153849 15.905615466871797
0 0.341796875 42.83854166666667 11.070774625986973 14.761032834649296
0 13.671875 39.19270833333333 10.589203840879804 14.118938454506406
0 4.6875 31.770833333333332 9.53399618640949 12.711994915212655
0 5.2734375 24.739583333333336 8.413115693414442 11.217487591219255
0 10.9375 28.580729166666668 9.042683343523592 12.056911124698123
0 12.40234375 21.223958333333336 7.792447103762027 10.389929471682702
0 19.677734375 33.46354166666667 9.784679896167846 13.046239861557126
0 30.17578125 36.06770833333333 10.158274522151634 13.544366029535512
0 21.77734375 27.669270833333332 8.897326499702912 11.863101999603883
0 29.6875 29.622395833333332 9.205995562132786 12.274660749510382
0 42.28515625 33.7890625 9.832155574699105 13.109540766265473
0 48.92578125 38.54166666666667 10.500885335745396 14.001180447660527
0 60.9375 36.06770833333333 10.158274522151634 13.544366029535512
0 53.3203125 29.166666666666668 9.134905729428569 12.17987430590476
0 61.962890625 30.729166666666668 9.376398618003673 12.501864824004896
0 77.294921875 39.32291666666667 10.606779295033428 14.142372393377903
0 65.4296875 42.3828125 11.01173007365034 14.682306764867118
0 75.0 28.255208333333332 8.991039955234518 11.988053273646026
0 86.62109375 33.7890625 9.832155574699105 13.109540766265473
0 73.14453125 33.46354166666667 9.784679896167846 13.046239861557126
0 81.640625 24.739583333333336 8.413115693414442 11.217487591219255
0 75.537109375 25.065104166666668 8.468284256293707 11.291045675058275
0 77.880859375 17.057291666666664 6.985792933508055 9.31439057801074
0 99.609375 35.02604166666667 10.010509928501419 13.347346571335224
0 88.818359375 28.7109375 9.063258303782652 12.084344405043536
0 93.1640625 23.046875 8.120199399200482 10.82693253226731
0 86.03515625 19.075520833333336 7.3875234600282 9.850031280037602
0 68.994140625 19.661458333333336 7.500125566067204 10.00016742142294
0 83.056640625 16.145833333333336 6.796587356970242 9.062116475960323
0 61.62109375 22.135416666666664 7.958010748538389 10.610680998051187
0 48.828125 23.046875 8.120199399200482 10.82693253226731
0 59.86328125 25.78125 8.588407763348565 11.451210351131419
0 41.357421875 26.432291666666668 8.696171172348027 11.594894896464037
0 55.17578125 14.908854166666666 6.531046923532928 8.708062564710572
0 38.57421875 18.294270833333336 7.234661615679748 9.646215487572997
0 43.505859375 22.916666666666664 8.097228492078614 10.796304656104818
0 32.03125 21.484375 7.840107775064166 10.453477033418888
0 19.23828125 21.484375 7.840107775064166 10.453477033418888
0 28.564453125 25.1953125 8.490251308132054 11.320335077509403
0 28.41796875 15.494791666666666 6.658149484030587 8.877532645374115
0 10.693359375 17.3828125 7.052136235529384 9.40284831403918
0 16.89453125 19.3359375 7.437779301119349 9.917039068159132
0 6.884765625 19.53125 7.475249459177179 9.966999278902906
0 21.044921875 16.731770833333336 6.9188135063199665 9.225084675093289
0 36.279296875 16.861979166666664 6.945682786096826 9.260910381462436
0 6.103515625 17.643229166666664 7.104764847914316 9.473019797219088
0 45.361328125 16.731770833333336 6.9188135063199665 9.225084675093289
0 73.388671875 16.731770833333336 6.9188135063199665 9.225084675093289
0 91.11328125 20.442708333333336 7.647683158045451 10.196910877393934
0 66.455078125 23.958333333333336 8.279211405182211 11.038948540242949
0 95.703125 20.8984375 7.732458166088822 10.309944221451763
0 71.630859375 22.916666666666664 8.097228492078614 10.796304656104818
0 48.486328125 17.838541666666664 7.143981879101334 9.525309172135112
0 41.015625 21.354166666666664 7.816313766397521 10.421751688530028
0 32.568359375 16.861979166666664 6.945682786096826 9.260910381462436
0 24.169921875 15.364583333333334 6.6301150458985685 8.840153394531425
0 15.087890625 16.40625 6.8511792970714245 9.134905729428567
0 2.880859375 19.986979166666664 7.561957820656658 10.08261042754221
