0 98.2421875 44.98697916666667 11.344989193994817 15.126652258659753
0 82.373046875 57.552083333333336 12.831906763689355 17.10920901825247
0 73.73046875 52.5390625 12.260320694946696 16.347094259928927
0 65.33203125 49.67447916666667 11.92140196815467 15.895202624206226
0 56.005859375 57.942708333333336 12.875380315996695 17.16717375466226
0 45.3125 75.06510416666666 14.654793949637412 19.53972526618322
0 34.033203125 56.4453125 12.707924080601204 16.94389877413494
0 40.869140625 51.106770833333336 12.092048801366547 16.122731735155398
0 38.623046875 39.97395833333333 10.694223308065938 14.258964410754585
0 30.859375 44.27083333333333 11.254326730093856 15.005768973458474
0 9.86328125 60.481770833333336 13.154456825105168 17.53927576680689
0 4.296875 77.47395833333334 14.888074850647545 19.85076646753006
0 16.943359375 38.80208333333333 10.536301575703167 14.048402100937555
0 6.591796875 36.26302083333333 10.185741740892722 13.580988987856962
0 1.416015625 41.6015625 10.909767414379564 14.546356552506085
0 11.572265625 33.65885416666667 9.813192865486773 13.084257153982362
0 4.345703125 27.669270833333332 8.897326499702912 11.863101999603883
0 11.23046875 27.34375 8.84483443981289 11.793112586417188
0 14.501953125 24.934895833333336 8.446260072691679 11.26168009692224
0 14.6484375 19.7265625 7.512532730158185 10.01671030687758
0 6.005859375 19.205729166666664 7.412693970636669 9.883591960848893
0 1.85546875 23.893229166666664 8.267954824306681 11.023939765742242
0 40.478515625 27.994791666666668 8.94951068030712 11.932680907076158
0 45.458984375 31.510416666666668 9.494842032534208 12.659789376712277
0 53.564453125 40.234375 10.72900136184506 14.305335149126746
0 82.6171875 37.6953125 10.38494844187839 13.84659792250452
0 79.833984375 31.184895833333332 9.445671106287941 12.594228141717254
0 74.462890625 28.971354166666668 9.104268731797058 12.139024975729411
0 63.8671875 32.29166666666667 9.611826018080825 12.815768024107768
0 56.396484375 30.859375 9.396242870080965 12.52832382677462
0 50.439453125 25.1953125 8.490251308132054 11.320335077509403
