0 7.861328125 19.3359375 7.437779301119349 9.917039068159132
0 14.6484375 23.893229166666664 8.267954824306681 11.023939765742242
0 20.80078125 22.591145833333336 8.039514082226251 10.719352109635
0 24.609375 19.466145833333336 7.462780310447684 9.950373747263578
0 43.84765625 16.276041666666664 6.823937919616058 9.09858389282141
0 25.634765625 16.666666666666664 6.905339660024879 9.207119546699838
0 66.552734375 15.4296875 6.644147051109997 8.858862734813329
0 72.802734375 14.6484375 6.473755931273323 8.631674575031097
0 78.564453125 20.833333333333336 7.720404443770458 10.293872591693944
0 89.6484375 29.296875 9.1552734375 12.20703125
0 95.99609375 23.2421875 8.154534433525017 10.872712578033356
0 87.40234375 20.182291666666664 7.598815672600545 10.13175423013406
0 80.95703125 19.075520833333336 7.3875234600282 9.850031280037602
0 97.509765625 21.744791666666664 7.887480458569388 10.51664061142585
0 91.943359375 21.875 7.911060422861158 10.548080563814876
0 28.564453125 16.40625 6.8511792970714245 9.134905729428567
0 75.0 16.666666666666664 6.905339660024879 9.207119546699838
0 83.7890625 17.447916666666664 7.065330140863174 9.420440187817565
0 90.33203125 19.205729166666664 7.412693970636669 9.883591960848893
0 85.888671875 17.1875 7.012405574387241 9.349874099182989
0 88.232421875 17.578125 7.091644310682526 9.455525747576702
0 99.8046875 21.484375 7.840107775064166 10.453477033418888
0 4.248046875 20.572916666666664 7.672000176987631 10.229333569316841
