0 34.033203125 63.997395833333336 13.531371629269632 18.041828839026174
0 41.259765625 31.8359375 9.543759625922785 12.725012834563712
0 90.087890625 31.0546875 9.425930915210266 12.567907886947022
0 52.880859375 17.3828125 7.052136235529384 9.40284831403918
0 48.046875 17.643229166666664 7.104764847914316 9.473019797219088
0 13.623046875 18.684895833333336 7.311492035346033 9.748656047128044
0 52.099609375 20.182291666666664 7.598815672600545 10.13175423013406
0 13.330078125 35.546875 10.084662867345157 13.44621715646021
0 72.314453125 23.177083333333336 8.143105507889608 10.857474010519478
0 97.998046875 51.236979166666664 12.107442886277694 16.14325718170359
0 88.232421875 56.0546875 12.663875684354508 16.885167579139345
0 80.615234375 55.143229166666664 12.560495377964282 16.74732717061904
0 66.796875 55.924479166666664 12.649158798866397 16.865545065155196
0 55.95703125 65.95052083333334 13.73630057974475 18.315067439659668
0 42.626953125 77.79947916666666 14.919319533179099 19.892426044238796
0 42.529296875 93.68489583333334 16.371763404543042 21.829017872724055
0 12.6953125 61.067708333333336 13.218022355778636 17.624029807704847
0 3.3203125 58.59375 12.947511862546646 17.263349150062194
0 0.1953125 64.2578125 13.55887444550968 18.078499260679575
0 14.404296875 46.875 11.580606665655687 15.440808887540916
0 9.5703125 34.11458333333333 9.87940311049722 13.17253748066296
0 20.99609375 36.84895833333333 10.267702539831983 13.690270053109312
0 26.220703125 41.73177083333333 10.926827264384862 14.569103019179815
0 35.302734375 45.18229166666667 11.36958984997385 15.159453133298467
0 46.97265625 38.28125 10.46534924284805 13.953798990464069
0 58.0078125 48.95833333333333 11.835155901895336 15.780207869193779
0 53.564453125 37.76041666666667 10.393912576859377 13.85855010247917
0 76.3671875 47.265625 11.628759084019562 15.505012112026082
0 82.177734375 43.1640625 11.112757236348344 14.817009648464458
0 88.720703125 42.3828125 11.01173007365034 14.682306764867118
0 96.58203125 46.35416666666667 11.516090249092533 15.354786998790045
0 93.9453125 37.890625 10.411817693623036 13.88242359149738
0 97.607421875 41.6015625 10.909767414379564 14.546356552506085
0 93.9453125 30.2734375 9.306610523667546 12.408814031556727
0 76.3671875 30.403645833333332 9.326603265341873 12.43547102045583
0 64.111328125 28.450520833333332 9.02206146184966 12.029415282466214
0 97.802734375 36.328125 10.194881035455362 13.593174713940485
0 88.818359375 19.791666666666664 7.524919437217989 10.033225916290652
0 84.08203125 18.294270833333336 7.234661615679748 9.646215487572997
0 94.43359375 20.703125 7.6962403643301345 10.261653819106845
0 78.564453125 17.252604166666664 7.025674092542321 9.367565456723094
0 71.240234375 13.8671875 6.298757153488249 8.398342871317666
0 67.3828125 18.1640625 7.208869513560617 9.611826018080823
0 75.87890625 21.614583333333336 7.863829789260941 10.485106385681254
0 66.6015625 23.307291666666664 8.165947363439729 10.88792981791964
0 77.44140625 20.3125 7.62328857226367 10.164384763018226
0 66.50390625 15.169270833333334 6.587839704871492 8.783786273161988
0 60.888671875 20.052083333333336 7.574263699945591 10.099018266594122
0 55.2734375 17.643229166666664 7.104764847914316 9.473019797219088
0 48.2421875 21.744791666666664 7.887480458569388 10.51664061142585
0 57.12890625 21.354166666666664 7.816313766397521 10.421751688530028
0 59.47265625 28.971354166666668 9.104268731797058 12.139024975729411
0 54.052734375 13.151041666666666 6.133957288281793 8.178609717709058
0 26.513671875 24.739583333333336 8.413115693414442 11.217487591219255
0 27.9296875 29.8828125 9.24637292940864 12.32849723921152
0 16.650390625 27.9296875 8.939098215256843 11.918797620342456
0 2.83203125 25.520833333333332 8.544921875 11.393229166666668
0 14.306640625 24.21875 8.324085508414218 11.098780677885625
0 1.3671875 23.697916666666664 8.234092750996119 10.978790334661493
0 9.1796875 21.223958333333336 7.792447103762027 10.389929471682702
0 22.412109375 20.572916666666664 7.672000176987631 10.229333569316841
0 16.357421875 20.963541666666664 7.7444931277157725 10.325990836954363
0 31.4453125 17.513020833333336 7.0784994535786145 9.437999271438152
0 19.3359375 15.299479166666666 6.61605328023645 8.821404373648601
0 4.833984375 20.703125 7.6962403643301345 10.261653819106845
0 80.712890625 23.177083333333336 8.143105507889608 10.857474010519478
0 97.900390625 25.130208333333332 8.479274895904423 11.305699861205897
0 93.1640625 22.916666666666664 8.097228492078614 10.796304656104818
0 91.259765625 27.278645833333332 8.83429859993294 11.779064799910586
0 76.3671875 16.471354166666664 6.864759447755123 9.15301259700683
0 64.74609375 17.3828125 7.052136235529384 9.40284831403918
0 48.828125 15.690104166666666 6.699981201202437 8.933308268269917
0 41.259765625 17.122395833333336 6.9991119025755095 9.332149203434014
0 51.123046875 12.239583333333332 5.917577950947668 7.8901039345968895
0 37.109375 17.903645833333336 7.157006469457137 9.542675292609516
0 44.091796875 16.731770833333336 6.9188135063199665 9.225084675093289
0 28.90625 22.395833333333336 8.00468569861084 10.672914264814453
0 17.96875 19.791666666666664 7.524919437217989 10.033225916290652
0 5.810546875 18.294270833333336 7.234661615679748 9.646215487572997
0 15.478515625 17.643229166666664 7.104764847914316 9.473019797219088
0 3.02734375 19.466145833333336 7.462780310447684 9.950373747263578
0 21.97265625 16.341145833333336 6.837572174807153 9.116762899742872
0 0.78125 19.205729166666664 7.412693970636669 9.883591960848893
0 29.296875 16.6015625 6.891839471823862 9.189119295765149
0 34.814453125 16.861979166666664 6.945682786096826 9.260910381462436
0 46.09375 16.080729166666664 6.782870718656271 9.043827624875028
0 33.837890625 16.731770833333336 6.9188135063199665 9.225084675093289
0 25.048828125 15.4296875 6.644147051109997 8.858862734813329
0 11.23046875 18.5546875 7.28597191547444 9.714629220632586
0 1.7578125 18.1640625 7.208869513560617 9.611826018080823
0 57.12890625 15.169270833333334 6.587839704871492 8.783786273161988
0 55.6640625 14.518229166666666 6.444919458600731 8.593225944800976
0 61.279296875 16.2109375 6.810276368536802 9.080368491382403
0 72.998046875 16.2109375 6.810276368536802 9.080368491382403
0 70.751953125 22.395833333333336 8.00468569861084 10.672914264814453
0 80.908203125 18.424479166666664 7.2603620931215325 9.680482790828709
0 30.37109375 15.950520833333334 6.755353888299149 9.0071385177322
0 8.59375 18.5546875 7.28597191547444 9.714629220632586
0 26.708984375 16.6015625 6.891839471823862 9.189119295765149
0 26.953125 19.205729166666664 7.412693970636669 9.883591960848893
0 50.341796875 22.916666666666664 8.097228492078614 10.796304656104818
0 56.73828125 27.799479166666668 8.918236814088415 11.890982418784553
0 71.240234375 26.236979166666668 8.66398288975732 11.551977186343091
0 76.46484375 26.236979166666668 8.66398288975732 11.551977186343091
