0 34.326171875 63.997395833333336 13.531371629269632 18.041828839026174
0 50.439453125 50.390625 12.007028547916262 16.00937139722168
0 65.185546875 60.611979166666664 13.16860901513148 17.55814535350864
0 77.685546875 53.645833333333336 12.388783648794213 16.518378198392284
0 86.328125 66.14583333333334 13.756625573223443 18.342167430964594
0 39.84375 85.3515625 15.62666884093275 20.835558454577
0 5.2734375 74.47916666666666 14.597486258668699 19.463315011558265
0 19.53125 49.73958333333333 11.929211600153849 15.905615466871797
0 31.982421875 37.56510416666667 10.366996918617573 13.822662558156765
0 50.439453125 37.04427083333333 10.29487780360901 13.726503738145347
0 62.744140625 35.3515625 10.056919588186085 13.409226117581447
0 80.908203125 39.6484375 10.650591044076627 14.200788058768838
0 67.431640625 42.25260416666667 10.994801962067763 14.659735949423682
0 66.748046875 27.083333333333332 8.802615418613255 11.736820558151006
0 50.048828125 28.90625 9.094033462982996 12.125377950643994
0 41.11328125 33.13802083333333 9.736972737758677 12.982630317011571
0 31.201171875 29.6875 9.216106488367615 12.288141984490153
0 19.04296875 32.48697916666667 9.640850219074288 12.854466958765718
0 26.806640625 24.21875 8.324085508414218 11.098780677885625
0 31.494140625 22.005208333333336 7.9345703125 10.579427083333332
0 40.33203125 26.041666666666668 8.631674575031099 11.508899433374797
0 63.623046875 16.080729166666664 6.782870718656271 9.043827624875028
0 20.60546875 27.864583333333332 8.928673607377803 11.904898143170405
0 79.736328125 19.856770833333336 7.537285788103314 10.049714384137753
0 85.15625 36.00260416666667 10.149102263376399 13.53213635116853
0 92.3828125 31.380208333333332 9.475204282385269 12.633605709847027
0 75.5859375 29.557291666666668 9.195873518871684 12.261164691828911
0 21.09375 20.833333333333336 7.720404443770458 10.293872591693944
0 48.974609375 23.567708333333336 8.211440458419013 10.948587277892017
0 36.42578125 44.140625 11.237764062208234 14.983685416277645
0 58.984375 25.520833333333332 8.544921875 11.393229166666668
