0 71.77734375 60.872395833333336 13.196867865258577 17.59582382034477
0 98.046875 48.95833333333333 11.835155901895336 15.780207869193779
0 86.1328125 39.71354166666667 10.65933178501769 14.212442380023585
0 92.919921875 30.729166666666668 9.376398618003673 12.501864824004896
0 63.525390625 39.2578125 10.597995211294762 14.130660281726351
0 58.056640625 30.924479166666668 9.406149296522488 12.541532395363317
0 47.119140625 16.015625 6.7691262856502785 9.025501714200372
0 32.373046875 30.2734375 9.306610523667546 12.408814031556727
0 39.990234375 24.8046875 8.424178309229896 11.23223774563986
0 58.251953125 17.3828125 7.052136235529384 9.40284831403918
0 48.14453125 22.591145833333336 8.039514082226251 10.719352109635
0 34.9609375 15.625 6.686066375795484 8.914755167727312
0 27.685546875 23.6328125 8.222774405094897 10.963699206793196
0 11.474609375 18.294270833333336 7.234661615679748 9.646215487572997
0 1.806640625 16.471354166666664 6.864759447755123 9.15301259700683
0 9.765625 16.2109375 6.810276368536802 9.080368491382403
0 21.58203125 14.84375 6.516771394062079 8.689028525416106
0 5.908203125 19.53125 7.475249459177179 9.966999278902906
0 7.373046875 29.817708333333332 9.236295135755345 12.315060181007127
0 20.99609375 28.645833333333332 9.052976668817948 12.07063555842393
0 29.98046875 16.666666666666664 6.905339660024879 9.207119546699838
0 17.822265625 21.028645833333336 7.756509415978292 10.342012554637723
0 24.658203125 15.885416666666666 6.741553355216833 8.988737806955777
0 46.337890625 13.346354166666666 6.179338602086361 8.239118136115147
0 41.69921875 32.29166666666667 9.611826018080825 12.815768024107768
0 63.96484375 13.932291666666666 6.313525654778199 8.418034206370931
0 79.98046875 22.721354166666664 8.062649422377262 10.75019922983635
0 68.06640625 18.489583333333336 7.273178276253042 9.697571035004056
0 62.353515625 14.518229166666666 6.444919458600731 8.593225944800976
0 78.61328125 15.299479166666666 6.61605328023645 8.821404373648601
0 94.091796875 19.401041666666664 7.450290292806215 9.933720390408286
0 81.005859375 16.796875 6.932261164306974 9.243014885742634
0 56.34765625 14.518229166666666 6.444919458600731 8.593225944800976
0 27.34375 19.986979166666664 7.561957820656658 10.08261042754221
0 43.84765625 23.046875 8.120199399200482 10.82693253226731
0 65.4296875 17.252604166666664 7.025674092542321 9.367565456723094
0 87.255859375 16.796875 6.932261164306974 9.243014885742634
0 68.408203125 15.885416666666666 6.741553355216833 8.988737806955777
0 88.525390625 25.455729166666668 8.53401578009617 11.378687706794894
0 98.486328125 31.184895833333332 9.445671106287941 12.594228141717254
0 85.302734375 32.87760416666667 9.698638050580264 12.931517400773687
0 98.291015625 20.3125 7.62328857226367 10.164384763018226
0 89.208984375 30.2734375 9.306610523667546 12.408814031556727
