0 91.6015625 88.8671875 15.945252047867593 21.260336063823456
0 82.03125 62.825520833333336 13.406910788872556 17.875881051830074
0 0.48828125 16.536458333333336 6.878312786611722 9.171083715482297
0 7.03125 16.015625 6.7691262856502785 9.025501714200372
0 2.5390625 17.3828125 7.052136235529384 9.40284831403918
0 25.09765625 14.713541666666666 6.488126106405426 8.650834808540568
0 4.296875 17.122395833333336 6.9991119025755095 9.332149203434014
0 1.953125 20.5078125 7.659851317145468 10.21313508952729
0 6.73828125 19.140625 7.400119417103358 9.866825889471144
0 7.8125 22.8515625 8.085718566584333 10.780958088779109
0 4.00390625 24.739583333333336 8.413115693414442 11.217487591219255
0 10.107421875 17.513020833333336 7.0784994535786145 9.437999271438152
0 16.845703125 18.684895833333336 7.311492035346033 9.748656047128044
0 11.962890625 19.270833333333336 7.425247229367944 9.900329639157258
0 19.873046875 21.158854166666664 7.780486318348366 10.373981757797822
0 13.76953125 21.940104166666664 7.92282408798045 10.5637654506406
0 14.35546875 16.9921875 6.972448522214271 9.296598029619028
0 21.09375 18.098958333333336 7.195938795502683 9.594585060670244
0 27.34375 13.020833333333334 6.103515625 8.138020833333332
0 30.76171875 21.223958333333336 7.792447103762027 10.389929471682702
0 28.61328125 14.192708333333334 6.372257390692475 8.496343187589966
0 30.615234375 18.9453125 7.3622668956389274 9.816355860851903
0 36.5234375 13.541666666666666 6.224389054678692 8.299185406238257
0 26.904296875 18.619791666666664 7.298743129334349 9.731657505779133
0 34.86328125 14.973958333333334 6.545291317604741 8.727055090139656
0 29.39453125 16.731770833333336 6.9188135063199665 9.225084675093289
0 40.185546875 25.390625 8.523095729839442 11.364127639785922
0 33.0078125 14.6484375 6.473755931273323 8.631674575031097
0 48.4375 28.125 8.970299351012615 11.960399134683486
0 30.76171875 14.0625 6.342959500374307 8.457279333832409
0 61.083984375 35.48177083333333 10.075423595714831 13.433898127619774
0 36.1328125 16.731770833333336 6.9188135063199665 9.225084675093289
0 40.478515625 15.4296875 6.644147051109997 8.858862734813329
0 28.125 23.828125 8.256682897014576 11.008910529352768
0 41.9921875 16.796875 6.932261164306974 9.243014885742634
0 22.509765625 26.5625 8.717563999686098 11.62341866624813
0 44.43359375 15.234375 6.60196156395994 8.802615418613254
0 47.021484375 22.981770833333336 8.108722079825698 10.811629439767596
0 47.412109375 14.84375 6.516771394062079 8.689028525416106
0 53.515625 13.606770833333334 6.2393335877260965 8.319111450301463
0 49.365234375 17.317708333333336 7.038917599286375 9.385223465715166
0 61.03515625 30.2734375 9.306610523667546 12.408814031556727
0 49.658203125 20.052083333333336 7.574263699945591 10.099018266594122
0 17.578125 32.421875 9.631185203893738 12.84158027185832
0 11.328125 28.645833333333332 9.052976668817948 12.07063555842393
0 4.736328125 29.8828125 9.24637292940864 12.32849723921152
0 31.982421875 35.546875 10.084662867345157 13.44621715646021
0 33.837890625 28.7109375 9.063258303782652 12.084344405043536
0 42.041015625 30.6640625 9.366460725843998 12.48861430112533
0 55.6640625 13.736979166666666 6.269115778861736 8.358821038482315
0 60.302734375 21.419270833333336 7.828219811023351 10.437626414697803
0 58.69140625 13.997395833333334 6.328259690346595 8.437679587128793
0 55.517578125 16.2109375 6.810276368536802 9.080368491382403
0 60.498046875 18.359375 7.247523246483103 9.663364328644137
0 65.91796875 14.127604166666666 6.3576253222655215 8.476833763020695
0 58.056640625 19.466145833333336 7.462780310447684 9.950373747263578
0 58.30078125 25.520833333333332 8.544921875 11.393229166666668
0 64.2578125 12.369791666666668 5.948971157720314 7.931961543627086
0 66.796875 23.6328125 8.222774405094897 10.963699206793196
0 70.458984375 17.643229166666664 7.104764847914316 9.473019797219088
0 71.630859375 22.200520833333336 7.969705113037473 10.626273484049964
0 73.33984375 16.276041666666664 6.823937919616058 9.09858389282141
0 75.927734375 28.90625 9.094033462982996 12.125377950643994
0 78.90625 23.763020833333336 8.245395560367612 10.993860747156816
0 66.748046875 27.9296875 8.939098215256843 11.918797620342456
0 76.318359375 22.005208333333336 7.9345703125 10.579427083333332
0 87.353515625 19.856770833333336 7.537285788103314 10.049714384137753
0 92.578125 22.135416666666664 7.958010748538389 10.610680998051187
0 98.73046875 27.604166666666668 8.886852892188134 11.849137189584178
0 98.6328125 34.63541666666667 9.954532733337459 13.272710311116612
0 79.98046875 18.359375 7.247523246483103 9.663364328644137
0 87.890625 32.16145833333333 9.592427762147041 12.789903682862722
0 80.6640625 15.625 6.686066375795484 8.914755167727312
0 92.333984375 31.510416666666668 9.494842032534208 12.659789376712277
0 82.2265625 15.4296875 6.644147051109997 8.858862734813329
0 89.55078125 24.21875 8.324085508414218 11.098780677885625
0 83.984375 15.8203125 6.72772451325946 8.970299351012613
0 82.958984375 20.833333333333336 7.720404443770458 10.293872591693944
0 74.21875 33.07291666666667 9.727403229070575 12.9698709720941
0 81.982421875 22.4609375 8.016311973000304 10.688415964000404
0 86.42578125 22.005208333333336 7.9345703125 10.579427083333332
0 89.55078125 26.5625 8.717563999686098 11.62341866624813
0 66.6015625 40.36458333333333 10.746348182164922 14.328464242886563
0 88.96484375 28.776041666666668 9.073528288158268 12.098037717544358
0 96.09375 49.86979166666667 11.944815546130936 15.92642072817458
0 80.224609375 37.17447916666667 10.31295486371814 13.75060648495752
0 76.318359375 51.432291666666664 12.130497384247919 16.17399651233056
0 48.291015625 34.89583333333333 9.991885707852113 13.322514277136149
0 53.125 45.76822916666667 11.443074499055587 15.25743266540745
0 91.748046875 19.791666666666664 7.524919437217989 10.033225916290652
0 35.64453125 43.359375 11.137870844051916 14.850494458735888
0 21.435546875 48.30729166666667 11.756201345372451 15.674935127163266
0 35.302734375 63.606770833333336 13.49001227130148 17.986683028401973
0 40.8203125 85.41666666666666 15.632627532795041 20.843503377060056
0 67.919921875 58.333333333333336 12.918707573557572 17.224943431410097
0 1.708984375 61.848958333333336 13.302303904848248 17.73640520646433
0 0.341796875 47.39583333333333 11.644765642296699 15.526354189728933
0 40.380859375 19.140625 7.400119417103358 9.866825889471144
0 42.431640625 24.0234375 8.290452702152177 11.053936936202902
0 19.04296875 15.364583333333334 6.6301150458985685 8.840153394531425
0 21.923828125 15.625 6.686066375795484 8.914755167727312
0 66.50390625 16.9921875 6.972448522214271 9.296598029619028
0 51.513671875 16.796875 6.932261164306974 9.243014885742634
0 95.263671875 24.609375 8.39094670707246 11.187928942763282
