0 95.1171875 50.455729166666664 12.01478252260103 16.019710030134707
0 92.96875 43.9453125 11.212874188765769 14.950498918354358
0 95.1171875 36.65364583333333 10.240455160865794 13.653940214487726
0 99.4140625 44.7265625 11.312105098175438 15.082806797567253
0 91.2109375 87.95572916666666 15.863270774373811 21.15102769916508
0 84.521484375 61.263020833333336 13.239143044118567 17.652190725491423
0 75.390625 53.059895833333336 12.320940697135223 16.427920929513633
0 65.0390625 56.380208333333336 12.700593290212897 16.93412438695053
0 41.064453125 54.166666666666664 12.448778109357384 16.598370812476514
0 45.458984375 80.98958333333334 15.222123917651276 20.296165223535034
0 7.12890625 74.4140625 14.591104843605859 19.454806458141146
0 1.07421875 54.166666666666664 12.448778109357384 16.598370812476514
0 20.751953125 51.822916666666664 12.176475429235841 16.235300572314458
0 8.740234375 37.109375 10.30392029793343 13.738560397244573
0 3.61328125 32.68229166666667 9.669787303317175 12.893049737756234
0 3.125 26.171875 8.653226854710587 11.537635806280782
0 17.578125 31.0546875 9.425930915210266 12.567907886947022
0 9.27734375 28.190104166666668 8.980675640601907 11.974234187469209
0 21.142578125 19.466145833333336 7.462780310447684 9.950373747263578
0 23.095703125 25.9765625 8.620878229873984 11.494504306498644
0 28.3203125 22.721354166666664 8.062649422377262 10.75019922983635
0 31.396484375 31.315104166666668 9.465370128949479 12.62049350526597
0 36.23046875 40.10416666666667 10.711626449453275 14.282168599271033
0 42.3828125 28.059895833333332 8.959911044862793 11.946548059817056
0 48.2421875 35.41666666666667 10.066175843793117 13.421567791724156
0 50.1953125 29.296875 9.1552734375 12.20703125
0 58.3984375 29.427083333333332 9.175595934065496 12.234127912087327
0 63.525390625 27.5390625 8.876366926421502 11.835155901895336
0 57.861328125 21.09375 7.768507117527988 10.358009490037318
0 50.29296875 24.088541666666664 8.301678777304348 11.068905036405797
0 50.68359375 31.4453125 9.485028239697298 12.646704319596397
0 51.806640625 24.609375 8.39094670707246 11.187928942763282
0 80.126953125 35.28645833333333 10.047654805392046 13.39687307385606
0 74.609375 25.9765625 8.620878229873984 11.494504306498644
0 73.33984375 28.3203125 9.001392336274797 12.001856448366395
0 90.8203125 33.13802083333333 9.736972737758677 12.982630317011571
0 88.037109375 25.325520833333332 8.512161670520847 11.349548894027794
0 81.0546875 26.302083333333332 8.674725588105405 11.56630078414054
0 72.021484375 19.466145833333336 7.462780310447684 9.950373747263578
0 61.962890625 18.619791666666664 7.298743129334349 9.731657505779133
0 57.373046875 16.731770833333336 6.9188135063199665 9.225084675093289
0 48.33984375 20.1171875 7.586549618320344 10.115399491093791
0 40.869140625 18.489583333333336 7.273178276253042 9.697571035004056
0 16.845703125 18.619791666666664 7.298743129334349 9.731657505779133
0 12.255859375 21.875 7.911060422861158 10.548080563814876
0 4.248046875 21.744791666666664 7.887480458569388 10.51664061142585
0 90.478515625 28.190104166666668 8.980675640601907 11.974234187469209
0 96.533203125 20.833333333333336 7.720404443770458 10.293872591693944
0 97.998046875 28.190104166666668 8.980675640601907 11.974234187469209
0 79.1015625 18.880208333333336 7.349606066157407 9.799474754876544
0 72.021484375 16.731770833333336 6.9188135063199665 9.225084675093289
0 62.5 10.807291666666668 5.56056737008319 7.4140898267775865
0 55.419921875 13.671875 6.254242410864013 8.338989881152017
0 44.140625 15.0390625 6.559504779115197 8.746006372153596
0 49.267578125 16.145833333333336 6.796587356970242 9.062116475960323
0 50.5859375 14.908854166666666 6.531046923532928 8.708062564710572
0 60.3515625 12.630208333333334 6.011265748166568 8.015020997555423
0 68.9453125 12.174479166666668 5.901818727360142 7.8690916364801895
0 77.880859375 14.2578125 6.386855937639267 8.515807916852356
0 84.033203125 16.731770833333336 6.9188135063199665 9.225084675093289
0 89.990234375 19.140625 7.400119417103358 9.866825889471144
0 37.98828125 14.2578125 6.386855937639267 8.515807916852356
0 35.498046875 15.364583333333334 6.6301150458985685 8.840153394531425
0 28.955078125 16.6015625 6.891839471823862 9.189119295765149
0 18.798828125 13.28125 6.16424861960576 8.218998159474348
0 7.6171875 17.252604166666664 7.025674092542321 9.367565456723094
0 6.201171875 18.229166666666664 7.221777078979024 9.629036105305365
0 11.62109375 14.388020833333334 6.415953381844678 8.554604509126236
0 16.2109375 13.411458333333334 6.194391824397107 8.259189099196142
0 21.77734375 13.28125 6.16424861960576 8.218998159474348
0 27.001953125 12.5 5.980199567341744 7.973599423122326
0 25.68359375 14.778645833333334 6.502464524127966 8.669952698837287
0 32.958984375 14.127604166666666 6.3576253222655215 8.476833763020695
0 39.501953125 14.2578125 6.386855937639267 8.515807916852356
0 29.6875 12.890625 6.072921369058959 8.097228492078614
0 45.654296875 13.411458333333334 6.194391824397107 8.259189099196142
0 65.234375 12.890625 6.072921369058959 8.097228492078614
0 55.712890625 11.653645833333332 5.7741967555006415 7.698929007334189
0 42.08984375 12.5 5.980199567341744 7.973599423122326
0 32.2265625 17.7734375 7.130933499479933 9.50791133263991
0 72.4609375 12.5 5.980199567341744 7.973599423122326
0 80.6640625 16.276041666666664 6.823937919616058 9.09858389282141
0 79.1015625 43.359375 11.137870844051916 14.850494458735888
0 86.181640625 30.924479166666668 9.406149296522488 12.541532395363317
0 74.70703125 32.16145833333333 9.592427762147041 12.789903682862722
0 64.013671875 30.403645833333332 9.326603265341873 12.43547102045583
0 77.34375 30.794270833333332 9.386325988299376 12.515101317732501
0 82.470703125 40.88541666666667 10.81545724284018 14.42060965712024
0 50.68359375 39.2578125 10.597995211294762 14.130660281726351
0 50.87890625 47.4609375 11.652760676291981 15.537014235055976
0 54.78515625 52.018229166666664 12.199399469791677 16.265865959722237
0 47.94921875 38.8671875 10.545137050275265 14.060182733700355
0 58.056640625 36.00260416666667 10.149102263376399 13.53213635116853
0 62.158203125 31.184895833333332 9.445671106287941 12.594228141717254
0 29.345703125 34.765625 9.973226707988399 13.297635610651199
0 31.73828125 20.247395833333336 7.611061958825638 10.148082611767517
0 31.494140625 36.78385416666667 10.258628121320564 13.678170828427419
0 2.197265625 60.026041666666664 13.104803804677667 17.473071739570223
0 1.66015625 49.4140625 11.89011214525034 15.853482860333786
0 67.724609375 62.109375 13.3302793382822 17.77370578437627
0 69.677734375 23.4375 8.188725503539269 10.918300671385692
0 66.6015625 22.8515625 8.085718566584333 10.780958088779109
0 59.619140625 21.875 7.911060422861158 10.548080563814876
0 47.119140625 22.8515625 8.085718566584333 10.780958088779109
0 26.26953125 16.40625 6.8511792970714245 9.134905729428567
0 26.3671875 19.140625 7.400119417103358 9.866825889471144
0 41.89453125 25.846354166666668 8.59924487524742 11.465659833663226
0 42.919921875 23.697916666666664 8.234092750996119 10.978790334661493
0 40.33203125 22.591145833333336 8.039514082226251 10.719352109635
0 35.595703125 12.044270833333332 5.870173358664351 7.826897811552468
0 31.73828125 12.890625 6.072921369058959 8.097228492078614
0 24.462890625 14.518229166666666 6.444919458600731 8.593225944800976
0 23.73046875 12.5 5.980199567341744 7.973599423122326
0 7.71484375 14.6484375 6.473755931273323 8.631674575031097
0 4.638671875 15.494791666666666 6.658149484030587 8.877532645374115
0 2.880859375 15.625 6.686066375795484 8.914755167727312
0 92.87109375 17.7734375 7.130933499479933 9.50791133263991
0 99.51171875 18.619791666666664 7.298743129334349 9.731657505779133
0 85.791015625 17.3828125 7.052136235529384 9.40284831403918
0 87.20703125 19.856770833333336 7.537285788103314 10.049714384137753
0 86.279296875 15.364583333333334 6.6301150458985685 8.840153394531425
0 88.134765625 15.494791666666666 6.658149484030587 8.877532645374115
0 90.283203125 22.721354166666664 8.062649422377262 10.75019922983635
0 92.96875 24.934895833333336 8.446260072691679 11.26168009692224
0 92.724609375 29.427083333333332 9.175595934065496 12.234127912087327
0 95.01953125 30.924479166666668 9.406149296522488 12.541532395363317
0 86.669921875 24.21875 8.324085508414218 11.098780677885625
0 83.3984375 19.140625 7.400119417103358 9.866825889471144
0 81.884765625 17.96875 7.170007400189656 9.56000986691954
0 71.435546875 22.4609375 8.016311973000304 10.688415964000404
0 46.6796875 14.778645833333334 6.502464524127966 8.669952698837287
0 20.01953125 25.716145833333332 8.57755695956738 11.436742612756506
0 51.025390625 18.75 7.32421875 9.765625
0 58.88671875 25.1953125 8.490251308132054 11.320335077509403
0 60.83984375 25.5859375 8.555814067917595 11.407752090556793
0 62.3046875 35.02604166666667 10.010509928501419 13.347346571335224
0 75.29296875 13.8671875 6.298757153488249 8.398342871317666
0 70.60546875 13.411458333333334 6.194391824397107 8.259189099196142
0 82.8125 15.234375 6.60196156395994 8.802615418613254
0 88.427734375 17.3828125 7.052136235529384 9.40284831403918
0 88.330078125 64.84375 13.620552737073607 18.16073698276481
0 13.96484375 19.010416666666664 7.37490598974278 9.833207986323707
0 10.888671875 18.359375 7.247523246483103 9.663364328644137
0 14.892578125 14.6484375 6.473755931273323 8.631674575031097
0 20.654296875 15.755208333333334 6.7138671875 8.951822916666668
0 19.091796875 18.229166666666664 7.221777078979024 9.629036105305365
0 40.869140625 13.151041666666666 6.133957288281793 8.178609717709058
0 57.763671875 11.9140625 5.838356466585996 7.784475288781327
0 66.9921875 12.890625 6.072921369058959 8.097228492078614
0 79.19921875 16.145833333333336 6.796587356970242 9.062116475960323
0 93.1640625 21.09375 7.768507117527988 10.358009490037318
0 75.634765625 16.861979166666664 6.945682786096826 9.260910381462436
0 68.45703125 18.229166666666664 7.221777078979024 9.629036105305365
0 66.9921875 17.252604166666664 7.025674092542321 9.367565456723094
0 58.7890625 13.151041666666666 6.133957288281793 8.178609717709058
0 10.205078125 16.276041666666664 6.823937919616058 9.09858389282141
0 0.634765625 17.252604166666664 7.025674092542321 9.367565456723094
0 0.634765625 29.817708333333332 9.236295135755345 12.315060181007127
0 35.302734375 28.059895833333332 8.959911044862793 11.946548059817056
0 95.1171875 19.140625 7.400119417103358 9.866825889471144
0 98.095703125 21.744791666666664 7.887480458569388 10.51664061142585
0 81.54296875 13.541666666666666 6.224389054678692 8.299185406238257
0 78.076171875 23.828125 8.256682897014576 11.008910529352768
