0 1.3671875 18.619791666666664 7.298743129334349 9.731657505779133
0 2.880859375 18.098958333333336 7.195938795502683 9.594585060670244
0 4.931640625 19.466145833333336 7.462780310447684 9.950373747263578
0 2.880859375 20.3125 7.62328857226367 10.164384763018226
0 1.708984375 27.083333333333332 8.802615418613255 11.736820558151006
0 3.662109375 45.83333333333333 11.45121035113142 15.268280468175227
0 7.470703125 61.393229166666664 13.253204803838173 17.670939738450897
0 7.568359375 28.450520833333332 9.02206146184966 12.029415282466214
0 6.005859375 18.815104166666664 7.336923388776433 9.782564518368577
0 7.177734375 18.9453125 7.3622668956389274 9.816355860851903
0 8.837890625 17.643229166666664 7.104764847914316 9.473019797219088
0 10.3515625 19.596354166666664 7.487697843252746 9.983597124336994
0 10.44921875 15.690104166666666 6.699981201202437 8.933308268269917
0 12.255859375 17.447916666666664 7.065330140863174 9.420440187817565
0 14.0625 17.252604166666664 7.025674092542321 9.367565456723094
0 15.52734375 16.276041666666664 6.823937919616058 9.09858389282141
0 17.1875 15.0390625 6.559504779115197 8.746006372153596
0 18.603515625 15.234375 6.60196156395994 8.802615418613254
0 17.48046875 17.3828125 7.052136235529384 9.40284831403918
0 16.455078125 19.3359375 7.437779301119349 9.917039068159132
0 14.501953125 22.721354166666664 8.062649422377262 10.75019922983635
0 15.8203125 29.752604166666668 9.22620633412535 12.301608445500468
0 17.431640625 36.5234375 10.22224989284926 13.629666523799013
0 23.14453125 48.2421875 11.748276705883885 15.664368941178514
0 18.9453125 19.270833333333336 7.425247229367944 9.900329639157258
0 21.240234375 18.294270833333336 7.234661615679748 9.646215487572997
0 22.16796875 15.950520833333334 6.755353888299149 9.0071385177322
0 23.779296875 15.234375 6.60196156395994 8.802615418613254
0 25.341796875 14.583333333333334 6.459353786778786 8.612471715705048
0 25.341796875 15.885416666666666 6.741553355216833 8.988737806955777
0 23.92578125 18.9453125 7.3622668956389274 9.816355860851903
0 23.583984375 21.158854166666664 7.780486318348366 10.373981757797822
0 27.880859375 14.2578125 6.386855937639267 8.515807916852356
0 26.953125 17.578125 7.091644310682526 9.455525747576702
0 29.39453125 16.276041666666664 6.823937919616058 9.09858389282141
0 30.810546875 15.234375 6.60196156395994 8.802615418613254
0 32.080078125 14.192708333333334 6.372257390692475 8.496343187589966
0 32.080078125 15.950520833333334 6.755353888299149 9.0071385177322
0 29.541015625 18.75 7.32421875 9.765625
0 32.568359375 20.768229166666664 7.708331872750909 10.277775830334546
0 28.369140625 23.046875 8.120199399200482 10.82693253226731
0 23.291015625 25.716145833333332 8.57755695956738 11.436742612756506
0 28.02734375 31.4453125 9.485028239697298 12.646704319596397
0 32.71484375 28.125 8.970299351012615 11.960399134683486
0 34.716796875 17.578125 7.091644310682526 9.455525747576702
0 36.62109375 15.950520833333334 6.755353888299149 9.0071385177322
0 37.5 14.908854166666666 6.531046923532928 8.708062564710572
0 38.232421875 15.885416666666666 6.741553355216833 8.988737806955777
0 39.6484375 15.364583333333334 6.6301150458985685 8.840153394531425
0 41.064453125 15.885416666666666 6.741553355216833 8.988737806955777
0 42.08984375 15.755208333333334 6.7138671875 8.951822916666668
0 37.744140625 18.424479166666664 7.2603620931215325 9.680482790828709
0 45.01953125 15.755208333333334 6.7138671875 8.951822916666668
0 41.2109375 20.638020833333336 7.684129829110212 10.245506438813615
0 39.16015625 25.260416666666668 8.501213548086012 11.334951397448016
0 38.8671875 38.21614583333333 10.456446349494515 13.941928465992687
0 45.263671875 31.640625 9.51443925056146 12.685919000748614
0 44.3359375 36.06770833333333 10.158274522151634 13.544366029535512
0 50.9765625 46.35416666666667 11.516090249092533 15.354786998790045
0 46.2890625 52.083333333333336 12.20703125 16.276041666666664
0 46.875 14.388020833333334 6.415953381844678 8.554604509126236
0 48.291015625 15.559895833333334 6.672122530845778 8.896163374461038
0 48.291015625 17.578125 7.091644310682526 9.455525747576702
0 46.875 22.330729166666664 7.993042513249997 10.657390017666662
0 49.169921875 26.888020833333332 8.770817787597604 11.694423716796805
0 51.5625 16.080729166666664 6.782870718656271 9.043827624875028
0 53.271484375 15.690104166666666 6.699981201202437 8.933308268269917
0 51.708984375 20.442708333333336 7.647683158045451 10.196910877393934
0 54.4921875 17.643229166666664 7.104764847914316 9.473019797219088
0 54.150390625 23.893229166666664 8.267954824306681 11.023939765742242
0 55.56640625 30.924479166666668 9.406149296522488 12.541532395363317
0 56.298828125 14.2578125 6.386855937639267 8.515807916852356
0 58.203125 13.997395833333334 6.328259690346595 8.437679587128793
0 58.935546875 15.0390625 6.559504779115197 8.746006372153596
0 60.3515625 15.4296875 6.644147051109997 8.858862734813329
0 61.376953125 14.388020833333334 6.415953381844678 8.554604509126236
0 58.59375 17.643229166666664 7.104764847914316 9.473019797219088
0 58.203125 22.005208333333336 7.9345703125 10.579427083333332
0 64.94140625 15.690104166666666 6.699981201202437 8.933308268269917
0 65.8203125 17.96875 7.170007400189656 9.56000986691954
0 66.552734375 22.005208333333336 7.9345703125 10.579427083333332
0 64.013671875 27.083333333333332 8.802615418613255 11.736820558151006
0 59.9609375 33.984375 9.860531263063667 13.147375017418222
0 63.037109375 36.328125 10.194881035455362 13.593174713940485
0 67.822265625 14.388020833333334 6.415953381844678 8.554604509126236
0 68.701171875 13.671875 6.254242410864013 8.338989881152017
0 69.384765625 14.518229166666666 6.444919458600731 8.593225944800976
0 68.310546875 15.755208333333334 6.7138671875 8.951822916666668
0 70.21484375 15.4296875 6.644147051109997 8.858862734813329
0 71.044921875 14.2578125 6.386855937639267 8.515807916852356
0 69.384765625 22.200520833333336 7.969705113037473 10.626273484049964
0 71.240234375 18.619791666666664 7.298743129334349 9.731657505779133
0 72.65625 15.4296875 6.644147051109997 8.858862734813329
0 74.4140625 16.2109375 6.810276368536802 9.080368491382403
0 75.09765625 14.388020833333334 6.415953381844678 8.554604509126236
0 75.5859375 15.104166666666666 6.573687508709111 8.764916678278816
0 77.734375 15.364583333333334 6.6301150458985685 8.840153394531425
0 76.318359375 15.885416666666666 6.741553355216833 8.988737806955777
0 75.927734375 18.619791666666664 7.298743129334349 9.731657505779133
0 79.4921875 15.690104166666666 6.699981201202437 8.933308268269917
0 78.61328125 17.252604166666664 7.025674092542321 9.367565456723094
0 79.39453125 18.815104166666664 7.336923388776433 9.782564518368577
0 76.07421875 21.6796875 7.875664001809045 10.500885335745393
0 78.857421875 23.502604166666664 8.200090846279542 10.933454461706056
0 76.3671875 26.888020833333332 8.770817787597604 11.694423716796805
0 72.75390625 33.65885416666667 9.813192865486773 13.084257153982362
0 75.09765625 40.55989583333333 10.77231603681811 14.363088049090814
0 73.681640625 46.875 11.580606665655687 15.440808887540916
0 74.560546875 57.03125 12.773711875278535 17.031615833704713
0 81.201171875 16.536458333333336 6.878312786611722 9.171083715482297
0 81.4453125 18.098958333333336 7.195938795502683 9.594585060670244
0 81.201171875 22.135416666666664 7.958010748538389 10.610680998051187
0 83.544921875 20.182291666666664 7.598815672600545 10.13175423013406
0 84.5703125 18.098958333333336 7.195938795502683 9.594585060670244
0 85.7421875 18.294270833333336 7.234661615679748 9.646215487572997
0 86.962890625 18.489583333333336 7.273178276253042 9.697571035004056
0 87.98828125 17.447916666666664 7.065330140863174 9.420440187817565
0 92.041015625 18.229166666666664 7.221777078979024 9.629036105305365
0 90.52734375 19.921875 7.549631882844837 10.066175843793117
0 89.6484375 18.489583333333336 7.273178276253042 9.697571035004056
0 88.232421875 20.182291666666664 7.598815672600545 10.13175423013406
0 93.9453125 20.833333333333336 7.720404443770458 10.293872591693944
0 92.431640625 20.442708333333336 7.647683158045451 10.196910877393934
0 91.69921875 22.135416666666664 7.958010748538389 10.610680998051187
0 90.0390625 25.0 8.457279333832409 11.276372445109878
0 87.255859375 25.0 8.457279333832409 11.276372445109878
0 87.40234375 27.734375 8.907787792557633 11.877050390076842
0 87.744140625 33.203125 9.746532850751532 12.995377134335376
0 86.1328125 37.17447916666667 10.31295486371814 13.75060648495752
0 83.056640625 41.47135416666667 10.892680845687712 14.523574460916949
0 94.140625 54.622395833333336 12.501037077797877 16.668049437063836
0 96.142578125 21.028645833333336 7.756509415978292 10.342012554637723
0 99.4140625 20.768229166666664 7.708331872750909 10.277775830334546
0 99.70703125 23.502604166666664 8.200090846279542 10.933454461706056
0 97.509765625 23.502604166666664 8.200090846279542 10.933454461706056
0 94.970703125 22.200520833333336 7.969705113037473 10.626273484049964
0 94.775390625 27.083333333333332 8.802615418613255 11.736820558151006
0 96.630859375 28.776041666666668 9.073528288158268 12.098037717544358
0 99.4140625 31.640625 9.51443925056146 12.685919000748614
