0 82.71484375 45.63802083333333 11.426785416777987 15.235713889037317
0 91.748046875 47.78645833333333 11.69265384562257 15.590205127496759
0 81.884765625 38.54166666666667 10.500885335745396 14.001180447660527
0 93.45703125 38.93229166666667 10.553965128046011 14.07195350406135
0 68.84765625 42.1875 10.986328125 14.6484375
0 71.630859375 33.33333333333333 9.765625 13.020833333333334
0 67.041015625 29.036458333333332 9.114492506755418 12.15265667567389
0 58.49609375 31.315104166666668 9.465370128949479 12.62049350526597
0 63.232421875 23.567708333333336 8.211440458419013 10.948587277892017
0 57.177734375 19.010416666666664 7.37490598974278 9.833207986323707
0 62.5 20.247395833333336 7.611061958825638 10.148082611767517
0 50.341796875 19.53125 7.475249459177179 9.966999278902906
0 41.015625 23.958333333333336 8.279211405182211 11.038948540242949
0 29.78515625 23.567708333333336 8.211440458419013 10.948587277892017
0 20.654296875 22.0703125 7.946299173761924 10.595065565015899
0 2.880859375 23.697916666666664 8.234092750996119 10.978790334661493
0 11.62109375 18.489583333333336 7.273178276253042 9.697571035004056
0 5.17578125 21.809895833333336 7.8992792392241125 10.532372318965482
0 18.65234375 17.643229166666664 7.104764847914316 9.473019797219088
0 4.6875 18.489583333333336 7.273178276253042 9.697571035004056
0 17.236328125 15.104166666666666 6.573687508709111 8.764916678278816
0 2.197265625 18.359375 7.247523246483103 9.663364328644137
0 24.853515625 18.880208333333336 7.349606066157407 9.799474754876544
0 35.498046875 17.122395833333336 6.9991119025755095 9.332149203434014
0 27.1484375 15.8203125 6.72772451325946 8.970299351012613
0 19.43359375 15.364583333333334 6.6301150458985685 8.840153394531425
0 31.982421875 15.690104166666666 6.699981201202437 8.933308268269917
0 40.0390625 17.122395833333336 6.9991119025755095 9.332149203434014
0 33.59375 15.950520833333334 6.755353888299149 9.0071385177322
0 37.59765625 19.53125 7.475249459177179 9.966999278902906
0 36.81640625 14.84375 6.516771394062079 8.689028525416106
0 38.818359375 15.234375 6.60196156395994 8.802615418613254
0 45.166015625 15.494791666666666 6.658149484030587 8.877532645374115
0 45.849609375 19.661458333333336 7.500125566067204 10.00016742142294
0 52.490234375 16.6015625 6.891839471823862 9.189119295765149
0 59.27734375 15.234375 6.60196156395994 8.802615418613254
0 47.75390625 15.234375 6.60196156395994 8.802615418613254
0 56.201171875 15.104166666666666 6.573687508709111 8.764916678278816
0 64.697265625 15.559895833333334 6.672122530845778 8.896163374461038
0 75.48828125 22.4609375 8.016311973000304 10.688415964000404
0 66.845703125 15.104166666666666 6.573687508709111 8.764916678278816
0 72.65625 17.7734375 7.130933499479933 9.50791133263991
0 71.630859375 14.84375 6.516771394062079 8.689028525416106
0 69.140625 15.494791666666666 6.658149484030587 8.877532645374115
0 82.275390625 19.661458333333336 7.500125566067204 10.00016742142294
0 77.880859375 22.4609375 8.016311973000304 10.688415964000404
0 80.17578125 29.557291666666668 9.195873518871684 12.261164691828911
0 87.109375 32.421875 9.631185203893738 12.84158027185832
0 87.59765625 24.869791666666664 8.435226416678011 11.246968555570682
0 98.583984375 31.705729166666668 9.524222738236839 12.698963650982451
0 99.560546875 25.0 8.457279333832409 11.276372445109878
0 94.82421875 23.046875 8.120199399200482 10.82693253226731
0 85.302734375 19.661458333333336 7.500125566067204 10.00016742142294
0 90.33203125 22.0703125 7.946299173761924 10.595065565015899
0 98.974609375 21.940104166666664 7.92282408798045 10.5637654506406
0 92.138671875 20.8984375 7.732458166088822 10.309944221451763
0 84.716796875 17.3828125 7.052136235529384 9.40284831403918
0 83.59375 17.513020833333336 7.0784994535786145 9.437999271438152
0 76.5625 15.690104166666666 6.699981201202437 8.933308268269917
0 77.05078125 19.401041666666664 7.450290292806215 9.933720390408286
0 79.98046875 15.8203125 6.72772451325946 8.970299351012613
0 78.369140625 16.341145833333336 6.837572174807153 9.116762899742872
0 86.71875 19.53125 7.475249459177179 9.966999278902906
0 89.306640625 18.619791666666664 7.298743129334349 9.731657505779133
0 93.45703125 18.880208333333336 7.349606066157407 9.799474754876544
0 96.533203125 20.638020833333336 7.684129829110212 10.245506438813615
0 33.30078125 18.229166666666664 7.221777078979024 9.629036105305365
0 9.814453125 21.940104166666664 7.92282408798045 10.5637654506406
0 58.10546875 22.4609375 8.016311973000304 10.688415964000404
