0 81.005859375 24.739583333333336 8.413115693414442 11.217487591219255
0 67.48046875 23.763020833333336 8.245395560367612 10.993860747156816
0 59.47265625 25.1953125 8.490251308132054 11.320335077509403
0 70.654296875 21.940104166666664 7.92282408798045 10.5637654506406
0 74.072265625 32.29166666666667 9.611826018080825 12.815768024107768
0 79.345703125 40.10416666666667 10.711626449453275 14.282168599271033
0 61.474609375 36.00260416666667 10.149102263376399 13.53213635116853
0 47.705078125 38.54166666666667 10.500885335745396 14.001180447660527
0 49.365234375 50.130208333333336 11.975962445281118 15.967949927041488
0 63.232421875 61.458333333333336 13.260230091797137 17.68030678906285
0 27.1484375 23.958333333333336 8.279211405182211 11.038948540242949
0 51.953125 19.7265625 7.512532730158185 10.01671030687758
0 91.69921875 30.6640625 9.366460725843998 12.48861430112533
0 98.193359375 32.29166666666667 9.611826018080825 12.815768024107768
0 29.58984375 21.614583333333336 7.863829789260941 10.485106385681254
0 5.712890625 25.390625 8.523095729839442 11.364127639785922
0 84.08203125 19.7265625 7.512532730158185 10.01671030687758
0 46.09375 77.40885416666666 14.881818042281017 19.84242405637469
0 92.431640625 86.97916666666666 15.774960917138776 21.0332812228517
0 84.521484375 63.346354166666664 13.462368774482897 17.94982503264386
0 77.1484375 55.46875 12.597514306976498 16.796685742635333
0 91.943359375 49.8046875 11.937016122807584 15.916021497076779
0 88.76953125 36.00260416666667 10.149102263376399 13.53213635116853
0 60.05859375 32.29166666666667 9.611826018080825 12.815768024107768
0 77.978515625 35.87239583333333 10.130732832457173 13.507643776609566
0 64.794921875 39.32291666666667 10.606779295033428 14.142372393377903
0 64.208984375 53.125 12.32849723921152 16.437996318948695
0 51.611328125 45.76822916666667 11.443074499055587 15.25743266540745
0 41.6015625 54.8828125 12.530801493925663 16.707735325234218
0 28.173828125 52.213541666666664 12.222280514221671 16.29637401896223
0 6.640625 69.921875 14.143835725410728 18.85844763388097
0 16.30859375 59.244791666666664 13.019243779114712 17.358991705486282
0 3.02734375 57.356770833333336 12.810114661752536 17.080152882336716
0 1.708984375 44.3359375 11.262598930203817 15.016798573605088
0 11.865234375 35.22135416666667 10.038381471800859 13.384508629067811
0 4.6875 31.510416666666668 9.494842032534208 12.659789376712277
0 13.37890625 26.953125 8.78142979122202 11.708573054962693
0 21.58203125 30.208333333333332 9.296598029619028 12.395464039492039
0 35.498046875 38.99739583333333 10.562785827561513 14.083714436748682
0 30.56640625 30.6640625 9.366460725843998 12.48861430112533
0 0.29296875 26.302083333333332 8.674725588105405 11.56630078414054
0 20.99609375 23.307291666666664 8.165947363439729 10.88792981791964
0 42.431640625 31.184895833333332 9.445671106287941 12.594228141717254
0 40.673828125 23.177083333333336 8.143105507889608 10.857474010519478
0 47.94921875 28.3203125 9.001392336274797 12.001856448366395
0 47.705078125 19.53125 7.475249459177179 9.966999278902906
0 34.423828125 19.7265625 7.512532730158185 10.01671030687758
0 51.85546875 28.059895833333332 8.959911044862793 11.946548059817056
0 73.2421875 29.1015625 9.124704826492952 12.166273101990603
0 79.248046875 24.283854166666664 8.33526628646708 11.113688381956106
0 88.0859375 27.083333333333332 8.802615418613255 11.736820558151006
0 94.921875 29.8828125 9.24637292940864 12.32849723921152
0 97.119140625 22.0703125 7.946299173761924 10.595065565015899
0 99.267578125 28.190104166666668 8.980675640601907 11.974234187469209
0 73.14453125 19.270833333333336 7.425247229367944 9.900329639157258
0 65.478515625 20.5078125 7.659851317145468 10.21313508952729
0 59.228515625 21.419270833333336 7.828219811023351 10.437626414697803
0 78.662109375 19.270833333333336 7.425247229367944 9.900329639157258
0 26.318359375 15.950520833333334 6.755353888299149 9.0071385177322
0 16.30859375 21.09375 7.768507117527988 10.358009490037318
0 25.390625 13.932291666666666 6.313525654778199 8.418034206370931
0 40.4296875 14.0625 6.342959500374307 8.457279333832409
0 34.1796875 15.8203125 6.72772451325946 8.970299351012613
0 44.287109375 14.713541666666666 6.488126106405426 8.650834808540568
0 40.771484375 19.856770833333336 7.537285788103314 10.049714384137753
0 46.6796875 21.614583333333336 7.863829789260941 10.485106385681254
0 55.46875 12.369791666666668 5.948971157720314 7.931961543627086
0 15.234375 12.955729166666666 6.088237714617921 8.117650286157229
0 0.68359375 16.080729166666664 6.782870718656271 9.043827624875028
0 4.19921875 24.739583333333336 8.413115693414442 11.217487591219255
0 10.205078125 22.200520833333336 7.969705113037473 10.626273484049964
0 6.54296875 15.0390625 6.559504779115197 8.746006372153596
0 2.197265625 20.5078125 7.659851317145468 10.21313508952729
0 37.255859375 12.369791666666668 5.948971157720314 7.931961543627086
0 24.31640625 11.393229166666668 5.7093160808928545 7.612421441190473
0 18.994140625 18.619791666666664 7.298743129334349 9.731657505779133
0 37.158203125 15.494791666666666 6.658149484030587 8.877532645374115
0 29.248046875 18.619791666666664 7.298743129334349 9.731657505779133
0 12.451171875 16.731770833333336 6.9188135063199665 9.225084675093289
0 20.8984375 13.28125 6.16424861960576 8.218998159474348
0 3.271484375 16.861979166666664 6.945682786096826 9.260910381462436
0 10.64453125 19.075520833333336 7.3875234600282 9.850031280037602
0 19.384765625 13.736979166666666 6.269115778861736 8.358821038482315
0 12.20703125 13.151041666666666 6.133957288281793 8.178609717709058
0 46.435546875 14.388020833333334 6.415953381844678 8.554604509126236
0 32.421875 13.151041666666666 6.133957288281793 8.178609717709058
0 57.6171875 12.5 5.980199567341744 7.973599423122326
0 65.8203125 12.955729166666666 6.088237714617921 8.117650286157229
0 58.88671875 18.75 7.32421875 9.765625
0 73.828125 13.411458333333334 6.194391824397107 8.259189099196142
0 82.080078125 14.192708333333334 6.372257390692475 8.496343187589966
0 93.359375 15.299479166666666 6.61605328023645 8.821404373648601
0 99.0234375 20.963541666666664 7.7444931277157725 10.325990836954363
0 91.845703125 23.307291666666664 8.165947363439729 10.88792981791964
0 87.255859375 17.96875 7.170007400189656 9.56000986691954
0 66.40625 15.950520833333334 6.755353888299149 9.0071385177322
0 60.44921875 12.825520833333334 6.057566296777102 8.076755062369468
0 77.587890625 15.625 6.686066375795484 8.914755167727312
0 72.412109375 16.861979166666664 6.945682786096826 9.260910381462436
0 89.111328125 20.5078125 7.659851317145468 10.21313508952729
0 96.875 16.731770833333336 6.9188135063199665 9.225084675093289
0 91.11328125 17.057291666666664 6.985792933508055 9.31439057801074
0 69.23828125 15.0390625 6.559504779115197 8.746006372153596
0 95.1171875 20.833333333333336 7.720404443770458 10.293872591693944
0 89.2578125 17.3828125 7.052136235529384 9.40284831403918
0 27.587890625 16.861979166666664 6.945682786096826 9.260910381462436
0 16.552734375 19.270833333333336 7.425247229367944 9.900329639157258
0 40.91796875 16.861979166666664 6.945682786096826 9.260910381462436
0 47.265625 17.3828125 7.052136235529384 9.40284831403918
0 58.544921875 16.861979166666664 6.945682786096826 9.260910381462436
0 75.9765625 13.736979166666666 6.269115778861736 8.358821038482315
0 73.73046875 22.721354166666664 8.062649422377262 10.75019922983635
0 68.212890625 17.96875 7.170007400189656 9.56000986691954
0 81.15234375 17.3828125 7.052136235529384 9.40284831403918
0 73.974609375 16.40625 6.8511792970714245 9.134905729428567
0 85.7421875 15.625 6.686066375795484 8.914755167727312
0 92.431640625 17.513020833333336 7.0784994535786145 9.437999271438152
0 43.359375 18.294270833333336 7.234661615679748 9.646215487572997
0 30.6640625 14.84375 6.516771394062079 8.689028525416106
0 22.0703125 14.192708333333334 6.372257390692475 8.496343187589966
0 18.212890625 22.526041666666664 8.027921409891299 10.703895213188398
0 51.025390625 14.84375 6.516771394062079 8.689028525416106
0 61.962890625 14.518229166666666 6.444919458600731 8.593225944800976
0 50.537109375 17.057291666666664 6.985792933508055 9.31439057801074
0 42.529296875 15.169270833333334 6.587839704871492 8.783786273161988
0 20.8984375 18.1640625 7.208869513560617 9.611826018080823
0 7.71484375 18.1640625 7.208869513560617 9.611826018080823
0 61.474609375 18.75 7.32421875 9.765625
0 78.41796875 12.825520833333334 6.057566296777102 8.076755062369468
0 84.1796875 17.057291666666664 6.985792933508055 9.31439057801074
0 94.53125 18.9453125 7.3622668956389274 9.816355860851903
0 38.330078125 18.75 7.32421875 9.765625
0 21.240234375 16.40625 6.8511792970714245 9.134905729428567
0 43.701171875 12.044270833333332 5.870173358664351 7.826897811552468
0 63.37890625 12.369791666666668 5.948971157720314 7.931961543627086
0 69.82421875 12.825520833333334 6.057566296777102 8.076755062369468
0 87.59765625 14.518229166666666 6.444919458600731 8.593225944800976
0 67.724609375 11.588541666666668 5.758045124546267 7.677393499395023
0 63.232421875 16.080729166666664 6.782870718656271 9.043827624875028
0 99.267578125 17.1875 7.012405574387241 9.349874099182989
0 96.19140625 24.609375 8.39094670707246 11.187928942763282
0 90.33203125 19.7265625 7.512532730158185 10.01671030687758
0 75.390625 17.057291666666664 6.985792933508055 9.31439057801074
