0 82.32421875 37.95572916666667 10.420758715187912 13.894344953583882
0 87.79296875 43.75 11.187928942763282 14.917238590351042
0 94.970703125 43.09895833333333 11.10437341226822 14.805831216357626
0 95.458984375 53.7109375 12.396298835198914 16.528398446931885
0 86.669921875 60.807291666666664 13.18980882871967 17.586411771626228
0 76.611328125 50.1953125 11.983736521039955 15.978315361386604
0 72.119140625 42.25260416666667 10.994801962067763 14.659735949423682
0 61.71875 45.24739583333333 11.377778248478545 15.170370997971395
0 65.0390625 55.208333333333336 12.567907886947022 16.757210515929362
0 46.044921875 57.682291666666664 12.846414294341546 17.128552392455397
0 42.578125 47.39583333333333 11.644765642296699 15.526354189728933
0 58.10546875 34.63541666666667 9.954532733337459 13.272710311116612
0 51.416015625 30.6640625 9.366460725843998 12.48861430112533
0 43.310546875 32.8125 9.689030680168178 12.918707573557572
0 28.90625 30.859375 9.396242870080965 12.52832382677462
0 23.73046875 48.046875 11.724470649596281 15.632627532795041
0 24.70703125 56.8359375 12.751820322129015 17.00242709617202
0 41.6015625 37.17447916666667 10.31295486371814 13.75060648495752
0 23.33984375 38.80208333333333 10.536301575703167 14.048402100937555
0 11.181640625 34.50520833333333 9.935803586486637 13.247738115315515
0 -0.146484375 55.208333333333336 12.567907886947022 16.757210515929362
0 9.1796875 72.72135416666666 14.424197141231046 19.232262854974728
0 5.078125 90.95052083333334 16.131073347659314 21.508097796879085
0 43.5546875 84.63541666666666 15.560972636696732 20.747963515595643
0 48.4375 24.739583333333336 8.413115693414442 11.217487591219255
0 70.5078125 24.088541666666664 8.301678777304348 11.068905036405797
0 66.162109375 29.231770833333332 9.145095253766906 12.193460338355873
0 57.958984375 27.408854166666668 8.855357744474432 11.807143659299243
0 53.125 19.270833333333336 7.425247229367944 9.900329639157258
0 66.064453125 22.916666666666664 8.097228492078614 10.796304656104818
0 60.9375 18.424479166666664 7.2603620931215325 9.680482790828709
