0 91.796875 17.838541666666664 7.143981879101334 9.525309172135112
0 80.17578125 15.234375 6.60196156395994 8.802615418613254
0 86.376953125 17.447916666666664 7.065330140863174 9.420440187817565
0 72.119140625 14.388020833333334 6.415953381844678 8.554604509126236
0 81.4453125 17.96875 7.170007400189656 9.56000986691954
0 64.501953125 14.192708333333334 6.372257390692475 8.496343187589966
0 75.244140625 15.559895833333334 6.672122530845778 8.896163374461038
0 88.037109375 19.53125 7.475249459177179 9.966999278902906
0 76.26953125 15.950520833333334 6.755353888299149 9.0071385177322
0 99.4140625 20.768229166666664 7.708331872750909 10.277775830334546
0 53.515625 14.0625 6.342959500374307 8.457279333832409
0 66.69921875 16.471354166666664 6.864759447755123 9.15301259700683
0 56.494140625 16.080729166666664 6.782870718656271 9.043827624875028
0 41.2109375 14.388020833333334 6.415953381844678 8.554604509126236
0 53.271484375 18.684895833333336 7.311492035346033 9.748656047128044
0 60.888671875 17.122395833333336 6.9991119025755095 9.332149203434014
0 70.068359375 14.713541666666666 6.488126106405426 8.650834808540568
0 74.609375 27.473958333333332 8.865868558553435 11.821158078071248
0 70.068359375 17.838541666666664 7.143981879101334 9.525309172135112
0 57.666015625 14.388020833333334 6.415953381844678 8.554604509126236
0 47.94921875 15.0390625 6.559504779115197 8.746006372153596
0 44.580078125 15.950520833333334 6.755353888299149 9.0071385177322
0 42.7734375 15.559895833333334 6.672122530845778 8.896163374461038
0 36.71875 16.080729166666664 6.782870718656271 9.043827624875028
0 28.173828125 15.4296875 6.644147051109997 8.858862734813329
0 27.63671875 23.828125 8.256682897014576 11.008910529352768
0 30.517578125 13.8671875 6.298757153488249 8.398342871317666
0 18.603515625 12.825520833333334 6.057566296777102 8.076755062369468
0 31.787109375 15.559895833333334 6.672122530845778 8.896163374461038
0 21.19140625 15.755208333333334 6.7138671875 8.951822916666668
0 17.041015625 18.489583333333336 7.273178276253042 9.697571035004056
0 34.521484375 15.950520833333334 6.755353888299149 9.0071385177322
0 26.3671875 15.559895833333334 6.672122530845778 8.896163374461038
0 9.423828125 16.6015625 6.891839471823862 9.189119295765149
0 5.419921875 30.403645833333332 9.326603265341873 12.43547102045583
0 0.634765625 45.24739583333333 11.377778248478545 15.170370997971395
0 0.390625 58.854166666666664 12.976252212810852 17.301669617081135
0 22.607421875 47.65625 11.676712933171991 15.568950577562655
0 34.912109375 59.1796875 13.012088382158108 17.34945117621081
0 42.28515625 82.68229166666666 15.380374961369817 20.507166615159754
0 94.384765625 92.64322916666666 16.280491538512134 21.70732205134951
0 83.10546875 62.109375 13.3302793382822 17.77370578437627
0 98.779296875 51.953125 12.191762912254749 16.25568388300633
0 78.22265625 52.1484375 12.214658261834412 16.286211015779216
0 69.140625 55.078125 12.553078491945271 16.73743798926036
0 50.927734375 46.61458333333333 11.548393511001283 15.397858014668378
0 33.49609375 41.796875 10.935347208965403 14.580462945287206
0 19.23828125 32.48697916666667 9.640850219074288 12.854466958765718
0 31.787109375 35.22135416666667 10.038381471800859 13.384508629067811
0 49.755859375 37.82552083333333 10.40286898746296 13.870491983283944
0 63.623046875 40.4296875 10.755011100284483 14.340014800379311
0 79.1015625 38.02083333333333 10.429692071920813 13.906256095894417
0 99.169921875 41.796875 10.935347208965403 14.580462945287206
0 99.31640625 31.966145833333332 9.56325660155786 12.751008802077147
0 92.041015625 31.640625 9.51443925056146 12.685919000748614
0 74.70703125 31.770833333333332 9.53399618640949 12.711994915212655
0 86.865234375 32.68229166666667 9.669787303317175 12.893049737756234
0 62.060546875 34.04947916666667 9.869971697263324 13.159962263017766
0 59.47265625 24.348958333333336 8.346432086900233 11.128576115866979
0 50.048828125 27.994791666666668 8.94951068030712 11.932680907076158
0 41.50390625 31.966145833333332 9.56325660155786 12.751008802077147
0 32.8125 28.3203125 9.001392336274797 12.001856448366395
0 21.337890625 25.911458333333332 8.610068346964042 11.480091129285388
0 9.66796875 27.1484375 8.81318913463968 11.750918846186241
0 3.22265625 24.544270833333336 8.379840220792225 11.173120294389632
0 13.28125 22.135416666666664 7.958010748538389 10.610680998051187
0 31.787109375 20.8984375 7.732458166088822 10.309944221451763
0 19.23828125 21.2890625 7.804389558437758 10.405852744583676
0 13.28125 19.205729166666664 7.412693970636669 9.883591960848893
0 5.56640625 19.53125 7.475249459177179 9.966999278902906
0 27.5390625 17.96875 7.170007400189656 9.56000986691954
0 40.33203125 19.921875 7.549631882844837 10.066175843793117
0 29.443359375 19.7265625 7.512532730158185 10.01671030687758
0 9.814453125 19.7265625 7.512532730158185 10.01671030687758
0 3.466796875 16.6015625 6.891839471823862 9.189119295765149
0 41.50390625 21.614583333333336 7.863829789260941 10.485106385681254
0 50.29296875 17.96875 7.170007400189656 9.56000986691954
0 41.89453125 24.348958333333336 8.346432086900233 11.128576115866979
0 48.73046875 22.135416666666664 7.958010748538389 10.610680998051187
0 60.64453125 20.572916666666664 7.672000176987631 10.229333569316841
0 60.64453125 29.557291666666668 9.195873518871684 12.261164691828911
0 70.849609375 22.135416666666664 7.958010748538389 10.610680998051187
0 58.30078125 18.684895833333336 7.311492035346033 9.748656047128044
0 66.064453125 24.0234375 8.290452702152177 11.053936936202902
0 79.248046875 24.21875 8.324085508414218 11.098780677885625
0 99.658203125 28.190104166666668 8.980675640601907 11.974234187469209
0 88.818359375 25.065104166666668 8.468284256293707 11.291045675058275
0 94.384765625 22.330729166666664 7.993042513249997 10.657390017666662
0 77.197265625 20.768229166666664 7.708331872750909 10.277775830334546
0 99.169921875 23.502604166666664 8.200090846279542 10.933454461706056
0 80.810546875 21.809895833333336 7.8992792392241125 10.532372318965482
0 89.990234375 23.372395833333336 8.177344364608315 10.903125819477753
0 91.650390625 22.135416666666664 7.958010748538389 10.610680998051187
0 88.818359375 28.7109375 9.063258303782652 12.084344405043536
0 84.9609375 20.052083333333336 7.574263699945591 10.099018266594122
0 94.384765625 20.572916666666664 7.672000176987631 10.229333569316841
0 90.234375 20.052083333333336 7.574263699945591 10.099018266594122
0 13.57421875 16.6015625 6.891839471823862 9.189119295765149
