0 83.10546875 33.46354166666667 9.784679896167846 13.046239861557126
0 81.4453125 24.674479166666664 8.402038511923953 11.202718015898604
0 81.93359375 19.3359375 7.437779301119349 9.917039068159132
0 81.787109375 20.703125 7.6962403643301345 10.261653819106845
0 75.146484375 21.158854166666664 7.780486318348366 10.373981757797822
0 67.3828125 18.033854166666664 7.182984799767957 9.577313066357275
0 78.369140625 22.005208333333336 7.9345703125 10.579427083333332
0 23.73046875 16.861979166666664 6.945682786096826 9.260910381462436
0 5.810546875 22.005208333333336 7.9345703125 10.579427083333332
0 1.66015625 21.549479166666664 7.85197774064246 10.469303654189947
0 7.03125 20.1171875 7.586549618320344 10.115399491093791
0 66.259765625 17.838541666666664 7.143981879101334 9.525309172135112
0 95.361328125 42.578125 11.037073559585647 14.716098079447528
0 95.263671875 33.13802083333333 9.736972737758677 12.982630317011571
0 97.8515625 35.41666666666667 10.066175843793117 13.421567791724156
0 90.625 30.859375 9.396242870080965 12.52832382677462
0 86.572265625 29.817708333333332 9.236295135755345 12.315060181007127
0 82.666015625 40.88541666666667 10.81545724284018 14.42060965712024
0 98.046875 29.752604166666668 9.22620633412535 12.301608445500468
0 92.08984375 29.166666666666668 9.134905729428569 12.17987430590476
0 99.365234375 23.567708333333336 8.211440458419013 10.948587277892017
0 92.7734375 26.106770833333332 8.642457433170346 11.52327657756046
0 94.23828125 20.572916666666664 7.672000176987631 10.229333569316841
0 98.33984375 24.283854166666664 8.33526628646708 11.113688381956106
0 93.1640625 23.567708333333336 8.211440458419013 10.948587277892017
0 89.306640625 24.869791666666664 8.435226416678011 11.246968555570682
0 85.9375 25.716145833333332 8.57755695956738 11.436742612756506
0 91.064453125 21.809895833333336 7.8992792392241125 10.532372318965482
0 84.814453125 24.4140625 8.357582969744357 11.143443959659143
0 89.501953125 20.052083333333336 7.574263699945591 10.099018266594122
0 86.279296875 19.7265625 7.512532730158185 10.01671030687758
0 79.638671875 27.473958333333332 8.865868558553435 11.821158078071248
0 85.205078125 18.684895833333336 7.311492035346033 9.748656047128044
0 75.0 31.25 9.4555257475767 12.607367663435602
0 87.79296875 20.3125 7.62328857226367 10.164384763018226
0 71.533203125 27.278645833333332 8.83429859993294 11.779064799910586
0 88.0859375 22.395833333333336 8.00468569861084 10.672914264814453
0 77.392578125 24.088541666666664 8.301678777304348 11.068905036405797
0 69.23828125 24.869791666666664 8.435226416678011 11.246968555570682
0 79.638671875 17.838541666666664 7.143981879101334 9.525309172135112
0 74.31640625 18.9453125 7.3622668956389274 9.816355860851903
0 60.546875 27.278645833333332 8.83429859993294 11.779064799910586
0 64.111328125 22.135416666666664 7.958010748538389 10.610680998051187
0 74.169921875 15.755208333333334 6.7138671875 8.951822916666668
0 70.5078125 20.8984375 7.732458166088822 10.309944221451763
0 64.2578125 18.033854166666664 7.182984799767957 9.577313066357275
0 67.724609375 14.713541666666666 6.488126106405426 8.650834808540568
0 61.376953125 15.234375 6.60196156395994 8.802615418613254
0 57.51953125 16.861979166666664 6.945682786096826 9.260910381462436
0 61.81640625 22.395833333333336 8.00468569861084 10.672914264814453
0 57.2265625 22.395833333333336 8.00468569861084 10.672914264814453
0 50.87890625 20.1171875 7.586549618320344 10.115399491093791
0 51.123046875 14.908854166666666 6.531046923532928 8.708062564710572
0 44.677734375 17.447916666666664 7.065330140863174 9.420440187817565
0 51.46484375 12.109375 5.886017310176364 7.848023080235151
0 39.35546875 16.341145833333336 6.837572174807153 9.116762899742872
0 33.984375 17.578125 7.091644310682526 9.455525747576702
0 37.646484375 16.861979166666664 6.945682786096826 9.260910381462436
0 31.34765625 17.447916666666664 7.065330140863174 9.420440187817565
0 25.048828125 21.419270833333336 7.828219811023351 10.437626414697803
0 30.2734375 16.015625 6.7691262856502785 9.025501714200372
0 27.1484375 18.424479166666664 7.2603620931215325 9.680482790828709
0 19.482421875 17.578125 7.091644310682526 9.455525747576702
0 24.267578125 16.341145833333336 6.837572174807153 9.116762899742872
0 18.84765625 13.28125 6.16424861960576 8.218998159474348
0 16.2109375 17.578125 7.091644310682526 9.455525747576702
0 12.646484375 19.140625 7.400119417103358 9.866825889471144
0 9.130859375 19.53125 7.475249459177179 9.966999278902906
0 19.775390625 14.713541666666666 6.488126106405426 8.650834808540568
0 14.306640625 16.861979166666664 6.945682786096826 9.260910381462436
0 7.421875 18.880208333333336 7.349606066157407 9.799474754876544
0 2.5390625 19.140625 7.400119417103358 9.866825889471144
0 7.71484375 19.270833333333336 7.425247229367944 9.900329639157258
0 0.78125 18.098958333333336 7.195938795502683 9.594585060670244
0 26.26953125 16.341145833333336 6.837572174807153 9.116762899742872
0 27.83203125 15.8203125 6.72772451325946 8.970299351012613
0 66.650390625 22.591145833333336 8.039514082226251 10.719352109635
0 83.740234375 21.809895833333336 7.8992792392241125 10.532372318965482
