0 92.919921875 86.97916666666666 15.774960917138776 21.0332812228517
0 45.458984375 85.61197916666666 15.650489996286726 20.86731999504897
0 19.775390625 77.60416666666666 14.90058058561243 19.867440780816572
0 6.103515625 73.37239583333334 14.48861995906887 19.318159945425162
0 2.685546875 62.890625 13.413855576071724 17.88514076809563
0 19.287109375 51.106770833333336 12.092048801366547 16.122731735155398
0 38.720703125 53.190104166666664 12.336049152470542 16.44806553662739
0 46.77734375 69.7265625 14.124067950935224 18.832090601246964
0 52.490234375 51.236979166666664 12.107442886277694 16.14325718170359
0 62.939453125 59.244791666666664 13.019243779114712 17.358991705486282
0 75.0 53.515625 12.37373958295489 16.498319443939856
0 85.205078125 61.067708333333336 13.218022355778636 17.624029807704847
0 93.408203125 53.971354166666664 12.426314130555623 16.568418840740833
0 92.236328125 44.07552083333333 11.229473567489073 14.972631423318763
0 99.4140625 40.0390625 10.70292841598522 14.270571221313624
0 87.255859375 36.39322916666667 10.204012144348443 13.605349525797925
0 94.873046875 41.40625 10.884127502518925 14.512170003358568
0 78.369140625 37.890625 10.411817693623036 13.88242359149738
0 66.357421875 42.31770833333333 11.00326927326657 14.671025697688759
0 61.572265625 35.3515625 10.056919588186085 13.409226117581447
0 49.658203125 36.06770833333333 10.158274522151634 13.544366029535512
0 36.1328125 45.76822916666667 11.443074499055587 15.25743266540745
0 32.71484375 32.421875 9.631185203893738 12.84158027185832
0 18.75 31.966145833333332 9.56325660155786 12.751008802077147
0 5.908203125 36.19791666666667 10.17659423860661 13.568792318142146
0 5.908203125 25.651041666666668 8.566692411876344 11.422256549168457
0 16.2109375 26.5625 8.717563999686098 11.62341866624813
0 3.857421875 31.8359375 9.543759625922785 12.725012834563712
0 20.654296875 19.075520833333336 7.3875234600282 9.850031280037602
0 13.18359375 21.549479166666664 7.85197774064246 10.469303654189947
0 20.99609375 26.106770833333332 8.642457433170346 11.52327657756046
0 34.619140625 24.21875 8.324085508414218 11.098780677885625
0 42.919921875 22.0703125 7.946299173761924 10.595065565015899
0 27.001953125 23.307291666666664 8.165947363439729 10.88792981791964
0 37.841796875 28.90625 9.094033462982996 12.125377950643994
0 51.708984375 30.2734375 9.306610523667546 12.408814031556727
0 31.93359375 28.645833333333332 9.052976668817948 12.07063555842393
0 48.486328125 22.721354166666664 8.062649422377262 10.75019922983635
0 37.01171875 20.3125 7.62328857226367 10.164384763018226
0 61.9140625 25.716145833333332 8.57755695956738 11.436742612756506
0 74.853515625 32.09635416666667 9.58271390875707 12.77695187834276
0 62.841796875 31.770833333333332 9.53399618640949 12.711994915212655
0 66.455078125 22.981770833333336 8.108722079825698 10.811629439767596
0 99.658203125 27.408854166666668 8.855357744474432 11.807143659299243
0 93.06640625 31.0546875 9.425930915210266 12.567907886947022
0 83.837890625 28.190104166666668 8.980675640601907 11.974234187469209
0 80.078125 19.986979166666664 7.561957820656658 10.08261042754221
0 90.52734375 25.716145833333332 8.57755695956738 11.436742612756506
0 84.521484375 22.8515625 8.085718566584333 10.780958088779109
0 89.84375 32.2265625 9.60213178866716 12.802842384889546
0 81.005859375 27.734375 8.907787792557633 11.877050390076842
0 74.658203125 27.5390625 8.876366926421502 11.835155901895336
0 67.724609375 19.661458333333336 7.500125566067204 10.00016742142294
0 60.64453125 19.986979166666664 7.561957820656658 10.08261042754221
0 49.853515625 19.075520833333336 7.3875234600282 9.850031280037602
0 44.775390625 14.84375 6.516771394062079 8.689028525416106
0 53.857421875 10.7421875 5.543793372981247 7.391724497308329
0 60.986328125 9.049479166666668 5.088297119303304 6.784396159071073
0 68.26171875 12.109375 5.886017310176364 7.848023080235151
0 41.69921875 15.4296875 6.644147051109997 8.858862734813329
0 33.056640625 15.4296875 6.644147051109997 8.858862734813329
0 25.09765625 13.736979166666666 6.269115778861736 8.358821038482315
0 10.44921875 15.885416666666666 6.741553355216833 8.988737806955777
0 4.296875 19.53125 7.475249459177179 9.966999278902906
0 13.28125 15.4296875 6.644147051109997 8.858862734813329
0 26.220703125 18.1640625 7.208869513560617 9.611826018080823
0 16.11328125 15.559895833333334 6.672122530845778 8.896163374461038
0 38.96484375 13.151041666666666 6.133957288281793 8.178609717709058
0 46.337890625 14.192708333333334 6.372257390692475 8.496343187589966
0 54.8828125 14.518229166666666 6.444919458600731 8.593225944800976
0 31.005859375 20.3125 7.62328857226367 10.164384763018226
0 51.220703125 16.927083333333336 6.959078522333606 9.278771363111476
0 62.59765625 15.885416666666666 6.741553355216833 8.988737806955777
0 70.556640625 16.796875 6.932261164306974 9.243014885742634
0 56.93359375 15.885416666666666 6.741553355216833 8.988737806955777
0 65.771484375 14.6484375 6.473755931273323 8.631674575031097
0 77.1484375 14.6484375 6.473755931273323 8.631674575031097
0 88.96484375 18.9453125 7.3622668956389274 9.816355860851903
0 77.24609375 18.489583333333336 7.273178276253042 9.697571035004056
0 84.521484375 16.666666666666664 6.905339660024879 9.207119546699838
0 72.36328125 21.354166666666664 7.816313766397521 10.421751688530028
0 82.275390625 23.4375 8.188725503539269 10.918300671385692
0 95.99609375 22.721354166666664 8.062649422377262 10.75019922983635
0 81.787109375 17.122395833333336 6.9991119025755095 9.332149203434014
0 72.36328125 13.4765625 6.209408553886659 8.279211405182211
0 92.236328125 18.489583333333336 7.273178276253042 9.697571035004056
0 98.388671875 20.3125 7.62328857226367 10.164384763018226
0 42.919921875 25.911458333333332 8.610068346964042 11.480091129285388
