0 76.5625 23.763020833333336 8.245395560367612 10.993860747156816
0 85.9375 25.846354166666668 8.59924487524742 11.465659833663226
0 76.708984375 16.861979166666664 6.945682786096826 9.260910381462436
0 65.4296875 15.885416666666666 6.741553355216833 8.988737806955777
0 74.560546875 18.619791666666664 7.298743129334349 9.731657505779133
0 86.083984375 18.1640625 7.208869513560617 9.611826018080823
0 80.908203125 18.619791666666664 7.298743129334349 9.731657505779133
0 82.958984375 17.513020833333336 7.0784994535786145 9.437999271438152
0 89.55078125 18.75 7.32421875 9.765625
0 78.369140625 18.9453125 7.3622668956389274 9.816355860851903
0 2.9296875 19.921875 7.549631882844837 10.066175843793117
0 9.1796875 19.270833333333336 7.425247229367944 9.900329639157258
0 7.12890625 19.401041666666664 7.450290292806215 9.933720390408286
0 5.322265625 19.075520833333336 7.3875234600282 9.850031280037602
0 1.806640625 18.294270833333336 7.234661615679748 9.646215487572997
