0 89.013671875 33.46354166666667 9.784679896167846 13.046239861557126
0 80.029296875 38.93229166666667 10.553965128046011 14.07195350406135
0 65.771484375 40.75520833333333 10.79822144345345 14.397628591271266
0 76.66015625 52.604166666666664 12.267914576563586 16.357219435418116
0 93.65234375 49.609375 11.913587216762167 15.884782955682889
0 87.890625 61.71875 13.288294102219997 17.717725469626664
0 90.13671875 84.375 15.537014235055976 20.716018980074637
0 19.970703125 74.0234375 14.55275758980269 19.403676786403587
0 6.34765625 71.74479166666666 14.327019768439333 19.10269302458578
0 1.26953125 55.078125 12.553078491945271 16.73743798926036
0 39.599609375 60.872395833333336 13.196867865258577 17.59582382034477
0 68.310546875 59.375 13.033542788124159 17.37805705083221
0 50.927734375 46.22395833333333 11.499904590708478 15.33320612094464
0 20.458984375 48.76302083333333 11.811524951393816 15.748699935191754
0 0.732421875 45.8984375 11.459340426952263 15.279120569269683
0 16.455078125 35.9375 10.139921707663666 13.51989561021822
0 36.71875 41.27604166666667 10.867000619363317 14.489334159151088
0 32.71484375 34.5703125 9.945172568847854 13.26023009179714
0 5.224609375 31.575520833333332 9.50464569238125 12.672860923174998
0 4.345703125 23.958333333333336 8.279211405182211 11.038948540242949
0 10.986328125 26.7578125 8.749555167743805 11.66607355699174
0 21.09375 24.479166666666664 8.36871899463018 11.15829199284024
0 28.61328125 22.591145833333336 8.039514082226251 10.719352109635
0 32.470703125 29.296875 9.1552734375 12.20703125
0 45.703125 32.09635416666667 9.58271390875707 12.77695187834276
0 51.171875 27.278645833333332 8.83429859993294 11.779064799910586
0 44.921875 28.776041666666668 9.073528288158268 12.098037717544358
0 62.060546875 28.971354166666668 9.104268731797058 12.139024975729411
0 60.546875 36.78385416666667 10.258628121320564 13.678170828427419
0 53.662109375 36.58854166666667 10.231356576074347 13.641808768099132
0 42.67578125 24.8046875 8.424178309229896 11.23223774563986
0 49.169921875 21.940104166666664 7.92282408798045 10.5637654506406
0 59.423828125 23.763020833333336 8.245395560367612 10.993860747156816
0 68.408203125 23.307291666666664 8.165947363439729 10.88792981791964
0 74.8046875 28.125 8.970299351012615 11.960399134683486
0 93.115234375 30.598958333333332 9.35651227829339 12.475349704391189
0 75.78125 31.770833333333332 9.53399618640949 12.711994915212655
0 99.12109375 44.40104166666667 11.270865058971795 15.027820078629059
0 99.267578125 33.46354166666667 9.784679896167846 13.046239861557126
0 94.482421875 27.278645833333332 8.83429859993294 11.779064799910586
0 80.517578125 24.479166666666664 8.36871899463018 11.15829199284024
0 86.279296875 31.119791666666668 9.4358061729372 12.5810748972496
0 97.119140625 23.6328125 8.222774405094897 10.963699206793196
0 89.6484375 24.479166666666664 8.36871899463018 11.15829199284024
