0 91.259765625 62.044270833333336 13.323290986903732 17.76438798253831
0 95.5078125 42.1875 10.986328125 14.6484375
0 80.029296875 31.770833333333332 9.53399618640949 12.711994915212655
0 86.376953125 29.4921875 9.185740321833748 12.247653762444997
0 96.142578125 30.2734375 9.306610523667546 12.408814031556727
0 72.94921875 33.3984375 9.775157091093119 13.033542788124159
0 27.63671875 28.841145833333332 9.083786661460703 12.11171554861427
0 10.888671875 31.575520833333332 9.50464569238125 12.672860923174998
0 2.9296875 38.73697916666667 10.527458685705774 14.036611580941033
0 7.8125 20.377604166666664 7.635495607419925 10.180660809893233
0 4.8828125 20.703125 7.6962403643301345 10.261653819106845
0 23.974609375 18.098958333333336 7.195938795502683 9.594585060670244
0 5.517578125 18.098958333333336 7.195938795502683 9.594585060670244
0 21.630859375 22.330729166666664 7.993042513249997 10.657390017666662
0 18.310546875 24.283854166666664 8.33526628646708 11.113688381956106
0 52.5390625 15.4296875 6.644147051109997 8.858862734813329
0 78.173828125 21.028645833333336 7.756509415978292 10.342012554637723
0 82.8125 21.158854166666664 7.780486318348366 10.373981757797822
0 93.45703125 24.934895833333336 8.446260072691679 11.26168009692224
0 90.771484375 23.6328125 8.222774405094897 10.963699206793196
0 73.681640625 16.927083333333336 6.959078522333606 9.278771363111476
0 34.716796875 16.6015625 6.891839471823862 9.189119295765149
0 45.3125 15.950520833333334 6.755353888299149 9.0071385177322
0 30.078125 15.950520833333334 6.755353888299149 9.0071385177322
0 30.6640625 15.625 6.686066375795484 8.914755167727312
0 11.376953125 19.53125 7.475249459177179 9.966999278902906
0 82.8125 18.229166666666664 7.221777078979024 9.629036105305365
0 97.8515625 24.4140625 8.357582969744357 11.143443959659143
0 98.974609375 22.135416666666664 7.958010748538389 10.610680998051187
0 93.310546875 20.833333333333336 7.720404443770458 10.293872591693944
0 90.52734375 19.7265625 7.512532730158185 10.01671030687758
0 29.58984375 24.088541666666664 8.301678777304348 11.068905036405797
0 43.603515625 22.981770833333336 8.108722079825698 10.811629439767596
0 49.70703125 20.703125 7.6962403643301345 10.261653819106845
0 34.9609375 23.6328125 8.222774405094897 10.963699206793196
0 13.0859375 48.50260416666667 11.779943277355214 15.706591036473618
0 64.2578125 16.40625 6.8511792970714245 9.134905729428567
