0 94.775390625 29.361979166666668 9.16544031840894 12.220587091211922
0 65.087890625 19.986979166666664 7.561957820656658 10.08261042754221
0 69.82421875 18.294270833333336 7.234661615679748 9.646215487572997
0 97.75390625 28.971354166666668 9.104268731797058 12.139024975729411
0 57.03125 15.494791666666666 6.658149484030587 8.877532645374115
0 37.158203125 17.1875 7.012405574387241 9.349874099182989
0 33.251953125 16.40625 6.8511792970714245 9.134905729428567
0 47.216796875 16.536458333333336 6.878312786611722 9.171083715482297
0 61.42578125 14.973958333333334 6.545291317604741 8.727055090139656
0 39.84375 16.145833333333336 6.796587356970242 9.062116475960323
0 23.486328125 16.276041666666664 6.823937919616058 9.09858389282141
0 41.064453125 15.364583333333334 6.6301150458985685 8.840153394531425
