0 0.439453125 18.684895833333336 7.311492035346033 9.748656047128044
0 2.685546875 17.578125 7.091644310682526 9.455525747576702
0 3.80859375 16.731770833333336 6.9188135063199665 9.225084675093289
0 4.931640625 17.317708333333336 7.038917599286375 9.385223465715166
0 5.95703125 16.015625 6.7691262856502785 9.025501714200372
0 7.2265625 15.8203125 6.72772451325946 8.970299351012613
0 8.349609375 15.234375 6.60196156395994 8.802615418613254
0 9.716796875 14.908854166666666 6.531046923532928 8.708062564710572
0 9.66796875 17.1875 7.012405574387241 9.349874099182989
0 7.91015625 21.223958333333336 7.792447103762027 10.389929471682702
0 3.3203125 19.466145833333336 7.462780310447684 9.950373747263578
0 4.58984375 21.09375 7.768507117527988 10.358009490037318
0 5.46875 23.697916666666664 8.234092750996119 10.978790334661493
0 8.0078125 26.302083333333332 8.674725588105405 11.56630078414054
0 7.275390625 30.533854166666668 9.346553241646458 12.462070988861944
0 1.904296875 27.604166666666668 8.886852892188134 11.849137189584178
0 10.205078125 21.223958333333336 7.792447103762027 10.389929471682702
0 13.0859375 25.130208333333332 8.479274895904423 11.305699861205897
0 12.744140625 34.50520833333333 9.935803586486637 13.247738115315515
0 14.84375 33.33333333333333 9.765625 13.020833333333334
0 19.091796875 32.16145833333333 9.592427762147041 12.789903682862722
0 2.63671875 39.84375 10.676791799643494 14.235722399524658
0 5.126953125 49.47916666666667 11.897942315440629 15.863923087254172
0 18.310546875 45.57291666666667 11.418632161785709 15.224842882380946
0 29.00390625 57.291666666666664 12.802842384889546 17.07045651318606
0 35.7421875 56.901041666666664 12.75912167991142 17.012162239881892
0 26.46484375 71.54947916666666 14.307505090003714 19.076673453338287
0 40.283203125 85.87239583333334 15.674274949214182 20.899033265618908
0 64.013671875 68.75 14.024811148774486 18.69974819836598
0 58.349609375 60.546875 13.161534822294815 17.548713096393087
0 51.85546875 49.08854166666667 11.850883690763915 15.801178254351885
0 11.81640625 14.388020833333334 6.415953381844678 8.554604509126236
0 12.40234375 16.666666666666664 6.905339660024879 9.207119546699838
0 14.35546875 14.127604166666666 6.3576253222655215 8.476833763020695
0 15.52734375 14.127604166666666 6.3576253222655215 8.476833763020695
0 14.94140625 16.927083333333336 6.959078522333606 9.278771363111476
0 13.57421875 17.643229166666664 7.104764847914316 9.473019797219088
0 14.74609375 20.377604166666664 7.635495607419925 10.180660809893233
0 17.48046875 20.182291666666664 7.598815672600545 10.13175423013406
0 19.921875 13.932291666666666 6.313525654778199 8.418034206370931
0 19.091796875 14.973958333333334 6.545291317604741 8.727055090139656
0 19.091796875 17.317708333333336 7.038917599286375 9.385223465715166
0 20.458984375 17.838541666666664 7.143981879101334 9.525309172135112
0 23.046875 18.294270833333336 7.234661615679748 9.646215487572997
0 20.556640625 20.442708333333336 7.647683158045451 10.196910877393934
0 21.435546875 23.828125 8.256682897014576 11.008910529352768
0 24.609375 24.283854166666664 8.33526628646708 11.113688381956106
0 24.169921875 29.6875 9.216106488367615 12.288141984490153
0 31.4453125 35.41666666666667 10.066175843793117 13.421567791724156
0 35.44921875 40.16927083333333 10.720317425689878 14.293756567586504
0 23.2421875 12.955729166666666 6.088237714617921 8.117650286157229
0 24.853515625 15.4296875 6.644147051109997 8.858862734813329
0 24.658203125 13.216145833333334 6.149121606326259 8.198828808435012
0 25.927734375 13.216145833333334 6.149121606326259 8.198828808435012
0 26.953125 15.885416666666666 6.741553355216833 8.988737806955777
0 27.63671875 13.671875 6.254242410864013 8.338989881152017
0 28.857421875 13.671875 6.254242410864013 8.338989881152017
0 29.8828125 13.216145833333334 6.149121606326259 8.198828808435012
0 31.201171875 13.606770833333334 6.2393335877260965 8.319111450301463
0 26.806640625 18.619791666666664 7.298743129334349 9.731657505779133
0 26.904296875 22.591145833333336 8.039514082226251 10.719352109635
0 29.541015625 18.9453125 7.3622668956389274 9.816355860851903
0 30.712890625 17.7734375 7.130933499479933 9.50791133263991
0 33.0078125 14.583333333333334 6.459353786778786 8.612471715705048
0 34.130859375 16.861979166666664 6.945682786096826 9.260910381462436
0 33.154296875 20.182291666666664 7.598815672600545 10.13175423013406
0 31.787109375 23.177083333333336 8.143105507889608 10.857474010519478
0 36.572265625 25.390625 8.523095729839442 11.364127639785922
0 31.54296875 28.645833333333332 9.052976668817948 12.07063555842393
0 40.087890625 30.208333333333332 9.296598029619028 12.395464039492039
0 34.47265625 26.041666666666668 8.631674575031099 11.508899433374797
0 36.03515625 30.598958333333332 9.35651227829339 12.475349704391189
0 50.732421875 35.546875 10.084662867345157 13.44621715646021
0 56.25 27.473958333333332 8.865868558553435 11.821158078071248
0 57.080078125 32.8125 9.689030680168178 12.918707573557572
0 62.255859375 29.752604166666668 9.22620633412535 12.301608445500468
0 61.767578125 33.46354166666667 9.784679896167846 13.046239861557126
0 55.517578125 37.5 10.358009490037318 13.810679320049758
0 64.0625 43.1640625 11.112757236348344 14.817009648464458
0 58.30078125 48.11197916666667 11.732411368860527 15.643215158480702
0 76.5625 58.138020833333336 12.897062139352686 17.196082852470248
0 81.4453125 45.18229166666667 11.36958984997385 15.159453133298467
0 90.33203125 46.22395833333333 11.499904590708478 15.33320612094464
0 85.498046875 54.6875 12.508484821728025 16.677979762304034
0 99.0234375 62.630208333333336 13.386054809241521 17.848073078988694
0 98.2421875 39.97395833333333 10.694223308065938 14.258964410754585
0 99.8046875 27.604166666666668 8.886852892188134 11.849137189584178
0 91.845703125 29.427083333333332 9.175595934065496 12.234127912087327
0 88.623046875 31.25 9.4555257475767 12.607367663435602
0 90.8203125 33.0078125 9.717824296930333 12.957099062573777
0 81.884765625 35.41666666666667 10.066175843793117 13.421567791724156
0 80.615234375 29.427083333333332 9.175595934065496 12.234127912087327
0 72.16796875 29.427083333333332 9.175595934065496 12.234127912087327
0 74.8046875 28.190104166666668 8.980675640601907 11.974234187469209
0 35.44921875 14.973958333333334 6.545291317604741 8.727055090139656
0 36.669921875 15.885416666666666 6.741553355216833 8.988737806955777
0 39.16015625 16.341145833333336 6.837572174807153 9.116762899742872
0 40.13671875 13.671875 6.254242410864013 8.338989881152017
0 41.259765625 14.388020833333334 6.415953381844678 8.554604509126236
0 41.89453125 14.713541666666666 6.488126106405426 8.650834808540568
0 43.310546875 14.778645833333334 6.502464524127966 8.669952698837287
0 45.361328125 16.731770833333336 6.9188135063199665 9.225084675093289
0 40.4296875 17.96875 7.170007400189656 9.56000986691954
0 42.333984375 18.033854166666664 7.182984799767957 9.577313066357275
0 41.455078125 22.0703125 7.946299173761924 10.595065565015899
0 46.337890625 19.791666666666664 7.524919437217989 10.033225916290652
0 44.3359375 23.893229166666664 8.267954824306681 11.023939765742242
0 49.267578125 22.330729166666664 7.993042513249997 10.657390017666662
0 50.146484375 28.125 8.970299351012615 11.960399134683486
0 47.94921875 18.1640625 7.208869513560617 9.611826018080823
0 48.73046875 19.791666666666664 7.524919437217989 10.033225916290652
0 49.853515625 20.377604166666664 7.635495607419925 10.180660809893233
0 38.18359375 13.606770833333334 6.2393335877260965 8.319111450301463
0 44.62890625 13.736979166666666 6.269115778861736 8.358821038482315
0 46.2890625 13.4765625 6.209408553886659 8.279211405182211
0 48.681640625 13.411458333333334 6.194391824397107 8.259189099196142
0 49.267578125 15.169270833333334 6.587839704871492 8.783786273161988
0 51.025390625 13.216145833333334 6.149121606326259 8.198828808435012
0 53.61328125 14.322916666666666 6.401421192444773 8.53522825659303
0 56.005859375 15.8203125 6.72772451325946 8.970299351012613
0 55.56640625 18.9453125 7.3622668956389274 9.816355860851903
0 60.595703125 14.2578125 6.386855937639267 8.515807916852356
0 58.935546875 17.7734375 7.130933499479933 9.50791133263991
0 60.44921875 20.377604166666664 7.635495607419925 10.180660809893233
0 60.498046875 24.674479166666664 8.402038511923953 11.202718015898604
0 63.525390625 13.4765625 6.209408553886659 8.279211405182211
0 66.357421875 13.8671875 6.298757153488249 8.398342871317666
0 65.8203125 16.015625 6.7691262856502785 9.025501714200372
0 63.0859375 17.317708333333336 7.038917599286375 9.385223465715166
0 63.916015625 21.028645833333336 7.756509415978292 10.342012554637723
0 68.45703125 18.880208333333336 7.349606066157407 9.799474754876544
0 69.23828125 21.6796875 7.875664001809045 10.500885335745393
0 67.48046875 23.502604166666664 8.200090846279542 10.933454461706056
0 70.8984375 21.6796875 7.875664001809045 10.500885335745393
0 67.822265625 14.518229166666666 6.444919458600731 8.593225944800976
0 70.263671875 13.411458333333334 6.194391824397107 8.259189099196142
0 71.826171875 13.736979166666666 6.269115778861736 8.358821038482315
0 73.486328125 16.276041666666664 6.823937919616058 9.09858389282141
0 75.048828125 16.731770833333336 6.9188135063199665 9.225084675093289
0 75.68359375 19.986979166666664 7.561957820656658 10.08261042754221
0 77.63671875 20.572916666666664 7.672000176987631 10.229333569316841
0 78.61328125 25.455729166666668 8.53401578009617 11.378687706794894
0 80.126953125 21.09375 7.768507117527988 10.358009490037318
0 81.884765625 21.028645833333336 7.756509415978292 10.342012554637723
0 84.66796875 19.986979166666664 7.561957820656658 10.08261042754221
0 85.3515625 21.223958333333336 7.792447103762027 10.389929471682702
0 83.59375 21.940104166666664 7.92282408798045 10.5637654506406
0 81.640625 24.544270833333336 8.379840220792225 11.173120294389632
0 88.427734375 19.270833333333336 7.425247229367944 9.900329639157258
0 87.98828125 24.479166666666664 8.36871899463018 11.15829199284024
0 92.3828125 17.3828125 7.052136235529384 9.40284831403918
0 92.626953125 19.53125 7.475249459177179 9.966999278902906
0 90.52734375 21.744791666666664 7.887480458569388 10.51664061142585
0 94.482421875 18.424479166666664 7.2603620931215325 9.680482790828709
0 96.19140625 19.3359375 7.437779301119349 9.917039068159132
0 98.046875 21.223958333333336 7.792447103762027 10.389929471682702
0 94.7265625 20.833333333333336 7.720404443770458 10.293872591693944
0 93.9453125 24.479166666666664 8.36871899463018 11.15829199284024
0 91.552734375 25.390625 8.523095729839442 11.364127639785922
0 99.609375 17.3828125 7.052136235529384 9.40284831403918
0 100.0 20.768229166666664 7.708331872750909 10.277775830334546
0 83.59375 15.690104166666666 6.699981201202437 8.933308268269917
0 85.83984375 16.015625 6.7691262856502785 9.025501714200372
0 87.40234375 16.731770833333336 6.9188135063199665 9.225084675093289
0 75.09765625 13.8671875 6.298757153488249 8.398342871317666
0 76.3671875 15.234375 6.60196156395994 8.802615418613254
0 77.34375 14.713541666666666 6.488126106405426 8.650834808540568
0 78.61328125 15.559895833333334 6.672122530845778 8.896163374461038
0 79.78515625 16.341145833333336 6.837572174807153 9.116762899742872
0 56.8359375 13.216145833333334 6.149121606326259 8.198828808435012
0 58.642578125 14.0625 6.342959500374307 8.457279333832409
0 60.400390625 12.760416666666666 6.042172202521769 8.056229603362357
0 25.146484375 19.7265625 7.512532730158185 10.01671030687758
