0 42.3828125 73.56770833333334 14.507891020513567 19.343854694018088
0 44.140625 61.9140625 13.309303275974441 17.745737701299255
0 4.150390625 89.97395833333334 16.044237583123678 21.392316777498234
0 23.583984375 48.17708333333333 11.740346717328702 15.653795623104935
0 44.7265625 46.02864583333333 11.475583298927713 15.300777731903617
0 57.8125 52.799479166666664 12.290668069825603 16.38755742643414
0 56.4453125 41.015625 10.832665618468535 14.443554157958047
0 75.634765625 61.783854166666664 13.29530084887205 17.727067798496066
0 82.8125 35.546875 10.084662867345157 13.44621715646021
0 72.119140625 37.890625 10.411817693623036 13.88242359149738
0 24.70703125 37.6953125 10.38494844187839 13.84659792250452
0 1.025390625 43.1640625 11.112757236348344 14.817009648464458
0 9.765625 35.02604166666667 10.010509928501419 13.347346571335224
0 38.8671875 34.04947916666667 9.869971697263324 13.159962263017766
0 90.576171875 57.6171875 12.83916257810219 17.118883437469588
0 85.9375 30.859375 9.396242870080965 12.52832382677462
0 74.51171875 31.25 9.4555257475767 12.607367663435602
0 61.81640625 30.729166666666668 9.376398618003673 12.501864824004896
0 39.6484375 26.888020833333332 8.770817787597604 11.694423716796805
0 46.337890625 26.236979166666668 8.66398288975732 11.551977186343091
0 29.296875 26.888020833333332 8.770817787597604 11.694423716796805
0 9.521484375 28.385416666666668 9.011732824849489 12.015643766465985
0 97.021484375 41.53645833333333 10.901227477717134 14.53496997028951
0 97.65625 52.1484375 12.214658261834412 16.286211015779216
0 91.552734375 49.67447916666667 11.92140196815467 15.895202624206226
0 88.671875 43.68489583333333 11.179601491707887 14.906135322277184
0 57.177734375 62.434895833333336 13.365166284459344 17.820221712612458
0 50.48828125 82.68229166666666 15.380374961369817 20.507166615159754
0 34.66796875 49.15364583333333 11.85873976301602 15.811653017354693
0 20.60546875 38.671875 10.518608361580863 14.024811148774482
0 29.541015625 52.1484375 12.214658261834412 16.286211015779216
0 33.88671875 44.140625 11.237764062208234 14.983685416277645
0 47.4609375 33.07291666666667 9.727403229070575 12.9698709720941
0 59.033203125 28.059895833333332 8.959911044862793 11.946548059817056
0 66.650390625 26.432291666666668 8.696171172348027 11.594894896464037
0 21.826171875 26.236979166666668 8.66398288975732 11.551977186343091
0 14.84375 29.557291666666668 9.195873518871684 12.261164691828911
0 4.78515625 26.432291666666668 8.696171172348027 11.594894896464037
0 76.7578125 41.2109375 10.85842704752026 14.477902730027015
0 77.83203125 30.859375 9.396242870080965 12.52832382677462
0 61.279296875 36.39322916666667 10.204012144348443 13.605349525797925
0 81.34765625 27.734375 8.907787792557633 11.877050390076842
0 62.158203125 43.68489583333333 11.179601491707887 14.906135322277184
0 90.283203125 29.427083333333332 9.175595934065496 12.234127912087327
0 99.755859375 35.02604166666667 10.010509928501419 13.347346571335224
0 89.0625 33.203125 9.746532850751532 12.995377134335376
0 43.505859375 30.729166666666668 9.376398618003673 12.501864824004896
0 70.99609375 26.5625 8.717563999686098 11.62341866624813
0 25.830078125 25.716145833333332 8.57755695956738 11.436742612756506
0 85.83984375 62.955729166666664 13.420796769589858 17.89439569278648
0 81.591796875 56.119791666666664 12.67122771730145 16.894970289735266
0 99.755859375 56.640625 12.729891122201057 16.97318816293474
0 93.06640625 30.729166666666668 9.376398618003673 12.501864824004896
0 13.8671875 25.911458333333332 8.610068346964042 11.480091129285388
