0 86.669921875 35.3515625 10.056919588186085 13.409226117581447
0 89.892578125 28.90625 9.094033462982996 12.125377950643994
0 77.490234375 27.799479166666668 8.918236814088415 11.890982418784553
0 63.671875 22.786458333333336 8.074192233473482 10.765589644631309
0 52.9296875 25.520833333333332 8.544921875 11.393229166666668
0 39.306640625 30.533854166666668 9.346553241646458 12.462070988861944
0 40.0390625 24.153645833333336 8.312889692307273 11.083852923076364
0 33.30078125 23.046875 8.120199399200482 10.82693253226731
0 44.677734375 20.638020833333336 7.684129829110212 10.245506438813615
0 40.625 17.643229166666664 7.104764847914316 9.473019797219088
0 29.052734375 21.2890625 7.804389558437758 10.405852744583676
0 17.96875 20.3125 7.62328857226367 10.164384763018226
0 18.1640625 13.802083333333334 6.283953943473511 8.378605257964681
0 9.619140625 17.7734375 7.130933499479933 9.50791133263991
0 47.75390625 19.661458333333336 7.500125566067204 10.00016742142294
0 35.44921875 19.140625 7.400119417103358 9.866825889471144
0 26.171875 20.5078125 7.659851317145468 10.21313508952729
0 27.490234375 14.6484375 6.473755931273323 8.631674575031097
0 34.423828125 16.796875 6.932261164306974 9.243014885742634
0 42.7734375 15.885416666666666 6.741553355216833 8.988737806955777
0 31.884765625 17.513020833333336 7.0784994535786145 9.437999271438152
0 45.01953125 14.6484375 6.473755931273323 8.631674575031097
0 54.443359375 12.760416666666666 6.042172202521769 8.056229603362357
0 50.5859375 18.684895833333336 7.311492035346033 9.748656047128044
0 55.37109375 21.2890625 7.804389558437758 10.405852744583676
0 58.3984375 14.388020833333334 6.415953381844678 8.554604509126236
0 47.55859375 15.169270833333334 6.587839704871492 8.783786273161988
0 61.767578125 18.880208333333336 7.349606066157407 9.799474754876544
0 67.333984375 14.6484375 6.473755931273323 8.631674575031097
0 60.009765625 13.997395833333334 6.328259690346595 8.437679587128793
0 75.78125 15.755208333333334 6.7138671875 8.951822916666668
0 61.572265625 15.169270833333334 6.587839704871492 8.783786273161988
0 65.52734375 20.182291666666664 7.598815672600545 10.13175423013406
0 78.857421875 16.666666666666664 6.905339660024879 9.207119546699838
0 94.677734375 23.4375 8.188725503539269 10.918300671385692
0 87.060546875 25.520833333333332 8.544921875 11.393229166666668
0 87.59765625 18.684895833333336 7.311492035346033 9.748656047128044
0 92.333984375 20.638020833333336 7.684129829110212 10.245506438813615
0 97.119140625 21.940104166666664 7.92282408798045 10.5637654506406
0 14.990234375 19.010416666666664 7.37490598974278 9.833207986323707
0 3.61328125 18.880208333333336 7.349606066157407 9.799474754876544
0 12.353515625 17.7734375 7.130933499479933 9.50791133263991
0 21.923828125 16.796875 6.932261164306974 9.243014885742634
0 1.416015625 19.53125 7.475249459177179 9.966999278902906
0 24.560546875 15.755208333333334 6.7138671875 8.951822916666668
0 37.353515625 16.276041666666664 6.823937919616058 9.09858389282141
0 23.779296875 18.294270833333336 7.234661615679748 9.646215487572997
0 6.884765625 20.8984375 7.732458166088822 10.309944221451763
0 52.83203125 15.4296875 6.644147051109997 8.858862734813329
0 5.95703125 17.7734375 7.130933499479933 9.50791133263991
0 84.130859375 20.8984375 7.732458166088822 10.309944221451763
0 89.892578125 19.140625 7.400119417103358 9.866825889471144
0 99.267578125 22.135416666666664 7.958010748538389 10.610680998051187
0 73.974609375 15.755208333333334 6.7138671875 8.951822916666668
0 68.798828125 15.494791666666666 6.658149484030587 8.877532645374115
0 81.884765625 17.513020833333336 7.0784994535786145 9.437999271438152
