0 99.365234375 30.598958333333332 9.35651227829339 12.475349704391189
0 88.57421875 31.640625 9.51443925056146 12.685919000748614
0 96.97265625 28.776041666666668 9.073528288158268 12.098037717544358
0 86.083984375 39.71354166666667 10.65933178501769 14.212442380023585
0 95.068359375 28.190104166666668 8.980675640601907 11.974234187469209
0 83.837890625 37.36979166666667 10.340011197569225 13.786681596758967
0 90.625 26.041666666666668 8.631674575031099 11.508899433374797
0 77.685546875 49.0234375 11.843022407185213 15.790696542913619
0 88.37890625 23.4375 8.188725503539269 10.918300671385692
0 76.953125 26.171875 8.653226854710587 11.537635806280782
0 87.060546875 24.869791666666664 8.435226416678011 11.246968555570682
0 71.6796875 28.90625 9.094033462982996 12.125377950643994
0 62.060546875 40.55989583333333 10.77231603681811 14.363088049090814
0 57.32421875 40.234375 10.72900136184506 14.305335149126746
0 44.53125 38.54166666666667 10.500885335745396 14.001180447660527
0 35.009765625 65.10416666666666 13.647875839232116 18.19716778564282
0 23.291015625 45.703125 11.434932858395506 15.24657714452734
0 14.794921875 35.22135416666667 10.038381471800859 13.384508629067811
0 15.52734375 28.190104166666668 8.980675640601907 11.974234187469209
0 7.2265625 26.171875 8.653226854710587 11.537635806280782
0 20.068359375 25.1953125 8.490251308132054 11.320335077509403
0 6.34765625 22.005208333333336 7.9345703125 10.579427083333332
0 22.94921875 23.763020833333336 8.245395560367612 10.993860747156816
0 3.662109375 23.4375 8.188725503539269 10.918300671385692
0 10.3515625 18.880208333333336 7.349606066157407 9.799474754876544
0 2.9296875 19.596354166666664 7.487697843252746 9.983597124336994
0 34.619140625 26.888020833333332 8.770817787597604 11.694423716796805
0 19.7265625 19.986979166666664 7.561957820656658 10.08261042754221
0 5.615234375 18.5546875 7.28597191547444 9.714629220632586
0 0.78125 19.856770833333336 7.537285788103314 10.049714384137753
0 14.35546875 16.9921875 6.972448522214271 9.296598029619028
0 22.412109375 16.40625 6.8511792970714245 9.134905729428567
0 12.20703125 17.838541666666664 7.143981879101334 9.525309172135112
0 19.62890625 16.145833333333336 6.796587356970242 9.062116475960323
0 29.443359375 20.703125 7.6962403643301345 10.261653819106845
0 8.642578125 18.5546875 7.28597191547444 9.714629220632586
0 16.50390625 16.666666666666664 6.905339660024879 9.207119546699838
0 16.6015625 14.518229166666666 6.444919458600731 8.593225944800976
0 24.462890625 17.578125 7.091644310682526 9.455525747576702
0 32.421875 16.9921875 6.972448522214271 9.296598029619028
0 41.064453125 15.559895833333334 6.672122530845778 8.896163374461038
0 24.267578125 15.104166666666666 6.573687508709111 8.764916678278816
0 30.810546875 16.276041666666664 6.823937919616058 9.09858389282141
0 26.611328125 18.880208333333336 7.349606066157407 9.799474754876544
0 29.00390625 15.950520833333334 6.755353888299149 9.0071385177322
0 34.47265625 17.122395833333336 6.9991119025755095 9.332149203434014
0 43.75 15.8203125 6.72772451325946 8.970299351012613
0 37.3046875 18.880208333333336 7.349606066157407 9.799474754876544
0 47.75390625 18.294270833333336 7.234661615679748 9.646215487572997
0 37.3046875 15.559895833333334 6.672122530845778 8.896163374461038
0 32.12890625 14.388020833333334 6.415953381844678 8.554604509126236
0 21.435546875 16.40625 6.8511792970714245 9.134905729428567
0 45.60546875 17.3828125 7.052136235529384 9.40284831403918
0 50.244140625 19.401041666666664 7.450290292806215 9.933720390408286
0 56.591796875 21.549479166666664 7.85197774064246 10.469303654189947
0 57.763671875 29.4921875 9.185740321833748 12.247653762444997
0 65.33203125 22.721354166666664 8.062649422377262 10.75019922983635
0 62.5 16.861979166666664 6.945682786096826 9.260910381462436
0 55.2734375 18.098958333333336 7.195938795502683 9.594585060670244
0 47.65625 15.234375 6.60196156395994 8.802615418613254
0 53.564453125 15.8203125 6.72772451325946 8.970299351012613
0 46.240234375 15.4296875 6.644147051109997 8.858862734813329
0 52.294921875 14.518229166666666 6.444919458600731 8.593225944800976
0 58.740234375 21.2890625 7.804389558437758 10.405852744583676
0 65.625 18.5546875 7.28597191547444 9.714629220632586
0 70.60546875 20.572916666666664 7.672000176987631 10.229333569316841
0 65.4296875 15.4296875 6.644147051109997 8.858862734813329
0 57.763671875 16.666666666666664 6.905339660024879 9.207119546699838
0 75.439453125 21.2890625 7.804389558437758 10.405852744583676
0 60.15625 14.973958333333334 6.545291317604741 8.727055090139656
0 98.73046875 22.4609375 8.016311973000304 10.688415964000404
0 91.943359375 20.572916666666664 7.672000176987631 10.229333569316841
0 85.15625 18.424479166666664 7.2603620931215325 9.680482790828709
0 95.166015625 22.721354166666664 8.062649422377262 10.75019922983635
0 79.443359375 23.567708333333336 8.211440458419013 10.948587277892017
0 94.091796875 20.703125 7.6962403643301345 10.261653819106845
0 81.494140625 16.276041666666664 6.823937919616058 9.09858389282141
0 97.216796875 22.005208333333336 7.9345703125 10.579427083333332
0 80.2734375 18.294270833333336 7.234661615679748 9.646215487572997
0 87.20703125 20.3125 7.62328857226367 10.164384763018226
0 78.125 18.5546875 7.28597191547444 9.714629220632586
0 89.6484375 21.158854166666664 7.780486318348366 10.373981757797822
0 75.09765625 17.3828125 7.052136235529384 9.40284831403918
0 93.212890625 19.986979166666664 7.561957820656658 10.08261042754221
0 82.666015625 17.838541666666664 7.143981879101334 9.525309172135112
0 77.294921875 16.536458333333336 6.878312786611722 9.171083715482297
0 67.48046875 15.234375 6.60196156395994 8.802615418613254
0 56.689453125 14.84375 6.516771394062079 8.689028525416106
0 26.416015625 15.690104166666666 6.699981201202437 8.933308268269917
0 9.375 16.9921875 6.972448522214271 9.296598029619028
0 68.65234375 15.104166666666666 6.573687508709111 8.764916678278816
0 75.537109375 15.8203125 6.72772451325946 8.970299351012613
0 94.53125 20.442708333333336 7.647683158045451 10.196910877393934
0 72.8515625 15.690104166666666 6.699981201202437 8.933308268269917
0 69.384765625 14.518229166666666 6.444919458600731 8.593225944800976
0 55.17578125 14.713541666666666 6.488126106405426 8.650834808540568
0 50.87890625 16.40625 6.8511792970714245 9.134905729428567
0 59.27734375 16.536458333333336 6.878312786611722 9.171083715482297
0 86.42578125 18.880208333333336 7.349606066157407 9.799474754876544
0 89.35546875 18.294270833333336 7.234661615679748 9.646215487572997
0 98.388671875 20.1171875 7.586549618320344 10.115399491093791
