0 58.642578125 34.765625 9.973226707988399 13.297635610651199
0 98.53515625 21.549479166666664 7.85197774064246 10.469303654189947
0 91.748046875 19.7265625 7.512532730158185 10.01671030687758
0 85.05859375 20.3125 7.62328857226367 10.164384763018226
0 82.373046875 21.875 7.911060422861158 10.548080563814876
0 75.146484375 18.684895833333336 7.311492035346033 9.748656047128044
0 65.869140625 15.8203125 6.72772451325946 8.970299351012613
0 62.548828125 15.8203125 6.72772451325946 8.970299351012613
0 60.9375 16.536458333333336 6.878312786611722 9.171083715482297
0 56.15234375 14.2578125 6.386855937639267 8.515807916852356
0 46.77734375 15.234375 6.60196156395994 8.802615418613254
0 40.673828125 16.40625 6.8511792970714245 9.134905729428567
0 12.744140625 18.5546875 7.28597191547444 9.714629220632586
0 5.224609375 19.401041666666664 7.450290292806215 9.933720390408286
0 2.83203125 19.270833333333336 7.425247229367944 9.900329639157258
0 7.91015625 20.442708333333336 7.647683158045451 10.196910877393934
0 0.5859375 19.140625 7.400119417103358 9.866825889471144
0 74.072265625 15.690104166666666 6.699981201202437 8.933308268269917
0 80.517578125 18.880208333333336 7.349606066157407 9.799474754876544
0 77.9296875 19.010416666666664 7.37490598974278 9.833207986323707
0 76.85546875 16.9921875 6.972448522214271 9.296598029619028
0 82.568359375 17.252604166666664 7.025674092542321 9.367565456723094
0 79.443359375 17.96875 7.170007400189656 9.56000986691954
0 87.01171875 17.96875 7.170007400189656 9.56000986691954
