0 38.671875 95.44270833333334 16.524641565772562 22.032855421030085
0 37.40234375 63.802083333333336 13.510707776598299 18.0142770354644
0 66.9921875 58.333333333333336 12.918707573557572 17.224943431410097
0 77.34375 53.255208333333336 12.343596445408132 16.45812859387751
0 84.716796875 62.3046875 13.351222445207128 17.801629926942837
0 92.87109375 76.23697916666666 14.768742227249588 19.691656302999448
0 96.19140625 55.46875 12.597514306976498 16.796685742635333
0 20.068359375 50.911458333333336 12.06892085771801 16.091894476957346
0 10.986328125 37.3046875 10.331000292853245 13.77466705713766
0 50.68359375 47.98177083333333 11.716524548616007 15.622032731488009
0 35.986328125 44.7265625 11.312105098175438 15.082806797567253
0 31.396484375 36.39322916666667 10.204012144348443 13.605349525797925
0 49.755859375 37.95572916666667 10.420758715187912 13.894344953583882
0 42.3828125 32.87760416666667 9.698638050580264 12.931517400773687
0 49.51171875 29.296875 9.1552734375 12.20703125
0 60.595703125 35.9375 10.139921707663666 13.51989561021822
0 66.11328125 43.03385416666667 11.095983253599758 14.794644338133011
0 80.615234375 40.16927083333333 10.720317425689878 14.293756567586504
0 72.998046875 33.33333333333333 9.765625 13.020833333333334
0 61.767578125 29.427083333333332 9.175595934065496 12.234127912087327
0 87.01171875 38.80208333333333 10.536301575703167 14.048402100937555
0 76.171875 28.580729166666668 9.042683343523592 12.056911124698123
0 80.2734375 25.520833333333332 8.544921875 11.393229166666668
0 87.5 33.52864583333333 9.794193442310311 13.05892458974708
0 99.12109375 28.059895833333332 8.959911044862793 11.946548059817056
0 92.138671875 31.640625 9.51443925056146 12.685919000748614
0 77.587890625 22.135416666666664 7.958010748538389 10.610680998051187
0 70.80078125 22.65625 8.051090062422436 10.734786749896582
0 66.455078125 24.0234375 8.290452702152177 11.053936936202902
0 58.935546875 25.716145833333332 8.57755695956738 11.436742612756506
0 47.607421875 23.697916666666664 8.234092750996119 10.978790334661493
0 39.94140625 25.0 8.457279333832409 11.276372445109878
0 31.787109375 29.622395833333332 9.205995562132786 12.274660749510382
0 25.927734375 24.0234375 8.290452702152177 11.053936936202902
0 19.04296875 32.87760416666667 9.698638050580264 12.931517400773687
0 4.638671875 31.510416666666668 9.494842032534208 12.659789376712277
0 12.158203125 19.921875 7.549631882844837 10.066175843793117
0 21.826171875 26.236979166666668 8.66398288975732 11.551977186343091
0 10.595703125 28.971354166666668 9.104268731797058 12.139024975729411
0 4.248046875 25.390625 8.523095729839442 11.364127639785922
0 1.66015625 46.09375 11.48369611952318 15.311594826030909
0 31.93359375 21.09375 7.768507117527988 10.358009490037318
0 20.703125 21.809895833333336 7.8992792392241125 10.532372318965482
0 55.37109375 15.494791666666666 6.658149484030587 8.877532645374115
0 61.376953125 22.4609375 8.016311973000304 10.688415964000404
0 71.19140625 18.5546875 7.28597191547444 9.714629220632586
0 89.453125 29.1015625 9.124704826492952 12.166273101990603
0 82.177734375 22.330729166666664 7.993042513249997 10.657390017666662
0 49.0234375 19.7265625 7.512532730158185 10.01671030687758
0 40.966796875 20.963541666666664 7.7444931277157725 10.325990836954363
0 37.40234375 14.127604166666666 6.3576253222655215 8.476833763020695
0 57.568359375 11.9140625 5.838356466585996 7.784475288781327
0 75.146484375 13.606770833333334 6.2393335877260965 8.319111450301463
0 80.37109375 17.3828125 7.052136235529384 9.40284831403918
0 88.037109375 15.8203125 6.72772451325946 8.970299351012613
0 90.478515625 25.911458333333332 8.610068346964042 11.480091129285388
0 61.376953125 17.1875 7.012405574387241 9.349874099182989
0 58.935546875 19.401041666666664 7.450290292806215 9.933720390408286
0 51.806640625 15.690104166666666 6.699981201202437 8.933308268269917
0 41.455078125 14.6484375 6.473755931273323 8.631674575031097
0 40.478515625 18.75 7.32421875 9.765625
0 26.953125 13.606770833333334 6.2393335877260965 8.319111450301463
0 20.3125 16.341145833333336 6.837572174807153 9.116762899742872
0 17.138671875 18.5546875 7.28597191547444 9.714629220632586
0 24.365234375 15.494791666666666 6.658149484030587 8.877532645374115
0 2.978515625 16.015625 6.7691262856502785 9.025501714200372
0 7.8125 16.861979166666664 6.945682786096826 9.260910381462436
0 29.736328125 12.630208333333334 6.011265748166568 8.015020997555423
0 99.90234375 42.90364583333333 11.079183874921476 14.772245166561968
0 99.90234375 32.16145833333333 9.592427762147041 12.789903682862722
0 92.87109375 22.981770833333336 8.108722079825698 10.811629439767596
0 85.7421875 21.940104166666664 7.92282408798045 10.5637654506406
0 82.275390625 18.880208333333336 7.349606066157407 9.799474754876544
0 42.87109375 13.997395833333334 6.328259690346595 8.437679587128793
0 66.845703125 16.861979166666664 6.945682786096826 9.260910381462436
0 85.986328125 17.3828125 7.052136235529384 9.40284831403918
0 95.41015625 20.638020833333336 7.684129829110212 10.245506438813615
0 64.55078125 15.364583333333334 6.6301150458985685 8.840153394531425
0 47.216796875 15.364583333333334 6.6301150458985685 8.840153394531425
0 29.638671875 19.270833333333336 7.425247229367944 9.900329639157258
0 31.298828125 14.84375 6.516771394062079 8.689028525416106
