0 70.80078125 18.75 7.32421875 9.765625
0 63.818359375 15.625 6.686066375795484 8.914755167727312
0 34.423828125 16.731770833333336 6.9188135063199665 9.225084675093289
0 5.810546875 18.9453125 7.3622668956389274 9.816355860851903
0 43.896484375 15.950520833333334 6.755353888299149 9.0071385177322
0 58.3984375 14.84375 6.516771394062079 8.689028525416106
0 39.55078125 17.057291666666664 6.985792933508055 9.31439057801074
0 68.115234375 15.4296875 6.644147051109997 8.858862734813329
0 81.787109375 17.643229166666664 7.104764847914316 9.473019797219088
0 41.357421875 15.950520833333334 6.755353888299149 9.0071385177322
0 61.572265625 19.3359375 7.437779301119349 9.917039068159132
0 86.376953125 18.359375 7.247523246483103 9.663364328644137
0 76.3671875 16.536458333333336 6.878312786611722 9.171083715482297
0 47.216796875 16.145833333333336 6.796587356970242 9.062116475960323
0 29.248046875 16.731770833333336 6.9188135063199665 9.225084675093289
0 56.4453125 15.4296875 6.644147051109997 8.858862734813329
0 70.80078125 15.0390625 6.559504779115197 8.746006372153596
0 89.599609375 21.549479166666664 7.85197774064246 10.469303654189947
