0 61.81640625 12.6953125 6.026738787271576 8.0356517163621
0 55.615234375 14.322916666666666 6.401421192444773 8.53522825659303
0 43.26171875 13.411458333333334 6.194391824397107 8.259189099196142
0 31.396484375 13.541666666666666 6.224389054678692 8.299185406238257
0 41.455078125 14.192708333333334 6.372257390692475 8.496343187589966
0 36.62109375 15.234375 6.60196156395994 8.802615418613254
0 27.587890625 13.411458333333334 6.194391824397107 8.259189099196142
0 6.005859375 15.950520833333334 6.755353888299149 9.0071385177322
0 22.998046875 13.541666666666666 6.224389054678692 8.299185406238257
0 8.0078125 17.643229166666664 7.104764847914316 9.473019797219088
0 19.189453125 15.690104166666666 6.699981201202437 8.933308268269917
0 14.2578125 16.9921875 6.972448522214271 9.296598029619028
0 2.685546875 19.140625 7.400119417103358 9.866825889471144
0 10.3515625 20.377604166666664 7.635495607419925 10.180660809893233
0 1.07421875 17.513020833333336 7.0784994535786145 9.437999271438152
0 5.908203125 20.052083333333336 7.574263699945591 10.099018266594122
0 16.943359375 19.53125 7.475249459177179 9.966999278902906
0 12.255859375 18.619791666666664 7.298743129334349 9.731657505779133
0 21.19140625 18.098958333333336 7.195938795502683 9.594585060670244
0 15.33203125 18.359375 7.247523246483103 9.663364328644137
0 20.80078125 20.768229166666664 7.708331872750909 10.277775830334546
0 26.171875 18.619791666666664 7.298743129334349 9.731657505779133
0 4.4921875 24.609375 8.39094670707246 11.187928942763282
0 22.36328125 16.2109375 6.810276368536802 9.080368491382403
0 9.716796875 28.776041666666668 9.073528288158268 12.098037717544358
0 24.267578125 14.713541666666666 6.488126106405426 8.650834808540568
0 3.3203125 30.013020833333332 9.266495636406846 12.35532751520913
0 29.1015625 17.3828125 7.052136235529384 9.40284831403918
0 8.935546875 34.11458333333333 9.87940311049722 13.17253748066296
0 29.4921875 19.270833333333336 7.425247229367944 9.900329639157258
0 1.513671875 59.049479166666664 12.99776577090262 17.330354361203494
0 32.12890625 21.158854166666664 7.780486318348366 10.373981757797822
0 27.880859375 23.958333333333336 8.279211405182211 11.038948540242949
0 21.484375 26.236979166666668 8.66398288975732 11.551977186343091
0 18.9453125 33.59375 9.803697756475225 13.071597008633635
0 31.73828125 16.341145833333336 6.837572174807153 9.116762899742872
0 40.576171875 16.2109375 6.810276368536802 9.080368491382403
0 28.80859375 15.104166666666666 6.573687508709111 8.764916678278816
0 38.330078125 15.950520833333334 6.755353888299149 9.0071385177322
0 40.966796875 21.940104166666664 7.92282408798045 10.5637654506406
0 49.609375 18.619791666666664 7.298743129334349 9.731657505779133
0 45.8984375 15.104166666666666 6.573687508709111 8.764916678278816
0 42.041015625 18.619791666666664 7.298743129334349 9.731657505779133
0 47.0703125 22.4609375 8.016311973000304 10.688415964000404
0 47.705078125 14.713541666666666 6.488126106405426 8.650834808540568
0 57.2265625 16.080729166666664 6.782870718656271 9.043827624875028
0 51.220703125 16.731770833333336 6.9188135063199665 9.225084675093289
0 41.357421875 25.0 8.457279333832409 11.276372445109878
0 32.6171875 28.255208333333332 8.991039955234518 11.988053273646026
0 31.005859375 36.78385416666667 10.258628121320564 13.678170828427419
0 34.716796875 42.1875 10.986328125 14.6484375
0 65.13671875 15.950520833333334 6.755353888299149 9.0071385177322
0 60.009765625 19.140625 7.400119417103358 9.866825889471144
0 65.966796875 22.65625 8.051090062422436 10.734786749896582
0 60.546875 21.549479166666664 7.85197774064246 10.469303654189947
0 67.67578125 17.7734375 7.130933499479933 9.50791133263991
0 61.23046875 16.9921875 6.972448522214271 9.296598029619028
0 78.7109375 18.75 7.32421875 9.765625
0 80.615234375 16.2109375 6.810276368536802 9.080368491382403
0 94.580078125 18.619791666666664 7.298743129334349 9.731657505779133
0 86.23046875 18.229166666666664 7.221777078979024 9.629036105305365
0 81.73828125 18.359375 7.247523246483103 9.663364328644137
0 79.833984375 24.348958333333336 8.346432086900233 11.128576115866979
0 70.8984375 21.809895833333336 7.8992792392241125 10.532372318965482
0 76.806640625 21.809895833333336 7.8992792392241125 10.532372318965482
0 70.8984375 19.010416666666664 7.37490598974278 9.833207986323707
0 59.130859375 25.325520833333332 8.512161670520847 11.349548894027794
0 84.716796875 20.8984375 7.732458166088822 10.309944221451763
0 90.0390625 25.065104166666668 8.468284256293707 11.291045675058275
0 82.51953125 22.0703125 7.946299173761924 10.595065565015899
0 96.2890625 22.65625 8.051090062422436 10.734786749896582
0 88.427734375 20.5078125 7.659851317145468 10.21313508952729
0 92.96875 23.697916666666664 8.234092750996119 10.978790334661493
0 99.365234375 25.1953125 8.490251308132054 11.320335077509403
0 99.169921875 31.575520833333332 9.50464569238125 12.672860923174998
0 91.552734375 29.557291666666668 9.195873518871684 12.261164691828911
0 98.486328125 28.90625 9.094033462982996 12.125377950643994
0 88.623046875 27.734375 8.907787792557633 11.877050390076842
0 80.322265625 27.1484375 8.81318913463968 11.750918846186241
0 73.095703125 27.994791666666668 8.94951068030712 11.932680907076158
0 74.072265625 33.46354166666667 9.784679896167846 13.046239861557126
0 86.42578125 33.46354166666667 9.784679896167846 13.046239861557126
0 97.55859375 39.6484375 10.650591044076627 14.200788058768838
0 88.671875 33.203125 9.746532850751532 12.995377134335376
0 80.419921875 38.93229166666667 10.553965128046011 14.07195350406135
0 97.16796875 52.213541666666664 12.222280514221671 16.29637401896223
0 61.23046875 29.296875 9.1552734375 12.20703125
0 48.779296875 27.473958333333332 8.865868558553435 11.821158078071248
0 43.1640625 32.68229166666667 9.669787303317175 12.893049737756234
0 48.486328125 36.26302083333333 10.185741740892722 13.580988987856962
0 60.44921875 34.5703125 9.945172568847854 13.26023009179714
0 51.611328125 44.85677083333333 11.328559077923941 15.104745437231923
0 64.16015625 41.08072916666667 10.841259563190683 14.45501275092091
0 24.365234375 49.54427083333333 11.905767335895483 15.874356447860643
0 33.935546875 61.458333333333336 13.260230091797137 17.68030678906285
0 47.36328125 83.65885416666666 15.470937323775116 20.627916431700154
0 67.041015625 58.333333333333336 12.918707573557572 17.224943431410097
0 76.318359375 53.841145833333336 12.411315556434788 16.54842074191305
0 85.25390625 63.0859375 13.434668397860802 17.912891197147736
