0 84.86328125 64.58333333333334 13.593174713940485 18.124232951920646
0 74.90234375 52.9296875 12.305813692416963 16.407751589889283
0 66.40625 42.96875 11.087586745962493 14.783448994616657
0 49.072265625 37.43489583333333 10.349014256477766 13.798685675303688
0 43.994140625 31.575520833333332 9.50464569238125 12.672860923174998
0 29.296875 23.697916666666664 8.234092750996119 10.978790334661493
0 20.99609375 16.6015625 6.891839471823862 9.189119295765149
0 11.669921875 20.703125 7.6962403643301345 10.261653819106845
0 8.447265625 27.018229166666668 8.792028986137655 11.722705314850208
0 2.1484375 30.989583333333332 9.416045300623482 12.554727067497975
0 11.767578125 40.75520833333333 10.79822144345345 14.397628591271266
0 35.44921875 62.890625 13.413855576071724 17.88514076809563
0 65.673828125 58.268229166666664 12.911496460758165 17.21532861434422
0 79.19921875 37.109375 10.30392029793343 13.738560397244573
0 87.109375 22.265625 7.981382342908947 10.641843123878598
0 96.484375 24.0234375 8.290452702152177 11.053936936202902
0 90.087890625 33.7890625 9.832155574699105 13.109540766265473
0 50.9765625 48.046875 11.724470649596281 15.632627532795041
0 3.61328125 59.895833333333336 13.090582635209483 17.45411018027931
0 30.615234375 35.09114583333333 10.019809057239993 13.359745409653323
0 42.822265625 25.455729166666668 8.53401578009617 11.378687706794894
0 48.876953125 19.140625 7.400119417103358 9.866825889471144
0 56.103515625 15.625 6.686066375795484 8.914755167727312
0 62.01171875 13.0859375 6.118755388111396 8.15834051748186
0 67.431640625 16.6015625 6.891839471823862 9.189119295765149
0 71.38671875 22.265625 7.981382342908947 10.641843123878598
0 77.5390625 24.674479166666664 8.402038511923953 11.202718015898604
0 97.412109375 54.036458333333336 12.433806632973244 16.578408843964322
0 32.275390625 21.940104166666664 7.92282408798045 10.5637654506406
0 24.70703125 15.625 6.686066375795484 8.914755167727312
0 18.06640625 19.270833333333336 7.425247229367944 9.900329639157258
0 5.37109375 24.153645833333336 8.312889692307273 11.083852923076364
0 91.650390625 31.119791666666668 9.4358061729372 12.5810748972496
0 75.87890625 27.34375 8.84483443981289 11.793112586417188
0 73.974609375 33.65885416666667 9.813192865486773 13.084257153982362
0 63.330078125 35.09114583333333 10.019809057239993 13.359745409653323
0 50.634765625 28.255208333333332 8.991039955234518 11.988053273646026
0 36.42578125 43.09895833333333 11.10437341226822 14.805831216357626
0 20.068359375 31.4453125 9.485028239697298 12.646704319596397
0 57.373046875 24.934895833333336 8.446260072691679 11.26168009692224
0 61.03515625 30.013020833333332 9.266495636406846 12.35532751520913
0 31.689453125 28.450520833333332 9.02206146184966 12.029415282466214
0 22.0703125 26.3671875 8.685454999241765 11.580606665655687
0 46.826171875 22.591145833333336 8.039514082226251 10.719352109635
0 60.3515625 21.028645833333336 7.756509415978292 10.342012554637723
0 67.236328125 24.479166666666664 8.36871899463018 11.15829199284024
0 82.373046875 21.940104166666664 7.92282408798045 10.5637654506406
0 88.18359375 27.799479166666668 8.918236814088415 11.890982418784553
0 76.46484375 21.354166666666664 7.816313766397521 10.421751688530028
0 81.54296875 25.260416666666668 8.501213548086012 11.334951397448016
0 91.50390625 25.130208333333332 8.479274895904423 11.305699861205897
0 41.259765625 22.265625 7.981382342908947 10.641843123878598
0 20.166015625 20.833333333333336 7.720404443770458 10.293872591693944
0 7.763671875 20.247395833333336 7.611061958825638 10.148082611767517
0 13.671875 17.3828125 7.052136235529384 9.40284831403918
0 4.541015625 17.057291666666664 6.985792933508055 9.31439057801074
0 35.3515625 17.3828125 7.052136235529384 9.40284831403918
0 48.73046875 14.518229166666666 6.444919458600731 8.593225944800976
0 57.861328125 12.955729166666666 6.088237714617921 8.117650286157229
0 64.74609375 18.033854166666664 7.182984799767957 9.577313066357275
0 79.78515625 15.625 6.686066375795484 8.914755167727312
0 86.279296875 18.619791666666664 7.298743129334349 9.731657505779133
0 91.40625 20.377604166666664 7.635495607419925 10.180660809893233
0 99.31640625 41.73177083333333 10.926827264384862 14.569103019179815
0 70.654296875 18.489583333333336 7.273178276253042 9.697571035004056
0 42.333984375 15.169270833333334 6.587839704871492 8.783786273161988
0 32.03125 16.145833333333336 6.796587356970242 9.062116475960323
0 22.900390625 13.606770833333334 6.2393335877260965 8.319111450301463
0 78.125 16.40625 6.8511792970714245 9.134905729428567
0 88.330078125 20.247395833333336 7.611061958825638 10.148082611767517
0 45.068359375 16.6015625 6.891839471823862 9.189119295765149
0 30.029296875 19.140625 7.400119417103358 9.866825889471144
0 18.505859375 15.299479166666666 6.61605328023645 8.821404373648601
0 26.806640625 16.731770833333336 6.9188135063199665 9.225084675093289
0 11.767578125 18.489583333333336 7.273178276253042 9.697571035004056
0 26.5625 18.815104166666664 7.336923388776433 9.782564518368577
0 60.83984375 17.708333333333336 7.117861199762329 9.490481599683106
0 80.95703125 18.619791666666664 7.298743129334349 9.731657505779133
0 91.162109375 17.708333333333336 7.117861199762329 9.490481599683106
0 98.876953125 20.833333333333336 7.720404443770458 10.293872591693944
0 65.4296875 15.494791666666666 6.658149484030587 8.877532645374115
0 54.78515625 13.932291666666666 6.313525654778199 8.418034206370931
0 41.015625 16.927083333333336 6.959078522333606 9.278771363111476
0 52.63671875 16.40625 6.8511792970714245 9.134905729428567
0 58.10546875 19.270833333333336 7.425247229367944 9.900329639157258
0 50.146484375 17.513020833333336 7.0784994535786145 9.437999271438152
0 18.994140625 13.411458333333334 6.194391824397107 8.259189099196142
0 28.61328125 15.169270833333334 6.587839704871492 8.783786273161988
0 27.1484375 13.28125 6.16424861960576 8.218998159474348
0 26.5625 11.71875 5.790303332827843 7.720404443770458
0 22.900390625 48.95833333333333 11.835155901895336 15.780207869193779
0 87.5 47.39583333333333 11.644765642296699 15.526354189728933
0 99.70703125 33.7890625 9.832155574699105 13.109540766265473
