0 1.220703125 45.5078125 11.410473080956981 15.213964107942642
0 2.197265625 55.403645833333336 12.590119228965008 16.78682563862001
0 8.0078125 16.6015625 6.891839471823862 9.189119295765149
0 3.7109375 23.567708333333336 8.211440458419013 10.948587277892017
0 5.810546875 16.9921875 6.972448522214271 9.296598029619028
0 13.134765625 21.028645833333336 7.756509415978292 10.342012554637723
0 6.8359375 16.341145833333336 6.837572174807153 9.116762899742872
0 12.158203125 18.098958333333336 7.195938795502683 9.594585060670244
0 2.783203125 19.401041666666664 7.450290292806215 9.933720390408286
0 17.236328125 19.010416666666664 7.37490598974278 9.833207986323707
0 8.30078125 19.921875 7.549631882844837 10.066175843793117
0 20.556640625 16.471354166666664 6.864759447755123 9.15301259700683
0 14.94140625 17.122395833333336 6.9991119025755095 9.332149203434014
0 26.318359375 18.75 7.32421875 9.765625
0 18.65234375 15.494791666666666 6.658149484030587 8.877532645374115
0 22.4609375 26.497395833333332 8.706874156303165 11.609165541737553
0 8.349609375 27.408854166666668 8.855357744474432 11.807143659299243
0 19.970703125 21.028645833333336 7.756509415978292 10.342012554637723
0 24.90234375 15.364583333333334 6.6301150458985685 8.840153394531425
0 31.005859375 20.638020833333336 7.684129829110212 10.245506438813615
0 19.580078125 32.29166666666667 9.611826018080825 12.815768024107768
0 28.80859375 16.6015625 6.891839471823862 9.189119295765149
0 38.134765625 14.713541666666666 6.488126106405426 8.650834808540568
0 27.001953125 14.973958333333334 6.545291317604741 8.727055090139656
0 35.3515625 13.671875 6.254242410864013 8.338989881152017
0 40.0390625 21.419270833333336 7.828219811023351 10.437626414697803
0 35.7421875 17.3828125 7.052136235529384 9.40284831403918
0 31.298828125 14.583333333333334 6.459353786778786 8.612471715705048
0 39.84375 14.322916666666666 6.401421192444773 8.53522825659303
0 46.77734375 21.549479166666664 7.85197774064246 10.469303654189947
0 41.162109375 16.471354166666664 6.864759447755123 9.15301259700683
0 42.041015625 24.088541666666664 8.301678777304348 11.068905036405797
0 46.19140625 15.104166666666666 6.573687508709111 8.764916678278816
0 53.80859375 13.932291666666666 6.313525654778199 8.418034206370931
0 49.365234375 17.838541666666664 7.143981879101334 9.525309172135112
0 56.494140625 15.494791666666666 6.658149484030587 8.877532645374115
0 51.416015625 16.471354166666664 6.864759447755123 9.15301259700683
0 62.548828125 15.690104166666666 6.699981201202437 8.933308268269917
0 67.138671875 14.0625 6.342959500374307 8.457279333832409
0 60.83984375 16.080729166666664 6.782870718656271 9.043827624875028
0 63.623046875 14.973958333333334 6.545291317604741 8.727055090139656
0 58.935546875 18.098958333333336 7.195938795502683 9.594585060670244
0 65.869140625 23.4375 8.188725503539269 10.918300671385692
0 60.107421875 20.247395833333336 7.611061958825638 10.148082611767517
0 72.36328125 17.7734375 7.130933499479933 9.50791133263991
0 80.712890625 16.341145833333336 6.837572174807153 9.116762899742872
0 77.587890625 20.8984375 7.732458166088822 10.309944221451763
0 70.361328125 21.2890625 7.804389558437758 10.405852744583676
0 86.03515625 17.838541666666664 7.143981879101334 9.525309172135112
0 95.556640625 19.921875 7.549631882844837 10.066175843793117
0 82.51953125 18.098958333333336 7.195938795502683 9.594585060670244
0 92.67578125 19.140625 7.400119417103358 9.866825889471144
0 84.912109375 20.5078125 7.659851317145468 10.21313508952729
0 90.0390625 24.21875 8.324085508414218 11.098780677885625
0 83.447265625 22.200520833333336 7.969705113037473 10.626273484049964
0 73.876953125 27.864583333333332 8.928673607377803 11.904898143170405
0 82.421875 25.065104166666668 8.468284256293707 11.291045675058275
0 87.255859375 22.0703125 7.946299173761924 10.595065565015899
0 89.2578125 27.734375 8.907787792557633 11.877050390076842
0 75.1953125 31.705729166666668 9.524222738236839 12.698963650982451
0 81.54296875 33.203125 9.746532850751532 12.995377134335376
0 92.236328125 30.924479166666668 9.406149296522488 12.541532395363317
0 87.744140625 32.68229166666667 9.669787303317175 12.893049737756234
0 97.802734375 28.255208333333332 8.991039955234518 11.988053273646026
0 94.580078125 23.177083333333336 8.143105507889608 10.857474010519478
0 97.802734375 32.94270833333333 9.708235913444133 12.944314551258843
0 99.267578125 40.69010416666667 10.789593218788873 14.386124291718497
0 97.705078125 50.325520833333336 11.999269562583924 15.99902608344523
0 59.130859375 23.828125 8.256682897014576 11.008910529352768
0 50.68359375 25.716145833333332 8.57755695956738 11.436742612756506
0 70.068359375 14.84375 6.516771394062079 8.689028525416106
0 43.06640625 31.184895833333332 9.445671106287941 12.594228141717254
0 31.640625 28.776041666666668 9.073528288158268 12.098037717544358
0 27.392578125 25.0 8.457279333832409 11.276372445109878
0 6.494140625 31.4453125 9.485028239697298 12.646704319596397
0 22.55859375 44.98697916666667 11.344989193994817 15.126652258659753
0 30.712890625 34.9609375 10.001202153426476 13.334936204568635
0 33.740234375 41.6015625 10.909767414379564 14.546356552506085
0 50.0 37.109375 10.30392029793343 13.738560397244573
0 52.392578125 45.76822916666667 11.443074499055587 15.25743266540745
0 35.44921875 61.067708333333336 13.218022355778636 17.624029807704847
0 47.16796875 78.97135416666666 15.031262641631777 20.041683522175703
0 66.552734375 73.50260416666666 14.50147017885342 19.33529357180456
0 84.716796875 64.51822916666666 13.586321587861368 18.115095450481824
0 77.880859375 51.302083333333336 12.115132593554204 16.153510124738936
0 68.84765625 55.403645833333336 12.590119228965008 16.78682563862001
0 65.869140625 38.28125 10.46534924284805 13.953798990464069
0 60.25390625 34.83072916666667 9.982560567502519 13.310080756670025
0 60.44921875 28.645833333333332 9.052976668817948 12.07063555842393
0 88.96484375 18.098958333333336 7.195938795502683 9.594585060670244
