0 92.578125 82.6171875 15.374318503186032 20.499091337581376
0 93.84765625 53.580729166666664 12.381263900818356 16.508351867757806
0 89.013671875 62.6953125 13.393010411066705 17.857347214755606
0 50.390625 76.171875 14.762434841855255 19.683246455807005
0 32.6171875 85.9375 15.680215550128333 20.906954066837777
0 35.9375 61.002604166666664 13.210974622749855 17.61463283033314
0 20.263671875 46.74479166666667 11.564511304624277 15.419348406165703
0 52.294921875 47.72135416666667 11.684686107834867 15.579581477113155
0 77.392578125 54.036458333333336 12.433806632973244 16.578408843964322
0 66.943359375 60.221354166666664 13.126106669681741 17.501475559575656
0 72.0703125 41.40625 10.884127502518925 14.512170003358568
0 59.375 34.89583333333333 9.991885707852113 13.322514277136149
0 64.84375 41.73177083333333 10.926827264384862 14.569103019179815
0 78.955078125 38.41145833333333 10.483132346995646 13.977509795994195
0 89.599609375 35.87239583333333 10.130732832457173 13.507643776609566
0 98.974609375 36.5234375 10.22224989284926 13.629666523799013
0 80.126953125 25.130208333333332 8.479274895904423 11.305699861205897
0 99.21875 29.8828125 9.24637292940864 12.32849723921152
0 75.830078125 28.580729166666668 9.042683343523592 12.056911124698123
0 97.75390625 27.799479166666668 8.918236814088415 11.890982418784553
0 94.82421875 19.7265625 7.512532730158185 10.01671030687758
0 81.787109375 18.489583333333336 7.273178276253042 9.697571035004056
0 67.1875 24.0234375 8.290452702152177 11.053936936202902
0 59.375 24.8046875 8.424178309229896 11.23223774563986
0 49.072265625 27.018229166666668 8.792028986137655 11.722705314850208
0 48.486328125 37.63020833333333 10.3759765625 13.834635416666666
0 38.427734375 43.09895833333333 11.10437341226822 14.805831216357626
0 32.373046875 35.41666666666667 10.066175843793117 13.421567791724156
0 21.337890625 27.799479166666668 8.918236814088415 11.890982418784553
0 1.07421875 45.63802083333333 11.426785416777987 15.235713889037317
0 3.125 59.5703125 13.054961936161765 17.406615914882355
0 93.84765625 31.901041666666668 9.55351308746248 12.738017449949975
0 88.18359375 23.372395833333336 8.177344364608315 10.903125819477753
0 93.017578125 34.44010416666667 9.926425761285763 13.235234348381017
0 89.599609375 24.8046875 8.424178309229896 11.23223774563986
0 81.787109375 22.135416666666664 7.958010748538389 10.610680998051187
0 89.84375 27.9296875 8.939098215256843 11.918797620342456
0 86.376953125 21.484375 7.840107775064166 10.453477033418888
0 76.806640625 22.135416666666664 7.958010748538389 10.610680998051187
0 70.751953125 18.9453125 7.3622668956389274 9.816355860851903
0 78.564453125 18.619791666666664 7.298743129334349 9.731657505779133
0 68.408203125 13.736979166666666 6.269115778861736 8.358821038482315
0 59.716796875 21.614583333333336 7.863829789260941 10.485106385681254
0 70.263671875 13.736979166666666 6.269115778861736 8.358821038482315
0 61.5234375 18.9453125 7.3622668956389274 9.816355860851903
0 51.806640625 16.145833333333336 6.796587356970242 9.062116475960323
0 52.978515625 24.348958333333336 8.346432086900233 11.128576115866979
0 47.900390625 30.338541666666668 9.316612257369233 12.42214967649231
0 42.08984375 25.455729166666668 8.53401578009617 11.378687706794894
0 45.068359375 15.0390625 6.559504779115197 8.746006372153596
0 41.50390625 22.135416666666664 7.958010748538389 10.610680998051187
0 55.615234375 13.411458333333334 6.194391824397107 8.259189099196142
0 46.826171875 15.0390625 6.559504779115197 8.746006372153596
0 57.6171875 14.713541666666666 6.488126106405426 8.650834808540568
0 65.4296875 13.28125 6.16424861960576 8.218998159474348
0 35.791015625 16.731770833333336 6.9188135063199665 9.225084675093289
0 28.22265625 13.606770833333334 6.2393335877260965 8.319111450301463
0 37.01171875 14.388020833333334 6.415953381844678 8.554604509126236
0 23.14453125 14.192708333333334 6.372257390692475 8.496343187589966
0 18.84765625 20.833333333333336 7.720404443770458 10.293872591693944
0 13.18359375 19.596354166666664 7.487697843252746 9.983597124336994
0 6.4453125 30.143229166666668 9.286574740419274 12.382099653892366
0 9.9609375 17.1875 7.012405574387241 9.349874099182989
0 5.126953125 20.833333333333336 7.720404443770458 10.293872591693944
0 19.580078125 17.1875 7.012405574387241 9.349874099182989
0 7.373046875 24.153645833333336 8.312889692307273 11.083852923076364
0 18.75 15.625 6.686066375795484 8.914755167727312
0 0.732421875 16.731770833333336 6.9188135063199665 9.225084675093289
0 21.58203125 17.1875 7.012405574387241 9.349874099182989
0 7.275390625 16.40625 6.8511792970714245 9.134905729428567
0 25.48828125 19.401041666666664 7.450290292806215 9.933720390408286
0 31.298828125 20.833333333333336 7.720404443770458 10.293872591693944
0 29.98046875 13.606770833333334 6.2393335877260965 8.319111450301463
0 31.298828125 13.606770833333334 6.2393335877260965 8.319111450301463
0 12.939453125 15.494791666666666 6.658149484030587 8.877532645374115
0 3.125 19.401041666666664 7.450290292806215 9.933720390408286
0 28.466796875 22.4609375 8.016311973000304 10.688415964000404
0 33.203125 28.90625 9.094033462982996 12.125377950643994
0 24.31640625 26.5625 8.717563999686098 11.62341866624813
0 41.259765625 16.731770833333336 6.9188135063199665 9.225084675093289
0 39.013671875 17.057291666666664 6.985792933508055 9.31439057801074
0 41.845703125 19.140625 7.400119417103358 9.866825889471144
0 48.583984375 17.838541666666664 7.143981879101334 9.525309172135112
0 50.830078125 19.140625 7.400119417103358 9.866825889471144
0 57.861328125 17.3828125 7.052136235529384 9.40284831403918
0 98.583984375 42.1875 10.986328125 14.6484375
0 99.560546875 22.135416666666664 7.958010748538389 10.610680998051187
0 92.431640625 23.372395833333336 8.177344364608315 10.903125819477753
0 34.619140625 15.299479166666666 6.61605328023645 8.821404373648601
0 63.037109375 13.606770833333334 6.2393335877260965 8.319111450301463
0 63.037109375 11.71875 5.790303332827843 7.720404443770458
0 62.01171875 15.950520833333334 6.755353888299149 9.0071385177322
0 74.31640625 13.0859375 6.118755388111396 8.15834051748186
0 82.373046875 15.625 6.686066375795484 8.914755167727312
0 80.46875 14.388020833333334 6.415953381844678 8.554604509126236
0 90.91796875 21.028645833333336 7.756509415978292 10.342012554637723
0 90.33203125 17.708333333333336 7.117861199762329 9.490481599683106
0 72.998046875 17.708333333333336 7.117861199762329 9.490481599683106
