0 99.21875 31.0546875 9.425930915210266 12.567907886947022
0 81.34765625 39.77864583333333 10.668065364348472 14.224087152464628
0 98.095703125 27.473958333333332 8.865868558553435 11.821158078071248
0 65.0390625 36.19791666666667 10.17659423860661 13.568792318142146
0 98.2421875 22.200520833333336 7.969705113037473 10.626273484049964
0 68.994140625 26.171875 8.653226854710587 11.537635806280782
0 95.8984375 24.0234375 8.290452702152177 11.053936936202902
0 87.255859375 25.130208333333332 8.479274895904423 11.305699861205897
0 81.201171875 22.65625 8.051090062422436 10.734786749896582
0 73.33984375 23.502604166666664 8.200090846279542 10.933454461706056
0 90.478515625 20.8984375 7.732458166088822 10.309944221451763
0 76.416015625 22.005208333333336 7.9345703125 10.579427083333332
0 86.865234375 19.596354166666664 7.487697843252746 9.983597124336994
0 79.1015625 17.578125 7.091644310682526 9.455525747576702
0 91.455078125 18.424479166666664 7.2603620931215325 9.680482790828709
0 77.392578125 15.625 6.686066375795484 8.914755167727312
0 65.8203125 17.252604166666664 7.025674092542321 9.367565456723094
0 73.92578125 14.322916666666666 6.401421192444773 8.53522825659303
0 56.298828125 18.880208333333336 7.349606066157407 9.799474754876544
0 40.52734375 16.927083333333336 6.959078522333606 9.278771363111476
0 54.443359375 15.104166666666666 6.573687508709111 8.764916678278816
0 38.525390625 15.625 6.686066375795484 8.914755167727312
0 60.25390625 13.997395833333334 6.328259690346595 8.437679587128793
0 33.740234375 16.276041666666664 6.823937919616058 9.09858389282141
0 66.064453125 14.322916666666666 6.401421192444773 8.53522825659303
0 47.802734375 15.625 6.686066375795484 8.914755167727312
0 26.46484375 18.424479166666664 7.2603620931215325 9.680482790828709
0 45.80078125 15.104166666666666 6.573687508709111 8.764916678278816
0 23.876953125 17.252604166666664 7.025674092542321 9.367565456723094
0 43.212890625 15.755208333333334 6.7138671875 8.951822916666668
0 10.302734375 16.796875 6.932261164306974 9.243014885742634
0 25.341796875 14.973958333333334 6.545291317604741 8.727055090139656
0 3.515625 23.372395833333336 8.177344364608315 10.903125819477753
0 7.958984375 18.229166666666664 7.221777078979024 9.629036105305365
0 1.66015625 18.5546875 7.28597191547444 9.714629220632586
0 64.306640625 14.778645833333334 6.502464524127966 8.669952698837287
0 4.4921875 17.578125 7.091644310682526 9.455525747576702
0 70.751953125 14.973958333333334 6.545291317604741 8.727055090139656
0 81.34765625 18.5546875 7.28597191547444 9.714629220632586
0 99.70703125 20.572916666666664 7.672000176987631 10.229333569316841
0 83.935546875 17.7734375 7.130933499479933 9.50791133263991
0 76.171875 18.229166666666664 7.221777078979024 9.629036105305365
