0 0.537109375 19.140625 7.400119417103358 9.866825889471144
0 1.85546875 19.140625 7.400119417103358 9.866825889471144
0 4.19921875 20.182291666666664 7.598815672600545 10.13175423013406
0 2.24609375 23.046875 8.120199399200482 10.82693253226731
0 1.123046875 26.432291666666668 8.696171172348027 11.594894896464037
0 3.41796875 26.953125 8.78142979122202 11.708573054962693
0 4.58984375 18.098958333333336 7.195938795502683 9.594585060670244
0 5.76171875 18.619791666666664 7.298743129334349 9.731657505779133
0 6.0546875 17.057291666666664 6.985792933508055 9.31439057801074
0 7.03125 18.619791666666664 7.298743129334349 9.731657505779133
0 7.12890625 21.223958333333336 7.792447103762027 10.389929471682702
0 7.03125 25.0 8.457279333832409 11.276372445109878
0 9.27734375 17.708333333333336 7.117861199762329 9.490481599683106
0 10.400390625 16.2109375 6.810276368536802 9.080368491382403
0 8.3984375 18.619791666666664 7.298743129334349 9.731657505779133
0 9.86328125 19.53125 7.475249459177179 9.966999278902906
0 10.888671875 17.96875 7.170007400189656 9.56000986691954
0 11.865234375 17.317708333333336 7.038917599286375 9.385223465715166
0 13.330078125 17.96875 7.170007400189656 9.56000986691954
0 14.208984375 17.1875 7.012405574387241 9.349874099182989
0 12.060546875 19.921875 7.549631882844837 10.066175843793117
0 13.232421875 21.875 7.911060422861158 10.548080563814876
0 14.404296875 21.484375 7.840107775064166 10.453477033418888
0 15.771484375 23.307291666666664 8.165947363439729 10.88792981791964
0 16.162109375 18.880208333333336 7.349606066157407 9.799474754876544
0 15.869140625 16.666666666666664 6.905339660024879 9.207119546699838
0 17.626953125 14.2578125 6.386855937639267 8.515807916852356
0 17.822265625 15.8203125 6.72772451325946 8.970299351012613
0 18.65234375 17.708333333333336 7.117861199762329 9.490481599683106
0 19.921875 14.778645833333334 6.502464524127966 8.669952698837287
0 21.09375 14.2578125 6.386855937639267 8.515807916852356
0 19.3359375 15.950520833333334 6.755353888299149 9.0071385177322
0 20.5078125 17.838541666666664 7.143981879101334 9.525309172135112
0 22.16796875 16.6015625 6.891839471823862 9.189119295765149
0 17.236328125 21.223958333333336 7.792447103762027 10.389929471682702
0 20.703125 24.348958333333336 8.346432086900233 11.128576115866979
0 19.04296875 22.135416666666664 7.958010748538389 10.610680998051187
0 23.6328125 16.2109375 6.810276368536802 9.080368491382403
0 24.90234375 15.690104166666666 6.699981201202437 8.933308268269917
0 24.0234375 18.098958333333336 7.195938795502683 9.594585060670244
0 26.26953125 16.666666666666664 6.905339660024879 9.207119546699838
0 27.001953125 15.4296875 6.644147051109997 8.858862734813329
0 27.880859375 15.950520833333334 6.755353888299149 9.0071385177322
0 26.3671875 20.052083333333336 7.574263699945591 10.099018266594122
0 24.90234375 22.005208333333336 7.9345703125 10.579427083333332
0 23.046875 22.786458333333336 8.074192233473482 10.765589644631309
0 30.224609375 20.3125 7.62328857226367 10.164384763018226
0 29.638671875 16.471354166666664 6.864759447755123 9.15301259700683
0 29.833984375 15.0390625 6.559504779115197 8.746006372153596
0 31.591796875 16.796875 6.932261164306974 9.243014885742634
0 33.251953125 15.690104166666666 6.699981201202437 8.933308268269917
0 34.423828125 15.950520833333334 6.755353888299149 9.0071385177322
0 26.46484375 22.916666666666664 8.097228492078614 10.796304656104818
0 27.978515625 22.265625 7.981382342908947 10.641843123878598
0 26.3671875 26.5625 8.717563999686098 11.62341866624813
0 29.443359375 23.958333333333336 8.279211405182211 11.038948540242949
0 30.810546875 23.307291666666664 8.165947363439729 10.88792981791964
0 32.763671875 23.4375 8.188725503539269 10.918300671385692
0 34.033203125 22.65625 8.051090062422436 10.734786749896582
0 33.740234375 18.098958333333336 7.195938795502683 9.594585060670244
0 35.64453125 16.796875 6.932261164306974 9.243014885742634
0 37.20703125 16.6015625 6.891839471823862 9.189119295765149
0 38.8671875 16.666666666666664 6.905339660024879 9.207119546699838
0 35.15625 19.921875 7.549631882844837 10.066175843793117
0 39.453125 20.182291666666664 7.598815672600545 10.13175423013406
0 39.35546875 23.046875 8.120199399200482 10.82693253226731
0 41.015625 16.471354166666664 6.864759447755123 9.15301259700683
0 42.3828125 16.2109375 6.810276368536802 9.080368491382403
0 43.505859375 14.778645833333334 6.502464524127966 8.669952698837287
0 44.970703125 15.559895833333334 6.672122530845778 8.896163374461038
0 48.193359375 16.080729166666664 6.782870718656271 9.043827624875028
0 45.263671875 21.354166666666664 7.816313766397521 10.421751688530028
0 46.923828125 18.75 7.32421875 9.765625
0 47.412109375 16.666666666666664 6.905339660024879 9.207119546699838
0 52.44140625 15.169270833333334 6.587839704871492 8.783786273161988
0 50.634765625 18.229166666666664 7.221777078979024 9.629036105305365
0 47.607421875 23.567708333333336 8.211440458419013 10.948587277892017
0 43.505859375 26.822916666666668 8.760192928715409 11.680257238287211
0 49.755859375 22.135416666666664 7.958010748538389 10.610680998051187
0 59.27734375 23.567708333333336 8.211440458419013 10.948587277892017
0 65.087890625 22.005208333333336 7.9345703125 10.579427083333332
0 62.646484375 30.2734375 9.306610523667546 12.408814031556727
0 57.12890625 26.953125 8.78142979122202 11.708573054962693
0 66.943359375 26.692708333333332 8.738904457566134 11.651872610088178
0 74.0234375 24.348958333333336 8.346432086900233 11.128576115866979
0 75.0 31.575520833333332 9.50464569238125 12.672860923174998
0 87.3046875 45.83333333333333 11.45121035113142 15.268280468175227
0 95.458984375 45.96354166666667 11.467464738803672 15.289952985071562
0 88.8671875 33.13802083333333 9.736972737758677 12.982630317011571
0 92.87109375 27.083333333333332 8.802615418613255 11.736820558151006
0 98.583984375 43.09895833333333 11.10437341226822 14.805831216357626
0 80.029296875 53.190104166666664 12.336049152470542 16.44806553662739
0 75.29296875 51.236979166666664 12.107442886277694 16.14325718170359
0 63.818359375 53.971354166666664 12.426314130555623 16.568418840740833
0 69.921875 41.796875 10.935347208965403 14.580462945287206
0 60.693359375 43.09895833333333 11.10437341226822 14.805831216357626
0 42.3828125 87.5 15.822120845722315 21.096161127629752
0 6.73828125 74.54427083333334 14.603864885260498 19.471819847013997
0 23.4375 38.73697916666667 10.527458685705774 14.036611580941033
0 19.7265625 39.0625 10.57159916729051 14.095465556387346
0 8.203125 30.924479166666668 9.406149296522488 12.541532395363317
0 40.91796875 48.046875 11.724470649596281 15.632627532795041
0 31.591796875 54.8828125 12.530801493925663 16.707735325234218
0 24.609375 59.5703125 13.054961936161765 17.406615914882355
0 42.7734375 31.8359375 9.543759625922785 12.725012834563712
0 43.994140625 35.3515625 10.056919588186085 13.409226117581447
0 50.244140625 30.794270833333332 9.386325988299376 12.515101317732501
0 86.23046875 34.5703125 9.945172568847854 13.26023009179714
0 72.4609375 36.9140625 10.276768945607138 13.702358594142853
0 76.5625 30.403645833333332 9.326603265341873 12.43547102045583
0 54.39453125 26.171875 8.653226854710587 11.537635806280782
0 98.095703125 30.794270833333332 9.386325988299376 12.515101317732501
0 99.755859375 21.875 7.911060422861158 10.548080563814876
0 95.458984375 23.958333333333336 8.279211405182211 11.038948540242949
0 99.658203125 33.26822916666667 9.756083595670033 13.008111460893376
0 98.486328125 23.4375 8.188725503539269 10.918300671385692
0 91.40625 20.442708333333336 7.647683158045451 10.196910877393934
0 97.607421875 21.875 7.911060422861158 10.548080563814876
0 88.8671875 25.390625 8.523095729839442 11.364127639785922
0 83.544921875 34.44010416666667 9.926425761285763 13.235234348381017
0 86.9140625 28.971354166666668 9.104268731797058 12.139024975729411
0 82.861328125 31.315104166666668 9.465370128949479 12.62049350526597
0 78.076171875 27.734375 8.907787792557633 11.877050390076842
0 85.25390625 24.739583333333336 8.413115693414442 11.217487591219255
0 95.263671875 21.484375 7.840107775064166 10.453477033418888
0 86.5234375 18.619791666666664 7.298743129334349 9.731657505779133
0 80.224609375 17.447916666666664 7.065330140863174 9.420440187817565
0 93.359375 20.963541666666664 7.7444931277157725 10.325990836954363
0 78.564453125 24.479166666666664 8.36871899463018 11.15829199284024
0 89.2578125 19.661458333333336 7.500125566067204 10.00016742142294
0 82.861328125 18.098958333333336 7.195938795502683 9.594585060670244
0 88.76953125 22.005208333333336 7.9345703125 10.579427083333332
0 80.615234375 21.744791666666664 7.887480458569388 10.51664061142585
0 84.619140625 19.921875 7.549631882844837 10.066175843793117
0 77.978515625 19.270833333333336 7.425247229367944 9.900329639157258
0 84.912109375 22.135416666666664 7.958010748538389 10.610680998051187
0 85.83984375 20.442708333333336 7.647683158045451 10.196910877393934
0 81.494140625 19.140625 7.400119417103358 9.866825889471144
0 74.51171875 19.661458333333336 7.500125566067204 10.00016742142294
0 63.037109375 15.299479166666666 6.61605328023645 8.821404373648601
0 70.8984375 15.4296875 6.644147051109997 8.858862734813329
0 76.07421875 16.341145833333336 6.837572174807153 9.116762899742872
0 66.552734375 16.471354166666664 6.864759447755123 9.15301259700683
0 76.904296875 15.169270833333334 6.587839704871492 8.783786273161988
0 67.626953125 15.0390625 6.559504779115197 8.746006372153596
0 68.310546875 15.8203125 6.72772451325946 8.970299351012613
0 69.53125 15.299479166666666 6.61605328023645 8.821404373648601
0 72.265625 15.4296875 6.644147051109997 8.858862734813329
0 74.8046875 16.666666666666664 6.905339660024879 9.207119546699838
0 73.828125 17.447916666666664 7.065330140863174 9.420440187817565
0 77.978515625 16.927083333333336 6.959078522333606 9.278771363111476
0 77.685546875 22.005208333333336 7.9345703125 10.579427083333332
0 83.837890625 22.786458333333336 8.074192233473482 10.765589644631309
0 85.7421875 38.0859375 10.438617783500408 13.918157044667211
0 87.3046875 23.046875 8.120199399200482 10.82693253226731
0 97.998046875 52.669270833333336 12.275503760448466 16.36733834726462
0 68.65234375 35.48177083333333 10.075423595714831 13.433898127619774
0 72.55859375 32.74739583333333 9.679413773897526 12.905885031863368
0 59.5703125 38.60677083333333 10.509750584547465 14.01300077939662
0 55.56640625 29.752604166666668 9.22620633412535 12.301608445500468
0 56.640625 35.87239583333333 10.130732832457173 13.507643776609566
0 40.13671875 32.6171875 9.660151239834237 12.880201653112316
0 47.216796875 30.403645833333332 9.326603265341873 12.43547102045583
0 28.955078125 29.1015625 9.124704826492952 12.166273101990603
0 49.365234375 26.041666666666668 8.631674575031099 11.508899433374797
0 26.07421875 52.669270833333336 12.275503760448466 16.36733834726462
0 34.716796875 45.703125 11.434932858395506 15.24657714452734
0 12.158203125 34.44010416666667 9.926425761285763 13.235234348381017
0 4.6875 39.84375 10.676791799643494 14.235722399524658
0 9.1796875 34.5703125 9.945172568847854 13.26023009179714
0 1.025390625 46.22395833333333 11.499904590708478 15.33320612094464
0 4.58984375 67.83854166666666 13.931533460099278 18.575377946799033
0 41.6015625 71.484375 14.300994279614235 19.067992372818978
0 45.556640625 80.2734375 15.154674094159102 20.20623212554547
0 57.03125 74.54427083333334 14.603864885260498 19.471819847013997
0 76.46484375 60.7421875 13.18274601224071 17.57699468298761
0 99.267578125 63.932291666666664 13.52448718637716 18.032649581836214
0 52.24609375 51.888020833333336 12.184121568406452 16.245495424541936
0 43.06640625 55.924479166666664 12.649158798866397 16.865545065155196
0 79.736328125 45.83333333333333 11.45121035113142 15.268280468175227
0 0.634765625 54.4921875 12.486128262621328 16.648171016828435
0 96.728515625 40.49479166666667 10.763667046233154 14.351556061644205
0 89.16015625 27.734375 8.907787792557633 11.877050390076842
0 98.388671875 27.604166666666668 8.886852892188134 11.849137189584178
0 23.2421875 34.83072916666667 9.982560567502519 13.310080756670025
0 54.1015625 15.8203125 6.72772451325946 8.970299351012613
0 56.0546875 19.401041666666664 7.450290292806215 9.933720390408286
0 52.734375 23.567708333333336 8.211440458419013 10.948587277892017
0 58.203125 15.950520833333334 6.755353888299149 9.0071385177322
0 59.66796875 20.052083333333336 7.574263699945591 10.099018266594122
0 62.158203125 17.057291666666664 6.985792933508055 9.31439057801074
0 59.47265625 17.838541666666664 7.143981879101334 9.525309172135112
0 60.986328125 15.950520833333334 6.755353888299149 9.0071385177322
0 59.765625 14.6484375 6.473755931273323 8.631674575031097
0 55.76171875 15.4296875 6.644147051109997 8.858862734813329
0 56.93359375 15.8203125 6.72772451325946 8.970299351012613
0 68.5546875 19.791666666666664 7.524919437217989 10.033225916290652
0 71.484375 21.614583333333336 7.863829789260941 10.485106385681254
0 69.3359375 23.177083333333336 8.143105507889608 10.857474010519478
0 62.548828125 20.963541666666664 7.7444931277157725 10.325990836954363
0 63.818359375 26.432291666666668 8.696171172348027 11.594894896464037
0 59.375 34.44010416666667 9.926425761285763 13.235234348381017
