0 14.111328125 21.549479166666664 7.85197774064246 10.469303654189947
0 25.78125 17.513020833333336 7.0784994535786145 9.437999271438152
0 62.3046875 77.47395833333334 14.888074850647545 19.85076646753006
0 99.12109375 22.200520833333336 7.969705113037473 10.626273484049964
0 90.966796875 31.705729166666668 9.524222738236839 12.698963650982451
0 94.775390625 21.744791666666664 7.887480458569388 10.51664061142585
0 97.607421875 26.953125 8.78142979122202 11.708573054962693
0 91.357421875 25.390625 8.523095729839442 11.364127639785922
0 92.1875 58.138020833333336 12.897062139352686 17.196082852470248
0 91.6015625 19.856770833333336 7.537285788103314 10.049714384137753
0 84.27734375 18.424479166666664 7.2603620931215325 9.680482790828709
0 81.640625 24.544270833333336 8.379840220792225 11.173120294389632
0 67.48046875 38.0859375 10.438617783500408 13.918157044667211
0 83.30078125 21.2890625 7.804389558437758 10.405852744583676
0 75.146484375 18.9453125 7.3622668956389274 9.816355860851903
0 66.748046875 16.40625 6.8511792970714245 9.134905729428567
0 70.41015625 15.299479166666666 6.61605328023645 8.821404373648601
0 61.083984375 20.638020833333336 7.684129829110212 10.245506438813615
0 64.55078125 17.1875 7.012405574387241 9.349874099182989
0 69.04296875 15.169270833333334 6.587839704871492 8.783786273161988
0 60.986328125 15.885416666666666 6.741553355216833 8.988737806955777
0 56.591796875 15.885416666666666 6.741553355216833 8.988737806955777
0 61.083984375 12.760416666666666 6.042172202521769 8.056229603362357
0 46.58203125 22.265625 7.981382342908947 10.641843123878598
0 37.98828125 24.4140625 8.357582969744357 11.143443959659143
0 34.765625 29.817708333333332 9.236295135755345 12.315060181007127
0 37.939453125 17.643229166666664 7.104764847914316 9.473019797219088
0 33.837890625 25.520833333333332 8.544921875 11.393229166666668
0 41.9921875 20.963541666666664 7.7444931277157725 10.325990836954363
0 34.08203125 18.424479166666664 7.2603620931215325 9.680482790828709
0 42.333984375 17.317708333333336 7.038917599286375 9.385223465715166
0 29.345703125 17.057291666666664 6.985792933508055 9.31439057801074
0 34.27734375 16.40625 6.8511792970714245 9.134905729428567
0 32.6171875 15.104166666666666 6.573687508709111 8.764916678278816
0 19.62890625 14.973958333333334 6.545291317604741 8.727055090139656
0 16.259765625 20.052083333333336 7.574263699945591 10.099018266594122
0 15.625 14.973958333333334 6.545291317604741 8.727055090139656
0 11.865234375 19.53125 7.475249459177179 9.966999278902906
0 6.640625 21.940104166666664 7.92282408798045 10.5637654506406
0 10.3515625 19.7265625 7.512532730158185 10.01671030687758
0 8.7890625 19.53125 7.475249459177179 9.966999278902906
0 8.7890625 16.861979166666664 6.945682786096826 9.260910381462436
0 7.2265625 18.294270833333336 7.234661615679748 9.646215487572997
0 4.78515625 18.619791666666664 7.298743129334349 9.731657505779133
0 3.22265625 20.833333333333336 7.720404443770458 10.293872591693944
0 2.294921875 18.424479166666664 7.2603620931215325 9.680482790828709
0 1.025390625 19.205729166666664 7.412693970636669 9.883591960848893
0 0.634765625 21.549479166666664 7.85197774064246 10.469303654189947
0 26.708984375 15.169270833333334 6.587839704871492 8.783786273161988
0 24.51171875 15.625 6.686066375795484 8.914755167727312
