0 94.04296875 81.18489583333334 15.240467516093473 20.320623354791298
0 66.9921875 89.38802083333334 15.991909798063844 21.32254639741846
0 23.14453125 89.97395833333334 16.044237583123678 21.392316777498234
0 2.05078125 87.5 15.822120845722315 21.096161127629752
0 16.357421875 59.049479166666664 12.99776577090262 17.330354361203494
0 4.345703125 50.0 11.960399134683488 15.947198846244651
0 0.68359375 30.46875 9.336583582018038 12.448778109357384
0 4.541015625 22.005208333333336 7.9345703125 10.579427083333332
0 18.45703125 23.697916666666664 8.234092750996119 10.978790334661493
0 54.4921875 46.484375 11.532253190729483 15.376337587639311
0 82.861328125 51.497395833333336 12.138172486176355 16.184229981568475
0 75.78125 35.80729166666667 10.121535615098267 13.495380820131023
0 68.896484375 32.29166666666667 9.611826018080825 12.815768024107768
0 63.232421875 27.864583333333332 8.928673607377803 11.904898143170405
0 94.482421875 43.29427083333333 11.129505937994672 14.839341250659563
0 86.328125 36.9140625 10.276768945607138 13.702358594142853
0 91.357421875 31.770833333333332 9.53399618640949 12.711994915212655
0 92.919921875 39.2578125 10.597995211294762 14.130660281726351
0 99.365234375 44.01041666666667 11.221176947540428 14.961569263387236
0 96.240234375 39.2578125 10.597995211294762 14.130660281726351
0 97.94921875 31.770833333333332 9.53399618640949 12.711994915212655
0 87.59765625 31.0546875 9.425930915210266 12.567907886947022
0 79.638671875 26.302083333333332 8.674725588105405 11.56630078414054
0 65.234375 23.502604166666664 8.200090846279542 10.933454461706056
0 57.177734375 22.721354166666664 8.062649422377262 10.75019922983635
0 50.09765625 20.8984375 7.732458166088822 10.309944221451763
0 45.80078125 22.526041666666664 8.027921409891299 10.703895213188398
0 32.861328125 22.591145833333336 8.039514082226251 10.719352109635
0 37.255859375 28.580729166666668 9.042683343523592 12.056911124698123
0 33.154296875 30.794270833333332 9.386325988299376 12.515101317732501
0 19.384765625 22.135416666666664 7.958010748538389 10.610680998051187
0 14.990234375 25.1953125 8.490251308132054 11.320335077509403
0 10.05859375 19.53125 7.475249459177179 9.966999278902906
0 29.58984375 20.442708333333336 7.647683158045451 10.196910877393934
0 70.654296875 17.838541666666664 7.143981879101334 9.525309172135112
0 79.00390625 18.5546875 7.28597191547444 9.714629220632586
0 90.478515625 23.2421875 8.154534433525017 10.872712578033356
0 84.66796875 27.408854166666668 8.855357744474432 11.807143659299243
0 81.73828125 20.442708333333336 7.647683158045451 10.196910877393934
0 74.51171875 19.466145833333336 7.462780310447684 9.950373747263578
0 60.83984375 19.921875 7.549631882844837 10.066175843793117
0 43.408203125 17.252604166666664 7.025674092542321 9.367565456723094
0 58.349609375 18.9453125 7.3622668956389274 9.816355860851903
0 82.373046875 23.567708333333336 8.211440458419013 10.948587277892017
0 95.41015625 23.502604166666664 8.200090846279542 10.933454461706056
0 79.98046875 23.502604166666664 8.200090846279542 10.933454461706056
0 93.017578125 22.8515625 8.085718566584333 10.780958088779109
0 75.5859375 27.1484375 8.81318913463968 11.750918846186241
0 99.169921875 25.520833333333332 8.544921875 11.393229166666668
0 99.51171875 36.19791666666667 10.17659423860661 13.568792318142146
0 88.427734375 20.5078125 7.659851317145468 10.21313508952729
0 99.267578125 21.875 7.911060422861158 10.548080563814876
0 95.1171875 20.5078125 7.659851317145468 10.21313508952729
0 77.978515625 16.40625 6.8511792970714245 9.134905729428567
0 67.333984375 19.791666666666664 7.524919437217989 10.033225916290652
0 63.4765625 16.40625 6.8511792970714245 9.134905729428567
0 58.544921875 15.494791666666666 6.658149484030587 8.877532645374115
0 64.794921875 16.861979166666664 6.945682786096826 9.260910381462436
0 44.873046875 17.122395833333336 6.9991119025755095 9.332149203434014
0 21.77734375 15.625 6.686066375795484 8.914755167727312
0 25.244140625 15.755208333333334 6.7138671875 8.951822916666668
0 75.48828125 66.47135416666666 13.790433993768314 18.387245325024416
0 77.685546875 54.8828125 12.530801493925663 16.707735325234218
0 17.3828125 80.33854166666666 15.160818296355249 20.21442439514033
0 9.66796875 29.6875 9.216106488367615 12.288141984490153
0 12.255859375 27.018229166666668 8.792028986137655 11.722705314850208
0 50.5859375 14.908854166666666 6.531046923532928 8.708062564710572
0 52.1484375 11.71875 5.790303332827843 7.720404443770458
0 72.8515625 15.494791666666666 6.658149484030587 8.877532645374115
0 85.205078125 16.9921875 6.972448522214271 9.296598029619028
0 44.970703125 13.4765625 6.209408553886659 8.279211405182211
0 18.408203125 14.778645833333334 6.502464524127966 8.669952698837287
0 14.990234375 15.625 6.686066375795484 8.914755167727312
0 13.0859375 19.661458333333336 7.500125566067204 10.00016742142294
0 13.96484375 18.098958333333336 7.195938795502683 9.594585060670244
0 12.353515625 18.229166666666664 7.221777078979024 9.629036105305365
0 1.611328125 20.052083333333336 7.574263699945591 10.099018266594122
0 7.568359375 18.684895833333336 7.311492035346033 9.748656047128044
0 6.103515625 19.075520833333336 7.3875234600282 9.850031280037602
0 38.28125 16.015625 6.7691262856502785 9.025501714200372
0 36.474609375 16.6015625 6.891839471823862 9.189119295765149
0 36.81640625 15.0390625 6.559504779115197 8.746006372153596
0 35.546875 15.299479166666666 6.61605328023645 8.821404373648601
0 34.326171875 16.6015625 6.891839471823862 9.189119295765149
0 33.349609375 17.838541666666664 7.143981879101334 9.525309172135112
0 32.32421875 16.40625 6.8511792970714245 9.134905729428567
0 30.419921875 15.885416666666666 6.741553355216833 8.988737806955777
0 28.857421875 15.169270833333334 6.587839704871492 8.783786273161988
0 27.294921875 16.6015625 6.891839471823862 9.189119295765149
0 54.98046875 15.169270833333334 6.587839704871492 8.783786273161988
0 59.5703125 14.778645833333334 6.502464524127966 8.669952698837287
0 53.955078125 15.494791666666666 6.658149484030587 8.877532645374115
0 63.8671875 14.192708333333334 6.372257390692475 8.496343187589966
0 61.474609375 13.346354166666666 6.179338602086361 8.239118136115147
0 77.34375 22.591145833333336 8.039514082226251 10.719352109635
0 93.212890625 20.442708333333336 7.647683158045451 10.196910877393934
0 87.79296875 24.479166666666664 8.36871899463018 11.15829199284024
0 70.849609375 28.971354166666668 9.104268731797058 12.139024975729411
0 68.5546875 25.911458333333332 8.610068346964042 11.480091129285388
0 61.962890625 22.265625 7.981382342908947 10.641843123878598
0 81.103515625 32.6171875 9.660151239834237 12.880201653112316
0 78.7109375 31.315104166666668 9.465370128949479 12.62049350526597
0 83.10546875 37.890625 10.411817693623036 13.88242359149738
0 68.798828125 41.47135416666667 10.892680845687712 14.523574460916949
0 95.947265625 29.947916666666668 9.25643975103949 12.341919668052654
0 88.623046875 27.473958333333332 8.865868558553435 11.821158078071248
0 85.15625 24.674479166666664 8.402038511923953 11.202718015898604
0 85.888671875 23.372395833333336 8.177344364608315 10.903125819477753
0 85.9375 19.791666666666664 7.524919437217989 10.033225916290652
0 83.3984375 18.815104166666664 7.336923388776433 9.782564518368577
0 90.185546875 19.3359375 7.437779301119349 9.917039068159132
0 88.427734375 18.098958333333336 7.195938795502683 9.594585060670244
0 86.865234375 18.098958333333336 7.195938795502683 9.594585060670244
0 22.900390625 20.442708333333336 7.647683158045451 10.196910877393934
0 40.283203125 19.661458333333336 7.500125566067204 10.00016742142294
0 42.138671875 18.815104166666664 7.336923388776433 9.782564518368577
0 40.185546875 14.908854166666666 6.531046923532928 8.708062564710572
0 41.748046875 14.778645833333334 6.502464524127966 8.669952698837287
0 76.220703125 30.6640625 9.366460725843998 12.48861430112533
