0 97.265625 36.328125 10.194881035455362 13.593174713940485
0 94.189453125 30.729166666666668 9.376398618003673 12.501864824004896
0 78.90625 24.609375 8.39094670707246 11.187928942763282
0 78.80859375 33.07291666666667 9.727403229070575 12.9698709720941
0 61.767578125 40.625 10.780958088779109 14.374610785038813
0 60.009765625 30.46875 9.336583582018038 12.448778109357384
0 49.658203125 21.028645833333336 7.756509415978292 10.342012554637723
0 46.923828125 17.1875 7.012405574387241 9.349874099182989
0 60.83984375 18.1640625 7.208869513560617 9.611826018080823
0 41.89453125 14.778645833333334 6.502464524127966 8.669952698837287
0 59.228515625 14.778645833333334 6.502464524127966 8.669952698837287
0 62.060546875 14.192708333333334 6.372257390692475 8.496343187589966
0 74.70703125 15.690104166666666 6.699981201202437 8.933308268269917
0 84.423828125 16.536458333333336 6.878312786611722 9.171083715482297
0 31.73828125 35.15625 10.029099563693228 13.372132751590971
0 25.78125 21.875 7.911060422861158 10.548080563814876
0 28.564453125 17.903645833333336 7.157006469457137 9.542675292609516
0 23.92578125 14.778645833333334 6.502464524127966 8.669952698837287
0 16.845703125 19.401041666666664 7.450290292806215 9.933720390408286
0 11.5234375 17.057291666666664 6.985792933508055 9.31439057801074
0 10.05859375 18.424479166666664 7.2603620931215325 9.680482790828709
0 5.37109375 18.033854166666664 7.182984799767957 9.577313066357275
0 5.56640625 26.497395833333332 8.706874156303165 11.609165541737553
0 1.7578125 38.93229166666667 10.553965128046011 14.07195350406135
0 31.298828125 17.3828125 7.052136235529384 9.40284831403918
0 48.2421875 13.541666666666666 6.224389054678692 8.299185406238257
0 51.806640625 12.565104166666666 5.995752778438873 7.9943370379184975
0 62.59765625 13.802083333333334 6.283953943473511 8.378605257964681
0 63.916015625 15.299479166666666 6.61605328023645 8.821404373648601
0 65.380859375 14.453125 6.430452730012657 8.57393697335021
0 78.369140625 15.0390625 6.559504779115197 8.746006372153596
0 88.76953125 25.390625 8.523095729839442 11.364127639785922
0 89.6484375 17.643229166666664 7.104764847914316 9.473019797219088
0 88.232421875 30.729166666666668 9.376398618003673 12.501864824004896
0 80.126953125 19.661458333333336 7.500125566067204 10.00016742142294
