0 97.94921875 32.03125 9.572990198582838 12.763986931443785
0 95.654296875 29.296875 9.1552734375 12.20703125
0 89.55078125 25.78125 8.588407763348565 11.451210351131419
0 76.953125 28.515625 9.03237828793258 12.043171050576774
0 80.712890625 18.619791666666664 7.298743129334349 9.731657505779133
0 79.833984375 24.8046875 8.424178309229896 11.23223774563986
0 89.6484375 19.466145833333336 7.462780310447684 9.950373747263578
0 85.3515625 20.572916666666664 7.672000176987631 10.229333569316841
0 94.04296875 21.028645833333336 7.756509415978292 10.342012554637723
0 67.333984375 30.46875 9.336583582018038 12.448778109357384
0 98.193359375 20.572916666666664 7.672000176987631 10.229333569316841
0 95.21484375 24.4140625 8.357582969744357 11.143443959659143
0 99.755859375 27.278645833333332 8.83429859993294 11.779064799910586
0 86.71875 21.484375 7.840107775064166 10.453477033418888
0 85.546875 17.057291666666664 6.985792933508055 9.31439057801074
0 83.0078125 17.1875 7.012405574387241 9.349874099182989
0 78.22265625 19.010416666666664 7.37490598974278 9.833207986323707
0 76.46484375 15.104166666666666 6.573687508709111 8.764916678278816
0 76.85546875 18.424479166666664 7.2603620931215325 9.680482790828709
0 75.830078125 23.4375 8.188725503539269 10.918300671385692
0 73.388671875 19.791666666666664 7.524919437217989 10.033225916290652
0 74.21875 16.40625 6.8511792970714245 9.134905729428567
0 68.896484375 16.015625 6.7691262856502785 9.025501714200372
0 74.4140625 14.453125 6.430452730012657 8.57393697335021
0 67.578125 14.453125 6.430452730012657 8.57393697335021
0 66.748046875 17.3828125 7.052136235529384 9.40284831403918
0 64.892578125 20.247395833333336 7.611061958825638 10.148082611767517
0 67.28515625 23.6328125 8.222774405094897 10.963699206793196
0 65.0390625 41.2109375 10.85842704752026 14.477902730027015
0 55.95703125 21.484375 7.840107775064166 10.453477033418888
0 57.71484375 14.908854166666666 6.531046923532928 8.708062564710572
0 50.341796875 20.8984375 7.732458166088822 10.309944221451763
0 36.81640625 16.40625 6.8511792970714245 9.134905729428567
0 35.009765625 17.643229166666664 7.104764847914316 9.473019797219088
0 31.73828125 16.861979166666664 6.945682786096826 9.260910381462436
0 34.423828125 15.494791666666666 6.658149484030587 8.877532645374115
0 28.80859375 16.276041666666664 6.823937919616058 9.09858389282141
0 25.09765625 19.010416666666664 7.37490598974278 9.833207986323707
0 30.37109375 15.494791666666666 6.658149484030587 8.877532645374115
0 25.68359375 15.950520833333334 6.755353888299149 9.0071385177322
0 21.533203125 16.276041666666664 6.823937919616058 9.09858389282141
0 19.7265625 19.53125 7.475249459177179 9.966999278902906
0 17.87109375 13.802083333333334 6.283953943473511 8.378605257964681
0 17.529296875 20.247395833333336 7.611061958825638 10.148082611767517
0 15.72265625 17.513020833333336 7.0784994535786145 9.437999271438152
0 12.255859375 21.2890625 7.804389558437758 10.405852744583676
0 9.619140625 18.619791666666664 7.298743129334349 9.731657505779133
0 6.4453125 23.177083333333336 8.143105507889608 10.857474010519478
0 5.419921875 19.205729166666664 7.412693970636669 9.883591960848893
0 3.076171875 20.442708333333336 7.647683158045451 10.196910877393934
0 6.73828125 18.294270833333336 7.234661615679748 9.646215487572997
0 1.611328125 17.643229166666664 7.104764847914316 9.473019797219088
0 6.640625 16.6015625 6.891839471823862 9.189119295765149
0 7.71484375 44.53125 11.287379155826983 15.049838874435977
