0 76.025390625 82.55208333333334 15.368259658220424 20.49101287762723
0 77.099609375 54.036458333333336 12.433806632973244 16.578408843964322
0 85.693359375 64.90885416666666 13.627388648538883 18.169851531385177
0 71.533203125 60.807291666666664 13.18980882871967 17.586411771626228
0 55.224609375 50.911458333333336 12.06892085771801 16.091894476957346
0 48.388671875 37.6953125 10.38494844187839 13.84659792250452
0 40.966796875 31.966145833333332 9.56325660155786 12.751008802077147
0 48.6328125 29.947916666666668 9.25643975103949 12.341919668052654
0 51.953125 23.828125 8.256682897014576 11.008910529352768
0 36.328125 25.520833333333332 8.544921875 11.393229166666668
0 42.138671875 25.1953125 8.490251308132054 11.320335077509403
0 49.31640625 21.158854166666664 7.780486318348366 10.373981757797822
0 21.923828125 26.627604166666668 8.728240750778255 11.637654334371007
0 17.333984375 43.81510416666667 11.196250200100184 14.928333600133579
0 21.58203125 52.018229166666664 12.199399469791677 16.265865959722237
0 8.0078125 72.00520833333334 14.352998066778378 19.137330755704504
0 3.857421875 58.919270833333336 12.983427359730621 17.311236479640826
0 0.1953125 44.7265625 11.312105098175438 15.082806797567253
0 6.689453125 31.705729166666668 9.524222738236839 12.698963650982451
0 11.9140625 29.036458333333332 9.114492506755418 12.15265667567389
0 4.78515625 25.716145833333332 8.57755695956738 11.436742612756506
0 89.94140625 31.510416666666668 9.494842032534208 12.659789376712277
0 80.17578125 39.84375 10.676791799643494 14.235722399524658
0 71.19140625 39.84375 10.676791799643494 14.235722399524658
0 63.037109375 41.27604166666667 10.867000619363317 14.489334159151088
0 58.88671875 25.1953125 8.490251308132054 11.320335077509403
0 63.28125 31.8359375 9.543759625922785 12.725012834563712
0 58.544921875 36.06770833333333 10.158274522151634 13.544366029535512
0 74.12109375 30.598958333333332 9.35651227829339 12.475349704391189
0 26.7578125 24.609375 8.39094670707246 11.187928942763282
0 98.2421875 52.278645833333336 12.229898016060718 16.306530688080954
