0 96.435546875 53.059895833333336 12.320940697135223 16.427920929513633
0 85.7421875 65.10416666666666 13.647875839232116 18.19716778564282
0 75.87890625 51.822916666666664 12.176475429235841 16.235300572314458
0 67.08984375 56.25 12.685919000748614 16.914558667664817
0 87.060546875 38.15104166666667 10.447535869521296 13.930047826028394
0 99.169921875 42.51302083333333 11.02863220189981 14.704842935866417
0 79.58984375 39.12760416666667 10.580405165624827 14.107206887499771
0 72.509765625 31.25 9.4555257475767 12.607367663435602
0 62.158203125 35.41666666666667 10.066175843793117 13.421567791724156
0 53.515625 49.21875 11.866590634291736 15.822120845722315
0 51.46484375 37.6953125 10.38494844187839 13.84659792250452
0 38.232421875 42.1875 10.986328125 14.6484375
0 22.998046875 47.4609375 11.652760676291981 15.537014235055976
0 13.720703125 39.32291666666667 10.606779295033428 14.142372393377903
0 1.46484375 56.119791666666664 12.67122771730145 16.894970289735266
0 1.220703125 43.48958333333333 11.154581837461587 14.872775783282115
0 34.765625 59.635416666666664 13.062093847065857 17.416125129421143
0 4.248046875 29.361979166666668 9.16544031840894 12.220587091211922
0 11.083984375 19.075520833333336 7.3875234600282 9.850031280037602
0 9.033203125 29.361979166666668 9.16544031840894 12.220587091211922
0 3.759765625 25.0 8.457279333832409 11.276372445109878
0 22.119140625 26.302083333333332 8.674725588105405 11.56630078414054
0 31.73828125 33.85416666666667 9.841623227903504 13.122164303871338
0 19.384765625 31.901041666666668 9.55351308746248 12.738017449949975
0 31.640625 27.408854166666668 8.855357744474432 11.807143659299243
0 44.23828125 32.74739583333333 9.679413773897526 12.905885031863368
0 50.9765625 27.734375 8.907787792557633 11.877050390076842
0 59.765625 23.567708333333336 8.211440458419013 10.948587277892017
0 52.9296875 23.893229166666664 8.267954824306681 11.023939765742242
0 74.90234375 27.408854166666668 8.855357744474432 11.807143659299243
0 67.67578125 32.87760416666667 9.698638050580264 12.931517400773687
0 61.669921875 30.143229166666668 9.286574740419274 12.382099653892366
0 83.203125 26.302083333333332 8.674725588105405 11.56630078414054
0 89.94140625 31.770833333333332 9.53399618640949 12.711994915212655
0 76.708984375 21.158854166666664 7.780486318348366 10.373981757797822
0 67.1875 24.088541666666664 8.301678777304348 11.068905036405797
0 86.42578125 21.028645833333336 7.756509415978292 10.342012554637723
0 31.73828125 21.354166666666664 7.816313766397521 10.421751688530028
0 41.9921875 25.651041666666668 8.566692411876344 11.422256549168457
0 40.869140625 22.65625 8.051090062422436 10.734786749896582
0 40.625 19.075520833333336 7.3875234600282 9.850031280037602
0 40.185546875 16.080729166666664 6.782870718656271 9.043827624875028
0 44.384765625 15.234375 6.60196156395994 8.802615418613254
0 50.244140625 16.9921875 6.972448522214271 9.296598029619028
0 49.8046875 19.596354166666664 7.487697843252746 9.983597124336994
0 47.119140625 23.111979166666664 8.131660519088275 10.842214025451032
0 19.7265625 21.158854166666664 7.780486318348366 10.373981757797822
0 99.8046875 32.421875 9.631185203893738 12.84158027185832
0 93.896484375 23.567708333333336 8.211440458419013 10.948587277892017
0 94.873046875 20.377604166666664 7.635495607419925 10.180660809893233
0 91.50390625 19.270833333333336 7.425247229367944 9.900329639157258
0 81.494140625 18.1640625 7.208869513560617 9.611826018080823
0 84.86328125 20.572916666666664 7.672000176987631 10.229333569316841
0 80.078125 16.2109375 6.810276368536802 9.080368491382403
0 86.328125 17.838541666666664 7.143981879101334 9.525309172135112
0 71.044921875 18.489583333333336 7.273178276253042 9.697571035004056
0 71.19140625 22.135416666666664 7.958010748538389 10.610680998051187
0 63.623046875 15.234375 6.60196156395994 8.802615418613254
0 68.994140625 12.239583333333332 5.917577950947668 7.8901039345968895
0 61.669921875 17.96875 7.170007400189656 9.56000986691954
0 56.494140625 16.666666666666664 6.905339660024879 9.207119546699838
0 55.6640625 14.453125 6.430452730012657 8.57393697335021
0 47.021484375 15.234375 6.60196156395994 8.802615418613254
0 26.220703125 23.893229166666664 8.267954824306681 11.023939765742242
0 28.515625 18.9453125 7.3622668956389274 9.816355860851903
0 33.30078125 16.2109375 6.810276368536802 9.080368491382403
0 31.0546875 15.234375 6.60196156395994 8.802615418613254
0 37.646484375 15.885416666666666 6.741553355216833 8.988737806955777
0 35.009765625 18.9453125 7.3622668956389274 9.816355860851903
0 35.498046875 16.2109375 6.810276368536802 9.080368491382403
0 28.857421875 13.151041666666666 6.133957288281793 8.178609717709058
0 28.857421875 15.755208333333334 6.7138671875 8.951822916666668
0 26.3671875 15.755208333333334 6.7138671875 8.951822916666668
0 23.92578125 14.127604166666666 6.3576253222655215 8.476833763020695
0 18.75 18.489583333333336 7.273178276253042 9.697571035004056
0 18.65234375 15.4296875 6.644147051109997 8.858862734813329
0 14.0625 17.1875 7.012405574387241 9.349874099182989
0 7.6171875 17.1875 7.012405574387241 9.349874099182989
0 6.494140625 20.377604166666664 7.635495607419925 10.180660809893233
0 3.61328125 16.861979166666664 6.945682786096826 9.260910381462436
0 4.58984375 19.075520833333336 7.3875234600282 9.850031280037602
0 5.322265625 17.96875 7.170007400189656 9.56000986691954
0 0.87890625 17.643229166666664 7.104764847914316 9.473019797219088
