0 85.64453125 66.66666666666666 13.810679320049758 18.414239093399676
0 67.3828125 61.263020833333336 13.239143044118567 17.652190725491423
0 77.734375 54.166666666666664 12.448778109357384 16.598370812476514
0 96.19140625 52.864583333333336 12.298243212652517 16.397657616870024
0 95.166015625 41.40625 10.884127502518925 14.512170003358568
0 99.365234375 41.6015625 10.909767414379564 14.546356552506085
0 80.2734375 38.8671875 10.545137050275265 14.060182733700355
0 66.015625 43.5546875 11.162927952985768 14.883903937314358
0 50.78125 48.95833333333333 11.835155901895336 15.780207869193779
0 36.181640625 64.84375 13.620552737073607 18.16073698276481
0 3.955078125 57.8125 12.860905460025315 17.14787394670042
0 19.970703125 50.260416666666664 11.991505556877746 15.988674075836995
0 12.353515625 37.04427083333333 10.29487780360901 13.726503738145347
0 0.390625 45.96354166666667 11.467464738803672 15.289952985071562
0 2.490234375 31.315104166666668 9.465370128949479 12.62049350526597
0 10.05859375 28.125 8.970299351012615 11.960399134683486
0 18.75 32.29166666666667 9.611826018080825 12.815768024107768
0 30.76171875 35.22135416666667 10.038381471800859 13.384508629067811
0 50.830078125 37.23958333333333 10.321981521782082 13.762642029042777
0 36.181640625 43.75 11.187928942763282 14.917238590351042
0 42.87109375 31.184895833333332 9.445671106287941 12.594228141717254
0 32.275390625 28.580729166666668 9.042683343523592 12.056911124698123
0 49.365234375 28.7109375 9.063258303782652 12.084344405043536
0 62.109375 35.41666666666667 10.066175843793117 13.421567791724156
0 60.205078125 31.0546875 9.425930915210266 12.567907886947022
0 58.837890625 25.130208333333332 8.479274895904423 11.305699861205897
0 73.583984375 32.48697916666667 9.640850219074288 12.854466958765718
0 76.904296875 28.7109375 9.063258303782652 12.084344405043536
0 67.48046875 24.153645833333336 8.312889692307273 11.083852923076364
0 80.6640625 27.473958333333332 8.865868558553435 11.821158078071248
0 88.8671875 32.68229166666667 9.669787303317175 12.893049737756234
0 99.21875 31.640625 9.51443925056146 12.685919000748614
0 87.98828125 29.427083333333332 9.175595934065496 12.234127912087327
0 93.115234375 31.184895833333332 9.445671106287941 12.594228141717254
0 90.185546875 27.083333333333332 8.802615418613255 11.736820558151006
0 47.16796875 23.2421875 8.154534433525017 10.872712578033356
0 40.52734375 25.520833333333332 8.544921875 11.393229166666668
0 89.794921875 24.153645833333336 8.312889692307273 11.083852923076364
0 49.560546875 20.247395833333336 7.611061958825638 10.148082611767517
0 92.724609375 23.567708333333336 8.211440458419013 10.948587277892017
0 51.7578125 16.927083333333336 6.959078522333606 9.278771363111476
0 95.166015625 19.986979166666664 7.561957820656658 10.08261042754221
0 64.84375 13.932291666666666 6.313525654778199 8.418034206370931
0 46.19140625 14.6484375 6.473755931273323 8.631674575031097
0 37.744140625 13.932291666666666 6.313525654778199 8.418034206370931
0 29.1015625 15.299479166666666 6.61605328023645 8.821404373648601
0 23.6328125 13.997395833333334 6.328259690346595 8.437679587128793
0 12.109375 15.885416666666666 6.741553355216833 8.988737806955777
0 18.45703125 21.2890625 7.804389558437758 10.405852744583676
0 27.34375 24.348958333333336 8.346432086900233 11.128576115866979
0 20.80078125 26.822916666666668 8.760192928715409 11.680257238287211
0 2.880859375 19.466145833333336 7.462780310447684 9.950373747263578
0 54.443359375 13.802083333333334 6.283953943473511 8.378605257964681
0 55.908203125 16.276041666666664 6.823937919616058 9.09858389282141
0 59.9609375 21.2890625 7.804389558437758 10.405852744583676
0 77.63671875 22.721354166666664 8.062649422377262 10.75019922983635
0 64.794921875 17.708333333333336 7.117861199762329 9.490481599683106
0 59.66796875 18.815104166666664 7.336923388776433 9.782564518368577
0 41.748046875 14.778645833333334 6.502464524127966 8.669952698837287
0 35.693359375 19.791666666666664 7.524919437217989 10.033225916290652
0 31.787109375 21.2890625 7.804389558437758 10.405852744583676
0 29.833984375 19.466145833333336 7.462780310447684 9.950373747263578
0 21.435546875 16.6015625 6.891839471823862 9.189119295765149
0 18.26171875 15.625 6.686066375795484 8.914755167727312
0 3.857421875 24.348958333333336 8.346432086900233 11.128576115866979
0 4.931640625 21.940104166666664 7.92282408798045 10.5637654506406
