0 88.671875 33.3984375 9.775157091093119 13.033542788124159
0 79.248046875 25.130208333333332 8.479274895904423 11.305699861205897
0 57.421875 18.033854166666664 7.182984799767957 9.577313066357275
0 23.388671875 25.911458333333332 8.610068346964042 11.480091129285388
0 24.560546875 14.973958333333334 6.545291317604741 8.727055090139656
0 13.0859375 17.3828125 7.052136235529384 9.40284831403918
0 7.958984375 16.341145833333336 6.837572174807153 9.116762899742872
0 1.07421875 16.341145833333336 6.837572174807153 9.116762899742872
0 5.078125 16.666666666666664 6.905339660024879 9.207119546699838
0 10.83984375 16.796875 6.932261164306974 9.243014885742634
0 6.8359375 17.447916666666664 7.065330140863174 9.420440187817565
0 3.369140625 16.861979166666664 6.945682786096826 9.260910381462436
