0 99.4140625 58.333333333333336 12.918707573557572 17.224943431410097
0 84.66796875 68.61979166666666 14.011523783262936 18.682031711017245
0 87.255859375 51.692708333333336 12.161168728742233 16.214891638322978
0 87.6953125 42.12239583333333 10.977847746951262 14.63713032926835
0 82.177734375 44.53125 11.287379155826983 15.049838874435977
0 78.3203125 48.30729166666667 11.756201345372451 15.674935127163266
0 99.4140625 38.54166666666667 10.500885335745396 14.001180447660527
0 99.0234375 31.770833333333332 9.53399618640949 12.711994915212655
0 94.53125 32.94270833333333 9.708235913444133 12.944314551258843
0 89.208984375 31.770833333333332 9.53399618640949 12.711994915212655
0 93.75 24.348958333333336 8.346432086900233 11.128576115866979
0 91.50390625 28.515625 9.03237828793258 12.043171050576774
0 85.9375 28.645833333333332 9.052976668817948 12.07063555842393
0 88.18359375 23.697916666666664 8.234092750996119 10.978790334661493
0 97.998046875 21.549479166666664 7.85197774064246 10.469303654189947
0 93.06640625 19.010416666666664 7.37490598974278 9.833207986323707
0 83.642578125 19.466145833333336 7.462780310447684 9.950373747263578
0 95.41015625 19.3359375 7.437779301119349 9.917039068159132
0 83.0078125 22.330729166666664 7.993042513249997 10.657390017666662
0 94.921875 22.330729166666664 7.993042513249997 10.657390017666662
0 87.01171875 18.684895833333336 7.311492035346033 9.748656047128044
0 86.083984375 23.958333333333336 8.279211405182211 11.038948540242949
0 86.328125 16.276041666666664 6.823937919616058 9.09858389282141
0 66.259765625 40.10416666666667 10.711626449453275 14.282168599271033
0 84.5703125 15.885416666666666 6.741553355216833 8.988737806955777
0 80.517578125 22.265625 7.981382342908947 10.641843123878598
0 76.26953125 14.973958333333334 6.545291317604741 8.727055090139656
0 81.8359375 17.252604166666664 7.025674092542321 9.367565456723094
0 78.173828125 23.177083333333336 8.143105507889608 10.857474010519478
0 70.166015625 13.606770833333334 6.2393335877260965 8.319111450301463
0 74.609375 14.127604166666666 6.3576253222655215 8.476833763020695
0 80.029296875 18.359375 7.247523246483103 9.663364328644137
0 89.599609375 19.7265625 7.512532730158185 10.01671030687758
0 79.1015625 17.317708333333336 7.038917599286375 9.385223465715166
0 76.220703125 20.247395833333336 7.611061958825638 10.148082611767517
0 67.724609375 22.0703125 7.946299173761924 10.595065565015899
0 71.875 20.052083333333336 7.574263699945591 10.099018266594122
0 64.306640625 15.0390625 6.559504779115197 8.746006372153596
0 57.958984375 13.997395833333334 6.328259690346595 8.437679587128793
0 62.01171875 11.9140625 5.838356466585996 7.784475288781327
0 68.115234375 15.494791666666666 6.658149484030587 8.877532645374115
0 63.525390625 19.140625 7.400119417103358 9.866825889471144
0 66.30859375 14.388020833333334 6.415953381844678 8.554604509126236
0 66.40625 31.575520833333332 9.50464569238125 12.672860923174998
0 61.767578125 15.494791666666666 6.658149484030587 8.877532645374115
0 67.28515625 13.606770833333334 6.2393335877260965 8.319111450301463
0 71.826171875 13.671875 6.254242410864013 8.338989881152017
0 64.0625 52.34375 12.237510776222791 16.31668103496372
0 60.83984375 45.05208333333333 11.353195335533615 15.137593780711486
0 59.521484375 13.606770833333334 6.2393335877260965 8.319111450301463
0 54.8828125 15.0390625 6.559504779115197 8.746006372153596
0 53.564453125 10.15625 5.390479044389554 7.187305392519407
0 62.40234375 21.614583333333336 7.863829789260941 10.485106385681254
0 58.642578125 19.7265625 7.512532730158185 10.01671030687758
0 59.1796875 30.013020833333332 9.266495636406846 12.35532751520913
0 58.740234375 23.4375 8.188725503539269 10.918300671385692
0 56.982421875 32.29166666666667 9.611826018080825 12.815768024107768
0 54.98046875 41.6015625 10.909767414379564 14.546356552506085
0 91.796875 17.96875 7.170007400189656 9.56000986691954
0 50.634765625 28.3203125 9.001392336274797 12.001856448366395
0 46.875 23.307291666666664 8.165947363439729 10.88792981791964
0 49.609375 19.466145833333336 7.462780310447684 9.950373747263578
0 47.36328125 12.760416666666666 6.042172202521769 8.056229603362357
0 45.849609375 20.052083333333336 7.574263699945591 10.099018266594122
0 48.6328125 13.0859375 6.118755388111396 8.15834051748186
0 40.380859375 31.901041666666668 9.55351308746248 12.738017449949975
0 48.6328125 12.565104166666666 5.995752778438873 7.9943370379184975
0 37.40234375 25.5859375 8.555814067917595 11.407752090556793
0 51.416015625 12.434895833333332 5.964605800076924 7.952807733435899
0 42.724609375 19.7265625 7.512532730158185 10.01671030687758
0 45.80078125 14.518229166666666 6.444919458600731 8.593225944800976
0 40.234375 20.377604166666664 7.635495607419925 10.180660809893233
0 45.3125 16.731770833333336 6.9188135063199665 9.225084675093289
0 41.89453125 14.973958333333334 6.545291317604741 8.727055090139656
0 34.326171875 19.140625 7.400119417103358 9.866825889471144
0 43.45703125 13.151041666666666 6.133957288281793 8.178609717709058
0 37.646484375 14.84375 6.516771394062079 8.689028525416106
0 43.212890625 16.015625 6.7691262856502785 9.025501714200372
0 0.48828125 18.489583333333336 7.273178276253042 9.697571035004056
0 7.6171875 14.322916666666666 6.401421192444773 8.53522825659303
0 1.025390625 17.057291666666664 6.985792933508055 9.31439057801074
0 8.740234375 15.494791666666666 6.658149484030587 8.877532645374115
0 18.65234375 13.28125 6.16424861960576 8.218998159474348
0 10.546875 15.559895833333334 6.672122530845778 8.896163374461038
0 22.65625 13.802083333333334 6.283953943473511 8.378605257964681
0 11.767578125 17.057291666666664 6.985792933508055 9.31439057801074
0 28.369140625 16.080729166666664 6.782870718656271 9.043827624875028
0 12.5 15.559895833333334 6.672122530845778 8.896163374461038
0 30.908203125 26.822916666666668 8.760192928715409 11.680257238287211
0 13.720703125 15.364583333333334 6.6301150458985685 8.840153394531425
0 23.92578125 19.010416666666664 7.37490598974278 9.833207986323707
0 14.697265625 16.6015625 6.891839471823862 9.189119295765149
0 20.166015625 15.234375 6.60196156395994 8.802615418613254
0 24.31640625 13.8671875 6.298757153488249 8.398342871317666
0 28.857421875 12.3046875 5.933295317145868 7.911060422861158
0 34.27734375 12.955729166666666 6.088237714617921 8.117650286157229
0 30.126953125 13.28125 6.16424861960576 8.218998159474348
0 35.546875 15.690104166666666 6.699981201202437 8.933308268269917
0 41.015625 13.4765625 6.209408553886659 8.279211405182211
0 27.392578125 23.502604166666664 8.200090846279542 10.933454461706056
0 39.990234375 13.151041666666666 6.133957288281793 8.178609717709058
0 22.607421875 31.119791666666668 9.4358061729372 12.5810748972496
0 21.19140625 24.674479166666664 8.402038511923953 11.202718015898604
0 23.828125 44.20572916666667 11.24604844524431 14.994731260325747
0 22.4609375 26.236979166666668 8.66398288975732 11.551977186343091
0 18.84765625 23.697916666666664 8.234092750996119 10.978790334661493
0 18.06640625 18.489583333333336 7.273178276253042 9.697571035004056
0 26.7578125 30.533854166666668 9.346553241646458 12.462070988861944
0 36.9140625 39.84375 10.676791799643494 14.235722399524658
0 46.97265625 45.96354166666667 11.467464738803672 15.289952985071562
0 3.173828125 19.986979166666664 7.561957820656658 10.08261042754221
0 0.439453125 26.5625 8.717563999686098 11.62341866624813
0 7.080078125 16.796875 6.932261164306974 9.243014885742634
0 6.0546875 23.828125 8.256682897014576 11.008910529352768
0 13.525390625 25.390625 8.523095729839442 11.364127639785922
0 11.083984375 20.703125 7.6962403643301345 10.261653819106845
0 8.935546875 26.627604166666668 8.728240750778255 11.637654334371007
0 5.37109375 31.25 9.4555257475767 12.607367663435602
0 10.9375 31.25 9.4555257475767 12.607367663435602
0 5.56640625 41.47135416666667 10.892680845687712 14.523574460916949
0 13.330078125 37.17447916666667 10.31295486371814 13.75060648495752
0 13.28125 52.278645833333336 12.229898016060718 16.306530688080954
0 4.736328125 51.953125 12.191762912254749 16.25568388300633
0 8.0078125 73.95833333333334 14.546356552506085 19.395142070008113
0 30.126953125 47.65625 11.676712933171991 15.568950577562655
0 43.26171875 28.3203125 9.001392336274797 12.001856448366395
0 41.30859375 22.786458333333336 8.074192233473482 10.765589644631309
0 50.830078125 16.796875 6.932261164306974 9.243014885742634
