0 96.044921875 64.453125 13.579465003226924 18.105953337635896
0 99.609375 54.166666666666664 12.448778109357384 16.598370812476514
0 97.4609375 38.0859375 10.438617783500408 13.918157044667211
0 99.0234375 26.7578125 8.749555167743805 11.66607355699174
0 94.921875 23.567708333333336 8.211440458419013 10.948587277892017
0 91.259765625 27.408854166666668 8.855357744474432 11.807143659299243
0 86.71875 25.390625 8.523095729839442 11.364127639785922
0 99.609375 20.5078125 7.659851317145468 10.21313508952729
0 92.626953125 22.330729166666664 7.993042513249997 10.657390017666662
0 72.75390625 38.93229166666667 10.553965128046011 14.07195350406135
0 52.44140625 40.625 10.780958088779109 14.374610785038813
0 48.73046875 28.255208333333332 8.991039955234518 11.988053273646026
0 44.53125 31.510416666666668 9.494842032534208 12.659789376712277
0 51.025390625 31.510416666666668 9.494842032534208 12.659789376712277
0 52.83203125 25.520833333333332 8.544921875 11.393229166666668
0 62.6953125 23.893229166666664 8.267954824306681 11.023939765742242
0 71.58203125 29.622395833333332 9.205995562132786 12.274660749510382
0 76.66015625 26.7578125 8.749555167743805 11.66607355699174
0 79.541015625 19.596354166666664 7.487697843252746 9.983597124336994
0 83.10546875 23.697916666666664 8.234092750996119 10.978790334661493
0 77.685546875 23.046875 8.120199399200482 10.82693253226731
0 70.947265625 21.158854166666664 7.780486318348366 10.373981757797822
0 75.927734375 23.502604166666664 8.200090846279542 10.933454461706056
0 56.005859375 49.609375 11.913587216762167 15.884782955682889
0 61.5234375 63.411458333333336 13.469284967476753 17.959046623302335
0 24.365234375 45.8984375 11.459340426952263 15.279120569269683
0 19.189453125 30.078125 9.276540621075844 12.368720828101127
0 28.076171875 30.078125 9.276540621075844 12.368720828101127
0 24.462890625 32.8125 9.689030680168178 12.918707573557572
0 23.828125 22.65625 8.051090062422436 10.734786749896582
0 30.46875 23.046875 8.120199399200482 10.82693253226731
0 47.55859375 18.424479166666664 7.2603620931215325 9.680482790828709
0 42.87109375 23.177083333333336 8.143105507889608 10.857474010519478
0 38.4765625 28.580729166666668 9.042683343523592 12.056911124698123
0 53.80859375 18.098958333333336 7.195938795502683 9.594585060670244
0 59.1796875 19.075520833333336 7.3875234600282 9.850031280037602
0 51.5625 15.885416666666666 6.741553355216833 8.988737806955777
0 68.017578125 19.596354166666664 7.487697843252746 9.983597124336994
0 74.90234375 17.447916666666664 7.065330140863174 9.420440187817565
0 60.888671875 16.536458333333336 6.878312786611722 9.171083715482297
0 65.380859375 14.84375 6.516771394062079 8.689028525416106
0 0.48828125 33.203125 9.746532850751532 12.995377134335376
0 4.6875 20.442708333333336 7.647683158045451 10.196910877393934
0 13.57421875 18.815104166666664 7.336923388776433 9.782564518368577
0 8.349609375 21.809895833333336 7.8992792392241125 10.532372318965482
0 0.78125 19.986979166666664 7.561957820656658 10.08261042754221
0 5.810546875 13.997395833333334 6.328259690346595 8.437679587128793
0 1.416015625 16.276041666666664 6.823937919616058 9.09858389282141
0 9.423828125 16.276041666666664 6.823937919616058 9.09858389282141
0 2.685546875 17.057291666666664 6.985792933508055 9.31439057801074
0 10.9375 15.559895833333334 6.672122530845778 8.896163374461038
0 4.833984375 16.276041666666664 6.823937919616058 9.09858389282141
0 8.740234375 13.411458333333334 6.194391824397107 8.259189099196142
0 12.3046875 14.713541666666666 6.488126106405426 8.650834808540568
0 14.990234375 15.885416666666666 6.741553355216833 8.988737806955777
0 14.111328125 13.671875 6.254242410864013 8.338989881152017
0 17.626953125 16.080729166666664 6.782870718656271 9.043827624875028
0 20.947265625 20.5078125 7.659851317145468 10.21313508952729
0 21.484375 17.057291666666664 6.985792933508055 9.31439057801074
0 19.677734375 14.518229166666666 6.444919458600731 8.593225944800976
0 16.40625 15.559895833333334 6.672122530845778 8.896163374461038
0 23.388671875 13.541666666666666 6.224389054678692 8.299185406238257
0 25.244140625 14.583333333333334 6.459353786778786 8.612471715705048
0 22.216796875 13.020833333333334 6.103515625 8.138020833333332
0 33.10546875 18.619791666666664 7.298743129334349 9.731657505779133
0 28.02734375 17.3828125 7.052136235529384 9.40284831403918
0 27.44140625 23.372395833333336 8.177344364608315 10.903125819477753
0 35.693359375 16.2109375 6.810276368536802 9.080368491382403
0 41.50390625 16.276041666666664 6.823937919616058 9.09858389282141
0 45.80078125 14.192708333333334 6.372257390692475 8.496343187589966
0 37.6953125 14.518229166666666 6.444919458600731 8.593225944800976
0 43.310546875 14.192708333333334 6.372257390692475 8.496343187589966
0 39.111328125 13.411458333333334 6.194391824397107 8.259189099196142
0 34.423828125 15.0390625 6.559504779115197 8.746006372153596
0 27.685546875 14.84375 6.516771394062079 8.689028525416106
0 48.486328125 13.151041666666666 6.133957288281793 8.178609717709058
0 56.982421875 15.4296875 6.644147051109997 8.858862734813329
0 44.43359375 12.044270833333332 5.870173358664351 7.826897811552468
0 50.146484375 13.671875 6.254242410864013 8.338989881152017
0 58.984375 13.411458333333334 6.194391824397107 8.259189099196142
0 51.171875 10.807291666666668 5.56056737008319 7.4140898267775865
0 57.763671875 12.5 5.980199567341744 7.973599423122326
0 53.173828125 12.5 5.980199567341744 7.973599423122326
0 56.73828125 12.3046875 5.933295317145868 7.911060422861158
0 55.322265625 12.565104166666666 5.995752778438873 7.9943370379184975
0 61.083984375 12.890625 6.072921369058959 8.097228492078614
0 68.65234375 13.8671875 6.298757153488249 8.398342871317666
0 64.2578125 13.671875 6.254242410864013 8.338989881152017
0 62.548828125 11.5234375 5.74184805976159 7.6557974130154545
0 67.7734375 12.3046875 5.933295317145868 7.911060422861158
0 72.8515625 13.411458333333334 6.194391824397107 8.259189099196142
0 78.955078125 13.151041666666666 6.133957288281793 8.178609717709058
0 70.703125 12.044270833333332 5.870173358664351 7.826897811552468
0 73.876953125 21.158854166666664 7.780486318348366 10.373981757797822
0 69.970703125 18.619791666666664 7.298743129334349 9.731657505779133
0 74.51171875 13.671875 6.254242410864013 8.338989881152017
0 71.97265625 15.364583333333334 6.6301150458985685 8.840153394531425
0 69.140625 16.080729166666664 6.782870718656271 9.043827624875028
0 72.314453125 17.447916666666664 7.065330140863174 9.420440187817565
0 77.197265625 15.690104166666666 6.699981201202437 8.933308268269917
0 76.123046875 13.671875 6.254242410864013 8.338989881152017
0 82.080078125 20.1171875 7.586549618320344 10.115399491093791
0 86.42578125 19.140625 7.400119417103358 9.866825889471144
0 82.080078125 16.536458333333336 6.878312786611722 9.171083715482297
0 82.763671875 14.2578125 6.386855937639267 8.515807916852356
0 84.130859375 15.364583333333334 6.6301150458985685 8.840153394531425
0 80.95703125 15.104166666666666 6.573687508709111 8.764916678278816
0 79.833984375 14.908854166666666 6.531046923532928 8.708062564710572
0 87.451171875 16.796875 6.932261164306974 9.243014885742634
0 92.7734375 19.466145833333336 7.462780310447684 9.950373747263578
0 97.55859375 17.447916666666664 7.065330140863174 9.420440187817565
0 96.728515625 23.372395833333336 8.177344364608315 10.903125819477753
0 88.623046875 24.21875 8.324085508414218 11.098780677885625
0 91.650390625 16.40625 6.8511792970714245 9.134905729428567
0 89.2578125 16.40625 6.8511792970714245 9.134905729428567
0 89.84375 21.6796875 7.875664001809045 10.500885335745393
0 87.98828125 18.619791666666664 7.298743129334349 9.731657505779133
0 91.259765625 18.619791666666664 7.298743129334349 9.731657505779133
0 94.53125 18.424479166666664 7.2603620931215325 9.680482790828709
0 95.654296875 16.731770833333336 6.9188135063199665 9.225084675093289
0 99.365234375 17.578125 7.091644310682526 9.455525747576702
0 33.154296875 13.346354166666666 6.179338602086361 8.239118136115147
0 30.810546875 19.270833333333336 7.425247229367944 9.900329639157258
0 31.73828125 14.583333333333334 6.459353786778786 8.612471715705048
0 30.224609375 12.174479166666668 5.901818727360142 7.8690916364801895
0 29.1015625 13.346354166666666 6.179338602086361 8.239118136115147
