0 9.326171875 18.5546875 7.28597191547444 9.714629220632586
0 22.75390625 16.471354166666664 6.864759447755123 9.15301259700683
0 12.255859375 17.903645833333336 7.157006469457137 9.542675292609516
0 31.689453125 25.78125 8.588407763348565 11.451210351131419
0 30.37109375 17.903645833333336 7.157006469457137 9.542675292609516
0 42.529296875 16.276041666666664 6.823937919616058 9.09858389282141
0 31.298828125 15.8203125 6.72772451325946 8.970299351012613
0 44.482421875 20.638020833333336 7.684129829110212 10.245506438813615
0 53.515625 16.145833333333336 6.796587356970242 9.062116475960323
0 45.703125 15.950520833333334 6.755353888299149 9.0071385177322
0 57.91015625 15.625 6.686066375795484 8.914755167727312
0 47.36328125 15.8203125 6.72772451325946 8.970299351012613
0 59.814453125 14.973958333333334 6.545291317604741 8.727055090139656
0 70.703125 23.697916666666664 8.234092750996119 10.978790334661493
0 76.3671875 28.7109375 9.063258303782652 12.084344405043536
0 64.6484375 15.494791666666666 6.658149484030587 8.877532645374115
0 73.828125 16.6015625 6.891839471823862 9.189119295765149
0 66.845703125 16.471354166666664 6.864759447755123 9.15301259700683
0 77.099609375 16.145833333333336 6.796587356970242 9.062116475960323
0 86.376953125 21.614583333333336 7.863829789260941 10.485106385681254
0 80.810546875 19.986979166666664 7.561957820656658 10.08261042754221
0 97.8515625 23.2421875 8.154534433525017 10.872712578033356
0 89.6484375 25.78125 8.588407763348565 11.451210351131419
0 83.0078125 21.419270833333336 7.828219811023351 10.437626414697803
0 97.021484375 21.419270833333336 7.828219811023351 10.437626414697803
0 89.16015625 20.833333333333336 7.720404443770458 10.293872591693944
0 98.583984375 20.833333333333336 7.720404443770458 10.293872591693944
0 90.869140625 20.5078125 7.659851317145468 10.21313508952729
0 84.228515625 18.359375 7.247523246483103 9.663364328644137
0 87.6953125 19.856770833333336 7.537285788103314 10.049714384137753
