0 91.6015625 48.76302083333333 11.811524951393816 15.748699935191754
0 86.03515625 41.14583333333333 10.849846700824694 14.466462267766259
0 97.16796875 42.25260416666667 10.994801962067763 14.659735949423682
0 91.162109375 35.9375 10.139921707663666 13.51989561021822
0 82.275390625 39.6484375 10.650591044076627 14.200788058768838
0 94.384765625 38.8671875 10.545137050275265 14.060182733700355
0 86.572265625 31.640625 9.51443925056146 12.685919000748614
0 99.12109375 32.03125 9.572990198582838 12.763986931443785
0 86.42578125 27.734375 8.907787792557633 11.877050390076842
0 76.416015625 29.622395833333332 9.205995562132786 12.274660749510382
0 87.109375 25.325520833333332 8.512161670520847 11.349548894027794
0 94.091796875 23.4375 8.188725503539269 10.918300671385692
0 79.8828125 25.520833333333332 8.544921875 11.393229166666668
0 88.671875 26.432291666666668 8.696171172348027 11.594894896464037
0 96.19140625 23.6328125 8.222774405094897 10.963699206793196
0 96.728515625 67.90364583333334 13.938216853844281 18.58428913845904
0 90.625 24.934895833333336 8.446260072691679 11.26168009692224
0 98.14453125 22.135416666666664 7.958010748538389 10.610680998051187
0 99.4140625 21.940104166666664 7.92282408798045 10.5637654506406
0 93.9453125 20.1171875 7.586549618320344 10.115399491093791
0 76.123046875 22.916666666666664 8.097228492078614 10.796304656104818
0 77.783203125 21.809895833333336 7.8992792392241125 10.532372318965482
0 71.38671875 22.526041666666664 8.027921409891299 10.703895213188398
0 70.703125 34.04947916666667 9.869971697263324 13.159962263017766
0 69.82421875 24.21875 8.324085508414218 11.098780677885625
0 68.1640625 35.9375 10.139921707663666 13.51989561021822
0 57.71484375 32.03125 9.572990198582838 12.763986931443785
0 63.57421875 25.325520833333332 8.512161670520847 11.349548894027794
0 53.80859375 50.1953125 11.983736521039955 15.978315361386604
0 66.064453125 23.6328125 8.222774405094897 10.963699206793196
0 64.55078125 16.927083333333336 6.959078522333606 9.278771363111476
0 46.97265625 53.841145833333336 12.411315556434788 16.54842074191305
0 66.943359375 20.377604166666664 7.635495607419925 10.180660809893233
0 78.22265625 18.359375 7.247523246483103 9.663364328644137
0 70.947265625 18.359375 7.247523246483103 9.663364328644137
0 83.642578125 20.963541666666664 7.7444931277157725 10.325990836954363
0 75.830078125 18.9453125 7.3622668956389274 9.816355860851903
0 50.1953125 30.078125 9.276540621075844 12.368720828101127
0 43.798828125 32.09635416666667 9.58271390875707 12.77695187834276
0 47.412109375 22.8515625 8.085718566584333 10.780958088779109
0 35.83984375 26.171875 8.653226854710587 11.537635806280782
0 30.2734375 28.776041666666668 9.073528288158268 12.098037717544358
0 22.607421875 34.375 9.91703906815913 13.222718757545508
0 21.044921875 45.5078125 11.410473080956981 15.213964107942642
0 39.306640625 42.70833333333333 11.053936936202902 14.738582581603868
0 9.326171875 71.35416666666666 14.287963758202668 19.050618344270223
0 31.787109375 67.83854166666666 13.931533460099278 18.575377946799033
0 55.078125 77.08333333333334 14.850494458735888 19.800659278314516
0 73.486328125 64.453125 13.579465003226924 18.105953337635896
0 22.021484375 25.9765625 8.620878229873984 11.494504306498644
0 10.205078125 32.68229166666667 9.669787303317175 12.893049737756234
0 6.005859375 25.5859375 8.555814067917595 11.407752090556793
0 17.578125 20.572916666666664 7.672000176987631 10.229333569316841
0 21.044921875 26.888020833333332 8.770817787597604 11.694423716796805
0 30.2734375 20.247395833333336 7.611061958825638 10.148082611767517
0 27.490234375 20.768229166666664 7.708331872750909 10.277775830334546
0 40.869140625 21.549479166666664 7.85197774064246 10.469303654189947
0 21.630859375 20.572916666666664 7.672000176987631 10.229333569316841
0 15.33203125 18.5546875 7.28597191547444 9.714629220632586
0 6.298828125 18.75 7.32421875 9.765625
0 19.384765625 19.075520833333336 7.3875234600282 9.850031280037602
0 11.42578125 20.052083333333336 7.574263699945591 10.099018266594122
0 24.658203125 18.5546875 7.28597191547444 9.714629220632586
0 13.525390625 17.96875 7.170007400189656 9.56000986691954
0 8.349609375 23.177083333333336 8.143105507889608 10.857474010519478
0 1.123046875 19.856770833333336 7.537285788103314 10.049714384137753
0 3.22265625 24.153645833333336 8.312889692307273 11.083852923076364
0 4.58984375 20.377604166666664 7.635495607419925 10.180660809893233
0 3.466796875 17.643229166666664 7.104764847914316 9.473019797219088
0 7.958984375 18.359375 7.247523246483103 9.663364328644137
0 10.7421875 17.252604166666664 7.025674092542321 9.367565456723094
0 19.82421875 16.536458333333336 6.878312786611722 9.171083715482297
0 21.875 15.364583333333334 6.6301150458985685 8.840153394531425
0 22.8515625 17.643229166666664 7.104764847914316 9.473019797219088
0 25.78125 15.950520833333334 6.755353888299149 9.0071385177322
0 27.197265625 16.861979166666664 6.945682786096826 9.260910381462436
0 29.6875 15.950520833333334 6.755353888299149 9.0071385177322
0 28.173828125 16.145833333333336 6.796587356970242 9.062116475960323
0 30.95703125 16.145833333333336 6.796587356970242 9.062116475960323
0 31.640625 15.364583333333334 6.6301150458985685 8.840153394531425
0 32.2265625 16.536458333333336 6.878312786611722 9.171083715482297
0 33.447265625 18.1640625 7.208869513560617 9.611826018080823
0 35.546875 17.447916666666664 7.065330140863174 9.420440187817565
0 36.962890625 15.755208333333334 6.7138671875 8.951822916666668
0 38.916015625 18.5546875 7.28597191547444 9.714629220632586
0 41.69921875 17.057291666666664 6.985792933508055 9.31439057801074
0 40.4296875 16.145833333333336 6.796587356970242 9.062116475960323
0 38.916015625 15.559895833333334 6.672122530845778 8.896163374461038
0 44.189453125 17.643229166666664 7.104764847914316 9.473019797219088
0 48.779296875 19.856770833333336 7.537285788103314 10.049714384137753
0 51.5625 20.572916666666664 7.672000176987631 10.229333569316841
0 55.078125 22.981770833333336 8.108722079825698 10.811629439767596
0 57.177734375 19.075520833333336 7.3875234600282 9.850031280037602
0 54.248046875 18.75 7.32421875 9.765625
0 57.32421875 15.364583333333334 6.6301150458985685 8.840153394531425
0 58.3984375 14.453125 6.430452730012657 8.57393697335021
0 52.5390625 16.861979166666664 6.945682786096826 9.260910381462436
0 49.51171875 16.341145833333336 6.837572174807153 9.116762899742872
0 47.265625 15.364583333333334 6.6301150458985685 8.840153394531425
0 46.435546875 15.364583333333334 6.6301150458985685 8.840153394531425
0 45.849609375 15.364583333333334 6.6301150458985685 8.840153394531425
0 44.482421875 15.0390625 6.559504779115197 8.746006372153596
0 60.107421875 15.234375 6.60196156395994 8.802615418613254
0 62.451171875 15.0390625 6.559504779115197 8.746006372153596
0 64.697265625 15.950520833333334 6.755353888299149 9.0071385177322
0 66.2109375 15.234375 6.60196156395994 8.802615418613254
0 68.45703125 15.0390625 6.559504779115197 8.746006372153596
0 67.48046875 16.145833333333336 6.796587356970242 9.062116475960323
0 69.43359375 14.84375 6.516771394062079 8.689028525416106
0 70.41015625 15.0390625 6.559504779115197 8.746006372153596
0 72.36328125 15.559895833333334 6.672122530845778 8.896163374461038
0 73.33984375 15.364583333333334 6.6301150458985685 8.840153394531425
0 75.0 15.755208333333334 6.7138671875 8.951822916666668
0 76.953125 16.341145833333336 6.837572174807153 9.116762899742872
0 77.490234375 14.6484375 6.473755931273323 8.631674575031097
0 80.419921875 18.5546875 7.28597191547444 9.714629220632586
0 81.396484375 17.057291666666664 6.985792933508055 9.31439057801074
0 83.10546875 17.447916666666664 7.065330140863174 9.420440187817565
0 84.47265625 18.1640625 7.208869513560617 9.611826018080823
0 85.205078125 18.9453125 7.3622668956389274 9.816355860851903
0 86.572265625 19.856770833333336 7.537285788103314 10.049714384137753
0 87.40234375 18.359375 7.247523246483103 9.663364328644137
0 87.01171875 22.265625 7.981382342908947 10.641843123878598
0 89.0625 20.963541666666664 7.7444931277157725 10.325990836954363
0 90.185546875 20.052083333333336 7.574263699945591 10.099018266594122
0 91.748046875 20.247395833333336 7.611061958825638 10.148082611767517
