0 93.84765625 48.30729166666667 11.756201345372451 15.674935127163266
0 78.02734375 59.5703125 13.054961936161765 17.406615914882355
0 33.935546875 80.859375 15.2098825614955 20.279843415327335
0 34.326171875 54.1015625 12.441294623193059 16.58839283092408
0 30.712890625 44.3359375 11.262598930203817 15.016798573605088
0 47.900390625 47.39583333333333 11.644765642296699 15.526354189728933
0 58.935546875 39.77864583333333 10.668065364348472 14.224087152464628
0 54.833984375 33.46354166666667 9.784679896167846 13.046239861557126
0 33.837890625 28.515625 9.03237828793258 12.043171050576774
0 24.267578125 22.916666666666664 8.097228492078614 10.796304656104818
0 9.228515625 24.348958333333336 8.346432086900233 11.128576115866979
0 11.81640625 30.6640625 9.366460725843998 12.48861430112533
0 29.6875 27.278645833333332 8.83429859993294 11.779064799910586
0 8.642578125 21.028645833333336 7.756509415978292 10.342012554637723
0 37.939453125 14.84375 6.516771394062079 8.689028525416106
0 6.103515625 17.3828125 7.052136235529384 9.40284831403918
0 11.328125 19.270833333333336 7.425247229367944 9.900329639157258
0 50.29296875 11.002604166666668 5.610588473770214 7.480784631693618
0 44.970703125 19.140625 7.400119417103358 9.866825889471144
0 76.07421875 38.41145833333333 10.483132346995646 13.977509795994195
0 70.654296875 36.26302083333333 10.185741740892722 13.580988987856962
0 57.421875 29.427083333333332 9.175595934065496 12.234127912087327
0 75.1953125 30.143229166666668 9.286574740419274 12.382099653892366
0 44.384765625 27.473958333333332 8.865868558553435 11.821158078071248
0 99.072265625 39.2578125 10.597995211294762 14.130660281726351
0 87.158203125 30.924479166666668 9.406149296522488 12.541532395363317
0 86.03515625 23.567708333333336 8.211440458419013 10.948587277892017
0 83.0078125 15.364583333333334 6.6301150458985685 8.840153394531425
0 74.51171875 14.713541666666666 6.488126106405426 8.650834808540568
0 66.455078125 14.0625 6.342959500374307 8.457279333832409
0 68.65234375 20.638020833333336 7.684129829110212 10.245506438813615
0 88.96484375 16.861979166666664 6.945682786096826 9.260910381462436
0 94.04296875 20.5078125 7.659851317145468 10.21313508952729
0 98.583984375 21.549479166666664 7.85197774064246 10.469303654189947
0 97.55859375 28.776041666666668 9.073528288158268 12.098037717544358
0 75.68359375 15.234375 6.60196156395994 8.802615418613254
0 67.96875 15.494791666666666 6.658149484030587 8.877532645374115
0 61.1328125 13.671875 6.254242410864013 8.338989881152017
0 55.224609375 13.411458333333334 6.194391824397107 8.259189099196142
0 21.19140625 14.973958333333334 6.545291317604741 8.727055090139656
0 16.748046875 17.252604166666664 7.025674092542321 9.367565456723094
0 26.318359375 19.010416666666664 7.37490598974278 9.833207986323707
0 47.900390625 14.453125 6.430452730012657 8.57393697335021
0 41.650390625 14.322916666666666 6.401421192444773 8.53522825659303
0 26.904296875 14.973958333333334 6.545291317604741 8.727055090139656
0 22.4609375 15.950520833333334 6.755353888299149 9.0071385177322
0 72.4609375 14.453125 6.430452730012657 8.57393697335021
0 63.96484375 17.96875 7.170007400189656 9.56000986691954
0 61.03515625 24.609375 8.39094670707246 11.187928942763282
0 44.775390625 20.8984375 7.732458166088822 10.309944221451763
0 62.548828125 21.158854166666664 7.780486318348366 10.373981757797822
0 88.134765625 27.018229166666668 8.792028986137655 11.722705314850208
0 91.064453125 18.880208333333336 7.349606066157407 9.799474754876544
0 59.521484375 13.932291666666666 6.313525654778199 8.418034206370931
0 45.556640625 14.84375 6.516771394062079 8.689028525416106
0 24.609375 76.953125 14.837946510184594 19.783928680246124
0 8.203125 48.828125 11.819407184470878 15.759209579294502
0 7.91015625 41.08072916666667 10.841259563190683 14.45501275092091
0 1.611328125 37.76041666666667 10.393912576859377 13.85855010247917
0 3.7109375 23.958333333333336 8.279211405182211 11.038948540242949
0 14.55078125 25.065104166666668 8.468284256293707 11.291045675058275
0 1.318359375 20.8984375 7.732458166088822 10.309944221451763
0 28.41796875 22.0703125 7.946299173761924 10.595065565015899
0 1.07421875 23.958333333333336 8.279211405182211 11.038948540242949
0 32.91015625 21.158854166666664 7.780486318348366 10.373981757797822
0 39.2578125 19.010416666666664 7.37490598974278 9.833207986323707
0 37.158203125 24.348958333333336 8.346432086900233 11.128576115866979
0 46.875 30.2734375 9.306610523667546 12.408814031556727
0 33.0078125 33.07291666666667 9.727403229070575 12.9698709720941
0 46.97265625 40.4296875 10.755011100284483 14.340014800379311
0 31.73828125 19.010416666666664 7.37490598974278 9.833207986323707
0 39.453125 24.479166666666664 8.36871899463018 11.15829199284024
0 30.126953125 20.377604166666664 7.635495607419925 10.180660809893233
0 35.44921875 25.455729166666668 8.53401578009617 11.378687706794894
0 41.943359375 25.065104166666668 8.468284256293707 11.291045675058275
0 50.29296875 24.869791666666664 8.435226416678011 11.246968555570682
0 50.78125 54.361979166666664 12.47120162457431 16.628268832765748
0 49.609375 21.2890625 7.804389558437758 10.405852744583676
0 65.13671875 20.638020833333336 7.684129829110212 10.245506438813615
0 67.138671875 27.408854166666668 8.855357744474432 11.807143659299243
0 74.365234375 23.177083333333336 8.143105507889608 10.857474010519478
0 67.67578125 23.567708333333336 8.211440458419013 10.948587277892017
0 81.298828125 25.455729166666668 8.53401578009617 11.378687706794894
0 83.0078125 42.44791666666667 11.020184378215204 14.693579170953605
0 77.685546875 23.697916666666664 8.234092750996119 10.978790334661493
0 81.201171875 50.1953125 11.983736521039955 15.978315361386604
0 83.30078125 22.200520833333336 7.969705113037473 10.626273484049964
0 84.912109375 52.604166666666664 12.267914576563586 16.357219435418116
0 82.421875 20.182291666666664 7.598815672600545 10.13175423013406
0 74.90234375 52.34375 12.237510776222791 16.31668103496372
0 76.513671875 20.052083333333336 7.574263699945591 10.099018266594122
0 69.873046875 39.51822916666667 10.633088006704314 14.177450675605751
0 71.09375 23.046875 8.120199399200482 10.82693253226731
0 74.609375 36.39322916666667 10.204012144348443 13.605349525797925
0 89.6484375 32.55208333333333 9.650505554713073 12.86734073961743
0 60.44921875 16.341145833333336 6.837572174807153 9.116762899742872
0 55.419921875 19.661458333333336 7.500125566067204 10.00016742142294
0 35.3515625 16.731770833333336 6.9188135063199665 9.225084675093289
0 31.103515625 16.731770833333336 6.9188135063199665 9.225084675093289
0 97.705078125 31.8359375 9.543759625922785 12.725012834563712
0 94.091796875 24.739583333333336 8.413115693414442 11.217487591219255
0 99.267578125 31.966145833333332 9.56325660155786 12.751008802077147
0 91.162109375 25.9765625 8.620878229873984 11.494504306498644
0 71.58203125 17.838541666666664 7.143981879101334 9.525309172135112
0 88.96484375 24.088541666666664 8.301678777304348 11.068905036405797
0 49.8046875 30.403645833333332 9.326603265341873 12.43547102045583
0 79.296875 18.880208333333336 7.349606066157407 9.799474754876544
0 86.865234375 19.010416666666664 7.37490598974278 9.833207986323707
0 79.931640625 16.6015625 6.891839471823862 9.189119295765149
0 65.771484375 16.2109375 6.810276368536802 9.080368491382403
0 43.359375 16.2109375 6.810276368536802 9.080368491382403
0 32.2265625 14.583333333333334 6.459353786778786 8.612471715705048
0 72.705078125 51.953125 12.191762912254749 16.25568388300633
0 92.96875 29.6875 9.216106488367615 12.288141984490153
0 98.291015625 25.325520833333332 8.512161670520847 11.349548894027794
0 89.6484375 20.8984375 7.732458166088822 10.309944221451763
0 17.236328125 21.2890625 7.804389558437758 10.405852744583676
0 33.30078125 16.9921875 6.972448522214271 9.296598029619028
