0 4.541015625 59.505208333333336 13.047826126972625 17.397101502630168
0 1.953125 47.8515625 11.700616157642099 15.600821543522796
0 7.2265625 35.48177083333333 10.075423595714831 13.433898127619774
0 14.94140625 39.77864583333333 10.668065364348472 14.224087152464628
0 23.193359375 52.669270833333336 12.275503760448466 16.36733834726462
0 34.47265625 43.359375 11.137870844051916 14.850494458735888
0 35.25390625 58.984375 12.990598543574682 17.320798058099577
0 38.57421875 78.19010416666666 14.956726995657771 19.94230266087703
0 51.953125 47.8515625 11.700616157642099 15.600821543522796
0 62.744140625 55.013020833333336 12.545657221126994 16.72754296150266
0 74.70703125 52.799479166666664 12.290668069825603 16.38755742643414
0 84.86328125 58.268229166666664 12.911496460758165 17.21532861434422
0 94.873046875 88.28125 15.892598347523847 21.190131130031798
0 90.13671875 50.911458333333336 12.06892085771801 16.091894476957346
0 79.4921875 39.77864583333333 10.668065364348472 14.224087152464628
0 64.453125 40.8203125 10.806842779312605 14.40912370575014
0 60.986328125 33.13802083333333 9.736972737758677 12.982630317011571
0 46.58203125 36.71875 10.24954566879069 13.66606089172092
0 31.93359375 34.30989583333333 9.907643481901811 13.210191309202415
0 20.751953125 28.125 8.970299351012615 11.960399134683486
0 3.61328125 31.25 9.4555257475767 12.607367663435602
0 51.318359375 28.645833333333332 9.052976668817948 12.07063555842393
0 8.154296875 27.278645833333332 8.83429859993294 11.779064799910586
0 14.0625 19.7265625 7.512532730158185 10.01671030687758
0 42.578125 23.307291666666664 8.165947363439729 10.88792981791964
0 48.388671875 27.604166666666668 8.886852892188134 11.849137189584178
0 59.27734375 22.65625 8.051090062422436 10.734786749896582
0 80.126953125 36.84895833333333 10.267702539831983 13.690270053109312
0 91.552734375 45.63802083333333 11.426785416777987 15.235713889037317
0 95.41015625 36.5234375 10.22224989284926 13.629666523799013
0 88.0859375 33.26822916666667 9.756083595670033 13.008111460893376
0 73.193359375 30.729166666666668 9.376398618003673 12.501864824004896
0 85.107421875 37.23958333333333 10.321981521782082 13.762642029042777
0 26.904296875 21.484375 7.840107775064166 10.453477033418888
0 19.3359375 19.921875 7.549631882844837 10.066175843793117
0 7.12890625 21.809895833333336 7.8992792392241125 10.532372318965482
0 5.810546875 24.348958333333336 8.346432086900233 11.128576115866979
0 2.880859375 20.247395833333336 7.611061958825638 10.148082611767517
0 5.419921875 16.471354166666664 6.864759447755123 9.15301259700683
0 8.251953125 16.145833333333336 6.796587356970242 9.062116475960323
0 9.814453125 15.950520833333334 6.755353888299149 9.0071385177322
0 12.01171875 17.708333333333336 7.117861199762329 9.490481599683106
0 14.16015625 14.453125 6.430452730012657 8.57393697335021
0 20.458984375 17.1875 7.012405574387241 9.349874099182989
0 18.408203125 13.736979166666666 6.269115778861736 8.358821038482315
0 32.32421875 20.768229166666664 7.708331872750909 10.277775830334546
0 36.9140625 20.768229166666664 7.708331872750909 10.277775830334546
0 26.513671875 17.513020833333336 7.0784994535786145 9.437999271438152
0 23.046875 12.890625 6.072921369058959 8.097228492078614
0 24.853515625 13.411458333333334 6.194391824397107 8.259189099196142
0 24.462890625 15.625 6.686066375795484 8.914755167727312
0 31.93359375 15.885416666666666 6.741553355216833 8.988737806955777
0 30.56640625 13.28125 6.16424861960576 8.218998159474348
0 36.42578125 13.541666666666666 6.224389054678692 8.299185406238257
0 34.27734375 15.104166666666666 6.573687508709111 8.764916678278816
0 41.259765625 14.0625 6.342959500374307 8.457279333832409
0 42.822265625 17.1875 7.012405574387241 9.349874099182989
0 41.455078125 20.833333333333336 7.720404443770458 10.293872591693944
0 50.78125 18.489583333333336 7.273178276253042 9.697571035004056
0 49.0234375 21.549479166666664 7.85197774064246 10.469303654189947
0 43.603515625 13.28125 6.16424861960576 8.218998159474348
0 47.0703125 14.0625 6.342959500374307 8.457279333832409
0 56.396484375 20.833333333333336 7.720404443770458 10.293872591693944
0 67.87109375 24.153645833333336 8.312889692307273 11.083852923076364
0 79.541015625 25.716145833333332 8.57755695956738 11.436742612756506
0 89.208984375 28.580729166666668 9.042683343523592 12.056911124698123
0 97.16796875 26.497395833333332 8.706874156303165 11.609165541737553
0 65.33203125 18.489583333333336 7.273178276253042 9.697571035004056
0 60.888671875 13.541666666666666 6.224389054678692 8.299185406238257
0 56.787109375 15.364583333333334 6.6301150458985685 8.840153394531425
0 67.67578125 16.927083333333336 6.959078522333606 9.278771363111476
0 71.923828125 20.3125 7.62328857226367 10.164384763018226
0 79.150390625 18.75 7.32421875 9.765625
0 63.76953125 13.28125 6.16424861960576 8.218998159474348
0 66.89453125 13.020833333333334 6.103515625 8.138020833333332
0 79.736328125 13.802083333333334 6.283953943473511 8.378605257964681
0 78.173828125 16.145833333333336 6.796587356970242 9.062116475960323
0 85.9375 21.2890625 7.804389558437758 10.405852744583676
0 89.794921875 24.4140625 8.357582969744357 11.143443959659143
0 96.044921875 22.8515625 8.085718566584333 10.780958088779109
0 82.421875 15.364583333333334 6.6301150458985685 8.840153394531425
0 92.724609375 17.708333333333336 7.117861199762329 9.490481599683106
0 96.97265625 19.791666666666664 7.524919437217989 10.033225916290652
