0 94.482421875 77.40885416666666 14.881818042281017 19.84242405637469
0 75.87890625 83.0078125 15.4106215490144 20.547495398685868
0 24.072265625 85.80729166666666 15.668332095939252 20.891109461252334
0 11.279296875 62.630208333333336 13.386054809241521 17.848073078988694
0 27.685546875 54.6875 12.508484821728025 16.677979762304034
0 20.1171875 37.17447916666667 10.31295486371814 13.75060648495752
0 16.015625 28.515625 9.03237828793258 12.043171050576774
0 1.611328125 39.12760416666667 10.580405165624827 14.107206887499771
0 39.35546875 43.29427083333333 11.129505937994672 14.839341250659563
0 36.23046875 33.65885416666667 9.813192865486773 13.084257153982362
0 52.63671875 39.32291666666667 10.606779295033428 14.142372393377903
0 63.57421875 34.83072916666667 9.982560567502519 13.310080756670025
0 72.119140625 32.16145833333333 9.592427762147041 12.789903682862722
0 90.625 43.42447916666667 11.146229472503464 14.861639296671287
0 80.712890625 58.854166666666664 12.976252212810852 17.301669617081135
0 93.505859375 32.68229166666667 9.669787303317175 12.893049737756234
0 99.70703125 37.63020833333333 10.3759765625 13.834635416666666
0 86.9140625 39.6484375 10.650591044076627 14.200788058768838
0 76.708984375 30.989583333333332 9.416045300623482 12.554727067497975
0 59.326171875 26.041666666666668 8.631674575031099 11.508899433374797
0 47.314453125 26.236979166666668 8.66398288975732 11.551977186343091
0 37.01171875 28.515625 9.03237828793258 12.043171050576774
0 30.029296875 30.338541666666668 9.316612257369233 12.42214967649231
0 63.671875 23.893229166666664 8.267954824306681 11.023939765742242
0 72.65625 20.768229166666664 7.708331872750909 10.277775830334546
0 84.5703125 27.5390625 8.876366926421502 11.835155901895336
0 39.990234375 19.270833333333336 7.425247229367944 9.900329639157258
0 10.693359375 21.223958333333336 7.792447103762027 10.389929471682702
0 26.953125 18.294270833333336 7.234661615679748 9.646215487572997
0 13.037109375 72.91666666666666 14.443554157958047 19.25807221061073
0 3.857421875 80.98958333333334 15.222123917651276 20.296165223535034
0 56.982421875 78.84114583333334 15.018865721880228 20.025154295840306
0 25.341796875 32.68229166666667 9.669787303317175 12.893049737756234
0 91.748046875 20.442708333333336 7.647683158045451 10.196910877393934
0 80.95703125 30.533854166666668 9.346553241646458 12.462070988861944
0 89.6484375 36.45833333333333 10.21313508952729 13.617513452703053
0 54.150390625 18.098958333333336 7.195938795502683 9.594585060670244
0 46.044921875 54.361979166666664 12.47120162457431 16.628268832765748
