0 0.29296875 19.856770833333336 7.537285788103314 10.049714384137753
0 7.080078125 16.276041666666664 6.823937919616058 9.09858389282141
0 14.404296875 22.8515625 8.085718566584333 10.780958088779109
0 2.880859375 18.098958333333336 7.195938795502683 9.594585060670244
0 21.38671875 16.796875 6.932261164306974 9.243014885742634
0 4.98046875 17.317708333333336 7.038917599286375 9.385223465715166
0 26.5625 15.4296875 6.644147051109997 8.858862734813329
0 9.1796875 16.861979166666664 6.945682786096826 9.260910381462436
0 28.564453125 17.057291666666664 6.985792933508055 9.31439057801074
0 13.671875 16.796875 6.932261164306974 9.243014885742634
0 28.955078125 14.0625 6.342959500374307 8.457279333832409
0 24.12109375 14.713541666666666 6.488126106405426 8.650834808540568
0 20.166015625 21.354166666666664 7.816313766397521 10.421751688530028
0 11.5234375 28.971354166666668 9.104268731797058 12.139024975729411
0 20.8984375 18.489583333333336 7.273178276253042 9.697571035004056
0 31.54296875 30.794270833333332 9.386325988299376 12.515101317732501
0 17.431640625 19.140625 7.400119417103358 9.866825889471144
0 6.982421875 21.158854166666664 7.780486318348366 10.373981757797822
0 15.576171875 35.87239583333333 10.130732832457173 13.507643776609566
0 3.22265625 20.3125 7.62328857226367 10.164384763018226
0 18.45703125 32.87760416666667 9.698638050580264 12.931517400773687
0 5.859375 19.270833333333336 7.425247229367944 9.900329639157258
0 16.40625 41.9921875 10.960867307170393 14.614489742893857
0 6.15234375 31.184895833333332 9.445671106287941 12.594228141717254
0 20.068359375 27.408854166666668 8.855357744474432 11.807143659299243
0 28.759765625 24.609375 8.39094670707246 11.187928942763282
0 53.3203125 49.28385416666667 11.874436314907054 15.832581753209407
0 41.69921875 16.731770833333336 6.9188135063199665 9.225084675093289
0 41.11328125 26.5625 8.717563999686098 11.62341866624813
0 44.3359375 15.625 6.686066375795484 8.914755167727312
0 35.64453125 24.674479166666664 8.402038511923953 11.202718015898604
0 47.265625 14.713541666666666 6.488126106405426 8.650834808540568
0 49.90234375 20.247395833333336 7.611061958825638 10.148082611767517
0 49.90234375 28.385416666666668 9.011732824849489 12.015643766465985
0 48.92578125 23.2421875 8.154534433525017 10.872712578033356
0 34.08203125 16.015625 6.7691262856502785 9.025501714200372
0 31.15234375 22.005208333333336 7.9345703125 10.579427083333332
0 36.865234375 61.979166666666664 13.316298968061174 17.75506529074823
0 29.19921875 20.638020833333336 7.684129829110212 10.245506438813615
0 29.736328125 36.9140625 10.276768945607138 13.702358594142853
0 25.9765625 19.010416666666664 7.37490598974278 9.833207986323707
0 2.978515625 56.575520833333336 12.722572989304096 16.96343065240546
0 13.8671875 56.575520833333336 12.722572989304096 16.96343065240546
0 7.763671875 71.875 14.340014800379311 19.12001973383908
0 21.484375 49.0234375 11.843022407185213 15.790696542913619
0 35.7421875 43.1640625 11.112757236348344 14.817009648464458
0 44.775390625 85.15625 15.608779116875516 20.811705489167352
0 59.716796875 91.27604166666666 16.15991491073453 21.546553214312706
0 91.30859375 94.01041666666666 16.400181692559084 21.86690892341211
0 97.119140625 79.1015625 15.043649345539842 20.058199127386455
0 86.81640625 64.12760416666666 13.545130017805265 18.060173357073687
0 69.482421875 59.440104166666664 13.04068641309906 17.38758188413208
0 75.634765625 50.455729166666664 12.01478252260103 16.019710030134707
0 80.517578125 46.2890625 11.508000265481447 15.344000353975263
0 85.7421875 41.796875 10.935347208965403 14.580462945287206
0 96.77734375 50.911458333333336 12.06892085771801 16.091894476957346
0 95.01953125 40.36458333333333 10.746348182164922 14.328464242886563
0 87.841796875 33.7890625 9.832155574699105 13.109540766265473
0 91.357421875 31.705729166666668 9.524222738236839 12.698963650982451
0 87.451171875 28.90625 9.094033462982996 12.125377950643994
0 96.19140625 24.088541666666664 8.301678777304348 11.068905036405797
0 98.6328125 29.361979166666668 9.16544031840894 12.220587091211922
0 93.115234375 23.893229166666664 8.267954824306681 11.023939765742242
0 94.43359375 18.684895833333336 7.311492035346033 9.748656047128044
0 90.478515625 24.0234375 8.290452702152177 11.053936936202902
0 92.431640625 19.466145833333336 7.462780310447684 9.950373747263578
0 89.16015625 26.627604166666668 8.728240750778255 11.637654334371007
0 90.91796875 20.768229166666664 7.708331872750909 10.277775830334546
0 86.669921875 22.591145833333336 8.039514082226251 10.719352109635
0 88.8671875 18.619791666666664 7.298743129334349 9.731657505779133
0 83.642578125 21.484375 7.840107775064166 10.453477033418888
0 86.71875 18.1640625 7.208869513560617 9.611826018080823
0 81.34765625 27.604166666666668 8.886852892188134 11.849137189584178
0 81.4453125 22.4609375 8.016311973000304 10.688415964000404
0 81.4453125 17.903645833333336 7.157006469457137 9.542675292609516
0 78.564453125 25.130208333333332 8.479274895904423 11.305699861205897
0 75.341796875 28.255208333333332 8.991039955234518 11.988053273646026
0 73.876953125 32.74739583333333 9.679413773897526 12.905885031863368
0 80.029296875 38.41145833333333 10.483132346995646 13.977509795994195
0 66.50390625 41.47135416666667 10.892680845687712 14.523574460916949
0 62.6953125 38.99739583333333 10.562785827561513 14.083714436748682
0 59.033203125 34.9609375 10.001202153426476 13.334936204568635
0 47.0703125 37.5 10.358009490037318 13.810679320049758
0 41.845703125 32.6171875 9.660151239834237 12.880201653112316
0 61.9140625 30.598958333333332 9.35651227829339 12.475349704391189
0 59.814453125 25.651041666666668 8.566692411876344 11.422256549168457
0 71.630859375 22.8515625 8.085718566584333 10.780958088779109
0 58.3984375 19.270833333333336 7.425247229367944 9.900329639157258
0 67.724609375 19.53125 7.475249459177179 9.966999278902906
0 62.5 19.010416666666664 7.37490598974278 9.833207986323707
0 60.107421875 22.135416666666664 7.958010748538389 10.610680998051187
0 68.65234375 14.6484375 6.473755931273323 8.631674575031097
0 57.568359375 13.736979166666666 6.269115778861736 8.358821038482315
0 66.748046875 15.104166666666666 6.573687508709111 8.764916678278816
0 70.654296875 19.3359375 7.437779301119349 9.917039068159132
0 66.552734375 23.893229166666664 8.267954824306681 11.023939765742242
0 73.73046875 17.122395833333336 6.9991119025755095 9.332149203434014
0 77.880859375 20.638020833333336 7.684129829110212 10.245506438813615
0 79.833984375 16.6015625 6.891839471823862 9.189119295765149
0 96.6796875 20.052083333333336 7.574263699945591 10.099018266594122
0 37.548828125 17.057291666666664 6.985792933508055 9.31439057801074
