0 64.55078125 25.5859375 8.555814067917595 11.407752090556793
0 25.048828125 23.111979166666664 8.131660519088275 10.842214025451032
0 42.48046875 27.083333333333332 8.802615418613255 11.736820558151006
0 33.69140625 18.880208333333336 7.349606066157407 9.799474754876544
0 18.994140625 19.986979166666664 7.561957820656658 10.08261042754221
0 7.51953125 27.34375 8.84483443981289 11.793112586417188
0 70.166015625 32.29166666666667 9.611826018080825 12.815768024107768
0 92.333984375 37.23958333333333 10.321981521782082 13.762642029042777
0 70.80078125 22.200520833333336 7.969705113037473 10.626273484049964
0 77.1484375 22.200520833333336 7.969705113037473 10.626273484049964
0 62.060546875 17.252604166666664 7.025674092542321 9.367565456723094
0 46.77734375 14.908854166666666 6.531046923532928 8.708062564710572
0 42.48046875 18.229166666666664 7.221777078979024 9.629036105305365
0 35.7421875 18.880208333333336 7.349606066157407 9.799474754876544
0 40.72265625 15.364583333333334 6.6301150458985685 8.840153394531425
0 34.5703125 16.40625 6.8511792970714245 9.134905729428567
0 42.67578125 14.6484375 6.473755931273323 8.631674575031097
0 75.634765625 21.223958333333336 7.792447103762027 10.389929471682702
0 44.23828125 15.885416666666666 6.741553355216833 8.988737806955777
0 16.650390625 15.755208333333334 6.7138671875 8.951822916666668
0 1.3671875 19.7265625 7.512532730158185 10.01671030687758
0 54.6875 17.122395833333336 6.9991119025755095 9.332149203434014
0 87.109375 25.716145833333332 8.57755695956738 11.436742612756506
0 86.474609375 19.596354166666664 7.487697843252746 9.983597124336994
0 96.240234375 29.296875 9.1552734375 12.20703125
0 84.9609375 18.489583333333336 7.273178276253042 9.697571035004056
0 97.998046875 26.692708333333332 8.738904457566134 11.651872610088178
0 91.11328125 20.5078125 7.659851317145468 10.21313508952729
0 82.080078125 41.9921875 10.960867307170393 14.614489742893857
0 60.7421875 41.73177083333333 10.926827264384862 14.569103019179815
0 46.19140625 38.02083333333333 10.429692071920813 13.906256095894417
0 92.138671875 46.6796875 11.556455217749932 15.40860695699991
0 76.220703125 27.34375 8.84483443981289 11.793112586417188
0 80.322265625 24.8046875 8.424178309229896 11.23223774563986
0 66.40625 22.591145833333336 8.039514082226251 10.719352109635
0 54.4921875 29.6875 9.216106488367615 12.288141984490153
0 45.458984375 21.09375 7.768507117527988 10.358009490037318
0 55.810546875 23.111979166666664 8.131660519088275 10.842214025451032
0 11.71875 40.75520833333333 10.79822144345345 14.397628591271266
0 8.642578125 33.7890625 9.832155574699105 13.109540766265473
0 4.931640625 91.796875 16.205954647646184 21.607939530194912
0 3.3203125 23.958333333333336 8.279211405182211 11.038948540242949
0 21.58203125 16.731770833333336 6.9188135063199665 9.225084675093289
0 10.595703125 19.596354166666664 7.487697843252746 9.983597124336994
0 5.76171875 18.359375 7.247523246483103 9.663364328644137
0 31.298828125 21.09375 7.768507117527988 10.358009490037318
0 25.048828125 17.3828125 7.052136235529384 9.40284831403918
0 49.169921875 20.833333333333336 7.720404443770458 10.293872591693944
0 37.060546875 16.276041666666664 6.823937919616058 9.09858389282141
0 29.58984375 16.861979166666664 6.945682786096826 9.260910381462436
0 52.1484375 17.643229166666664 7.104764847914316 9.473019797219088
0 66.69921875 18.098958333333336 7.195938795502683 9.594585060670244
0 57.958984375 16.015625 6.7691262856502785 9.025501714200372
0 81.884765625 19.466145833333336 7.462780310447684 9.950373747263578
0 60.3515625 15.234375 6.60196156395994 8.802615418613254
0 26.806640625 17.7734375 7.130933499479933 9.50791133263991
0 14.599609375 17.96875 7.170007400189656 9.56000986691954
0 94.580078125 23.567708333333336 8.211440458419013 10.948587277892017
0 90.8203125 30.2734375 9.306610523667546 12.408814031556727
0 85.791015625 32.68229166666667 9.669787303317175 12.893049737756234
0 63.623046875 22.591145833333336 8.039514082226251 10.719352109635
0 31.298828125 16.015625 6.7691262856502785 9.025501714200372
0 23.828125 14.908854166666666 6.531046923532928 8.708062564710572
0 18.408203125 16.276041666666664 6.823937919616058 9.09858389282141
0 39.111328125 16.145833333333336 6.796587356970242 9.062116475960323
0 64.94140625 16.015625 6.7691262856502785 9.025501714200372
0 73.779296875 19.466145833333336 7.462780310447684 9.950373747263578
0 79.931640625 18.619791666666664 7.298743129334349 9.731657505779133
0 80.517578125 21.614583333333336 7.863829789260941 10.485106385681254
0 78.076171875 16.9921875 6.972448522214271 9.296598029619028
0 92.529296875 20.833333333333336 7.720404443770458 10.293872591693944
0 98.779296875 22.330729166666664 7.993042513249997 10.657390017666662
0 67.431640625 14.778645833333334 6.502464524127966 8.669952698837287
0 69.04296875 14.908854166666666 6.531046923532928 8.708062564710572
0 70.80078125 15.234375 6.60196156395994 8.802615418613254
0 73.681640625 15.755208333333334 6.7138671875 8.951822916666668
