0 33.69140625 69.98697916666666 14.150418846886756 18.86722512918234
0 34.033203125 56.770833333333336 12.74451478138495 16.992686375179932
0 22.65625 46.6796875 11.556455217749932 15.40860695699991
0 1.26953125 56.184895833333336 12.678575486963496 16.90476731595133
0 37.939453125 42.64322916666667 11.045508466097326 14.7273446214631
0 49.4140625 48.6328125 11.795744683891412 15.727659578521882
0 52.099609375 53.841145833333336 12.411315556434788 16.54842074191305
0 65.673828125 60.3515625 13.140289393073113 17.520385857430817
0 80.37109375 54.1015625 12.441294623193059 16.58839283092408
0 83.3984375 66.73177083333334 13.817421170253628 18.423228227004838
0 92.3828125 53.776041666666664 12.403809468323715 16.53841262443162
0 90.966796875 42.25260416666667 10.994801962067763 14.659735949423682
0 99.560546875 42.7734375 11.062358984614171 14.74981197948556
0 87.841796875 38.34635416666667 10.474244568927316 13.965659425236424
0 98.6328125 37.890625 10.411817693623036 13.88242359149738
0 77.24609375 38.93229166666667 10.553965128046011 14.07195350406135
0 65.869140625 39.58333333333333 10.641843123878598 14.189124165171464
0 73.046875 32.2265625 9.60213178866716 12.802842384889546
0 61.42578125 35.22135416666667 10.038381471800859 13.384508629067811
0 61.181640625 28.841145833333332 9.083786661460703 12.11171554861427
0 52.63671875 36.45833333333333 10.21313508952729 13.617513452703053
0 49.853515625 28.7109375 9.063258303782652 12.084344405043536
0 40.576171875 31.510416666666668 9.494842032534208 12.659789376712277
0 29.00390625 34.765625 9.973226707988399 13.297635610651199
0 31.884765625 28.971354166666668 9.104268731797058 12.139024975729411
0 19.62890625 29.1015625 9.124704826492952 12.166273101990603
0 11.083984375 30.46875 9.336583582018038 12.448778109357384
0 1.46484375 30.598958333333332 9.35651227829339 12.475349704391189
0 9.9609375 26.7578125 8.749555167743805 11.66607355699174
0 4.052734375 23.6328125 8.222774405094897 10.963699206793196
0 12.5 19.3359375 7.437779301119349 9.917039068159132
0 2.1484375 19.205729166666664 7.412693970636669 9.883591960848893
0 7.470703125 20.703125 7.6962403643301345 10.261653819106845
0 20.1171875 21.09375 7.768507117527988 10.358009490037318
0 6.0546875 17.708333333333336 7.117861199762329 9.490481599683106
0 10.595703125 18.294270833333336 7.234661615679748 9.646215487572997
0 17.431640625 18.619791666666664 7.298743129334349 9.731657505779133
0 29.00390625 23.307291666666664 8.165947363439729 10.88792981791964
0 23.681640625 26.171875 8.653226854710587 11.537635806280782
0 21.533203125 16.471354166666664 6.864759447755123 9.15301259700683
0 27.783203125 16.471354166666664 6.864759447755123 9.15301259700683
0 20.41015625 15.755208333333334 6.7138671875 8.951822916666668
0 30.224609375 18.880208333333336 7.349606066157407 9.799474754876544
0 18.310546875 15.625 6.686066375795484 8.914755167727312
0 25.341796875 15.299479166666666 6.61605328023645 8.821404373648601
0 16.50390625 14.2578125 6.386855937639267 8.515807916852356
0 30.908203125 13.997395833333334 6.328259690346595 8.437679587128793
0 36.23046875 13.8671875 6.298757153488249 8.398342871317666
0 31.4453125 15.755208333333334 6.7138671875 8.951822916666668
0 37.5 14.583333333333334 6.459353786778786 8.612471715705048
0 40.0390625 19.3359375 7.437779301119349 9.917039068159132
0 40.283203125 13.671875 6.254242410864013 8.338989881152017
0 32.763671875 21.419270833333336 7.828219811023351 10.437626414697803
0 33.935546875 15.0390625 6.559504779115197 8.746006372153596
0 39.94140625 24.544270833333336 8.379840220792225 11.173120294389632
0 32.32421875 14.583333333333334 6.459353786778786 8.612471715705048
0 47.265625 23.046875 8.120199399200482 10.82693253226731
0 49.072265625 17.708333333333336 7.117861199762329 9.490481599683106
0 59.1796875 25.716145833333332 8.57755695956738 11.436742612756506
0 48.6328125 15.625 6.686066375795484 8.914755167727312
0 56.396484375 15.950520833333334 6.755353888299149 9.0071385177322
0 48.92578125 12.760416666666666 6.042172202521769 8.056229603362357
0 44.580078125 16.536458333333336 6.878312786611722 9.171083715482297
0 54.833984375 13.8671875 6.298757153488249 8.398342871317666
0 46.044921875 15.0390625 6.559504779115197 8.746006372153596
0 57.958984375 20.377604166666664 7.635495607419925 10.180660809893233
0 66.89453125 24.21875 8.324085508414218 11.098780677885625
0 61.328125 18.424479166666664 7.2603620931215325 9.680482790828709
0 56.73828125 13.0859375 6.118755388111396 8.15834051748186
0 72.021484375 22.005208333333336 7.9345703125 10.579427083333332
0 69.140625 13.28125 6.16424861960576 8.218998159474348
0 58.642578125 13.8671875 6.298757153488249 8.398342871317666
0 65.576171875 15.755208333333334 6.7138671875 8.951822916666668
0 61.865234375 13.28125 6.16424861960576 8.218998159474348
0 70.99609375 17.513020833333336 7.0784994535786145 9.437999271438152
0 77.05078125 20.833333333333336 7.720404443770458 10.293872591693944
0 76.3671875 28.385416666666668 9.011732824849489 12.015643766465985
0 80.46875 24.869791666666664 8.435226416678011 11.246968555570682
0 81.73828125 17.96875 7.170007400189656 9.56000986691954
0 80.126953125 29.1015625 9.124704826492952 12.166273101990603
0 80.46875 16.080729166666664 6.782870718656271 9.043827624875028
0 63.330078125 17.708333333333336 7.117861199762329 9.490481599683106
0 81.73828125 21.744791666666664 7.887480458569388 10.51664061142585
0 78.173828125 15.494791666666666 6.658149484030587 8.877532645374115
0 86.279296875 18.033854166666664 7.182984799767957 9.577313066357275
0 94.62890625 18.1640625 7.208869513560617 9.611826018080823
0 84.619140625 20.247395833333336 7.611061958825638 10.148082611767517
0 89.599609375 20.247395833333336 7.611061958825638 10.148082611767517
0 99.21875 19.596354166666664 7.487697843252746 9.983597124336994
0 93.994140625 22.721354166666664 8.062649422377262 10.75019922983635
0 87.158203125 20.833333333333336 7.720404443770458 10.293872591693944
0 88.8671875 32.87760416666667 9.698638050580264 12.931517400773687
0 89.306640625 23.828125 8.256682897014576 11.008910529352768
0 98.974609375 31.966145833333332 9.56325660155786 12.751008802077147
0 88.28125 25.390625 8.523095729839442 11.364127639785922
0 67.7734375 12.825520833333334 6.057566296777102 8.076755062369468
0 93.1640625 30.338541666666668 9.316612257369233 12.42214967649231
0 89.16015625 28.971354166666668 9.104268731797058 12.139024975729411
0 95.8984375 22.591145833333336 8.039514082226251 10.719352109635
0 74.90234375 14.453125 6.430452730012657 8.57393697335021
0 52.197265625 16.9921875 6.972448522214271 9.296598029619028
0 35.15625 19.596354166666664 7.487697843252746 9.983597124336994
0 38.4765625 19.596354166666664 7.487697843252746 9.983597124336994
0 36.81640625 17.122395833333336 6.9991119025755095 9.332149203434014
0 26.46484375 18.880208333333336 7.349606066157407 9.799474754876544
0 93.505859375 90.8203125 16.119522273247387 21.49269636432985
0 13.28125 16.666666666666664 6.905339660024879 9.207119546699838
0 44.189453125 14.713541666666666 6.488126106405426 8.650834808540568
