0 16.845703125 85.02604166666666 15.596841234351363 20.795788312468485
0 91.943359375 91.796875 16.205954647646184 21.607939530194912
0 87.98828125 63.151041666666664 13.441598843716577 17.9221317916221
0 63.76953125 58.072916666666664 12.889838917201462 17.18645188960195
0 33.59375 59.049479166666664 12.99776577090262 17.330354361203494
0 6.298828125 72.65625 14.417739027121234 19.223652036161646
0 1.7578125 58.854166666666664 12.976252212810852 17.301669617081135
0 20.654296875 50.9765625 12.076635093633655 16.10218012484487
0 12.451171875 41.27604166666667 10.867000619363317 14.489334159151088
0 1.07421875 46.35416666666667 11.516090249092533 15.354786998790045
0 3.076171875 29.557291666666668 9.195873518871684 12.261164691828911
0 10.107421875 28.125 8.970299351012615 11.960399134683486
0 18.505859375 31.966145833333332 9.56325660155786 12.751008802077147
0 24.12109375 25.911458333333332 8.610068346964042 11.480091129285388
0 31.34765625 27.799479166666668 8.918236814088415 11.890982418784553
0 31.103515625 36.5234375 10.22224989284926 13.629666523799013
0 35.888671875 44.140625 11.237764062208234 14.983685416277645
0 51.171875 37.3046875 10.331000292853245 13.77466705713766
0 53.90625 47.13541666666667 11.612730462915312 15.483640617220415
0 64.35546875 40.49479166666667 10.763667046233154 14.351556061644205
0 73.388671875 52.669270833333336 12.275503760448466 16.36733834726462
0 95.703125 52.5390625 12.260320694946696 16.347094259928927
0 98.92578125 42.25260416666667 10.994801962067763 14.659735949423682
0 98.4375 30.533854166666668 9.346553241646458 12.462070988861944
0 92.28515625 30.989583333333332 9.416045300623482 12.554727067497975
0 86.328125 33.65885416666667 9.813192865486773 13.084257153982362
0 89.453125 39.71354166666667 10.65933178501769 14.212442380023585
0 79.443359375 38.60677083333333 10.509750584547465 14.01300077939662
0 73.291015625 33.52864583333333 9.794193442310311 13.05892458974708
0 62.255859375 34.50520833333333 9.935803586486637 13.247738115315515
0 63.427734375 27.994791666666668 8.94951068030712 11.932680907076158
0 51.7578125 29.752604166666668 9.22620633412535 12.301608445500468
0 42.138671875 30.208333333333332 9.296598029619028 12.395464039492039
0 4.638671875 26.236979166666668 8.66398288975732 11.551977186343091
0 11.42578125 22.4609375 8.016311973000304 10.688415964000404
0 19.140625 21.354166666666664 7.816313766397521 10.421751688530028
0 2.392578125 19.921875 7.549631882844837 10.066175843793117
0 8.203125 18.9453125 7.3622668956389274 9.816355860851903
0 14.013671875 16.927083333333336 6.959078522333606 9.278771363111476
0 21.142578125 15.169270833333334 6.587839704871492 8.783786273161988
0 26.611328125 18.619791666666664 7.298743129334349 9.731657505779133
0 32.080078125 21.158854166666664 7.780486318348366 10.373981757797822
0 40.478515625 22.591145833333336 8.039514082226251 10.719352109635
0 49.51171875 21.809895833333336 7.8992792392241125 10.532372318965482
0 41.11328125 25.5859375 8.555814067917595 11.407752090556793
0 54.39453125 16.40625 6.8511792970714245 9.134905729428567
0 58.544921875 25.0 8.457279333832409 11.276372445109878
0 61.279296875 17.838541666666664 7.143981879101334 9.525309172135112
0 66.50390625 24.479166666666664 8.36871899463018 11.15829199284024
0 74.70703125 27.34375 8.84483443981289 11.793112586417188
0 80.2734375 28.776041666666668 9.073528288158268 12.098037717544358
0 66.9921875 20.052083333333336 7.574263699945591 10.099018266594122
0 79.6875 24.674479166666664 8.402038511923953 11.202718015898604
0 70.556640625 23.372395833333336 8.177344364608315 10.903125819477753
0 18.408203125 18.1640625 7.208869513560617 9.611826018080823
0 28.125 14.0625 6.342959500374307 8.457279333832409
0 35.64453125 14.713541666666666 6.488126106405426 8.650834808540568
0 40.966796875 18.815104166666664 7.336923388776433 9.782564518368577
0 47.021484375 14.192708333333334 6.372257390692475 8.496343187589966
0 71.044921875 18.359375 7.247523246483103 9.663364328644137
0 55.712890625 13.606770833333334 6.2393335877260965 8.319111450301463
0 85.400390625 21.484375 7.840107775064166 10.453477033418888
0 88.818359375 27.799479166666668 8.918236814088415 11.890982418784553
0 94.287109375 23.567708333333336 8.211440458419013 10.948587277892017
0 78.955078125 15.8203125 6.72772451325946 8.970299351012613
0 75.78125 21.940104166666664 7.92282408798045 10.5637654506406
0 66.162109375 15.169270833333334 6.587839704871492 8.783786273161988
0 87.158203125 16.40625 6.8511792970714245 9.134905729428567
0 81.005859375 18.033854166666664 7.182984799767957 9.577313066357275
0 90.966796875 19.466145833333336 7.462780310447684 9.950373747263578
