0 98.828125 24.088541666666664 8.301678777304348 11.068905036405797
0 98.33984375 33.13802083333333 9.736972737758677 12.982630317011571
0 90.576171875 26.692708333333332 8.738904457566134 11.651872610088178
0 96.2890625 23.697916666666664 8.234092750996119 10.978790334661493
0 93.017578125 32.6171875 9.660151239834237 12.880201653112316
0 93.5546875 21.09375 7.768507117527988 10.358009490037318
0 97.4609375 30.338541666666668 9.316612257369233 12.42214967649231
0 90.380859375 20.638020833333336 7.684129829110212 10.245506438813615
0 79.8828125 26.171875 8.653226854710587 11.537635806280782
0 96.19140625 20.247395833333336 7.611061958825638 10.148082611767517
0 89.208984375 18.5546875 7.28597191547444 9.714629220632586
0 82.6171875 22.265625 7.981382342908947 10.641843123878598
0 79.39453125 16.731770833333336 6.9188135063199665 9.225084675093289
0 76.5625 21.354166666666664 7.816313766397521 10.421751688530028
0 84.5703125 19.7265625 7.512532730158185 10.01671030687758
0 76.025390625 16.861979166666664 6.945682786096826 9.260910381462436
0 85.205078125 17.7734375 7.130933499479933 9.50791133263991
0 67.48046875 24.21875 8.324085508414218 11.098780677885625
0 73.291015625 14.908854166666666 6.531046923532928 8.708062564710572
0 67.578125 16.341145833333336 6.837572174807153 9.116762899742872
0 81.73828125 18.815104166666664 7.336923388776433 9.782564518368577
0 64.35546875 18.5546875 7.28597191547444 9.714629220632586
0 57.958984375 16.2109375 6.810276368536802 9.080368491382403
0 65.8203125 16.6015625 6.891839471823862 9.189119295765149
0 47.36328125 16.861979166666664 6.945682786096826 9.260910381462436
0 63.671875 15.8203125 6.72772451325946 8.970299351012613
0 45.99609375 16.2109375 6.810276368536802 9.080368491382403
0 58.837890625 14.778645833333334 6.502464524127966 8.669952698837287
0 36.083984375 17.643229166666664 7.104764847914316 9.473019797219088
0 94.921875 21.484375 7.840107775064166 10.453477033418888
0 34.9609375 16.6015625 6.891839471823862 9.189119295765149
0 27.9296875 16.471354166666664 6.864759447755123 9.15301259700683
0 21.044921875 15.8203125 6.72772451325946 8.970299351012613
0 16.89453125 19.466145833333336 7.462780310447684 9.950373747263578
0 25.634765625 15.690104166666666 6.699981201202437 8.933308268269917
0 12.40234375 22.526041666666664 8.027921409891299 10.703895213188398
0 23.095703125 15.4296875 6.644147051109997 8.858862734813329
0 29.98046875 16.080729166666664 6.782870718656271 9.043827624875028
0 13.28125 18.5546875 7.28597191547444 9.714629220632586
0 31.93359375 16.2109375 6.810276368536802 9.080368491382403
0 11.9140625 20.638020833333336 7.684129829110212 10.245506438813615
0 2.880859375 19.856770833333336 7.537285788103314 10.049714384137753
0 10.546875 18.815104166666664 7.336923388776433 9.782564518368577
0 9.228515625 18.5546875 7.28597191547444 9.714629220632586
0 7.470703125 19.205729166666664 7.412693970636669 9.883591960848893
0 0.87890625 18.815104166666664 7.336923388776433 9.782564518368577
0 18.06640625 18.294270833333336 7.234661615679748 9.646215487572997
