0 0.634765625 18.294270833333336 7.234661615679748 9.646215487572997
0 1.123046875 20.052083333333336 7.574263699945591 10.099018266594122
0 2.5390625 18.033854166666664 7.182984799767957 9.577313066357275
0 3.41796875 19.791666666666664 7.524919437217989 10.033225916290652
0 3.3203125 17.903645833333336 7.157006469457137 9.542675292609516
0 5.56640625 19.53125 7.475249459177179 9.966999278902906
0 7.373046875 18.424479166666664 7.2603620931215325 9.680482790828709
0 11.328125 17.903645833333336 7.157006469457137 9.542675292609516
0 10.3515625 19.401041666666664 7.450290292806215 9.933720390408286
0 9.375 18.294270833333336 7.234661615679748 9.646215487572997
0 41.943359375 16.731770833333336 6.9188135063199665 9.225084675093289
0 47.607421875 16.080729166666664 6.782870718656271 9.043827624875028
0 57.6171875 16.341145833333336 6.837572174807153 9.116762899742872
0 61.767578125 15.690104166666666 6.699981201202437 8.933308268269917
0 66.69921875 17.3828125 7.052136235529384 9.40284831403918
0 74.267578125 18.5546875 7.28597191547444 9.714629220632586
0 77.490234375 17.903645833333336 7.157006469457137 9.542675292609516
0 77.734375 20.052083333333336 7.574263699945591 10.099018266594122
0 79.19921875 18.033854166666664 7.182984799767957 9.577313066357275
0 81.298828125 20.052083333333336 7.574263699945591 10.099018266594122
0 83.447265625 20.703125 7.6962403643301345 10.261653819106845
0 85.05859375 19.53125 7.475249459177179 9.966999278902906
0 88.916015625 20.963541666666664 7.7444931277157725 10.325990836954363
0 93.1640625 19.921875 7.549631882844837 10.066175843793117
0 95.947265625 20.963541666666664 7.7444931277157725 10.325990836954363
0 98.73046875 21.354166666666664 7.816313766397521 10.421751688530028
