0 42.87109375 83.3984375 15.446839275932328 20.595785701243106
0 47.412109375 96.41927083333334 16.608965849838597 22.145287799784796
0 1.123046875 69.46614583333334 14.097667800843624 18.796890401124834
0 1.3671875 53.450520833333336 12.366210686862065 16.488280915816087
0 22.265625 55.078125 12.553078491945271 16.73743798926036
0 43.798828125 56.901041666666664 12.75912167991142 17.012162239881892
0 62.3046875 51.7578125 12.168824485703665 16.225099314271553
0 76.611328125 47.65625 11.676712933171991 15.568950577562655
0 96.435546875 55.533854166666664 12.604905046425404 16.80654006190054
0 99.609375 69.79166666666666 14.130660281726348 18.84088037563513
0 90.4296875 44.53125 11.287379155826983 15.049838874435977
0 95.556640625 38.02083333333333 10.429692071920813 13.906256095894417
0 83.837890625 38.28125 10.46534924284805 13.953798990464069
0 86.1328125 31.640625 9.51443925056146 12.685919000748614
0 89.84375 31.510416666666668 9.494842032534208 12.659789376712277
0 98.92578125 28.776041666666668 9.073528288158268 12.098037717544358
0 91.357421875 24.674479166666664 8.402038511923953 11.202718015898604
0 89.208984375 25.0 8.457279333832409 11.276372445109878
0 87.5 25.455729166666668 8.53401578009617 11.378687706794894
0 84.521484375 23.307291666666664 8.165947363439729 10.88792981791964
0 87.6953125 22.265625 7.981382342908947 10.641843123878598
0 88.18359375 18.489583333333336 7.273178276253042 9.697571035004056
0 93.408203125 21.6796875 7.875664001809045 10.500885335745393
0 91.552734375 20.572916666666664 7.672000176987631 10.229333569316841
0 98.828125 24.869791666666664 8.435226416678011 11.246968555570682
0 98.92578125 13.671875 6.254242410864013 8.338989881152017
0 85.107421875 19.401041666666664 7.450290292806215 9.933720390408286
0 83.642578125 16.796875 6.932261164306974 9.243014885742634
0 82.6171875 18.489583333333336 7.273178276253042 9.697571035004056
0 78.857421875 25.716145833333332 8.57755695956738 11.436742612756506
0 75.68359375 28.450520833333332 9.02206146184966 12.029415282466214
0 72.265625 34.9609375 10.001202153426476 13.334936204568635
0 70.703125 40.4296875 10.755011100284483 14.340014800379311
0 70.361328125 22.395833333333336 8.00468569861084 10.672914264814453
0 67.96875 24.869791666666664 8.435226416678011 11.246968555570682
0 64.208984375 27.083333333333332 8.802615418613255 11.736820558151006
0 58.30078125 31.510416666666668 9.494842032534208 12.659789376712277
0 60.3515625 42.3828125 11.01173007365034 14.682306764867118
0 55.46875 36.00260416666667 10.149102263376399 13.53213635116853
0 65.0390625 19.401041666666664 7.450290292806215 9.933720390408286
0 70.703125 18.489583333333336 7.273178276253042 9.697571035004056
0 68.310546875 15.4296875 6.644147051109997 8.858862734813329
0 70.458984375 15.4296875 6.644147051109997 8.858862734813329
0 72.8515625 15.885416666666666 6.741553355216833 8.988737806955777
0 74.072265625 16.9921875 6.972448522214271 9.296598029619028
0 76.708984375 17.122395833333336 6.9991119025755095 9.332149203434014
0 75.5859375 15.4296875 6.644147051109997 8.858862734813329
0 78.271484375 17.903645833333336 7.157006469457137 9.542675292609516
0 80.126953125 18.9453125 7.3622668956389274 9.816355860851903
0 79.1015625 21.940104166666664 7.92282408798045 10.5637654506406
0 64.697265625 16.796875 6.932261164306974 9.243014885742634
0 66.6015625 16.796875 6.932261164306974 9.243014885742634
0 62.060546875 18.1640625 7.208869513560617 9.611826018080823
0 63.525390625 15.625 6.686066375795484 8.914755167727312
0 59.66796875 15.169270833333334 6.587839704871492 8.783786273161988
0 58.10546875 14.84375 6.516771394062079 8.689028525416106
0 54.443359375 15.625 6.686066375795484 8.914755167727312
0 56.298828125 15.755208333333334 6.7138671875 8.951822916666668
0 53.90625 17.708333333333336 7.117861199762329 9.490481599683106
0 51.85546875 18.1640625 7.208869513560617 9.611826018080823
0 52.63671875 14.388020833333334 6.415953381844678 8.554604509126236
0 49.462890625 27.5390625 8.876366926421502 11.835155901895336
0 43.017578125 41.015625 10.832665618468535 14.443554157958047
0 42.7734375 36.9140625 10.276768945607138 13.702358594142853
0 40.625 33.46354166666667 9.784679896167846 13.046239861557126
0 43.5546875 29.361979166666668 9.16544031840894 12.220587091211922
0 28.80859375 29.557291666666668 9.195873518871684 12.261164691828911
0 22.119140625 36.328125 10.194881035455362 13.593174713940485
0 10.693359375 33.91927083333333 9.851081781963485 13.134775709284646
0 6.591796875 28.3203125 9.001392336274797 12.001856448366395
0 3.076171875 24.544270833333336 8.379840220792225 11.173120294389632
0 0.927734375 20.1171875 7.586549618320344 10.115399491093791
0 2.490234375 18.1640625 7.208869513560617 9.611826018080823
0 5.46875 19.7265625 7.512532730158185 10.01671030687758
0 7.373046875 21.223958333333336 7.792447103762027 10.389929471682702
0 12.01171875 21.6796875 7.875664001809045 10.500885335745393
0 13.037109375 24.869791666666664 8.435226416678011 11.246968555570682
0 10.546875 18.815104166666664 7.336923388776433 9.782564518368577
0 9.1796875 18.489583333333336 7.273178276253042 9.697571035004056
0 11.572265625 16.796875 6.932261164306974 9.243014885742634
0 12.6953125 17.447916666666664 7.065330140863174 9.420440187817565
0 15.673828125 18.489583333333336 7.273178276253042 9.697571035004056
0 17.822265625 17.122395833333336 6.9991119025755095 9.332149203434014
0 14.208984375 17.903645833333336 7.157006469457137 9.542675292609516
0 19.189453125 22.591145833333336 8.039514082226251 10.719352109635
0 18.9453125 17.252604166666664 7.025674092542321 9.367565456723094
0 20.068359375 16.796875 6.932261164306974 9.243014885742634
0 21.77734375 15.885416666666666 6.741553355216833 8.988737806955777
0 21.58203125 18.815104166666664 7.336923388776433 9.782564518368577
0 22.705078125 18.033854166666664 7.182984799767957 9.577313066357275
0 24.853515625 16.536458333333336 6.878312786611722 9.171083715482297
0 26.318359375 15.169270833333334 6.587839704871492 8.783786273161988
0 30.95703125 16.536458333333336 6.878312786611722 9.171083715482297
0 29.296875 16.341145833333336 6.837572174807153 9.116762899742872
0 29.638671875 22.395833333333336 8.00468569861084 10.672914264814453
0 27.685546875 19.986979166666664 7.561957820656658 10.08261042754221
0 25.87890625 18.619791666666664 7.298743129334349 9.731657505779133
0 25.634765625 23.6328125 8.222774405094897 10.963699206793196
0 21.240234375 28.3203125 9.001392336274797 12.001856448366395
0 32.666015625 16.9921875 6.972448522214271 9.296598029619028
0 35.498046875 18.489583333333336 7.273178276253042 9.697571035004056
0 33.59375 19.7265625 7.512532730158185 10.01671030687758
0 36.5234375 16.536458333333336 6.878312786611722 9.171083715482297
0 39.013671875 19.986979166666664 7.561957820656658 10.08261042754221
0 37.890625 18.359375 7.247523246483103 9.663364328644137
0 40.283203125 16.9921875 6.972448522214271 9.296598029619028
0 39.013671875 14.84375 6.516771394062079 8.689028525416106
0 45.166015625 16.2109375 6.810276368536802 9.080368491382403
0 46.2890625 18.489583333333336 7.273178276253042 9.697571035004056
0 47.0703125 16.536458333333336 6.878312786611722 9.171083715482297
0 48.33984375 19.986979166666664 7.561957820656658 10.08261042754221
0 45.5078125 22.8515625 8.085718566584333 10.780958088779109
0 56.15234375 26.497395833333332 8.706874156303165 11.609165541737553
0 58.88671875 22.135416666666664 7.958010748538389 10.610680998051187
0 56.396484375 20.572916666666664 7.672000176987631 10.229333569316841
0 87.255859375 29.557291666666668 9.195873518871684 12.261164691828911
0 39.697265625 25.0 8.457279333832409 11.276372445109878
0 62.060546875 74.47916666666666 14.597486258668699 19.463315011558265
0 95.556640625 29.1015625 9.124704826492952 12.166273101990603
