0 52.5390625 78.3203125 14.969175376502344 19.958900502003125
0 13.0859375 61.393229166666664 13.253204803838173 17.670939738450897
0 13.18359375 51.497395833333336 12.138172486176355 16.184229981568475
0 9.814453125 34.70052083333333 9.963884104806219 13.28517880640829
0 9.033203125 24.348958333333336 8.346432086900233 11.128576115866979
0 5.810546875 16.927083333333336 6.959078522333606 9.278771363111476
0 33.30078125 32.68229166666667 9.669787303317175 12.893049737756234
0 54.345703125 49.28385416666667 11.874436314907054 15.832581753209407
0 51.3671875 39.2578125 10.597995211294762 14.130660281726351
0 53.564453125 29.6875 9.216106488367615 12.288141984490153
0 43.06640625 30.729166666666668 9.376398618003673 12.501864824004896
0 36.42578125 33.33333333333333 9.765625 13.020833333333334
0 32.03125 26.432291666666668 8.696171172348027 11.594894896464037
0 60.44921875 28.3203125 9.001392336274797 12.001856448366395
0 53.80859375 24.869791666666664 8.435226416678011 11.246968555570682
0 46.923828125 25.5859375 8.555814067917595 11.407752090556793
0 70.166015625 39.90885416666667 10.685511108405517 14.24734814454069
0 64.599609375 41.796875 10.935347208965403 14.580462945287206
0 56.54296875 34.04947916666667 9.869971697263324 13.159962263017766
0 59.765625 25.5859375 8.555814067917595 11.407752090556793
0 71.875 31.25 9.4555257475767 12.607367663435602
0 78.22265625 40.234375 10.72900136184506 14.305335149126746
0 76.26953125 52.734375 12.283088255308904 16.377451007078538
0 81.201171875 64.6484375 13.600024386692622 18.133365848923496
0 65.380859375 56.510416666666664 12.715250644531043 16.95366752604139
0 83.0078125 51.822916666666664 12.176475429235841 16.235300572314458
0 68.212890625 46.80989583333333 11.572561783360925 15.430082377814566
0 87.6953125 53.385416666666664 12.358677204172722 16.478236272230294
0 84.326171875 31.640625 9.51443925056146 12.685919000748614
0 93.408203125 57.552083333333336 12.831906763689355 17.10920901825247
0 96.533203125 47.72135416666667 11.684686107834867 15.579581477113155
0 97.65625 38.02083333333333 10.429692071920813 13.906256095894417
0 88.0859375 33.85416666666667 9.841623227903504 13.122164303871338
0 92.333984375 27.083333333333332 8.802615418613255 11.736820558151006
0 78.61328125 25.716145833333332 8.57755695956738 11.436742612756506
0 84.423828125 18.098958333333336 7.195938795502683 9.594585060670244
0 93.017578125 21.223958333333336 7.792447103762027 10.389929471682702
0 87.060546875 25.390625 8.523095729839442 11.364127639785922
0 80.95703125 19.856770833333336 7.537285788103314 10.049714384137753
0 95.751953125 24.869791666666664 8.435226416678011 11.246968555570682
0 79.1015625 19.140625 7.400119417103358 9.866825889471144
0 70.703125 22.265625 7.981382342908947 10.641843123878598
0 64.208984375 28.3203125 9.001392336274797 12.001856448366395
0 98.046875 26.627604166666668 8.728240750778255 11.637654334371007
0 66.650390625 22.591145833333336 8.039514082226251 10.719352109635
0 75.48828125 18.489583333333336 7.273178276253042 9.697571035004056
0 59.033203125 20.377604166666664 7.635495607419925 10.180660809893233
0 51.85546875 19.3359375 7.437779301119349 9.917039068159132
0 45.01953125 20.572916666666664 7.672000176987631 10.229333569316841
0 38.525390625 20.703125 7.6962403643301345 10.261653819106845
0 29.443359375 19.140625 7.400119417103358 9.866825889471144
0 15.8203125 27.278645833333332 8.83429859993294 11.779064799910586
0 12.451171875 19.140625 7.400119417103358 9.866825889471144
0 19.43359375 19.140625 7.400119417103358 9.866825889471144
0 26.07421875 17.057291666666664 6.985792933508055 9.31439057801074
0 2.197265625 18.098958333333336 7.195938795502683 9.594585060670244
0 63.671875 16.015625 6.7691262856502785 9.025501714200372
0 53.80859375 12.565104166666666 5.995752778438873 7.9943370379184975
0 66.162109375 14.127604166666666 6.3576253222655215 8.476833763020695
0 56.15234375 14.84375 6.516771394062079 8.689028525416106
0 69.775390625 14.84375 6.516771394062079 8.689028525416106
0 36.42578125 14.973958333333334 6.545291317604741 8.727055090139656
0 29.541015625 16.2109375 6.810276368536802 9.080368491382403
0 49.267578125 26.627604166666668 8.728240750778255 11.637654334371007
0 36.42578125 18.619791666666664 7.298743129334349 9.731657505779133
0 21.923828125 17.447916666666664 7.065330140863174 9.420440187817565
0 9.5703125 15.494791666666666 6.658149484030587 8.877532645374115
0 89.6484375 23.307291666666664 8.165947363439729 10.88792981791964
0 85.595703125 48.37239583333333 11.764120646604239 15.68549419547232
0 41.89453125 15.885416666666666 6.741553355216833 8.988737806955777
0 43.701171875 14.84375 6.516771394062079 8.689028525416106
0 48.779296875 16.40625 6.8511792970714245 9.134905729428567
0 45.5078125 16.536458333333336 6.878312786611722 9.171083715482297
