0 1.220703125 20.247395833333336 7.611061958825638 10.148082611767517
0 0.68359375 23.697916666666664 8.234092750996119 10.978790334661493
0 7.51953125 19.205729166666664 7.412693970636669 9.883591960848893
0 8.30078125 20.8984375 7.732458166088822 10.309944221451763
0 6.982421875 20.833333333333336 7.720404443770458 10.293872591693944
0 7.51953125 22.786458333333336 8.074192233473482 10.765589644631309
0 9.814453125 23.697916666666664 8.234092750996119 10.978790334661493
0 3.80859375 63.802083333333336 13.510707776598299 18.0142770354644
0 11.42578125 40.69010416666667 10.789593218788873 14.386124291718497
0 14.404296875 16.276041666666664 6.823937919616058 9.09858389282141
0 18.45703125 16.731770833333336 6.9188135063199665 9.225084675093289
0 20.21484375 18.033854166666664 7.182984799767957 9.577313066357275
0 21.58203125 16.731770833333336 6.9188135063199665 9.225084675093289
0 23.4375 17.057291666666664 6.985792933508055 9.31439057801074
0 17.822265625 22.005208333333336 7.9345703125 10.579427083333332
0 20.1171875 23.828125 8.256682897014576 11.008910529352768
0 27.880859375 20.703125 7.6962403643301345 10.261653819106845
0 29.443359375 16.40625 6.8511792970714245 9.134905729428567
0 34.912109375 17.3828125 7.052136235529384 9.40284831403918
0 35.888671875 19.140625 7.400119417103358 9.866825889471144
0 35.7421875 21.940104166666664 7.92282408798045 10.5637654506406
0 38.427734375 16.40625 6.8511792970714245 9.134905729428567
0 38.28125 18.489583333333336 7.273178276253042 9.697571035004056
0 38.330078125 19.856770833333336 7.537285788103314 10.049714384137753
0 37.01171875 16.9921875 6.972448522214271 9.296598029619028
0 43.505859375 16.145833333333336 6.796587356970242 9.062116475960323
0 45.1171875 15.625 6.686066375795484 8.914755167727312
0 43.84765625 18.294270833333336 7.234661615679748 9.646215487572997
0 51.171875 19.53125 7.475249459177179 9.966999278902906
0 49.560546875 20.052083333333336 7.574263699945591 10.099018266594122
0 47.65625 20.247395833333336 7.611061958825638 10.148082611767517
0 48.92578125 23.4375 8.188725503539269 10.918300671385692
0 43.84765625 25.325520833333332 8.512161670520847 11.349548894027794
0 51.171875 49.86979166666667 11.944815546130936 15.92642072817458
0 55.37109375 46.94010416666667 11.588645963163772 15.45152795088503
0 57.373046875 66.015625 13.743078917477664 18.32410522330355
0 59.765625 71.54947916666666 14.307505090003714 19.076673453338287
0 54.78515625 76.30208333333334 14.7750469200564 19.700062560075203
0 86.81640625 73.37239583333334 14.48861995906887 19.318159945425162
0 87.353515625 80.859375 15.2098825614955 20.279843415327335
0 90.72265625 77.60416666666666 14.90058058561243 19.867440780816572
0 94.287109375 74.609375 14.610240727033478 19.48032096937797
0 97.705078125 82.55208333333334 15.368259658220424 20.49101287762723
0 55.615234375 16.731770833333336 6.9188135063199665 9.225084675093289
0 55.712890625 20.052083333333336 7.574263699945591 10.099018266594122
0 54.39453125 21.2890625 7.804389558437758 10.405852744583676
0 59.326171875 20.572916666666664 7.672000176987631 10.229333569316841
0 60.693359375 21.744791666666664 7.887480458569388 10.51664061142585
0 64.599609375 21.028645833333336 7.756509415978292 10.342012554637723
0 70.8984375 23.046875 8.120199399200482 10.82693253226731
0 69.775390625 31.4453125 9.485028239697298 12.646704319596397
0 76.07421875 30.989583333333332 9.416045300623482 12.554727067497975
0 74.951171875 42.31770833333333 11.00326927326657 14.671025697688759
0 87.01171875 38.02083333333333 10.429692071920813 13.906256095894417
0 91.357421875 39.71354166666667 10.65933178501769 14.212442380023585
0 93.45703125 23.828125 8.256682897014576 11.008910529352768
0 92.724609375 26.822916666666668 8.760192928715409 11.680257238287211
0 91.650390625 29.036458333333332 9.114492506755418 12.15265667567389
0 93.994140625 29.947916666666668 9.25643975103949 12.341919668052654
0 76.07421875 18.489583333333336 7.273178276253042 9.697571035004056
0 75.244140625 20.8984375 7.732458166088822 10.309944221451763
0 76.7578125 21.223958333333336 7.792447103762027 10.389929471682702
0 78.515625 21.09375 7.768507117527988 10.358009490037318
0 79.00390625 22.135416666666664 7.958010748538389 10.610680998051187
0 82.080078125 21.354166666666664 7.816313766397521 10.421751688530028
0 87.841796875 21.028645833333336 7.756509415978292 10.342012554637723
0 88.525390625 23.2421875 8.154534433525017 10.872712578033356
0 94.82421875 24.544270833333336 8.379840220792225 11.173120294389632
0 96.826171875 25.325520833333332 8.512161670520847 11.349548894027794
0 98.974609375 25.846354166666668 8.59924487524742 11.465659833663226
0 91.064453125 18.489583333333336 7.273178276253042 9.697571035004056
0 88.96484375 19.075520833333336 7.3875234600282 9.850031280037602
0 8.10546875 17.447916666666664 7.065330140863174 9.420440187817565
0 1.904296875 18.75 7.32421875 9.765625
0 5.224609375 21.2890625 7.804389558437758 10.405852744583676
0 0.244140625 28.450520833333332 9.02206146184966 12.029415282466214
0 3.369140625 31.380208333333332 9.475204282385269 12.633605709847027
0 12.646484375 28.125 8.970299351012615 11.960399134683486
0 19.287109375 37.56510416666667 10.366996918617573 13.822662558156765
0 15.91796875 58.658854166666664 12.95470292772896 17.272937236971945
0 15.0390625 29.427083333333332 9.175595934065496 12.234127912087327
0 11.23046875 30.46875 9.336583582018038 12.448778109357384
0 11.03515625 16.341145833333336 6.837572174807153 9.116762899742872
0 10.44921875 19.53125 7.475249459177179 9.966999278902906
0 12.3046875 17.252604166666664 7.025674092542321 9.367565456723094
0 13.28125 20.182291666666664 7.598815672600545 10.13175423013406
0 19.921875 15.4296875 6.644147051109997 8.858862734813329
0 25.78125 15.950520833333334 6.755353888299149 9.0071385177322
0 24.4140625 16.341145833333336 6.837572174807153 9.116762899742872
0 25.732421875 19.7265625 7.512532730158185 10.01671030687758
0 23.4375 21.744791666666664 7.887480458569388 10.51664061142585
0 32.373046875 19.205729166666664 7.412693970636669 9.883591960848893
0 36.03515625 14.453125 6.430452730012657 8.57393697335021
0 40.283203125 17.903645833333336 7.157006469457137 9.542675292609516
0 42.138671875 17.578125 7.091644310682526 9.455525747576702
0 45.60546875 19.7265625 7.512532730158185 10.01671030687758
0 51.220703125 12.044270833333332 5.870173358664351 7.826897811552468
0 53.369140625 15.950520833333334 6.755353888299149 9.0071385177322
0 47.314453125 16.276041666666664 6.823937919616058 9.09858389282141
0 50.29296875 16.927083333333336 6.959078522333606 9.278771363111476
0 51.513671875 22.786458333333336 8.074192233473482 10.765589644631309
0 47.216796875 24.0234375 8.290452702152177 11.053936936202902
0 47.802734375 31.184895833333332 9.445671106287941 12.594228141717254
0 49.4140625 40.16927083333333 10.720317425689878 14.293756567586504
0 43.994140625 72.33072916666666 14.385404967520355 19.180539956693806
0 68.26171875 70.8984375 14.242263048801313 18.989684065068417
0 78.80859375 84.50520833333334 15.548998050362545 20.731997400483394
0 90.625 64.32291666666666 13.565741437312543 18.087655249750057
0 75.146484375 50.325520833333336 11.999269562583924 15.99902608344523
0 71.6796875 35.9375 10.139921707663666 13.51989561021822
0 86.328125 32.2265625 9.60213178866716 12.802842384889546
0 89.16015625 27.1484375 8.81318913463968 11.750918846186241
0 99.658203125 29.231770833333332 9.145095253766906 12.193460338355873
0 86.03515625 18.424479166666664 7.2603620931215325 9.680482790828709
0 84.228515625 21.549479166666664 7.85197774064246 10.469303654189947
0 85.546875 21.940104166666664 7.92282408798045 10.5637654506406
0 98.4375 19.7265625 7.512532730158185 10.01671030687758
0 97.802734375 22.591145833333336 8.039514082226251 10.719352109635
0 80.56640625 18.424479166666664 7.2603620931215325 9.680482790828709
0 79.638671875 16.927083333333336 6.959078522333606 9.278771363111476
0 75.244140625 17.252604166666664 7.025674092542321 9.367565456723094
0 72.705078125 15.0390625 6.559504779115197 8.746006372153596
0 72.998046875 20.247395833333336 7.611061958825638 10.148082611767517
0 64.74609375 17.447916666666664 7.065330140863174 9.420440187817565
0 61.03515625 14.84375 6.516771394062079 8.689028525416106
0 61.328125 17.3828125 7.052136235529384 9.40284831403918
0 70.263671875 15.299479166666666 6.61605328023645 8.821404373648601
0 54.58984375 14.84375 6.516771394062079 8.689028525416106
0 67.822265625 16.341145833333336 6.837572174807153 9.116762899742872
0 68.603515625 16.080729166666664 6.782870718656271 9.043827624875028
0 92.3828125 22.005208333333336 7.9345703125 10.579427083333332
0 88.525390625 29.8828125 9.24637292940864 12.32849723921152
