0 2.1484375 69.140625 14.06459792700551 18.752797236007346
0 36.9140625 62.369791666666664 13.358196184228083 17.810928245637445
0 73.33984375 60.872395833333336 13.196867865258577 17.59582382034477
0 92.138671875 66.53645833333334 13.79718573664223 18.39624764885631
0 90.087890625 53.515625 12.37373958295489 16.498319443939856
0 73.974609375 47.0703125 11.604707850238979 15.472943800318639
0 57.91015625 51.497395833333336 12.138172486176355 16.184229981568475
0 44.23828125 51.888020833333336 12.184121568406452 16.245495424541936
0 11.03515625 44.01041666666667 11.221176947540428 14.961569263387236
0 18.798828125 35.09114583333333 10.019809057239993 13.359745409653323
0 36.62109375 41.27604166666667 10.867000619363317 14.489334159151088
0 68.26171875 43.48958333333333 11.154581837461587 14.872775783282115
0 83.056640625 40.4296875 10.755011100284483 14.340014800379311
0 96.923828125 47.20052083333333 11.620747537023785 15.494330049365049
0 96.484375 38.93229166666667 10.553965128046011 14.07195350406135
0 86.181640625 30.6640625 9.366460725843998 12.48861430112533
0 93.505859375 35.3515625 10.056919588186085 13.409226117581447
0 82.12890625 30.6640625 9.366460725843998 12.48861430112533
0 61.5234375 33.52864583333333 9.794193442310311 13.05892458974708
0 47.36328125 27.994791666666668 8.94951068030712 11.932680907076158
0 34.619140625 22.916666666666664 8.097228492078614 10.796304656104818
0 33.10546875 21.6796875 7.875664001809045 10.500885335745393
0 19.43359375 24.153645833333336 8.312889692307273 11.083852923076364
0 9.619140625 28.190104166666668 8.980675640601907 11.974234187469209
0 4.931640625 24.4140625 8.357582969744357 11.143443959659143
0 1.513671875 26.627604166666668 8.728240750778255 11.637654334371007
0 2.783203125 21.2890625 7.804389558437758 10.405852744583676
0 7.03125 20.703125 7.6962403643301345 10.261653819106845
0 1.66015625 18.815104166666664 7.336923388776433 9.782564518368577
0 10.546875 18.359375 7.247523246483103 9.663364328644137
0 3.61328125 17.96875 7.170007400189656 9.56000986691954
0 15.087890625 19.075520833333336 7.3875234600282 9.850031280037602
0 5.37109375 16.6015625 6.891839471823862 9.189119295765149
0 8.154296875 17.96875 7.170007400189656 9.56000986691954
0 57.275390625 30.533854166666668 9.346553241646458 12.462070988861944
0 65.13671875 30.6640625 9.366460725843998 12.48861430112533
0 59.5703125 26.627604166666668 8.728240750778255 11.637654334371007
0 71.38671875 31.770833333333332 9.53399618640949 12.711994915212655
0 98.974609375 30.338541666666668 9.316612257369233 12.42214967649231
0 91.650390625 26.627604166666668 8.728240750778255 11.637654334371007
0 98.876953125 28.3203125 9.001392336274797 12.001856448366395
0 89.16015625 25.846354166666668 8.59924487524742 11.465659833663226
0 76.66015625 25.9765625 8.620878229873984 11.494504306498644
0 85.44921875 25.9765625 8.620878229873984 11.494504306498644
0 79.443359375 22.395833333333336 8.00468569861084 10.672914264814453
0 71.044921875 22.395833333333336 8.00468569861084 10.672914264814453
0 65.0390625 25.260416666666668 8.501213548086012 11.334951397448016
0 68.1640625 21.940104166666664 7.92282408798045 10.5637654506406
0 64.6484375 20.833333333333336 7.720404443770458 10.293872591693944
0 56.4453125 21.419270833333336 7.828219811023351 10.437626414697803
0 52.5390625 24.739583333333336 8.413115693414442 11.217487591219255
0 44.873046875 21.419270833333336 7.828219811023351 10.437626414697803
0 47.16796875 20.3125 7.62328857226367 10.164384763018226
0 40.966796875 20.442708333333336 7.647683158045451 10.196910877393934
0 33.0078125 18.359375 7.247523246483103 9.663364328644137
0 27.490234375 18.619791666666664 7.298743129334349 9.731657505779133
0 24.4140625 17.708333333333336 7.117861199762329 9.490481599683106
0 21.728515625 16.276041666666664 6.823937919616058 9.09858389282141
0 19.7265625 17.838541666666664 7.143981879101334 9.525309172135112
0 18.408203125 18.619791666666664 7.298743129334349 9.731657505779133
0 17.28515625 17.708333333333336 7.117861199762329 9.490481599683106
0 13.134765625 17.252604166666664 7.025674092542321 9.367565456723094
0 16.455078125 16.015625 6.7691262856502785 9.025501714200372
0 17.87109375 15.885416666666666 6.741553355216833 8.988737806955777
0 20.166015625 15.625 6.686066375795484 8.914755167727312
0 21.2890625 14.518229166666666 6.444919458600731 8.593225944800976
0 22.75390625 14.518229166666666 6.444919458600731 8.593225944800976
0 25.146484375 15.625 6.686066375795484 8.914755167727312
0 27.587890625 15.755208333333334 6.7138671875 8.951822916666668
0 28.02734375 15.0390625 6.559504779115197 8.746006372153596
0 29.150390625 16.861979166666664 6.945682786096826 9.260910381462436
0 30.615234375 15.755208333333334 6.7138671875 8.951822916666668
0 31.4453125 15.364583333333334 6.6301150458985685 8.840153394531425
0 32.861328125 15.169270833333334 6.587839704871492 8.783786273161988
0 34.228515625 16.015625 6.7691262856502785 9.025501714200372
0 35.595703125 16.9921875 6.972448522214271 9.296598029619028
0 36.81640625 15.494791666666666 6.658149484030587 8.877532645374115
0 37.20703125 14.388020833333334 6.415953381844678 8.554604509126236
0 38.76953125 17.708333333333336 7.117861199762329 9.490481599683106
0 39.599609375 14.778645833333334 6.502464524127966 8.669952698837287
0 41.162109375 16.40625 6.8511792970714245 9.134905729428567
0 41.552734375 14.778645833333334 6.502464524127966 8.669952698837287
0 43.5546875 15.0390625 6.559504779115197 8.746006372153596
0 44.873046875 15.0390625 6.559504779115197 8.746006372153596
0 46.630859375 16.276041666666664 6.823937919616058 9.09858389282141
0 47.265625 14.6484375 6.473755931273323 8.631674575031097
0 49.31640625 15.494791666666666 6.658149484030587 8.877532645374115
0 48.291015625 17.252604166666664 7.025674092542321 9.367565456723094
0 50.9765625 18.489583333333336 7.273178276253042 9.697571035004056
0 54.296875 18.359375 7.247523246483103 9.663364328644137
0 52.24609375 16.145833333333336 6.796587356970242 9.062116475960323
0 52.734375 13.932291666666666 6.313525654778199 8.418034206370931
0 56.4453125 13.671875 6.254242410864013 8.338989881152017
0 57.275390625 14.778645833333334 6.502464524127966 8.669952698837287
0 58.935546875 14.778645833333334 6.502464524127966 8.669952698837287
0 57.91015625 16.145833333333336 6.796587356970242 9.062116475960323
0 58.447265625 17.838541666666664 7.143981879101334 9.525309172135112
0 58.544921875 20.963541666666664 7.7444931277157725 10.325990836954363
0 60.693359375 15.494791666666666 6.658149484030587 8.877532645374115
0 62.255859375 14.6484375 6.473755931273323 8.631674575031097
0 65.771484375 14.0625 6.342959500374307 8.457279333832409
0 64.74609375 15.625 6.686066375795484 8.914755167727312
0 66.69921875 16.731770833333336 6.9188135063199665 9.225084675093289
0 65.0390625 18.359375 7.247523246483103 9.663364328644137
0 67.431640625 15.169270833333334 6.587839704871492 8.783786273161988
0 68.65234375 15.755208333333334 6.7138671875 8.951822916666668
0 69.62890625 14.778645833333334 6.502464524127966 8.669952698837287
0 70.849609375 15.169270833333334 6.587839704871492 8.783786273161988
0 70.556640625 18.815104166666664 7.336923388776433 9.782564518368577
0 73.6328125 15.0390625 6.559504779115197 8.746006372153596
0 72.607421875 15.885416666666666 6.741553355216833 8.988737806955777
0 73.53515625 16.40625 6.8511792970714245 9.134905729428567
0 74.560546875 16.9921875 6.972448522214271 9.296598029619028
0 75.29296875 15.625 6.686066375795484 8.914755167727312
0 76.220703125 16.276041666666664 6.823937919616058 9.09858389282141
0 76.85546875 15.0390625 6.559504779115197 8.746006372153596
0 78.90625 15.885416666666666 6.741553355216833 8.988737806955777
0 80.56640625 16.276041666666664 6.823937919616058 9.09858389282141
0 82.32421875 17.252604166666664 7.025674092542321 9.367565456723094
0 83.984375 16.6015625 6.891839471823862 9.189119295765149
0 79.345703125 17.96875 7.170007400189656 9.56000986691954
0 81.689453125 19.466145833333336 7.462780310447684 9.950373747263578
0 79.443359375 20.052083333333336 7.574263699945591 10.099018266594122
0 80.6640625 21.549479166666664 7.85197774064246 10.469303654189947
0 85.83984375 18.489583333333336 7.273178276253042 9.697571035004056
0 84.912109375 21.158854166666664 7.780486318348366 10.373981757797822
0 88.232421875 18.359375 7.247523246483103 9.663364328644137
0 89.35546875 18.815104166666664 7.336923388776433 9.782564518368577
0 90.91796875 18.489583333333336 7.273178276253042 9.697571035004056
0 92.7734375 19.205729166666664 7.412693970636669 9.883591960848893
0 93.701171875 20.3125 7.62328857226367 10.164384763018226
0 94.7265625 19.7265625 7.512532730158185 10.01671030687758
0 96.19140625 20.572916666666664 7.672000176987631 10.229333569316841
0 97.65625 20.052083333333336 7.574263699945591 10.099018266594122
0 92.578125 22.65625 8.051090062422436 10.734786749896582
0 99.4140625 21.809895833333336 7.8992792392241125 10.532372318965482
0 97.216796875 22.526041666666664 8.027921409891299 10.703895213188398
0 96.19140625 23.502604166666664 8.200090846279542 10.933454461706056
0 98.681640625 25.260416666666668 8.501213548086012 11.334951397448016
0 88.720703125 22.65625 8.051090062422436 10.734786749896582
0 87.109375 22.526041666666664 8.027921409891299 10.703895213188398
0 87.6953125 20.442708333333336 7.647683158045451 10.196910877393934
0 75.732421875 19.466145833333336 7.462780310447684 9.950373747263578
