0 58.7890625 41.2109375 10.85842704752026 14.477902730027015
0 77.83203125 41.2109375 10.85842704752026 14.477902730027015
0 70.361328125 34.1796875 9.888825528576445 13.185100704768596
0 85.3515625 33.72395833333333 9.82267879603948 13.096905061385971
0 98.828125 31.0546875 9.425930915210266 12.567907886947022
0 98.6328125 24.0234375 8.290452702152177 11.053936936202902
0 77.05078125 28.3203125 9.001392336274797 12.001856448366395
0 66.064453125 27.083333333333332 8.802615418613255 11.736820558151006
0 61.9140625 17.838541666666664 7.143981879101334 9.525309172135112
0 56.591796875 20.442708333333336 7.647683158045451 10.196910877393934
0 49.462890625 19.986979166666664 7.561957820656658 10.08261042754221
0 33.056640625 24.609375 8.39094670707246 11.187928942763282
0 21.19140625 28.125 8.970299351012615 11.960399134683486
0 2.63671875 25.260416666666668 8.501213548086012 11.334951397448016
0 8.056640625 19.986979166666664 7.561957820656658 10.08261042754221
0 17.138671875 19.856770833333336 7.537285788103314 10.049714384137753
0 41.40625 15.8203125 6.72772451325946 8.970299351012613
0 35.15625 17.96875 7.170007400189656 9.56000986691954
0 30.419921875 22.330729166666664 7.993042513249997 10.657390017666662
0 0.87890625 20.182291666666664 7.598815672600545 10.13175423013406
0 16.943359375 16.276041666666664 6.823937919616058 9.09858389282141
0 22.55859375 17.057291666666664 6.985792933508055 9.31439057801074
0 9.86328125 19.986979166666664 7.561957820656658 10.08261042754221
0 4.248046875 18.9453125 7.3622668956389274 9.816355860851903
0 53.369140625 14.453125 6.430452730012657 8.57393697335021
0 48.095703125 16.276041666666664 6.823937919616058 9.09858389282141
0 1.904296875 18.619791666666664 7.298743129334349 9.731657505779133
0 13.330078125 18.75 7.32421875 9.765625
0 6.640625 16.6015625 6.891839471823862 9.189119295765149
0 96.533203125 29.557291666666668 9.195873518871684 12.261164691828911
0 80.2734375 24.934895833333336 8.446260072691679 11.26168009692224
0 88.330078125 21.09375 7.768507117527988 10.358009490037318
0 94.3359375 28.645833333333332 9.052976668817948 12.07063555842393
0 97.021484375 21.6796875 7.875664001809045 10.500885335745393
0 74.853515625 19.661458333333336 7.500125566067204 10.00016742142294
0 57.177734375 14.453125 6.430452730012657 8.57393697335021
0 68.75 15.559895833333334 6.672122530845778 8.896163374461038
0 77.1484375 15.559895833333334 6.672122530845778 8.896163374461038
0 81.201171875 19.401041666666664 7.450290292806215 9.933720390408286
0 75.29296875 15.364583333333334 6.6301150458985685 8.840153394531425
0 38.8671875 16.471354166666664 6.864759447755123 9.15301259700683
0 31.591796875 16.145833333333336 6.796587356970242 9.062116475960323
0 11.279296875 17.513020833333336 7.0784994535786145 9.437999271438152
0 3.173828125 17.513020833333336 7.0784994535786145 9.437999271438152
0 25.830078125 15.8203125 6.72772451325946 8.970299351012613
0 0.439453125 17.513020833333336 7.0784994535786145 9.437999271438152
0 27.783203125 14.583333333333334 6.459353786778786 8.612471715705048
0 26.85546875 16.015625 6.7691262856502785 9.025501714200372
0 85.25390625 20.182291666666664 7.598815672600545 10.13175423013406
0 83.251953125 21.549479166666664 7.85197774064246 10.469303654189947
0 92.28515625 20.768229166666664 7.708331872750909 10.277775830334546
0 82.8125 16.6015625 6.891839471823862 9.189119295765149
0 73.2421875 15.690104166666666 6.699981201202437 8.933308268269917
0 65.380859375 17.057291666666664 6.985792933508055 9.31439057801074
0 91.015625 19.856770833333336 7.537285788103314 10.049714384137753
0 63.8671875 14.908854166666666 6.531046923532928 8.708062564710572
0 46.09375 16.276041666666664 6.823937919616058 9.09858389282141
0 95.60546875 24.0234375 8.290452702152177 11.053936936202902
0 34.47265625 14.583333333333334 6.459353786778786 8.612471715705048
0 58.349609375 15.234375 6.60196156395994 8.802615418613254
0 59.033203125 14.127604166666666 6.3576253222655215 8.476833763020695
0 17.48046875 13.671875 6.254242410864013 8.338989881152017
