0 62.98828125 42.12239583333333 10.977847746951262 14.63713032926835
0 81.689453125 42.70833333333333 11.053936936202902 14.738582581603868
0 44.873046875 66.6015625 13.803934177122365 18.405245569496486
0 34.1796875 49.67447916666667 11.92140196815467 15.895202624206226
0 15.185546875 52.018229166666664 12.199399469791677 16.265865959722237
0 19.43359375 39.38802083333333 10.615556110184379 14.154074813579173
0 17.87109375 25.1953125 8.490251308132054 11.320335077509403
0 23.193359375 21.223958333333336 7.792447103762027 10.389929471682702
0 2.294921875 23.4375 8.188725503539269 10.918300671385692
0 0.732421875 46.94010416666667 11.588645963163772 15.45152795088503
0 13.28125 17.513020833333336 7.0784994535786145 9.437999271438152
0 6.396484375 20.703125 7.6962403643301345 10.261653819106845
0 29.8828125 16.6015625 6.891839471823862 9.189119295765149
0 49.560546875 22.200520833333336 7.969705113037473 10.626273484049964
0 54.6875 14.518229166666666 6.444919458600731 8.593225944800976
0 60.44921875 19.010416666666664 7.37490598974278 9.833207986323707
0 61.865234375 12.174479166666668 5.901818727360142 7.8690916364801895
0 66.40625 19.986979166666664 7.561957820656658 10.08261042754221
0 74.51171875 16.145833333333336 6.796587356970242 9.062116475960323
0 80.95703125 24.479166666666664 8.36871899463018 11.15829199284024
0 78.466796875 16.015625 6.7691262856502785 9.025501714200372
0 90.478515625 24.348958333333336 8.346432086900233 11.128576115866979
0 99.31640625 32.29166666666667 9.611826018080825 12.815768024107768
0 96.97265625 24.088541666666664 8.301678777304348 11.068905036405797
0 84.033203125 17.252604166666664 7.025674092542321 9.367565456723094
0 5.46875 79.4921875 15.080748413825484 20.107664551767314
0 11.23046875 61.393229166666664 13.253204803838173 17.670939738450897
0 20.849609375 49.08854166666667 11.850883690763915 15.801178254351885
0 47.509765625 19.986979166666664 7.561957820656658 10.08261042754221
0 41.89453125 16.40625 6.8511792970714245 9.134905729428567
0 83.837890625 33.0078125 9.717824296930333 12.957099062573777
0 90.185546875 29.557291666666668 9.195873518871684 12.261164691828911
0 93.75 23.958333333333336 8.279211405182211 11.038948540242949
0 89.0625 18.619791666666664 7.298743129334349 9.731657505779133
0 71.826171875 20.963541666666664 7.7444931277157725 10.325990836954363
0 96.435546875 79.62239583333334 15.0930945054666 20.1241260072888
0 1.85546875 20.377604166666664 7.635495607419925 10.180660809893233
0 17.87109375 15.625 6.686066375795484 8.914755167727312
0 46.484375 14.778645833333334 6.502464524127966 8.669952698837287
0 24.755859375 14.908854166666666 6.531046923532928 8.708062564710572
0 71.09375 15.0390625 6.559504779115197 8.746006372153596
0 24.12109375 18.880208333333336 7.349606066157407 9.799474754876544
0 9.375 20.377604166666664 7.635495607419925 10.180660809893233
0 19.7265625 20.247395833333336 7.611061958825638 10.148082611767517
0 44.140625 18.229166666666664 7.221777078979024 9.629036105305365
0 58.30078125 15.234375 6.60196156395994 8.802615418613254
0 50.390625 13.541666666666666 6.224389054678692 8.299185406238257
