0 48.4375 33.26822916666667 9.756083595670033 13.008111460893376
0 46.630859375 42.90364583333333 11.079183874921476 14.772245166561968
0 44.04296875 48.95833333333333 11.835155901895336 15.780207869193779
0 48.4375 55.2734375 12.575316026633615 16.767088035511488
0 57.470703125 63.0859375 13.434668397860802 17.912891197147736
0 71.826171875 40.10416666666667 10.711626449453275 14.282168599271033
0 79.58984375 40.88541666666667 10.81545724284018 14.42060965712024
0 85.498046875 33.26822916666667 9.756083595670033 13.008111460893376
0 74.12109375 30.598958333333332 9.35651227829339 12.475349704391189
0 84.08203125 38.99739583333333 10.562785827561513 14.083714436748682
0 89.794921875 50.390625 12.007028547916262 16.00937139722168
0 97.0703125 53.515625 12.37373958295489 16.498319443939856
0 98.92578125 40.36458333333333 10.746348182164922 14.328464242886563
0 98.33984375 28.3203125 9.001392336274797 12.001856448366395
0 51.171875 29.947916666666668 9.25643975103949 12.341919668052654
0 32.861328125 37.56510416666667 10.366996918617573 13.822662558156765
0 25.48828125 55.2734375 12.575316026633615 16.767088035511488
0 11.1328125 52.1484375 12.214658261834412 16.286211015779216
0 7.91015625 62.565104166666664 13.379095591298201 17.838794121730935
0 10.400390625 73.69791666666666 14.520724186243065 19.360965581657418
0 7.568359375 84.63541666666666 15.560972636696732 20.747963515595643
0 22.0703125 90.49479166666666 16.090608308671957 21.454144411562613
0 45.361328125 86.5234375 15.733580022766407 20.97810669702188
0 18.603515625 43.22916666666667 11.121134740166381 14.828179653555177
0 97.75390625 25.1953125 8.490251308132054 11.320335077509403
0 36.083984375 36.58854166666667 10.231356576074347 13.641808768099132
