0 59.521484375 15.4296875 6.644147051109997 8.858862734813329
0 33.984375 21.028645833333336 7.756509415978292 10.342012554637723
0 19.580078125 16.9921875 6.972448522214271 9.296598029619028
0 11.71875 19.661458333333336 7.500125566067204 10.00016742142294
0 2.880859375 21.744791666666664 7.887480458569388 10.51664061142585
0 36.1328125 17.317708333333336 7.038917599286375 9.385223465715166
0 71.484375 30.598958333333332 9.35651227829339 12.475349704391189
0 79.39453125 26.106770833333332 8.642457433170346 11.52327657756046
0 67.96875 23.372395833333336 8.177344364608315 10.903125819477753
0 54.58984375 33.33333333333333 9.765625 13.020833333333334
0 50.439453125 32.48697916666667 9.640850219074288 12.854466958765718
0 48.6328125 20.442708333333336 7.647683158045451 10.196910877393934
0 39.16015625 16.015625 6.7691262856502785 9.025501714200372
0 30.859375 17.1875 7.012405574387241 9.349874099182989
0 24.90234375 16.666666666666664 6.905339660024879 9.207119546699838
0 13.96484375 18.033854166666664 7.182984799767957 9.577313066357275
0 4.58984375 18.359375 7.247523246483103 9.663364328644137
0 21.875 16.080729166666664 6.782870718656271 9.043827624875028
0 10.25390625 18.815104166666664 7.336923388776433 9.782564518368577
0 2.099609375 19.921875 7.549631882844837 10.066175843793117
0 42.236328125 16.080729166666664 6.782870718656271 9.043827624875028
0 57.470703125 14.6484375 6.473755931273323 8.631674575031097
0 64.990234375 15.885416666666666 6.741553355216833 8.988737806955777
0 77.05078125 17.057291666666664 6.985792933508055 9.31439057801074
0 73.193359375 15.299479166666666 6.61605328023645 8.821404373648601
0 85.64453125 17.96875 7.170007400189656 9.56000986691954
0 82.03125 19.791666666666664 7.524919437217989 10.033225916290652
0 93.505859375 20.377604166666664 7.635495607419925 10.180660809893233
0 97.802734375 25.5859375 8.555814067917595 11.407752090556793
0 86.9140625 26.041666666666668 8.631674575031099 11.508899433374797
0 94.04296875 32.16145833333333 9.592427762147041 12.789903682862722
0 46.58203125 15.559895833333334 6.672122530845778 8.896163374461038
0 38.18359375 16.536458333333336 6.878312786611722 9.171083715482297
0 32.6171875 16.2109375 6.810276368536802 9.080368491382403
0 28.759765625 16.015625 6.7691262856502785 9.025501714200372
0 17.96875 16.015625 6.7691262856502785 9.025501714200372
0 9.130859375 18.684895833333336 7.311492035346033 9.748656047128044
0 2.978515625 18.619791666666664 7.298743129334349 9.731657505779133
0 27.099609375 15.755208333333334 6.7138671875 8.951822916666668
0 0.830078125 18.9453125 7.3622668956389274 9.816355860851903
0 61.181640625 15.299479166666666 6.61605328023645 8.821404373648601
0 69.82421875 14.973958333333334 6.545291317604741 8.727055090139656
0 66.552734375 17.513020833333336 7.0784994535786145 9.437999271438152
0 79.39453125 15.625 6.686066375795484 8.914755167727312
0 76.708984375 20.052083333333336 7.574263699945591 10.099018266594122
0 87.744140625 21.028645833333336 7.756509415978292 10.342012554637723
0 94.7265625 24.4140625 8.357582969744357 11.143443959659143
0 99.21875 23.828125 8.256682897014576 11.008910529352768
0 84.66796875 18.1640625 7.208869513560617 9.611826018080823
0 78.515625 16.536458333333336 6.878312786611722 9.171083715482297
0 71.728515625 14.973958333333334 6.545291317604741 8.727055090139656
0 67.48046875 16.2109375 6.810276368536802 9.080368491382403
0 56.591796875 15.234375 6.60196156395994 8.802615418613254
0 43.505859375 16.861979166666664 6.945682786096826 9.260910381462436
0 16.064453125 19.3359375 7.437779301119349 9.917039068159132
0 7.6171875 19.140625 7.400119417103358 9.866825889471144
0 90.478515625 19.010416666666664 7.37490598974278 9.833207986323707
0 98.14453125 21.744791666666664 7.887480458569388 10.51664061142585
0 89.404296875 18.815104166666664 7.336923388776433 9.782564518368577
0 95.5078125 21.354166666666664 7.816313766397521 10.421751688530028
0 75.87890625 18.294270833333336 7.234661615679748 9.646215487572997
0 68.45703125 14.583333333333334 6.459353786778786 8.612471715705048
0 63.28125 14.908854166666666 6.531046923532928 8.708062564710572
0 55.37109375 14.973958333333334 6.545291317604741 8.727055090139656
0 47.55859375 16.015625 6.7691262856502785 9.025501714200372
0 36.9140625 16.080729166666664 6.782870718656271 9.043827624875028
0 31.201171875 15.234375 6.60196156395994 8.802615418613254
0 26.123046875 15.4296875 6.644147051109997 8.858862734813329
0 20.751953125 15.755208333333334 6.7138671875 8.951822916666668
0 6.982421875 18.1640625 7.208869513560617 9.611826018080823
0 24.169921875 17.317708333333336 7.038917599286375 9.385223465715166
0 6.15234375 19.661458333333336 7.500125566067204 10.00016742142294
0 44.53125 16.731770833333336 6.9188135063199665 9.225084675093289
0 73.828125 16.2109375 6.810276368536802 9.080368491382403
0 99.853515625 21.549479166666664 7.85197774064246 10.469303654189947
0 83.0078125 17.708333333333336 7.117861199762329 9.490481599683106
