0 89.0625 65.16927083333334 13.65469807201971 18.20626409602628
0 65.4296875 59.9609375 13.097695150070152 17.46359353342687
0 36.03515625 63.736979166666664 13.503812798973136 18.00508373196418
0 24.169921875 50.130208333333336 11.975962445281118 15.967949927041488
0 1.611328125 59.309895833333336 13.02639524561343 17.368526994151242
0 13.4765625 35.80729166666667 10.121535615098267 13.495380820131023
0 5.126953125 35.9375 10.139921707663666 13.51989561021822
0 34.08203125 42.12239583333333 10.977847746951262 14.63713032926835
0 51.3671875 49.8046875 11.937016122807584 15.916021497076779
0 49.90234375 37.43489583333333 10.349014256477766 13.798685675303688
0 65.576171875 42.1875 10.986328125 14.6484375
0 61.669921875 35.9375 10.139921707663666 13.51989561021822
0 63.134765625 29.947916666666668 9.25643975103949 12.341919668052654
0 49.90234375 28.7109375 9.063258303782652 12.084344405043536
0 41.943359375 32.87760416666667 9.698638050580264 12.931517400773687
0 33.203125 36.1328125 10.167438506443897 13.556584675258529
0 31.396484375 28.7109375 9.063258303782652 12.084344405043536
0 23.6328125 35.28645833333333 10.047654805392046 13.39687307385606
0 17.87109375 30.598958333333332 9.35651227829339 12.475349704391189
0 9.27734375 27.9296875 8.939098215256843 11.918797620342456
0 1.806640625 32.35677083333333 9.621510480001493 12.828680640001991
0 4.638671875 25.130208333333332 8.479274895904423 11.305699861205897
0 12.353515625 20.1171875 7.586549618320344 10.115399491093791
0 21.58203125 26.953125 8.78142979122202 11.708573054962693
0 29.19921875 23.567708333333336 8.211440458419013 10.948587277892017
0 21.77734375 20.703125 7.6962403643301345 10.261653819106845
0 18.994140625 10.611979166666668 5.510092189107602 7.346789585476802
0 15.91796875 15.690104166666666 6.699981201202437 8.933308268269917
0 25.634765625 15.234375 6.60196156395994 8.802615418613254
0 18.26171875 18.098958333333336 7.195938795502683 9.594585060670244
0 9.765625 15.885416666666666 6.741553355216833 8.988737806955777
0 50.146484375 23.046875 8.120199399200482 10.82693253226731
0 42.7734375 25.78125 8.588407763348565 11.451210351131419
0 53.076171875 18.9453125 7.3622668956389274 9.816355860851903
0 44.23828125 13.932291666666666 6.313525654778199 8.418034206370931
0 41.552734375 20.052083333333336 7.574263699945591 10.099018266594122
0 36.1328125 18.75 7.32421875 9.765625
0 76.07421875 40.234375 10.72900136184506 14.305335149126746
0 75.87890625 53.059895833333336 12.320940697135223 16.427920929513633
0 91.69921875 52.1484375 12.214658261834412 16.286211015779216
0 92.138671875 45.44270833333333 11.402308161785525 15.203077549047366
0 81.25 40.234375 10.72900136184506 14.305335149126746
0 87.841796875 38.28125 10.46534924284805 13.953798990464069
0 74.4140625 32.87760416666667 9.698638050580264 12.931517400773687
0 68.603515625 23.828125 8.256682897014576 11.008910529352768
0 82.32421875 27.9296875 8.939098215256843 11.918797620342456
0 60.693359375 25.130208333333332 8.479274895904423 11.305699861205897
0 65.8203125 17.513020833333336 7.0784994535786145 9.437999271438152
0 60.205078125 18.1640625 7.208869513560617 9.611826018080823
0 55.419921875 15.494791666666666 6.658149484030587 8.877532645374115
0 71.58203125 18.815104166666664 7.336923388776433 9.782564518368577
0 76.708984375 19.466145833333336 7.462780310447684 9.950373747263578
0 72.021484375 22.0703125 7.946299173761924 10.595065565015899
0 79.541015625 19.140625 7.400119417103358 9.866825889471144
0 91.796875 35.61197916666667 10.093893681970965 13.458524909294619
0 99.365234375 42.44791666666667 11.020184378215204 14.693579170953605
0 98.779296875 37.56510416666667 10.366996918617573 13.822662558156765
0 88.720703125 31.575520833333332 9.50464569238125 12.672860923174998
0 1.3671875 43.75 11.187928942763282 14.917238590351042
0 7.373046875 15.885416666666666 6.741553355216833 8.988737806955777
0 3.076171875 19.791666666666664 7.524919437217989 10.033225916290652
0 24.267578125 12.630208333333334 6.011265748166568 8.015020997555423
0 31.884765625 16.145833333333336 6.796587356970242 9.062116475960323
0 37.40234375 14.0625 6.342959500374307 8.457279333832409
0 46.435546875 13.0859375 6.118755388111396 8.15834051748186
0 62.890625 15.885416666666666 6.741553355216833 8.988737806955777
0 57.6171875 13.216145833333334 6.149121606326259 8.198828808435012
0 66.69921875 13.28125 6.16424861960576 8.218998159474348
0 55.908203125 12.239583333333332 5.917577950947668 7.8901039345968895
0 69.140625 13.28125 6.16424861960576 8.218998159474348
0 63.4765625 12.369791666666668 5.948971157720314 7.931961543627086
0 74.365234375 13.216145833333334 6.149121606326259 8.198828808435012
0 79.150390625 13.932291666666666 6.313525654778199 8.418034206370931
0 83.837890625 15.0390625 6.559504779115197 8.746006372153596
0 86.9140625 20.8984375 7.732458166088822 10.309944221451763
0 96.923828125 25.78125 8.588407763348565 11.451210351131419
0 49.169921875 19.140625 7.400119417103358 9.866825889471144
0 39.794921875 15.0390625 6.559504779115197 8.746006372153596
0 28.271484375 12.955729166666666 6.088237714617921 8.117650286157229
0 30.76171875 20.442708333333336 7.647683158045451 10.196910877393934
0 25.9765625 19.140625 7.400119417103358 9.866825889471144
0 4.931640625 16.471354166666664 6.864759447755123 9.15301259700683
0 21.337890625 12.955729166666666 6.088237714617921 8.117650286157229
0 26.07421875 11.9140625 5.838356466585996 7.784475288781327
0 34.423828125 14.2578125 6.386855937639267 8.515807916852356
0 22.900390625 13.541666666666666 6.224389054678692 8.299185406238257
0 13.96484375 17.513020833333336 7.0784994535786145 9.437999271438152
