0 65.673828125 18.9453125 7.3622668956389274 9.816355860851903
0 75.390625 31.4453125 9.485028239697298 12.646704319596397
0 80.615234375 25.130208333333332 8.479274895904423 11.305699861205897
0 4.98046875 21.484375 7.840107775064166 10.453477033418888
0 92.431640625 28.450520833333332 9.02206146184966 12.029415282466214
0 85.693359375 17.1875 7.012405574387241 9.349874099182989
0 33.88671875 15.950520833333334 6.755353888299149 9.0071385177322
0 10.44921875 19.140625 7.400119417103358 9.866825889471144
0 6.640625 19.401041666666664 7.450290292806215 9.933720390408286
0 17.08984375 25.130208333333332 8.479274895904423 11.305699861205897
