0 65.4296875 39.97395833333333 10.694223308065938 14.258964410754585
0 71.6796875 36.1328125 10.167438506443897 13.556584675258529
0 81.54296875 36.84895833333333 10.267702539831983 13.690270053109312
0 83.251953125 46.41927083333333 11.524174553527347 15.365566071369797
0 72.55859375 55.859375 12.641793931401354 16.855725241868473
0 72.998046875 51.106770833333336 12.092048801366547 16.122731735155398
0 86.42578125 70.63802083333334 14.216082396059711 18.954776528079616
0 94.775390625 85.22135416666666 15.614744635578651 20.819659514104867
0 98.828125 68.03385416666666 13.951574036453199 18.60209871527093
0 47.75390625 80.53385416666666 15.179235980768906 20.238981307691876
0 63.4765625 81.25 15.24657714452734 20.328769526036453
0 38.671875 59.635416666666664 13.062093847065857 17.416125129421143
0 49.462890625 53.515625 12.37373958295489 16.498319443939856
0 57.568359375 44.66145833333333 11.303869126862875 15.071825502483835
0 52.197265625 42.25260416666667 10.994801962067763 14.659735949423682
0 54.58984375 30.794270833333332 9.386325988299376 12.515101317732501
0 60.693359375 31.640625 9.51443925056146 12.685919000748614
0 66.455078125 31.315104166666668 9.465370128949479 12.62049350526597
0 65.673828125 25.1953125 8.490251308132054 11.320335077509403
0 51.953125 24.869791666666664 8.435226416678011 11.246968555570682
0 38.671875 38.0859375 10.438617783500408 13.918157044667211
0 26.171875 47.98177083333333 11.716524548616007 15.622032731488009
0 13.76953125 51.627604166666664 12.153508149255297 16.204677532340394
0 6.93359375 71.484375 14.300994279614235 19.067992372818978
0 11.376953125 82.94270833333334 15.404576982573195 20.53943597676426
0 24.4140625 40.8203125 10.806842779312605 14.40912370575014
0 17.138671875 33.3984375 9.775157091093119 13.033542788124159
0 13.4765625 38.28125 10.46534924284805 13.953798990464069
0 7.080078125 32.2265625 9.60213178866716 12.802842384889546
0 12.060546875 28.841145833333332 9.083786661460703 12.11171554861427
0 15.673828125 22.916666666666664 8.097228492078614 10.796304656104818
0 33.203125 27.864583333333332 8.928673607377803 11.904898143170405
0 33.69140625 33.7890625 9.832155574699105 13.109540766265473
0 42.87109375 33.52864583333333 9.794193442310311 13.05892458974708
0 42.1875 38.93229166666667 10.553965128046011 14.07195350406135
0 50.048828125 35.15625 10.029099563693228 13.372132751590971
0 2.001953125 54.557291666666664 12.49358489407881 16.658113192105077
0 0.732421875 44.85677083333333 11.328559077923941 15.104745437231923
0 5.126953125 23.697916666666664 8.234092750996119 10.978790334661493
0 4.98046875 17.7734375 7.130933499479933 9.50791133263991
0 18.1640625 22.591145833333336 8.039514082226251 10.719352109635
0 23.291015625 21.940104166666664 7.92282408798045 10.5637654506406
0 29.150390625 20.182291666666664 7.598815672600545 10.13175423013406
0 27.197265625 24.348958333333336 8.346432086900233 11.128576115866979
0 46.19140625 28.515625 9.03237828793258 12.043171050576774
0 35.15625 26.953125 8.78142979122202 11.708573054962693
0 78.466796875 27.864583333333332 8.928673607377803 11.904898143170405
0 73.33984375 31.184895833333332 9.445671106287941 12.594228141717254
0 97.509765625 44.140625 11.237764062208234 14.983685416277645
0 98.92578125 50.390625 12.007028547916262 16.00937139722168
0 88.720703125 33.7890625 9.832155574699105 13.109540766265473
0 77.392578125 35.80729166666667 10.121535615098267 13.495380820131023
0 95.556640625 32.68229166666667 9.669787303317175 12.893049737756234
0 98.046875 26.432291666666668 8.696171172348027 11.594894896464037
0 91.259765625 26.041666666666668 8.631674575031099 11.508899433374797
0 84.5703125 21.223958333333336 7.792447103762027 10.389929471682702
0 81.591796875 25.065104166666668 8.468284256293707 11.291045675058275
0 72.0703125 22.981770833333336 8.108722079825698 10.811629439767596
0 59.423828125 25.260416666666668 8.501213548086012 11.334951397448016
0 53.955078125 24.739583333333336 8.413115693414442 11.217487591219255
0 49.31640625 22.265625 7.981382342908947 10.641843123878598
0 45.556640625 20.3125 7.62328857226367 10.164384763018226
0 42.431640625 24.348958333333336 8.346432086900233 11.128576115866979
0 40.13671875 17.7734375 7.130933499479933 9.50791133263991
0 34.521484375 19.986979166666664 7.561957820656658 10.08261042754221
0 35.888671875 24.479166666666664 8.36871899463018 11.15829199284024
0 14.794921875 18.424479166666664 7.2603620931215325 9.680482790828709
0 68.408203125 18.424479166666664 7.2603620931215325 9.680482790828709
0 70.263671875 22.395833333333336 8.00468569861084 10.672914264814453
0 55.322265625 20.572916666666664 7.672000176987631 10.229333569316841
0 63.4765625 11.458333333333332 5.72560517556571 7.634140234087614
0 52.63671875 10.286458333333332 5.424923350412347 7.233231133883129
0 57.861328125 13.606770833333334 6.2393335877260965 8.319111450301463
0 58.984375 19.010416666666664 7.37490598974278 9.833207986323707
0 28.857421875 16.145833333333336 6.796587356970242 9.062116475960323
0 20.556640625 17.513020833333336 7.0784994535786145 9.437999271438152
0 11.1328125 19.3359375 7.437779301119349 9.917039068159132
0 96.19140625 23.177083333333336 8.143105507889608 10.857474010519478
0 87.6953125 22.65625 8.051090062422436 10.734786749896582
0 93.701171875 21.09375 7.768507117527988 10.358009490037318
0 88.232421875 16.145833333333336 6.796587356970242 9.062116475960323
0 76.318359375 21.028645833333336 7.756509415978292 10.342012554637723
0 74.0234375 16.536458333333336 6.878312786611722 9.171083715482297
0 69.970703125 13.0859375 6.118755388111396 8.15834051748186
0 24.169921875 26.302083333333332 8.674725588105405 11.56630078414054
0 19.482421875 31.119791666666668 9.4358061729372 12.5810748972496
0 20.263671875 25.716145833333332 8.57755695956738 11.436742612756506
0 78.955078125 15.950520833333334 6.755353888299149 9.0071385177322
0 10.205078125 15.169270833333334 6.587839704871492 8.783786273161988
0 20.263671875 15.104166666666666 6.573687508709111 8.764916678278816
0 29.8828125 14.127604166666666 6.3576253222655215 8.476833763020695
0 35.15625 15.625 6.686066375795484 8.914755167727312
0 40.72265625 14.453125 6.430452730012657 8.57393697335021
0 93.408203125 11.002604166666668 5.610588473770214 7.480784631693618
0 98.53515625 15.169270833333334 6.587839704871492 8.783786273161988
0 93.45703125 14.778645833333334 6.502464524127966 8.669952698837287
0 98.388671875 9.1796875 5.124772834395345 6.83303044586046
0 93.603515625 8.528645833333332 4.93970155524861 6.58626874033148
0 90.087890625 13.541666666666666 6.224389054678692 8.299185406238257
0 91.2109375 9.1796875 5.124772834395345 6.83303044586046
0 95.80078125 12.174479166666668 5.901818727360142 7.8690916364801895
0 92.138671875 11.979166666666668 5.854286527481347 7.805715369975129
0 97.65625 13.216145833333334 6.149121606326259 8.198828808435012
0 89.306640625 12.565104166666666 5.995752778438873 7.9943370379184975
0 85.44921875 10.416666666666668 5.459150335692846 7.278867114257127
0 94.775390625 8.854166666666668 5.033087921896558 6.710783895862078
0 98.6328125 11.1328125 5.6436895779134915 7.524919437217989
0 94.873046875 10.7421875 5.543793372981247 7.391724497308329
0 91.6015625 14.0625 6.342959500374307 8.457279333832409
0 96.435546875 15.690104166666666 6.699981201202437 8.933308268269917
0 90.0390625 11.328125 5.692980379082528 7.590640505443372
0 96.6796875 9.049479166666668 5.088297119303304 6.784396159071073
0 0.830078125 18.229166666666664 7.221777078979024 9.629036105305365
0 24.21875 15.299479166666666 6.61605328023645 8.821404373648601
0 28.22265625 11.458333333333332 5.72560517556571 7.634140234087614
