0 47.75390625 30.989583333333332 9.416045300623482 12.554727067497975
0 50.048828125 55.208333333333336 12.567907886947022 16.757210515929362
0 35.9375 91.40625 16.171437133168666 21.561916177558217
0 84.912109375 68.68489583333334 14.018169040351381 18.690892053801843
0 50.927734375 76.953125 14.837946510184594 19.783928680246124
0 53.7109375 63.4765625 13.476197610973886 17.968263481298514
0 64.013671875 52.604166666666664 12.267914576563586 16.357219435418116
0 58.154296875 45.83333333333333 11.45121035113142 15.268280468175227
0 43.017578125 26.041666666666668 8.631674575031099 11.508899433374797
0 33.154296875 41.08072916666667 10.841259563190683 14.45501275092091
0 28.61328125 58.0078125 12.882611645022848 17.17681552669713
0 16.796875 45.703125 11.434932858395506 15.24657714452734
0 73.14453125 34.83072916666667 9.982560567502519 13.310080756670025
0 75.29296875 48.89322916666667 11.82728416447516 15.76971221930021
0 98.2421875 50.78125 12.053477574543152 16.0713034327242
0 57.763671875 29.1015625 9.124704826492952 12.166273101990603
0 57.12890625 37.56510416666667 10.366996918617573 13.822662558156765
0 23.53515625 26.3671875 8.685454999241765 11.580606665655687
0 35.15625 22.005208333333336 7.9345703125 10.579427083333332
0 48.779296875 22.135416666666664 7.958010748538389 10.610680998051187
0 20.849609375 82.94270833333334 15.404576982573195 20.53943597676426
0 19.091796875 62.760416666666664 13.399962402404874 17.866616536539834
0 27.44140625 40.234375 10.72900136184506 14.305335149126746
