0 63.37890625 85.22135416666666 15.614744635578651 20.819659514104867
0 50.048828125 72.4609375 14.398347304791809 19.197796406389077
0 32.91015625 69.59635416666666 14.110874049922964 18.814498733230618
0 27.9296875 47.91666666666667 11.708573054962693 15.611430739950258
0 33.59375 44.66145833333333 11.303869126862875 15.071825502483835
0 38.427734375 45.83333333333333 11.45121035113142 15.268280468175227
0 45.1171875 37.23958333333333 10.321981521782082 13.762642029042777
0 38.330078125 30.46875 9.336583582018038 12.448778109357384
0 29.8828125 28.971354166666668 9.104268731797058 12.139024975729411
0 8.544921875 44.20572916666667 11.24604844524431 14.994731260325747
0 16.9921875 33.91927083333333 9.851081781963485 13.134775709284646
0 8.0078125 29.8828125 9.24637292940864 12.32849723921152
0 14.404296875 29.1015625 9.124704826492952 12.166273101990603
0 18.45703125 27.604166666666668 8.886852892188134 11.849137189584178
0 72.94921875 30.013020833333332 9.266495636406846 12.35532751520913
0 78.90625 30.598958333333332 9.35651227829339 12.475349704391189
0 97.216796875 39.38802083333333 10.615556110184379 14.154074813579173
0 94.384765625 33.984375 9.860531263063667 13.147375017418222
0 88.76953125 30.013020833333332 9.266495636406846 12.35532751520913
0 70.361328125 22.65625 8.051090062422436 10.734786749896582
0 68.212890625 35.15625 10.029099563693228 13.372132751590971
0 57.12890625 43.88020833333333 11.2045652775182 14.939420370024267
0 54.443359375 30.46875 9.336583582018038 12.448778109357384
0 64.16015625 31.8359375 9.543759625922785 12.725012834563712
0 68.017578125 29.427083333333332 9.175595934065496 12.234127912087327
0 31.982421875 19.921875 7.549631882844837 10.066175843793117
0 12.939453125 36.45833333333333 10.21313508952729 13.617513452703053
0 74.31640625 14.84375 6.516771394062079 8.689028525416106
0 64.94140625 18.294270833333336 7.234661615679748 9.646215487572997
0 91.650390625 42.7734375 11.062358984614171 14.74981197948556
0 94.140625 28.255208333333332 8.991039955234518 11.988053273646026
0 62.890625 25.1953125 8.490251308132054 11.320335077509403
0 47.021484375 24.479166666666664 8.36871899463018 11.15829199284024
