0 43.017578125 77.01822916666666 14.844221810321423 19.79229574709523
0 37.353515625 65.10416666666666 13.647875839232116 18.19716778564282
0 20.458984375 52.018229166666664 12.199399469791677 16.265865959722237
0 0.927734375 60.026041666666664 13.104803804677667 17.473071739570223
0 13.8671875 39.51822916666667 10.633088006704314 14.177450675605751
0 31.396484375 34.24479166666667 9.898238977189243 13.197651969585658
0 39.208984375 42.25260416666667 10.994801962067763 14.659735949423682
0 51.513671875 49.8046875 11.937016122807584 15.916021497076779
0 68.212890625 61.002604166666664 13.210974622749855 17.61463283033314
0 80.126953125 54.557291666666664 12.49358489407881 16.658113192105077
0 85.44921875 65.69010416666666 13.709153714121216 18.278871618828287
0 95.80078125 54.557291666666664 12.49358489407881 16.658113192105077
0 89.35546875 47.33072916666667 11.63676511531837 15.515686820424493
0 68.5546875 41.86197916666667 10.943860520654974 14.591814027539964
0 60.546875 35.87239583333333 10.130732832457173 13.507643776609566
0 51.025390625 36.78385416666667 10.258628121320564 13.678170828427419
0 43.798828125 33.26822916666667 9.756083595670033 13.008111460893376
0 74.90234375 32.68229166666667 9.669787303317175 12.893049737756234
0 78.90625 38.99739583333333 10.562785827561513 14.083714436748682
0 85.791015625 37.76041666666667 10.393912576859377 13.85855010247917
0 87.939453125 33.7890625 9.832155574699105 13.109540766265473
0 98.681640625 40.75520833333333 10.79822144345345 14.397628591271266
0 97.998046875 29.947916666666668 9.25643975103949 12.341919668052654
0 92.333984375 31.315104166666668 9.465370128949479 12.62049350526597
0 81.0546875 28.580729166666668 9.042683343523592 12.056911124698123
0 74.90234375 28.7109375 9.063258303782652 12.084344405043536
0 89.2578125 28.3203125 9.001392336274797 12.001856448366395
0 61.03515625 29.947916666666668 9.25643975103949 12.341919668052654
0 50.78125 28.7109375 9.063258303782652 12.084344405043536
0 39.501953125 26.171875 8.653226854710587 11.537635806280782
0 33.251953125 29.427083333333332 9.175595934065496 12.234127912087327
0 17.578125 32.03125 9.572990198582838 12.763986931443785
0 9.765625 28.190104166666668 8.980675640601907 11.974234187469209
0 4.345703125 31.640625 9.51443925056146 12.685919000748614
0 4.541015625 25.065104166666668 8.468284256293707 11.291045675058275
0 14.0625 21.875 7.911060422861158 10.548080563814876
0 21.142578125 26.432291666666668 8.696171172348027 11.594894896464037
0 28.955078125 25.065104166666668 8.468284256293707 11.291045675058275
0 28.22265625 18.359375 7.247523246483103 9.663364328644137
0 39.84375 21.875 7.911060422861158 10.548080563814876
0 47.314453125 22.4609375 8.016311973000304 10.688415964000404
0 21.240234375 20.833333333333336 7.720404443770458 10.293872591693944
0 11.23046875 18.359375 7.247523246483103 9.663364328644137
0 18.06640625 14.778645833333334 6.502464524127966 8.669952698837287
0 25.341796875 15.234375 6.60196156395994 8.802615418613254
0 18.06640625 18.880208333333336 7.349606066157407 9.799474754876544
0 31.73828125 21.09375 7.768507117527988 10.358009490037318
0 23.53515625 13.8671875 6.298757153488249 8.398342871317666
0 31.005859375 12.760416666666666 6.042172202521769 8.056229603362357
0 26.171875 12.890625 6.072921369058959 8.097228492078614
0 33.7890625 15.234375 6.60196156395994 8.802615418613254
0 40.869140625 16.6015625 6.891839471823862 9.189119295765149
0 35.83984375 18.359375 7.247523246483103 9.663364328644137
0 44.62890625 15.364583333333334 6.6301150458985685 8.840153394531425
0 49.462890625 19.140625 7.400119417103358 9.866825889471144
0 56.8359375 15.885416666666666 6.741553355216833 8.988737806955777
0 65.966796875 18.229166666666664 7.221777078979024 9.629036105305365
0 59.716796875 21.744791666666664 7.887480458569388 10.51664061142585
0 67.333984375 24.348958333333336 8.346432086900233 11.128576115866979
0 50.78125 17.513020833333336 7.0784994535786145 9.437999271438152
0 61.767578125 25.1953125 8.490251308132054 11.320335077509403
0 48.2421875 14.778645833333334 6.502464524127966 8.669952698837287
0 53.955078125 13.020833333333334 6.103515625 8.138020833333332
0 70.068359375 21.223958333333336 7.792447103762027 10.389929471682702
0 61.279296875 18.359375 7.247523246483103 9.663364328644137
0 21.337890625 16.861979166666664 6.945682786096826 9.260910381462436
0 62.79296875 16.145833333333336 6.796587356970242 9.062116475960323
0 8.544921875 16.861979166666664 6.945682786096826 9.260910381462436
0 71.2890625 19.3359375 7.437779301119349 9.917039068159132
0 2.197265625 19.3359375 7.437779301119349 9.917039068159132
0 66.9921875 15.494791666666666 6.658149484030587 8.877532645374115
0 4.052734375 16.9921875 6.972448522214271 9.296598029619028
0 68.84765625 13.020833333333334 6.103515625 8.138020833333332
0 77.05078125 21.223958333333336 7.792447103762027 10.389929471682702
0 82.470703125 17.252604166666664 7.025674092542321 9.367565456723094
0 73.779296875 16.861979166666664 6.945682786096826 9.260910381462436
0 85.44921875 20.247395833333336 7.611061958825638 10.148082611767517
0 91.6015625 19.986979166666664 7.561957820656658 10.08261042754221
0 79.39453125 16.861979166666664 6.945682786096826 9.260910381462436
0 95.3125 19.7265625 7.512532730158185 10.01671030687758
0 14.404296875 17.252604166666664 7.025674092542321 9.367565456723094
0 93.896484375 23.2421875 8.154534433525017 10.872712578033356
0 0.732421875 17.122395833333336 6.9991119025755095 9.332149203434014
0 98.681640625 21.354166666666664 7.816313766397521 10.421751688530028
0 38.18359375 12.890625 6.072921369058959 8.097228492078614
0 89.16015625 24.348958333333336 8.346432086900233 11.128576115866979
0 46.09375 15.625 6.686066375795484 8.914755167727312
0 86.181640625 17.96875 7.170007400189656 9.56000986691954
0 6.884765625 19.7265625 7.512532730158185 10.01671030687758
0 79.39453125 24.609375 8.39094670707246 11.187928942763282
0 39.404296875 18.489583333333336 7.273178276253042 9.697571035004056
0 81.787109375 22.330729166666664 7.993042513249997 10.657390017666662
0 77.587890625 16.015625 6.7691262856502785 9.025501714200372
0 89.794921875 20.247395833333336 7.611061958825638 10.148082611767517
