0 78.80859375 19.3359375 7.437779301119349 9.917039068159132
0 85.009765625 19.010416666666664 7.37490598974278 9.833207986323707
0 87.59765625 21.614583333333336 7.863829789260941 10.485106385681254
0 71.2890625 29.817708333333332 9.236295135755345 12.315060181007127
0 61.71875 29.231770833333332 9.145095253766906 12.193460338355873
0 73.92578125 17.057291666666664 6.985792933508055 9.31439057801074
0 80.76171875 17.838541666666664 7.143981879101334 9.525309172135112
0 89.55078125 27.669270833333332 8.897326499702912 11.863101999603883
0 72.998046875 24.21875 8.324085508414218 11.098780677885625
0 83.056640625 12.760416666666666 6.042172202521769 8.056229603362357
0 90.576171875 16.6015625 6.891839471823862 9.189119295765149
0 93.45703125 30.013020833333332 9.266495636406846 12.35532751520913
0 74.951171875 36.39322916666667 10.204012144348443 13.605349525797925
0 61.474609375 38.80208333333333 10.536301575703167 14.048402100937555
0 40.380859375 18.5546875 7.28597191547444 9.714629220632586
0 19.921875 20.572916666666664 7.672000176987631 10.229333569316841
0 14.013671875 33.65885416666667 9.813192865486773 13.084257153982362
0 27.24609375 57.552083333333336 12.831906763689355 17.10920901825247
0 39.697265625 56.901041666666664 12.75912167991142 17.012162239881892
0 44.23828125 41.86197916666667 10.943860520654974 14.591814027539964
0 37.158203125 24.934895833333336 8.446260072691679 11.26168009692224
0 25.1953125 33.203125 9.746532850751532 12.995377134335376
0 18.310546875 24.348958333333336 8.346432086900233 11.128576115866979
0 10.205078125 16.927083333333336 6.959078522333606 9.278771363111476
0 0.390625 47.78645833333333 11.69265384562257 15.590205127496759
0 4.638671875 69.7265625 14.124067950935224 18.832090601246964
0 47.802734375 25.260416666666668 8.501213548086012 11.334951397448016
0 35.693359375 18.75 7.32421875 9.765625
0 13.427734375 26.953125 8.78142979122202 11.708573054962693
0 7.8125 33.91927083333333 9.851081781963485 13.134775709284646
0 14.794921875 9.114583333333332 5.106567544763645 6.808756726351526
0 66.40625 59.635416666666664 13.062093847065857 17.416125129421143
0 90.576171875 45.83333333333333 11.45121035113142 15.268280468175227
0 73.14453125 29.1015625 9.124704826492952 12.166273101990603
0 77.001953125 33.46354166666667 9.784679896167846 13.046239861557126
0 71.38671875 26.041666666666668 8.631674575031099 11.508899433374797
0 91.50390625 43.09895833333333 11.10437341226822 14.805831216357626
0 91.6015625 70.18229166666666 14.170149861137574 18.89353314818343
0 57.6171875 51.7578125 12.168824485703665 16.225099314271553
0 22.900390625 54.4921875 12.486128262621328 16.648171016828435
0 54.736328125 54.817708333333336 12.523367021901361 16.69782269586848
0 43.5546875 24.348958333333336 8.346432086900233 11.128576115866979
