0 99.267578125 18.75 7.32421875 9.765625
0 85.595703125 15.299479166666666 6.61605328023645 8.821404373648601
0 96.19140625 18.619791666666664 7.298743129334349 9.731657505779133
0 84.1796875 16.731770833333336 6.9188135063199665 9.225084675093289
0 94.43359375 19.270833333333336 7.425247229367944 9.900329639157258
0 83.0078125 15.169270833333334 6.587839704871492 8.783786273161988
0 95.166015625 17.3828125 7.052136235529384 9.40284831403918
0 81.689453125 15.625 6.686066375795484 8.914755167727312
0 92.7734375 16.731770833333336 6.9188135063199665 9.225084675093289
0 80.76171875 15.950520833333334 6.755353888299149 9.0071385177322
0 90.185546875 17.057291666666664 6.985792933508055 9.31439057801074
0 79.345703125 16.40625 6.8511792970714245 9.134905729428567
0 78.515625 14.6484375 6.473755931273323 8.631674575031097
0 91.6015625 18.294270833333336 7.234661615679748 9.646215487572997
0 76.953125 13.28125 6.16424861960576 8.218998159474348
0 88.8671875 15.755208333333334 6.7138671875 8.951822916666668
0 75.68359375 14.192708333333334 6.372257390692475 8.496343187589966
0 86.669921875 16.40625 6.8511792970714245 9.134905729428567
0 74.462890625 13.0859375 6.118755388111396 8.15834051748186
0 88.0859375 17.513020833333336 7.0784994535786145 9.437999271438152
0 72.94921875 13.8671875 6.298757153488249 8.398342871317666
0 86.865234375 18.9453125 7.3622668956389274 9.816355860851903
0 71.77734375 12.955729166666666 6.088237714617921 8.117650286157229
0 92.7734375 19.53125 7.475249459177179 9.966999278902906
0 70.947265625 14.192708333333334 6.372257390692475 8.496343187589966
0 97.021484375 20.833333333333336 7.720404443770458 10.293872591693944
0 77.197265625 15.755208333333334 6.7138671875 8.951822916666668
0 99.51171875 22.0703125 7.946299173761924 10.595065565015899
0 88.76953125 19.7265625 7.512532730158185 10.01671030687758
0 99.658203125 25.520833333333332 8.544921875 11.393229166666668
0 94.3359375 22.395833333333336 8.00468569861084 10.672914264814453
0 99.4140625 30.924479166666668 9.406149296522488 12.541532395363317
0 98.828125 61.1328125 13.225066333020294 17.633421777360393
0 93.603515625 48.046875 11.724470649596281 15.632627532795041
0 91.11328125 29.817708333333332 9.236295135755345 12.315060181007127
0 86.181640625 45.24739583333333 11.377778248478545 15.170370997971395
0 88.0859375 33.85416666666667 9.841623227903504 13.122164303871338
0 95.849609375 26.627604166666668 8.728240750778255 11.637654334371007
0 83.935546875 19.7265625 7.512532730158185 10.01671030687758
0 92.08984375 22.721354166666664 8.062649422377262 10.75019922983635
0 94.3359375 33.72395833333333 9.82267879603948 13.096905061385971
0 90.52734375 24.739583333333336 8.413115693414442 11.217487591219255
0 84.1796875 34.375 9.91703906815913 13.222718757545508
0 93.9453125 26.497395833333332 8.706874156303165 11.609165541737553
0 86.5234375 27.408854166666668 8.855357744474432 11.807143659299243
0 80.859375 20.3125 7.62328857226367 10.164384763018226
0 80.615234375 35.28645833333333 10.047654805392046 13.39687307385606
0 85.693359375 21.614583333333336 7.863829789260941 10.485106385681254
0 73.779296875 17.1875 7.012405574387241 9.349874099182989
0 68.9453125 14.0625 6.342959500374307 8.457279333832409
0 80.615234375 24.4140625 8.357582969744357 11.143443959659143
0 69.287109375 19.075520833333336 7.3875234600282 9.850031280037602
0 84.033203125 25.716145833333332 8.57755695956738 11.436742612756506
0 71.2890625 19.856770833333336 7.537285788103314 10.049714384137753
0 77.5390625 22.200520833333336 7.969705113037473 10.626273484049964
0 69.970703125 22.395833333333336 8.00468569861084 10.672914264814453
0 77.197265625 26.822916666666668 8.760192928715409 11.680257238287211
0 66.69921875 24.283854166666664 8.33526628646708 11.113688381956106
0 71.630859375 35.28645833333333 10.047654805392046 13.39687307385606
0 69.970703125 27.9296875 8.939098215256843 11.918797620342456
0 75.87890625 44.7265625 11.312105098175438 15.082806797567253
0 75.1953125 54.231770833333336 12.456257099584077 16.608342799445435
0 67.626953125 40.95052083333333 10.824064850444458 14.432086467259278
0 62.646484375 45.37760416666667 11.394137391720257 15.192183188960342
0 65.0390625 54.036458333333336 12.433806632973244 16.578408843964322
0 82.763671875 67.90364583333334 13.938216853844281 18.58428913845904
0 65.966796875 14.192708333333334 6.372257390692475 8.496343187589966
0 55.810546875 11.848958333333332 5.8223828211483495 7.763177094864466
0 67.28515625 14.388020833333334 6.415953381844678 8.554604509126236
0 60.05859375 13.28125 6.16424861960576 8.218998159474348
0 53.7109375 13.28125 6.16424861960576 8.218998159474348
0 64.208984375 13.0859375 6.118755388111396 8.15834051748186
0 52.63671875 11.979166666666668 5.854286527481347 7.805715369975129
0 62.548828125 11.5234375 5.74184805976159 7.6557974130154545
0 50.048828125 13.411458333333334 6.194391824397107 8.259189099196142
0 57.373046875 13.541666666666666 6.224389054678692 8.299185406238257
0 47.900390625 12.760416666666666 6.042172202521769 8.056229603362357
0 64.306640625 18.1640625 7.208869513560617 9.611826018080823
0 46.826171875 15.4296875 6.644147051109997 8.858862734813329
0 62.79296875 15.299479166666666 6.61605328023645 8.821404373648601
0 50.87890625 16.861979166666664 6.945682786096826 9.260910381462436
0 60.205078125 17.513020833333336 7.0784994535786145 9.437999271438152
0 45.654296875 13.541666666666666 6.224389054678692 8.299185406238257
0 56.884765625 19.856770833333336 7.537285788103314 10.049714384137753
0 43.5546875 15.4296875 6.644147051109997 8.858862734813329
0 73.53515625 30.403645833333332 9.326603265341873 12.43547102045583
0 60.888671875 30.078125 9.276540621075844 12.368720828101127
0 58.3984375 23.177083333333336 8.143105507889608 10.857474010519478
0 52.63671875 20.052083333333336 7.574263699945591 10.099018266594122
0 42.138671875 13.28125 6.16424861960576 8.218998159474348
0 36.083984375 13.28125 6.16424861960576 8.218998159474348
0 48.14453125 18.9453125 7.3622668956389274 9.816355860851903
0 41.30859375 16.276041666666664 6.823937919616058 9.09858389282141
0 33.251953125 12.630208333333334 6.011265748166568 8.015020997555423
0 39.404296875 13.411458333333334 6.194391824397107 8.259189099196142
0 38.330078125 14.6484375 6.473755931273323 8.631674575031097
0 32.177734375 13.0859375 6.118755388111396 8.15834051748186
0 30.6640625 14.84375 6.516771394062079 8.689028525416106
0 39.306640625 18.75 7.32421875 9.765625
0 45.556640625 23.502604166666664 8.200090846279542 10.933454461706056
0 35.498046875 16.276041666666664 6.823937919616058 9.09858389282141
0 42.724609375 19.401041666666664 7.450290292806215 9.933720390408286
0 34.66796875 14.388020833333334 6.415953381844678 8.554604509126236
0 28.90625 13.736979166666666 6.269115778861736 8.358821038482315
0 42.138671875 21.940104166666664 7.92282408798045 10.5637654506406
0 33.59375 16.731770833333336 6.9188135063199665 9.225084675093289
0 27.734375 14.6484375 6.473755931273323 8.631674575031097
0 37.255859375 20.963541666666664 7.7444931277157725 10.325990836954363
0 42.48046875 29.817708333333332 9.236295135755345 12.315060181007127
0 55.46875 26.497395833333332 8.706874156303165 11.609165541737553
0 48.388671875 28.190104166666668 8.980675640601907 11.974234187469209
0 53.90625 22.0703125 7.946299173761924 10.595065565015899
0 52.392578125 34.9609375 10.001202153426476 13.334936204568635
0 34.912109375 25.1953125 8.490251308132054 11.320335077509403
0 49.560546875 34.83072916666667 9.982560567502519 13.310080756670025
0 55.224609375 45.83333333333333 11.45121035113142 15.268280468175227
0 45.654296875 46.94010416666667 11.588645963163772 15.45152795088503
0 50.732421875 71.22395833333334 14.274921342195434 19.033228456260577
0 42.48046875 79.6875 15.099263765689674 20.132351687586233
0 33.984375 55.794270833333336 12.634424770803498 16.845899694404665
0 35.83984375 42.83854166666667 11.070774625986973 14.761032834649296
0 38.818359375 35.28645833333333 10.047654805392046 13.39687307385606
0 31.982421875 28.841145833333332 9.083786661460703 12.11171554861427
0 29.931640625 36.26302083333333 10.185741740892722 13.580988987856962
0 29.248046875 28.385416666666668 9.011732824849489 12.015643766465985
0 25.0 14.0625 6.342959500374307 8.457279333832409
0 26.26953125 15.755208333333334 6.7138671875 8.951822916666668
0 27.587890625 18.1640625 7.208869513560617 9.611826018080823
0 29.345703125 19.856770833333336 7.537285788103314 10.049714384137753
0 32.91015625 20.5078125 7.659851317145468 10.21313508952729
0 31.15234375 22.200520833333336 7.969705113037473 10.626273484049964
0 26.171875 21.940104166666664 7.92282408798045 10.5637654506406
0 22.998046875 15.169270833333334 6.587839704871492 8.783786273161988
0 23.33984375 18.619791666666664 7.298743129334349 9.731657505779133
0 20.5078125 15.169270833333334 6.587839704871492 8.783786273161988
0 18.84765625 15.169270833333334 6.587839704871492 8.783786273161988
0 18.26171875 14.84375 6.516771394062079 8.689028525416106
0 16.845703125 14.192708333333334 6.372257390692475 8.496343187589966
0 20.849609375 18.294270833333336 7.234661615679748 9.646215487572997
0 18.1640625 20.5078125 7.659851317145468 10.21313508952729
0 23.095703125 24.739583333333336 8.413115693414442 11.217487591219255
0 19.677734375 30.924479166666668 9.406149296522488 12.541532395363317
0 18.84765625 22.8515625 8.085718566584333 10.780958088779109
0 14.94140625 16.861979166666664 6.945682786096826 9.260910381462436
0 17.333984375 19.075520833333336 7.3875234600282 9.850031280037602
0 13.18359375 15.755208333333334 6.7138671875 8.951822916666668
0 11.865234375 16.861979166666664 6.945682786096826 9.260910381462436
0 10.107421875 14.84375 6.516771394062079 8.689028525416106
0 8.59375 16.861979166666664 6.945682786096826 9.260910381462436
0 10.3515625 18.424479166666664 7.2603620931215325 9.680482790828709
0 11.03515625 21.419270833333336 7.828219811023351 10.437626414697803
0 14.2578125 26.041666666666668 8.631674575031099 11.508899433374797
0 19.921875 25.716145833333332 8.57755695956738 11.436742612756506
0 9.521484375 24.283854166666664 8.33526628646708 11.113688381956106
0 6.93359375 16.276041666666664 6.823937919616058 9.09858389282141
0 0.29296875 17.513020833333336 7.0784994535786145 9.437999271438152
0 5.76171875 23.177083333333336 8.143105507889608 10.857474010519478
0 1.611328125 15.950520833333334 6.755353888299149 9.0071385177322
0 5.76171875 28.059895833333332 8.959911044862793 11.946548059817056
0 3.02734375 15.755208333333334 6.7138671875 8.951822916666668
0 3.369140625 31.0546875 9.425930915210266 12.567907886947022
0 2.9296875 18.75 7.32421875 9.765625
0 4.78515625 16.276041666666664 6.823937919616058 9.09858389282141
0 5.37109375 20.052083333333336 7.574263699945591 10.099018266594122
0 5.615234375 15.755208333333334 6.7138671875 8.951822916666668
0 0.048828125 24.739583333333336 8.413115693414442 11.217487591219255
0 7.861328125 31.705729166666668 9.524222738236839 12.698963650982451
0 5.029296875 39.84375 10.676791799643494 14.235722399524658
0 14.697265625 36.84895833333333 10.267702539831983 13.690270053109312
0 9.521484375 49.609375 11.913587216762167 15.884782955682889
0 1.3671875 55.924479166666664 12.649158798866397 16.865545065155196
0 0.29296875 45.703125 11.434932858395506 15.24657714452734
0 9.86328125 78.125 14.950498918354358 19.93399855780581
0 18.26171875 40.16927083333333 10.720317425689878 14.293756567586504
0 25.341796875 49.0234375 11.843022407185213 15.790696542913619
0 95.751953125 15.950520833333334 6.755353888299149 9.0071385177322
0 97.021484375 16.40625 6.8511792970714245 9.134905729428567
0 99.658203125 16.731770833333336 6.9188135063199665 9.225084675093289
