0 63.037109375 28.776041666666668 9.073528288158268 12.098037717544358
0 70.3125 33.7890625 9.832155574699105 13.109540766265473
0 82.568359375 40.29947916666667 10.737678274999501 14.316904366666003
0 25.0 16.471354166666664 6.864759447755123 9.15301259700683
0 2.24609375 24.283854166666664 8.33526628646708 11.113688381956106
0 98.4375 34.89583333333333 9.991885707852113 13.322514277136149
0 89.990234375 29.6875 9.216106488367615 12.288141984490153
0 82.568359375 21.875 7.911060422861158 10.548080563814876
0 44.189453125 27.5390625 8.876366926421502 11.835155901895336
0 49.4140625 21.6796875 7.875664001809045 10.500885335745393
0 45.458984375 15.299479166666666 6.61605328023645 8.821404373648601
0 37.79296875 16.276041666666664 6.823937919616058 9.09858389282141
0 33.447265625 20.572916666666664 7.672000176987631 10.229333569316841
0 22.998046875 24.283854166666664 8.33526628646708 11.113688381956106
0 14.16015625 33.46354166666667 9.784679896167846 13.046239861557126
0 19.140625 19.7265625 7.512532730158185 10.01671030687758
0 9.66796875 21.419270833333336 7.828219811023351 10.437626414697803
0 28.955078125 17.317708333333336 7.038917599286375 9.385223465715166
0 35.693359375 16.276041666666664 6.823937919616058 9.09858389282141
0 15.966796875 21.875 7.911060422861158 10.548080563814876
0 61.474609375 16.471354166666664 6.864759447755123 9.15301259700683
0 69.23828125 19.596354166666664 7.487697843252746 9.983597124336994
0 78.076171875 21.2890625 7.804389558437758 10.405852744583676
0 73.828125 16.276041666666664 6.823937919616058 9.09858389282141
0 54.541015625 14.453125 6.430452730012657 8.57393697335021
0 84.5703125 17.1875 7.012405574387241 9.349874099182989
0 88.818359375 23.4375 8.188725503539269 10.918300671385692
0 78.173828125 17.317708333333336 7.038917599286375 9.385223465715166
0 20.21484375 16.276041666666664 6.823937919616058 9.09858389282141
0 1.708984375 19.270833333333336 7.425247229367944 9.900329639157258
0 94.140625 29.4921875 9.185740321833748 12.247653762444997
0 80.078125 20.442708333333336 7.647683158045451 10.196910877393934
0 92.87109375 23.111979166666664 8.131660519088275 10.842214025451032
0 5.95703125 18.5546875 7.28597191547444 9.714629220632586
0 7.421875 19.856770833333336 7.537285788103314 10.049714384137753
0 15.625 15.885416666666666 6.741553355216833 8.988737806955777
0 60.05859375 22.005208333333336 7.9345703125 10.579427083333332
