0 0.927734375 63.216145833333336 13.448525718097354 17.931367624129805
0 16.40625 53.190104166666664 12.336049152470542 16.44806553662739
0 12.255859375 27.213541666666668 8.823750179932228 11.765000239909636
0 4.931640625 22.916666666666664 8.097228492078614 10.796304656104818
0 14.111328125 20.442708333333336 7.647683158045451 10.196910877393934
0 98.14453125 33.52864583333333 9.794193442310311 13.05892458974708
0 55.517578125 29.427083333333332 9.175595934065496 12.234127912087327
0 40.478515625 71.15885416666666 14.268395663526562 19.02452755136875
0 84.521484375 81.57552083333334 15.277088636210726 20.369451514947635
0 75.634765625 62.955729166666664 13.420796769589858 17.89439569278648
0 68.26171875 53.971354166666664 12.426314130555623 16.568418840740833
0 94.775390625 38.4765625 10.492012596234792 13.989350128313058
0 92.1875 48.046875 11.724470649596281 15.632627532795041
0 37.40234375 55.013020833333336 12.545657221126994 16.72754296150266
0 6.005859375 30.078125 9.276540621075844 12.368720828101127
0 1.513671875 19.401041666666664 7.450290292806215 9.933720390408286
0 10.888671875 18.619791666666664 7.298743129334349 9.731657505779133
0 19.189453125 13.932291666666666 6.313525654778199 8.418034206370931
0 3.076171875 19.205729166666664 7.412693970636669 9.883591960848893
0 30.078125 16.341145833333336 6.837572174807153 9.116762899742872
0 5.37109375 19.401041666666664 7.450290292806215 9.933720390408286
0 16.89453125 23.958333333333336 8.279211405182211 11.038948540242949
0 26.513671875 30.46875 9.336583582018038 12.448778109357384
0 45.556640625 29.427083333333332 9.175595934065496 12.234127912087327
0 45.263671875 43.75 11.187928942763282 14.917238590351042
0 71.77734375 34.5703125 9.945172568847854 13.26023009179714
0 88.037109375 28.645833333333332 9.052976668817948 12.07063555842393
0 53.515625 23.502604166666664 8.200090846279542 10.933454461706056
0 34.814453125 22.916666666666664 8.097228492078614 10.796304656104818
0 44.482421875 20.638020833333336 7.684129829110212 10.245506438813615
0 57.373046875 19.661458333333336 7.500125566067204 10.00016742142294
0 77.9296875 20.442708333333336 7.647683158045451 10.196910877393934
0 69.189453125 25.5859375 8.555814067917595 11.407752090556793
0 60.595703125 13.4765625 6.209408553886659 8.279211405182211
0 47.998046875 18.424479166666664 7.2603620931215325 9.680482790828709
0 35.44921875 16.9921875 6.972448522214271 9.296598029619028
0 25.78125 15.755208333333334 6.7138671875 8.951822916666668
0 29.296875 24.544270833333336 8.379840220792225 11.173120294389632
0 7.666015625 19.401041666666664 7.450290292806215 9.933720390408286
0 40.478515625 17.7734375 7.130933499479933 9.50791133263991
0 62.255859375 17.96875 7.170007400189656 9.56000986691954
0 82.2265625 19.661458333333336 7.500125566067204 10.00016742142294
0 96.630859375 21.875 7.911060422861158 10.548080563814876
0 84.521484375 17.1875 7.012405574387241 9.349874099182989
0 73.92578125 18.424479166666664 7.2603620931215325 9.680482790828709
0 64.55078125 16.341145833333336 6.837572174807153 9.116762899742872
0 37.40234375 16.536458333333336 6.878312786611722 9.171083715482297
0 18.115234375 18.424479166666664 7.2603620931215325 9.680482790828709
0 78.369140625 16.341145833333336 6.837572174807153 9.116762899742872
0 85.107421875 26.5625 8.717563999686098 11.62341866624813
0 39.111328125 15.364583333333334 6.6301150458985685 8.840153394531425
0 90.625 20.052083333333336 7.574263699945591 10.099018266594122
0 46.337890625 14.713541666666666 6.488126106405426 8.650834808540568
0 89.892578125 23.307291666666664 8.165947363439729 10.88792981791964
0 76.3671875 16.536458333333336 6.878312786611722 9.171083715482297
0 9.375 19.401041666666664 7.450290292806215 9.933720390408286
0 23.779296875 15.364583333333334 6.6301150458985685 8.840153394531425
0 85.595703125 18.815104166666664 7.336923388776433 9.782564518368577
0 27.44140625 16.796875 6.932261164306974 9.243014885742634
