0 98.53515625 44.27083333333333 11.254326730093856 15.005768973458474
0 88.916015625 52.799479166666664 12.290668069825603 16.38755742643414
0 68.310546875 61.979166666666664 13.316298968061174 17.75506529074823
0 73.291015625 51.822916666666664 12.176475429235841 16.235300572314458
0 84.1796875 47.13541666666667 11.612730462915312 15.483640617220415
0 99.70703125 46.61458333333333 11.548393511001283 15.397858014668378
0 94.04296875 32.421875 9.631185203893738 12.84158027185832
0 88.720703125 35.546875 10.084662867345157 13.44621715646021
0 79.345703125 35.41666666666667 10.066175843793117 13.421567791724156
0 69.384765625 35.546875 10.084662867345157 13.44621715646021
0 63.720703125 41.27604166666667 10.867000619363317 14.489334159151088
0 60.15625 51.692708333333336 12.161168728742233 16.214891638322978
0 60.595703125 76.30208333333334 14.7750469200564 19.700062560075203
0 70.80078125 77.9296875 14.931799100006184 19.909065466674914
0 97.607421875 66.86197916666666 13.830895011748852 18.44119334899847
0 43.701171875 82.8125 15.392480728660269 20.52330763821369
0 53.369140625 44.59635416666667 11.295627150464934 15.060836200619912
0 37.646484375 55.338541666666664 12.582719804741396 16.776959739655194
0 13.916015625 80.2734375 15.154674094159102 20.20623212554547
0 11.9140625 55.46875 12.597514306976498 16.796685742635333
0 1.513671875 54.817708333333336 12.523367021901361 16.69782269586848
0 26.611328125 48.046875 11.724470649596281 15.632627532795041
0 37.255859375 41.6015625 10.909767414379564 14.546356552506085
0 24.853515625 39.71354166666667 10.65933178501769 14.212442380023585
0 14.892578125 37.76041666666667 10.393912576859377 13.85855010247917
0 5.2734375 40.95052083333333 10.824064850444458 14.432086467259278
0 6.34765625 28.776041666666668 9.073528288158268 12.098037717544358
0 0.927734375 29.231770833333332 9.145095253766906 12.193460338355873
0 19.970703125 34.1796875 9.888825528576445 13.185100704768596
0 34.08203125 37.17447916666667 10.31295486371814 13.75060648495752
0 50.927734375 39.38802083333333 10.615556110184379 14.154074813579173
