0 90.4296875 19.270833333333336 7.425247229367944 9.900329639157258
0 85.44921875 18.619791666666664 7.298743129334349 9.731657505779133
0 79.638671875 17.057291666666664 6.985792933508055 9.31439057801074
0 68.06640625 16.145833333333336 6.796587356970242 9.062116475960323
0 58.10546875 15.950520833333334 6.755353888299149 9.0071385177322
0 69.580078125 16.276041666666664 6.823937919616058 9.09858389282141
0 56.298828125 15.299479166666666 6.61605328023645 8.821404373648601
0 66.50390625 16.731770833333336 6.9188135063199665 9.225084675093289
0 84.27734375 17.513020833333336 7.0784994535786145 9.437999271438152
0 86.865234375 18.489583333333336 7.273178276253042 9.697571035004056
0 34.619140625 16.40625 6.8511792970714245 9.134905729428567
0 23.046875 16.927083333333336 6.959078522333606 9.278771363111476
0 31.689453125 16.6015625 6.891839471823862 9.189119295765149
0 8.10546875 19.921875 7.549631882844837 10.066175843793117
0 1.806640625 19.7265625 7.512532730158185 10.01671030687758
0 5.029296875 19.401041666666664 7.450290292806215 9.933720390408286
