0 1.708984375 18.489583333333336 7.273178276253042 9.697571035004056
0 6.25 19.921875 7.549631882844837 10.066175843793117
0 10.400390625 18.619791666666664 7.298743129334349 9.731657505779133
0 4.052734375 19.010416666666664 7.37490598974278 9.833207986323707
0 16.552734375 17.317708333333336 7.038917599286375 9.385223465715166
0 22.314453125 16.276041666666664 6.823937919616058 9.09858389282141
0 31.787109375 15.885416666666666 6.741553355216833 8.988737806955777
0 27.5390625 15.755208333333334 6.7138671875 8.951822916666668
0 35.595703125 23.893229166666664 8.267954824306681 11.023939765742242
0 30.517578125 15.755208333333334 6.7138671875 8.951822916666668
0 28.61328125 31.966145833333332 9.56325660155786 12.751008802077147
0 30.712890625 17.1875 7.012405574387241 9.349874099182989
0 45.068359375 16.796875 6.932261164306974 9.243014885742634
0 39.74609375 17.96875 7.170007400189656 9.56000986691954
0 58.740234375 15.885416666666666 6.741553355216833 8.988737806955777
0 63.427734375 14.6484375 6.473755931273323 8.631674575031097
0 71.728515625 18.619791666666664 7.298743129334349 9.731657505779133
0 77.490234375 17.057291666666664 6.985792933508055 9.31439057801074
0 81.93359375 20.377604166666664 7.635495607419925 10.180660809893233
0 87.109375 20.052083333333336 7.574263699945591 10.099018266594122
0 96.58203125 22.330729166666664 7.993042513249997 10.657390017666662
0 92.724609375 28.645833333333332 9.052976668817948 12.07063555842393
0 98.876953125 21.940104166666664 7.92282408798045 10.5637654506406
