0 50.048828125 19.270833333333336 7.425247229367944 9.900329639157258
0 38.671875 15.494791666666666 6.658149484030587 8.877532645374115
0 30.419921875 20.182291666666664 7.598815672600545 10.13175423013406
0 37.109375 16.536458333333336 6.878312786611722 9.171083715482297
0 35.3515625 17.96875 7.170007400189656 9.56000986691954
0 28.173828125 15.755208333333334 6.7138671875 8.951822916666668
0 25.78125 15.364583333333334 6.6301150458985685 8.840153394531425
0 32.177734375 16.145833333333336 6.796587356970242 9.062116475960323
0 58.59375 14.453125 6.430452730012657 8.57393697335021
0 66.552734375 18.098958333333336 7.195938795502683 9.594585060670244
0 72.55859375 17.578125 7.091644310682526 9.455525747576702
0 89.453125 24.283854166666664 8.33526628646708 11.113688381956106
0 46.630859375 14.973958333333334 6.545291317604741 8.727055090139656
0 68.017578125 14.713541666666666 6.488126106405426 8.650834808540568
0 82.275390625 17.708333333333336 7.117861199762329 9.490481599683106
0 87.40234375 19.53125 7.475249459177179 9.966999278902906
0 94.873046875 19.53125 7.475249459177179 9.966999278902906
0 93.798828125 24.544270833333336 8.379840220792225 11.173120294389632
0 96.142578125 30.143229166666668 9.286574740419274 12.382099653892366
0 41.11328125 15.364583333333334 6.6301150458985685 8.840153394531425
0 75.0 17.708333333333336 7.117861199762329 9.490481599683106
0 99.267578125 30.6640625 9.366460725843998 12.48861430112533
0 44.189453125 16.276041666666664 6.823937919616058 9.09858389282141
0 61.865234375 14.973958333333334 6.545291317604741 8.727055090139656
0 69.53125 15.625 6.686066375795484 8.914755167727312
