0 4.736328125 21.223958333333336 7.792447103762027 10.389929471682702
0 13.232421875 17.643229166666664 7.104764847914316 9.473019797219088
0 27.685546875 15.8203125 6.72772451325946 8.970299351012613
0 18.65234375 16.276041666666664 6.823937919616058 9.09858389282141
0 33.251953125 15.950520833333334 6.755353888299149 9.0071385177322
0 25.634765625 15.8203125 6.72772451325946 8.970299351012613
0 16.357421875 20.052083333333336 7.574263699945591 10.099018266594122
0 23.291015625 17.057291666666664 6.985792933508055 9.31439057801074
0 57.568359375 20.5078125 7.659851317145468 10.21313508952729
0 97.705078125 30.729166666666668 9.376398618003673 12.501864824004896
0 90.72265625 19.270833333333336 7.425247229367944 9.900329639157258
0 94.53125 24.544270833333336 8.379840220792225 11.173120294389632
0 79.296875 16.861979166666664 6.945682786096826 9.260910381462436
0 85.595703125 18.229166666666664 7.221777078979024 9.629036105305365
0 70.1171875 44.3359375 11.262598930203817 15.016798573605088
0 76.66015625 31.640625 9.51443925056146 12.685919000748614
0 80.419921875 24.869791666666664 8.435226416678011 11.246968555570682
0 83.0078125 33.13802083333333 9.736972737758677 12.982630317011571
0 93.994140625 22.135416666666664 7.958010748538389 10.610680998051187
0 77.24609375 17.643229166666664 7.104764847914316 9.473019797219088
0 65.8203125 15.690104166666666 6.699981201202437 8.933308268269917
0 58.349609375 15.950520833333334 6.755353888299149 9.0071385177322
0 81.982421875 18.815104166666664 7.336923388776433 9.782564518368577
0 98.046875 23.958333333333336 8.279211405182211 11.038948540242949
0 68.994140625 15.690104166666666 6.699981201202437 8.933308268269917
0 61.5234375 16.145833333333336 6.796587356970242 9.062116475960323
0 94.873046875 20.052083333333336 7.574263699945591 10.099018266594122
0 95.99609375 22.005208333333336 7.9345703125 10.579427083333332
0 73.974609375 19.010416666666664 7.37490598974278 9.833207986323707
0 65.72265625 22.916666666666664 8.097228492078614 10.796304656104818
