0 87.79296875 16.276041666666664 6.823937919616058 9.09858389282141
0 47.412109375 16.276041666666664 6.823937919616058 9.09858389282141
0 53.7109375 44.79166666666667 11.320335077509403 15.093780103345871
0 71.2890625 14.0625 6.342959500374307 8.457279333832409
0 17.87109375 13.932291666666666 6.313525654778199 8.418034206370931
0 99.8046875 20.963541666666664 7.7444931277157725 10.325990836954363
0 95.849609375 25.846354166666668 8.59924487524742 11.465659833663226
0 94.091796875 20.3125 7.62328857226367 10.164384763018226
0 90.380859375 24.479166666666664 8.36871899463018 11.15829199284024
0 91.796875 18.815104166666664 7.336923388776433 9.782564518368577
0 85.498046875 21.09375 7.768507117527988 10.358009490037318
0 98.046875 21.809895833333336 7.8992792392241125 10.532372318965482
0 85.888671875 26.953125 8.78142979122202 11.708573054962693
0 92.87109375 23.4375 8.188725503539269 10.918300671385692
0 83.447265625 21.549479166666664 7.85197774064246 10.469303654189947
0 99.169921875 24.479166666666664 8.36871899463018 11.15829199284024
0 81.73828125 25.325520833333332 8.512161670520847 11.349548894027794
0 89.453125 20.182291666666664 7.598815672600545 10.13175423013406
0 76.7578125 30.338541666666668 9.316612257369233 12.42214967649231
0 78.076171875 16.536458333333336 6.878312786611722 9.171083715482297
0 76.85546875 24.8046875 8.424178309229896 11.23223774563986
0 79.1015625 18.033854166666664 7.182984799767957 9.577313066357275
0 72.265625 22.200520833333336 7.969705113037473 10.626273484049964
0 67.08984375 23.567708333333336 8.211440458419013 10.948587277892017
0 75.0 20.963541666666664 7.7444931277157725 10.325990836954363
0 66.50390625 17.578125 7.091644310682526 9.455525747576702
0 72.265625 16.2109375 6.810276368536802 9.080368491382403
0 62.646484375 17.578125 7.091644310682526 9.455525747576702
0 74.31640625 16.2109375 6.810276368536802 9.080368491382403
0 57.958984375 22.981770833333336 8.108722079825698 10.811629439767596
0 58.49609375 15.169270833333334 6.587839704871492 8.783786273161988
0 52.880859375 18.684895833333336 7.311492035346033 9.748656047128044
0 55.224609375 11.783854166666668 5.806365231457656 7.741820308610207
0 61.42578125 14.778645833333334 6.502464524127966 8.669952698837287
0 68.505859375 16.080729166666664 6.782870718656271 9.043827624875028
0 52.294921875 12.565104166666666 5.995752778438873 7.9943370379184975
0 70.458984375 15.950520833333334 6.755353888299149 9.0071385177322
0 50.439453125 10.546875 5.4931640625 7.32421875
0 56.73828125 16.080729166666664 6.782870718656271 9.043827624875028
0 64.16015625 16.276041666666664 6.823937919616058 9.09858389282141
0 54.00390625 14.778645833333334 6.502464524127966 8.669952698837287
0 48.4375 22.0703125 7.946299173761924 10.595065565015899
0 45.263671875 29.752604166666668 9.22620633412535 12.301608445500468
0 43.9453125 16.40625 6.8511792970714245 9.134905729428567
0 27.490234375 15.8203125 6.72772451325946 8.970299351012613
0 34.912109375 16.2109375 6.810276368536802 9.080368491382403
0 39.501953125 14.518229166666666 6.444919458600731 8.593225944800976
0 33.49609375 18.1640625 7.208869513560617 9.611826018080823
0 39.892578125 16.666666666666664 6.905339660024879 9.207119546699838
0 32.177734375 16.40625 6.8511792970714245 9.134905729428567
0 44.580078125 15.0390625 6.559504779115197 8.746006372153596
0 36.1328125 18.424479166666664 7.2603620931215325 9.680482790828709
0 30.95703125 17.1875 7.012405574387241 9.349874099182989
0 38.18359375 16.536458333333336 6.878312786611722 9.171083715482297
0 29.443359375 16.536458333333336 6.878312786611722 9.171083715482297
0 24.560546875 17.317708333333336 7.038917599286375 9.385223465715166
0 17.7734375 18.1640625 7.208869513560617 9.611826018080823
0 26.708984375 16.927083333333336 6.959078522333606 9.278771363111476
0 21.533203125 18.1640625 7.208869513560617 9.611826018080823
0 25.87890625 15.690104166666666 6.699981201202437 8.933308268269917
0 15.13671875 17.578125 7.091644310682526 9.455525747576702
0 14.94140625 26.953125 8.78142979122202 11.708573054962693
0 15.52734375 19.791666666666664 7.524919437217989 10.033225916290652
0 10.15625 35.22135416666667 10.038381471800859 13.384508629067811
0 13.28125 20.3125 7.62328857226367 10.164384763018226
0 6.884765625 28.3203125 9.001392336274797 12.001856448366395
0 8.447265625 17.708333333333336 7.117861199762329 9.490481599683106
0 3.271484375 21.940104166666664 7.92282408798045 10.5637654506406
0 10.888671875 19.205729166666664 7.412693970636669 9.883591960848893
0 6.591796875 18.033854166666664 7.182984799767957 9.577313066357275
0 1.953125 18.5546875 7.28597191547444 9.714629220632586
0 0.390625 26.106770833333332 8.642457433170346 11.52327657756046
0 0.48828125 19.075520833333336 7.3875234600282 9.850031280037602
0 15.33203125 33.59375 9.803697756475225 13.071597008633635
0 19.580078125 27.604166666666668 8.886852892188134 11.849137189584178
0 24.560546875 30.989583333333332 9.416045300623482 12.554727067497975
0 4.345703125 48.89322916666667 11.82728416447516 15.76971221930021
0 23.974609375 27.213541666666668 8.823750179932228 11.765000239909636
0 24.853515625 39.77864583333333 10.668065364348472 14.224087152464628
0 37.98828125 29.361979166666668 9.16544031840894 12.220587091211922
0 58.056640625 52.5390625 12.260320694946696 16.347094259928927
0 57.03125 61.588541666666664 13.274269513508024 17.6990260180107
0 67.724609375 61.067708333333336 13.218022355778636 17.624029807704847
0 70.361328125 52.083333333333336 12.20703125 16.276041666666664
0 76.7578125 54.296875 12.463731601966636 16.61830880262218
0 46.484375 72.8515625 14.437104702776942 19.249472937035925
