0 35.205078125 59.765625 13.076345999529144 17.43512799937219
0 11.03515625 86.97916666666666 15.774960917138776 21.0332812228517
0 42.7734375 83.59375 15.464916332177644 20.619888442903527
0 63.330078125 59.505208333333336 13.047826126972625 17.397101502630168
0 87.109375 63.4765625 13.476197610973886 17.968263481298514
0 74.70703125 53.7109375 12.396298835198914 16.528398446931885
0 50.87890625 50.5859375 12.03027547877626 16.040367305035012
0 34.765625 44.140625 11.237764062208234 14.983685416277645
0 22.94921875 50.9765625 12.076635093633655 16.10218012484487
0 2.099609375 59.049479166666664 12.99776577090262 17.330354361203494
0 13.427734375 40.16927083333333 10.720317425689878 14.293756567586504
0 5.712890625 36.78385416666667 10.258628121320564 13.678170828427419
0 18.5546875 32.94270833333333 9.708235913444133 12.944314551258843
0 20.8984375 25.260416666666668 8.501213548086012 11.334951397448016
0 16.50390625 21.940104166666664 7.92282408798045 10.5637654506406
0 4.052734375 28.645833333333332 9.052976668817948 12.07063555842393
0 50.048828125 28.515625 9.03237828793258 12.043171050576774
0 40.33203125 32.48697916666667 9.640850219074288 12.854466958765718
0 48.2421875 36.9140625 10.276768945607138 13.702358594142853
0 33.10546875 36.328125 10.194881035455362 13.593174713940485
0 58.984375 36.78385416666667 10.258628121320564 13.678170828427419
0 64.35546875 42.25260416666667 10.994801962067763 14.659735949423682
0 80.56640625 39.19270833333333 10.589203840879804 14.118938454506406
0 85.400390625 36.45833333333333 10.21313508952729 13.617513452703053
0 89.208984375 33.85416666666667 9.841623227903504 13.122164303871338
0 73.486328125 32.35677083333333 9.621510480001493 12.828680640001991
0 80.859375 27.734375 8.907787792557633 11.877050390076842
0 74.90234375 28.515625 9.03237828793258 12.043171050576774
0 68.45703125 26.497395833333332 8.706874156303165 11.609165541737553
0 60.83984375 29.361979166666668 9.16544031840894 12.220587091211922
0 59.912109375 21.549479166666664 7.85197774064246 10.469303654189947
0 42.87109375 25.78125 8.588407763348565 11.451210351131419
0 47.998046875 23.177083333333336 8.143105507889608 10.857474010519478
0 40.625 20.182291666666664 7.598815672600545 10.13175423013406
0 30.029296875 19.921875 7.549631882844837 10.066175843793117
0 31.396484375 30.078125 9.276540621075844 12.368720828101127
0 8.30078125 29.361979166666668 9.16544031840894 12.220587091211922
0 19.189453125 17.708333333333336 7.117861199762329 9.490481599683106
0 24.8046875 13.4765625 6.209408553886659 8.279211405182211
0 35.888671875 15.234375 6.60196156395994 8.802615418613254
0 46.77734375 15.4296875 6.644147051109997 8.858862734813329
0 57.373046875 19.661458333333336 7.500125566067204 10.00016742142294
0 48.2421875 18.684895833333336 7.311492035346033 9.748656047128044
0 55.419921875 14.713541666666666 6.488126106405426 8.650834808540568
0 50.87890625 17.447916666666664 7.065330140863174 9.420440187817565
0 70.99609375 18.1640625 7.208869513560617 9.611826018080823
0 80.95703125 14.583333333333334 6.459353786778786 8.612471715705048
0 77.685546875 22.65625 8.051090062422436 10.734786749896582
0 86.42578125 22.526041666666664 8.027921409891299 10.703895213188398
0 98.73046875 35.80729166666667 10.121535615098267 13.495380820131023
0 95.751953125 43.48958333333333 11.154581837461587 14.872775783282115
0 92.87109375 31.119791666666668 9.4358061729372 12.5810748972496
0 86.5234375 29.1015625 9.124704826492952 12.166273101990603
0 92.67578125 24.739583333333336 8.413115693414442 11.217487591219255
0 88.037109375 26.106770833333332 8.642457433170346 11.52327657756046
0 59.912109375 24.544270833333336 8.379840220792225 11.173120294389632
0 67.236328125 23.763020833333336 8.245395560367612 10.993860747156816
0 72.55859375 22.265625 7.981382342908947 10.641843123878598
0 91.552734375 21.158854166666664 7.780486318348366 10.373981757797822
0 83.837890625 21.2890625 7.804389558437758 10.405852744583676
0 33.10546875 16.2109375 6.810276368536802 9.080368491382403
0 27.392578125 17.838541666666664 7.143981879101334 9.525309172135112
0 22.16796875 17.1875 7.012405574387241 9.349874099182989
0 12.40234375 22.265625 7.981382342908947 10.641843123878598
0 4.19921875 20.572916666666664 7.672000176987631 10.229333569316841
0 9.521484375 16.341145833333336 6.837572174807153 9.116762899742872
0 1.220703125 18.5546875 7.28597191547444 9.714629220632586
0 6.54296875 16.927083333333336 6.959078522333606 9.278771363111476
0 29.1015625 15.690104166666666 6.699981201202437 8.933308268269917
0 28.41796875 13.8671875 6.298757153488249 8.398342871317666
0 61.865234375 16.2109375 6.810276368536802 9.080368491382403
0 58.3984375 17.838541666666664 7.143981879101334 9.525309172135112
0 65.869140625 16.796875 6.932261164306974 9.243014885742634
0 1.904296875 46.61458333333333 11.548393511001283 15.397858014668378
0 26.3671875 24.283854166666664 8.33526628646708 11.113688381956106
0 79.541015625 19.205729166666664 7.412693970636669 9.883591960848893
0 95.849609375 19.921875 7.549631882844837 10.066175843793117
0 86.328125 16.927083333333336 6.959078522333606 9.278771363111476
0 98.4375 52.799479166666664 12.290668069825603 16.38755742643414
0 82.71484375 22.526041666666664 8.027921409891299 10.703895213188398
0 12.20703125 18.9453125 7.3622668956389274 9.816355860851903
0 7.03125 19.791666666666664 7.524919437217989 10.033225916290652
