0 37.3046875 63.802083333333336 13.510707776598299 18.0142770354644
0 52.001953125 49.54427083333333 11.905767335895483 15.874356447860643
0 68.115234375 60.677083333333336 13.175679409742983 17.567572546323976
0 45.01953125 84.1796875 15.519021160999902 20.692028214666536
0 5.712890625 74.73958333333334 14.622984070692066 19.49731209425609
0 20.01953125 49.15364583333333 11.85873976301602 15.811653017354693
0 31.494140625 36.1328125 10.167438506443897 13.556584675258529
0 35.3515625 42.64322916666667 11.045508466097326 14.7273446214631
0 50.244140625 39.12760416666667 10.580405165624827 14.107206887499771
0 44.3359375 33.33333333333333 9.765625 13.020833333333334
0 31.884765625 29.947916666666668 9.25643975103949 12.341919668052654
0 16.50390625 32.6171875 9.660151239834237 12.880201653112316
0 4.150390625 57.291666666666664 12.802842384889546 17.07045651318606
0 3.22265625 30.208333333333332 9.296598029619028 12.395464039492039
0 8.984375 28.385416666666668 9.011732824849489 12.015643766465985
0 4.1015625 25.5859375 8.555814067917595 11.407752090556793
0 22.265625 27.1484375 8.81318913463968 11.750918846186241
0 80.810546875 53.645833333333336 12.388783648794213 16.518378198392284
0 86.9140625 64.51822916666666 13.586321587861368 18.115095450481824
0 97.4609375 57.682291666666664 12.846414294341546 17.128552392455397
0 94.189453125 45.63802083333333 11.426785416777987 15.235713889037317
0 75.634765625 40.95052083333333 10.824064850444458 14.432086467259278
0 64.0625 41.14583333333333 10.849846700824694 14.466462267766259
0 60.05859375 35.28645833333333 10.047654805392046 13.39687307385606
0 61.81640625 30.729166666666668 9.376398618003673 12.501864824004896
0 50.048828125 29.1015625 9.124704826492952 12.166273101990603
0 43.408203125 24.739583333333336 8.413115693414442 11.217487591219255
0 48.046875 21.744791666666664 7.887480458569388 10.51664061142585
0 59.423828125 25.911458333333332 8.610068346964042 11.480091129285388
0 80.810546875 38.21614583333333 10.456446349494515 13.941928465992687
0 74.365234375 33.13802083333333 9.736972737758677 12.982630317011571
0 85.693359375 35.22135416666667 10.038381471800859 13.384508629067811
0 3.41796875 19.921875 7.549631882844837 10.066175843793117
0 12.20703125 22.265625 7.981382342908947 10.641843123878598
0 19.482421875 21.6796875 7.875664001809045 10.500885335745393
0 29.345703125 23.6328125 8.222774405094897 10.963699206793196
0 41.552734375 20.963541666666664 7.7444931277157725 10.325990836954363
0 60.3515625 21.2890625 7.804389558437758 10.405852744583676
0 65.869140625 23.307291666666664 8.165947363439729 10.88792981791964
0 74.21875 28.190104166666668 8.980675640601907 11.974234187469209
0 89.0625 33.0078125 9.717824296930333 12.957099062573777
0 93.5546875 31.966145833333332 9.56325660155786 12.751008802077147
0 95.751953125 22.916666666666664 8.097228492078614 10.796304656104818
0 89.55078125 29.231770833333332 9.145095253766906 12.193460338355873
0 79.931640625 25.260416666666668 8.501213548086012 11.334951397448016
0 72.8515625 20.963541666666664 7.7444931277157725 10.325990836954363
0 50.244140625 19.791666666666664 7.524919437217989 10.033225916290652
0 43.5546875 19.010416666666664 7.37490598974278 9.833207986323707
0 31.103515625 21.028645833333336 7.756509415978292 10.342012554637723
0 27.24609375 19.53125 7.475249459177179 9.966999278902906
0 40.72265625 17.317708333333336 7.038917599286375 9.385223465715166
0 49.12109375 16.40625 6.8511792970714245 9.134905729428567
0 59.375 18.1640625 7.208869513560617 9.611826018080823
0 52.294921875 16.796875 6.932261164306974 9.243014885742634
0 61.9140625 15.364583333333334 6.6301150458985685 8.840153394531425
0 57.421875 16.015625 6.7691262856502785 9.025501714200372
0 45.1171875 16.015625 6.7691262856502785 9.025501714200372
0 55.419921875 14.322916666666666 6.401421192444773 8.53522825659303
0 47.0703125 14.322916666666666 6.401421192444773 8.53522825659303
0 35.7421875 17.252604166666664 7.025674092542321 9.367565456723094
0 29.1015625 13.802083333333334 6.283953943473511 8.378605257964681
0 36.23046875 14.0625 6.342959500374307 8.457279333832409
0 66.845703125 17.317708333333336 7.038917599286375 9.385223465715166
0 69.04296875 12.6953125 6.026738787271576 8.0356517163621
0 79.248046875 16.276041666666664 6.823937919616058 9.09858389282141
0 78.02734375 23.307291666666664 8.165947363439729 10.88792981791964
0 81.103515625 22.526041666666664 8.027921409891299 10.703895213188398
0 89.2578125 26.236979166666668 8.66398288975732 11.551977186343091
0 86.376953125 21.549479166666664 7.85197774064246 10.469303654189947
0 91.796875 17.96875 7.170007400189656 9.56000986691954
0 90.625 24.739583333333336 8.413115693414442 11.217487591219255
0 81.787109375 18.489583333333336 7.273178276253042 9.697571035004056
0 98.681640625 20.442708333333336 7.647683158045451 10.196910877393934
0 17.7734375 18.1640625 7.208869513560617 9.611826018080823
0 25.537109375 16.927083333333336 6.959078522333606 9.278771363111476
0 30.712890625 18.75 7.32421875 9.765625
0 20.8984375 17.96875 7.170007400189656 9.56000986691954
0 29.00390625 17.057291666666664 6.985792933508055 9.31439057801074
0 19.482421875 15.8203125 6.72772451325946 8.970299351012613
0 32.12890625 15.885416666666666 6.741553355216833 8.988737806955777
0 11.669921875 19.010416666666664 7.37490598974278 9.833207986323707
0 1.7578125 16.731770833333336 6.9188135063199665 9.225084675093289
0 12.744140625 15.559895833333334 6.672122530845778 8.896163374461038
0 6.0546875 17.513020833333336 7.0784994535786145 9.437999271438152
0 13.76953125 17.252604166666664 7.025674092542321 9.367565456723094
0 23.193359375 16.2109375 6.810276368536802 9.080368491382403
0 30.029296875 15.169270833333334 6.587839704871492 8.783786273161988
0 8.740234375 18.684895833333336 7.311492035346033 9.748656047128044
0 37.6953125 15.299479166666666 6.61605328023645 8.821404373648601
0 10.15625 17.122395833333336 6.9991119025755095 9.332149203434014
0 31.201171875 14.583333333333334 6.459353786778786 8.612471715705048
0 33.642578125 15.169270833333334 6.587839704871492 8.783786273161988
