0 91.064453125 66.73177083333334 13.817421170253628 18.423228227004838
0 92.96875 54.947916666666664 12.538231557723472 16.71764207696463
0 89.990234375 44.3359375 11.262598930203817 15.016798573605088
0 94.04296875 42.96875 11.087586745962493 14.783448994616657
0 91.50390625 33.91927083333333 9.851081781963485 13.134775709284646
0 96.97265625 31.380208333333332 9.475204282385269 12.633605709847027
0 91.796875 28.971354166666668 9.104268731797058 12.139024975729411
0 99.365234375 30.729166666666668 9.376398618003673 12.501864824004896
0 76.85546875 29.947916666666668 9.25643975103949 12.341919668052654
0 98.14453125 29.427083333333332 9.175595934065496 12.234127912087327
0 75.29296875 31.510416666666668 9.494842032534208 12.659789376712277
0 94.677734375 30.403645833333332 9.326603265341873 12.43547102045583
0 86.71875 23.958333333333336 8.279211405182211 11.038948540242949
0 70.703125 19.466145833333336 7.462780310447684 9.950373747263578
0 85.15625 23.177083333333336 8.143105507889608 10.857474010519478
0 70.458984375 22.200520833333336 7.969705113037473 10.626273484049964
0 56.8359375 48.56770833333333 11.787846628312968 15.717128837750623
0 50.927734375 50.1953125 11.983736521039955 15.978315361386604
0 55.029296875 52.734375 12.283088255308904 16.377451007078538
0 74.8046875 53.90625 12.418817107773318 16.558422810364423
0 76.708984375 54.296875 12.463731601966636 16.61830880262218
0 4.345703125 61.263020833333336 13.239143044118567 17.652190725491423
0 1.5625 46.484375 11.532253190729483 15.376337587639311
0 4.00390625 32.8125 9.689030680168178 12.918707573557572
0 5.6640625 25.065104166666668 8.468284256293707 11.291045675058275
0 31.640625 20.8984375 7.732458166088822 10.309944221451763
0 28.80859375 24.088541666666664 8.301678777304348 11.068905036405797
0 42.67578125 24.088541666666664 8.301678777304348 11.068905036405797
0 52.83203125 28.450520833333332 9.02206146184966 12.029415282466214
0 57.51953125 25.716145833333332 8.57755695956738 11.436742612756506
0 48.828125 22.981770833333336 8.108722079825698 10.811629439767596
0 50.146484375 18.1640625 7.208869513560617 9.611826018080823
0 51.123046875 37.82552083333333 10.40286898746296 13.870491983283944
0 83.349609375 25.846354166666668 8.59924487524742 11.465659833663226
0 59.08203125 18.294270833333336 7.234661615679748 9.646215487572997
0 62.744140625 16.731770833333336 6.9188135063199665 9.225084675093289
0 56.0546875 13.671875 6.254242410864013 8.338989881152017
0 54.8828125 16.2109375 6.810276368536802 9.080368491382403
0 46.2890625 14.322916666666666 6.401421192444773 8.53522825659303
0 22.4609375 19.3359375 7.437779301119349 9.917039068159132
0 13.671875 20.052083333333336 7.574263699945591 10.099018266594122
0 14.404296875 18.9453125 7.3622668956389274 9.816355860851903
0 4.98046875 17.317708333333336 7.038917599286375 9.385223465715166
0 32.12890625 16.40625 6.8511792970714245 9.134905729428567
0 52.197265625 17.513020833333336 7.0784994535786145 9.437999271438152
0 55.95703125 15.559895833333334 6.672122530845778 8.896163374461038
0 84.27734375 18.9453125 7.3622668956389274 9.816355860851903
0 82.51953125 18.489583333333336 7.273178276253042 9.697571035004056
0 83.447265625 17.643229166666664 7.104764847914316 9.473019797219088
0 65.8203125 15.559895833333334 6.672122530845778 8.896163374461038
0 96.630859375 27.9296875 8.939098215256843 11.918797620342456
0 49.072265625 17.513020833333336 7.0784994535786145 9.437999271438152
0 22.119140625 16.861979166666664 6.945682786096826 9.260910381462436
0 9.326171875 16.731770833333336 6.9188135063199665 9.225084675093289
0 0.244140625 18.294270833333336 7.234661615679748 9.646215487572997
0 63.916015625 34.04947916666667 9.869971697263324 13.159962263017766
0 66.357421875 35.546875 10.084662867345157 13.44621715646021
0 50.1953125 21.744791666666664 7.887480458569388 10.51664061142585
0 32.91015625 20.377604166666664 7.635495607419925 10.180660809893233
0 8.69140625 26.5625 8.717563999686098 11.62341866624813
0 92.529296875 21.744791666666664 7.887480458569388 10.51664061142585
0 92.041015625 23.111979166666664 8.131660519088275 10.842214025451032
0 68.359375 21.223958333333336 7.792447103762027 10.389929471682702
0 25.1953125 53.90625 12.418817107773318 16.558422810364423
0 23.53515625 26.171875 8.653226854710587 11.537635806280782
0 7.373046875 21.6796875 7.875664001809045 10.500885335745393
0 99.365234375 18.489583333333336 7.273178276253042 9.697571035004056
0 99.609375 27.473958333333332 8.865868558553435 11.821158078071248
0 89.013671875 31.0546875 9.425930915210266 12.567907886947022
0 83.59375 38.28125 10.46534924284805 13.953798990464069
0 95.01953125 49.21875 11.866590634291736 15.822120845722315
0 84.08203125 60.416666666666664 13.147375017418222 17.52983335655763
0 75.87890625 50.325520833333336 11.999269562583924 15.99902608344523
0 65.478515625 55.013020833333336 12.545657221126994 16.72754296150266
0 63.330078125 39.84375 10.676791799643494 14.235722399524658
0 73.681640625 26.041666666666668 8.631674575031099 11.508899433374797
0 70.654296875 31.315104166666668 9.465370128949479 12.62049350526597
0 62.353515625 30.859375 9.396242870080965 12.52832382677462
0 66.455078125 21.028645833333336 7.756509415978292 10.342012554637723
0 77.880859375 22.8515625 8.085718566584333 10.780958088779109
0 81.982421875 24.283854166666664 8.33526628646708 11.113688381956106
0 87.939453125 25.716145833333332 8.57755695956738 11.436742612756506
0 95.068359375 18.619791666666664 7.298743129334349 9.731657505779133
0 94.3359375 23.958333333333336 8.279211405182211 11.038948540242949
0 98.388671875 21.875 7.911060422861158 10.548080563814876
0 91.748046875 18.619791666666664 7.298743129334349 9.731657505779133
0 86.572265625 19.466145833333336 7.462780310447684 9.950373747263578
0 87.646484375 35.67708333333333 10.103116062772735 13.470821417030313
0 99.70703125 41.14583333333333 10.849846700824694 14.466462267766259
0 92.724609375 17.513020833333336 7.0784994535786145 9.437999271438152
0 88.427734375 18.359375 7.247523246483103 9.663364328644137
0 88.134765625 15.559895833333334 6.672122530845778 8.896163374461038
0 89.84375 16.276041666666664 6.823937919616058 9.09858389282141
0 85.595703125 15.755208333333334 6.7138671875 8.951822916666668
0 84.814453125 14.908854166666666 6.531046923532928 8.708062564710572
0 83.0078125 15.625 6.686066375795484 8.914755167727312
0 80.908203125 14.583333333333334 6.459353786778786 8.612471715705048
0 79.39453125 14.6484375 6.473755931273323 8.631674575031097
0 78.125 14.192708333333334 6.372257390692475 8.496343187589966
0 75.634765625 16.2109375 6.810276368536802 9.080368491382403
0 75.87890625 13.346354166666666 6.179338602086361 8.239118136115147
0 74.169921875 13.541666666666666 6.224389054678692 8.299185406238257
0 72.36328125 13.151041666666666 6.133957288281793 8.178609717709058
0 70.654296875 15.4296875 6.644147051109997 8.858862734813329
0 72.021484375 17.1875 7.012405574387241 9.349874099182989
0 64.306640625 14.192708333333334 6.372257390692475 8.496343187589966
0 69.482421875 12.174479166666668 5.901818727360142 7.8690916364801895
0 65.234375 13.151041666666666 6.133957288281793 8.178609717709058
0 68.505859375 13.216145833333334 6.149121606326259 8.198828808435012
0 67.431640625 16.861979166666664 6.945682786096826 9.260910381462436
0 67.87109375 14.973958333333334 6.545291317604741 8.727055090139656
0 63.330078125 11.9140625 5.838356466585996 7.784475288781327
0 58.49609375 16.731770833333336 6.9188135063199665 9.225084675093289
0 60.44921875 14.6484375 6.473755931273323 8.631674575031097
0 62.255859375 13.020833333333334 6.103515625 8.138020833333332
0 58.59375 12.825520833333334 6.057566296777102 8.076755062369468
0 60.05859375 12.174479166666668 5.901818727360142 7.8690916364801895
0 56.8359375 12.174479166666668 5.901818727360142 7.8690916364801895
0 54.98046875 11.263020833333332 5.676597667766807 7.568796890355743
0 45.21484375 14.192708333333334 6.372257390692475 8.496343187589966
0 56.4453125 17.838541666666664 7.143981879101334 9.525309172135112
0 55.126953125 20.442708333333336 7.647683158045451 10.196910877393934
0 59.130859375 22.4609375 8.016311973000304 10.688415964000404
0 49.12109375 34.70052083333333 9.963884104806219 13.28517880640829
0 60.9375 26.171875 8.653226854710587 11.537635806280782
0 71.728515625 11.393229166666668 5.7093160808928545 7.612421441190473
0 66.796875 12.825520833333334 6.057566296777102 8.076755062369468
0 95.99609375 22.005208333333336 7.9345703125 10.579427083333332
0 46.77734375 18.294270833333336 7.234661615679748 9.646215487572997
0 48.14453125 16.40625 6.8511792970714245 9.134905729428567
0 43.1640625 13.4765625 6.209408553886659 8.279211405182211
0 41.748046875 12.239583333333332 5.917577950947668 7.8901039345968895
0 41.6015625 13.802083333333334 6.283953943473511 8.378605257964681
0 39.55078125 14.192708333333334 6.372257390692475 8.496343187589966
0 38.232421875 15.559895833333334 6.672122530845778 8.896163374461038
0 38.330078125 17.317708333333336 7.038917599286375 9.385223465715166
0 38.818359375 12.890625 6.072921369058959 8.097228492078614
0 37.98828125 12.5 5.980199567341744 7.973599423122326
0 36.669921875 13.020833333333334 6.103515625 8.138020833333332
0 34.9609375 13.346354166666666 6.179338602086361 8.239118136115147
0 33.69140625 13.4765625 6.209408553886659 8.279211405182211
0 32.470703125 13.802083333333334 6.283953943473511 8.378605257964681
0 31.34765625 13.216145833333334 6.149121606326259 8.198828808435012
0 27.001953125 17.643229166666664 7.104764847914316 9.473019797219088
0 28.564453125 13.151041666666666 6.133957288281793 8.178609717709058
0 21.142578125 14.6484375 6.473755931273323 8.631674575031097
0 27.294921875 14.453125 6.430452730012657 8.57393697335021
0 29.443359375 15.104166666666666 6.573687508709111 8.764916678278816
0 29.541015625 17.708333333333336 7.117861199762329 9.490481599683106
0 26.171875 20.8984375 7.732458166088822 10.309944221451763
0 23.53515625 13.216145833333334 6.149121606326259 8.198828808435012
0 17.236328125 13.151041666666666 6.133957288281793 8.178609717709058
0 19.921875 13.997395833333334 6.328259690346595 8.437679587128793
0 15.4296875 14.322916666666666 6.401421192444773 8.53522825659303
0 14.16015625 13.8671875 6.298757153488249 8.398342871317666
0 12.6953125 13.8671875 6.298757153488249 8.398342871317666
0 7.958984375 16.861979166666664 6.945682786096826 9.260910381462436
0 7.2265625 17.838541666666664 7.143981879101334 9.525309172135112
0 6.982421875 15.234375 6.60196156395994 8.802615418613254
0 11.376953125 17.96875 7.170007400189656 9.56000986691954
0 4.6875 15.104166666666666 6.573687508709111 8.764916678278816
0 2.587890625 16.40625 6.8511792970714245 9.134905729428567
0 1.220703125 14.908854166666666 6.531046923532928 8.708062564710572
0 0.244140625 14.973958333333334 6.545291317604741 8.727055090139656
0 4.6875 20.572916666666664 7.672000176987631 10.229333569316841
0 2.783203125 28.125 8.970299351012615 11.960399134683486
0 11.1328125 27.9296875 8.939098215256843 11.918797620342456
0 13.28125 43.68489583333333 11.179601491707887 14.906135322277184
0 14.599609375 24.934895833333336 8.446260072691679 11.26168009692224
0 8.203125 36.00260416666667 10.149102263376399 13.53213635116853
0 22.94921875 50.78125 12.053477574543152 16.0713034327242
0 43.65234375 63.216145833333336 13.448525718097354 17.931367624129805
0 14.111328125 66.73177083333334 13.817421170253628 18.423228227004838
0 3.271484375 69.3359375 14.0844491689628 18.779265558617066
0 1.611328125 58.3984375 12.925914663420027 17.234552884560035
0 91.650390625 85.87239583333334 15.674274949214182 20.899033265618908
0 10.400390625 14.778645833333334 6.502464524127966 8.669952698837287
0 18.212890625 16.40625 6.8511792970714245 9.134905729428567
0 51.025390625 15.104166666666666 6.573687508709111 8.764916678278816
0 51.416015625 8.984375 5.069960853831833 6.75994780510911
0 20.3125 18.815104166666664 7.336923388776433 9.782564518368577
0 20.60546875 23.6328125 8.222774405094897 10.963699206793196
0 16.89453125 21.419270833333336 7.828219811023351 10.437626414697803
0 34.1796875 18.684895833333336 7.311492035346033 9.748656047128044
0 31.982421875 39.84375 10.676791799643494 14.235722399524658
0 28.125 32.29166666666667 9.611826018080825 12.815768024107768
0 33.642578125 33.72395833333333 9.82267879603948 13.096905061385971
0 37.744140625 25.716145833333332 8.57755695956738 11.436742612756506
0 39.697265625 20.8984375 7.732458166088822 10.309944221451763
0 47.412109375 43.68489583333333 11.179601491707887 14.906135322277184
0 13.525390625 16.080729166666664 6.782870718656271 9.043827624875028
0 22.0703125 13.151041666666666 6.133957288281793 8.178609717709058
0 26.220703125 14.453125 6.430452730012657 8.57393697335021
0 25.5859375 13.8671875 6.298757153488249 8.398342871317666
0 45.60546875 12.369791666666668 5.948971157720314 7.931961543627086
0 46.6796875 11.71875 5.790303332827843 7.720404443770458
0 46.826171875 24.934895833333336 8.446260072691679 11.26168009692224
0 47.509765625 28.580729166666668 9.042683343523592 12.056911124698123
0 41.845703125 31.0546875 9.425930915210266 12.567907886947022
