0 42.1875 73.046875 14.45644443643434 19.275259248579122
0 38.4765625 56.510416666666664 12.715250644531043 16.95366752604139
0 24.853515625 51.432291666666664 12.130497384247919 16.17399651233056
0 51.611328125 45.703125 11.434932858395506 15.24657714452734
0 65.673828125 55.2734375 12.575316026633615 16.767088035511488
0 87.841796875 88.60677083333334 15.921871900324197 21.229162533765596
0 85.64453125 61.1328125 13.225066333020294 17.633421777360393
0 91.50390625 51.041666666666664 12.084344405043538 16.112459206724715
0 91.30859375 43.61979166666667 11.171267833082963 14.895023777443953
0 78.90625 44.98697916666667 11.344989193994817 15.126652258659753
0 76.953125 54.427083333333336 12.478667175452193 16.638222900602926
0 66.162109375 41.73177083333333 10.926827264384862 14.569103019179815
0 79.00390625 36.65364583333333 10.240455160865794 13.653940214487726
0 73.046875 30.794270833333332 9.386325988299376 12.515101317732501
0 60.64453125 33.13802083333333 9.736972737758677 12.982630317011571
0 61.962890625 26.822916666666668 8.760192928715409 11.680257238287211
0 49.267578125 35.41666666666667 10.066175843793117 13.421567791724156
0 34.5703125 39.12760416666667 10.580405165624827 14.107206887499771
0 31.8359375 33.13802083333333 9.736972737758677 12.982630317011571
0 37.353515625 28.7109375 9.063258303782652 12.084344405043536
0 42.919921875 31.0546875 9.425930915210266 12.567907886947022
0 42.3828125 23.828125 8.256682897014576 11.008910529352768
0 19.53125 36.78385416666667 10.258628121320564 13.678170828427419
0 1.46484375 57.486979166666664 12.824646844147154 17.099529125529536
0 0.732421875 75.13020833333334 14.661147643389056 19.548196857852073
0 3.80859375 29.6875 9.216106488367615 12.288141984490153
0 8.740234375 28.90625 9.094033462982996 12.125377950643994
0 23.53515625 28.3203125 9.001392336274797 12.001856448366395
0 21.044921875 24.21875 8.324085508414218 11.098780677885625
0 27.197265625 22.4609375 8.016311973000304 10.688415964000404
0 11.328125 20.963541666666664 7.7444931277157725 10.325990836954363
0 51.513671875 50.78125 12.053477574543152 16.0713034327242
0 66.064453125 61.71875 13.288294102219997 17.717725469626664
0 86.474609375 66.2109375 13.763393901098246 18.351191868130993
0 91.845703125 56.770833333333336 12.74451478138495 16.992686375179932
0 58.69140625 36.39322916666667 10.204012144348443 13.605349525797925
0 61.474609375 36.39322916666667 10.204012144348443 13.605349525797925
0 72.75390625 33.65885416666667 9.813192865486773 13.084257153982362
0 68.212890625 23.958333333333336 8.279211405182211 11.038948540242949
0 71.923828125 22.721354166666664 8.062649422377262 10.75019922983635
0 4.248046875 33.0078125 9.717824296930333 12.957099062573777
0 49.267578125 22.981770833333336 8.108722079825698 10.811629439767596
0 88.525390625 21.614583333333336 7.863829789260941 10.485106385681254
0 79.00390625 14.388020833333334 6.415953381844678 8.554604509126236
