0 84.619140625 41.40625 10.884127502518925 14.512170003358568
0 53.564453125 34.30989583333333 9.907643481901811 13.210191309202415
0 61.23046875 24.934895833333336 8.446260072691679 11.26168009692224
0 85.05859375 30.143229166666668 9.286574740419274 12.382099653892366
0 98.779296875 31.510416666666668 9.494842032534208 12.659789376712277
0 86.083984375 24.934895833333336 8.446260072691679 11.26168009692224
0 97.607421875 28.190104166666668 8.980675640601907 11.974234187469209
0 91.11328125 19.791666666666664 7.524919437217989 10.033225916290652
0 97.607421875 23.567708333333336 8.211440458419013 10.948587277892017
0 84.619140625 22.8515625 8.085718566584333 10.780958088779109
0 99.267578125 20.8984375 7.732458166088822 10.309944221451763
0 88.818359375 21.614583333333336 7.863829789260941 10.485106385681254
0 74.609375 22.981770833333336 8.108722079825698 10.811629439767596
0 80.56640625 22.8515625 8.085718566584333 10.780958088779109
0 76.3671875 20.768229166666664 7.708331872750909 10.277775830334546
0 87.890625 17.708333333333336 7.117861199762329 9.490481599683106
0 80.76171875 18.294270833333336 7.234661615679748 9.646215487572997
0 86.328125 18.815104166666664 7.336923388776433 9.782564518368577
0 76.806640625 16.471354166666664 6.864759447755123 9.15301259700683
0 83.7890625 17.838541666666664 7.143981879101334 9.525309172135112
0 70.849609375 14.388020833333334 6.415953381844678 8.554604509126236
0 83.154296875 20.247395833333336 7.611061958825638 10.148082611767517
0 78.173828125 15.169270833333334 6.587839704871492 8.783786273161988
0 67.3828125 15.625 6.686066375795484 8.914755167727312
0 77.734375 19.661458333333336 7.500125566067204 10.00016742142294
0 65.91796875 15.885416666666666 6.741553355216833 8.988737806955777
0 56.591796875 18.098958333333336 7.195938795502683 9.594585060670244
0 64.16015625 16.6015625 6.891839471823862 9.189119295765149
0 57.32421875 15.0390625 6.559504779115197 8.746006372153596
0 45.21484375 16.9921875 6.972448522214271 9.296598029619028
0 60.791015625 14.388020833333334 6.415953381844678 8.554604509126236
0 56.103515625 13.802083333333334 6.283953943473511 8.378605257964681
0 39.892578125 16.6015625 6.891839471823862 9.189119295765149
0 53.271484375 15.755208333333334 6.7138671875 8.951822916666668
0 45.703125 14.192708333333334 6.372257390692475 8.496343187589966
0 36.42578125 18.9453125 7.3622668956389274 9.816355860851903
0 42.578125 16.015625 6.7691262856502785 9.025501714200372
0 28.759765625 19.53125 7.475249459177179 9.966999278902906
0 21.337890625 27.083333333333332 8.802615418613255 11.736820558151006
0 25.9765625 22.8515625 8.085718566584333 10.780958088779109
0 6.93359375 28.190104166666668 8.980675640601907 11.974234187469209
0 38.427734375 15.885416666666666 6.741553355216833 8.988737806955777
0 33.30078125 16.015625 6.7691262856502785 9.025501714200372
0 63.28125 14.908854166666666 6.531046923532928 8.708062564710572
0 37.255859375 15.0390625 6.559504779115197 8.746006372153596
0 25.439453125 14.908854166666666 6.531046923532928 8.708062564710572
0 30.95703125 15.494791666666666 6.658149484030587 8.877532645374115
0 23.876953125 17.708333333333336 7.117861199762329 9.490481599683106
0 29.833984375 15.885416666666666 6.741553355216833 8.988737806955777
0 17.67578125 17.122395833333336 6.9991119025755095 9.332149203434014
0 4.931640625 22.721354166666664 8.062649422377262 10.75019922983635
0 18.5546875 15.494791666666666 6.658149484030587 8.877532645374115
0 13.818359375 18.5546875 7.28597191547444 9.714629220632586
0 6.591796875 18.5546875 7.28597191547444 9.714629220632586
0 16.357421875 15.625 6.686066375795484 8.914755167727312
0 10.15625 17.317708333333336 7.038917599286375 9.385223465715166
0 0.9765625 17.578125 7.091644310682526 9.455525747576702
0 12.6953125 16.6015625 6.891839471823862 9.189119295765149
0 2.83203125 18.815104166666664 7.336923388776433 9.782564518368577
0 11.42578125 18.424479166666664 7.2603620931215325 9.680482790828709
0 4.296875 18.098958333333336 7.195938795502683 9.594585060670244
0 8.49609375 19.075520833333336 7.3875234600282 9.850031280037602
0 5.46875 18.294270833333336 7.234661615679748 9.646215487572997
0 34.521484375 18.815104166666664 7.336923388776433 9.782564518368577
0 90.478515625 22.200520833333336 7.969705113037473 10.626273484049964
0 72.607421875 18.294270833333336 7.234661615679748 9.646215487572997
0 73.53515625 15.494791666666666 6.658149484030587 8.877532645374115
0 74.609375 18.5546875 7.28597191547444 9.714629220632586
0 82.666015625 16.9921875 6.972448522214271 9.296598029619028
