0 33.7890625 80.20833333333334 15.148527399891181 20.198036533188244
0 2.83203125 67.1875 13.864522328613948 18.486029771485267
0 57.666015625 50.9765625 12.076635093633655 16.10218012484487
0 69.873046875 39.32291666666667 10.606779295033428 14.142372393377903
0 81.884765625 34.44010416666667 9.926425761285763 13.235234348381017
0 68.212890625 25.9765625 8.620878229873984 11.494504306498644
0 67.96875 69.59635416666666 14.110874049922964 18.814498733230618
0 88.037109375 64.19270833333334 13.552003974105538 18.06933863214072
0 82.763671875 58.59375 12.947511862546646 17.263349150062194
0 83.7890625 46.2890625 11.508000265481447 15.344000353975263
0 95.947265625 52.669270833333336 12.275503760448466 16.36733834726462
0 99.12109375 32.421875 9.631185203893738 12.84158027185832
0 38.134765625 44.3359375 11.262598930203817 15.016798573605088
0 27.5390625 41.53645833333333 10.901227477717134 14.53496997028951
0 22.55859375 39.58333333333333 10.641843123878598 14.189124165171464
0 44.091796875 44.20572916666667 11.24604844524431 14.994731260325747
0 48.4375 32.55208333333333 9.650505554713073 12.86734073961743
0 61.23046875 32.68229166666667 9.669787303317175 12.893049737756234
0 75.830078125 30.598958333333332 9.35651227829339 12.475349704391189
0 77.197265625 30.338541666666668 9.316612257369233 12.42214967649231
0 37.646484375 29.4921875 9.185740321833748 12.247653762444997
0 98.53515625 80.59895833333334 15.185370244903233 20.247160326537642
0 33.349609375 93.9453125 16.394501975785268 21.85933596771369
0 44.482421875 68.81510416666666 14.031450113003721 18.70860015067163
0 9.1796875 60.7421875 13.18274601224071 17.57699468298761
0 5.2734375 37.95572916666667 10.420758715187912 13.894344953583882
0 0.439453125 48.56770833333333 11.787846628312968 15.717128837750623
0 12.060546875 33.72395833333333 9.82267879603948 13.096905061385971
0 3.125 30.598958333333332 9.35651227829339 12.475349704391189
0 9.08203125 26.627604166666668 8.728240750778255 11.637654334371007
0 14.404296875 26.106770833333332 8.642457433170346 11.52327657756046
0 51.904296875 43.9453125 11.212874188765769 14.950498918354358
0 25.048828125 34.5703125 9.945172568847854 13.26023009179714
0 22.94921875 27.018229166666668 8.792028986137655 11.722705314850208
0 37.744140625 37.6953125 10.38494844187839 13.84659792250452
0 42.3828125 31.25 9.4555257475767 12.607367663435602
0 56.884765625 38.671875 10.518608361580863 14.024811148774482
0 51.513671875 48.828125 11.819407184470878 15.759209579294502
0 64.501953125 37.43489583333333 10.349014256477766 13.798685675303688
0 62.353515625 27.278645833333332 8.83429859993294 11.779064799910586
0 63.232421875 20.768229166666664 7.708331872750909 10.277775830334546
0 77.001953125 43.9453125 11.212874188765769 14.950498918354358
0 77.294921875 55.729166666666664 12.627051309556398 16.836068412741863
0 76.025390625 68.81510416666666 14.031450113003721 18.70860015067163
0 92.28515625 48.828125 11.819407184470878 15.759209579294502
0 86.03515625 39.84375 10.676791799643494 14.235722399524658
0 84.27734375 34.5703125 9.945172568847854 13.26023009179714
0 89.599609375 34.83072916666667 9.982560567502519 13.310080756670025
0 94.873046875 29.947916666666668 9.25643975103949 12.341919668052654
0 99.31640625 27.799479166666668 8.918236814088415 11.890982418784553
0 25.732421875 22.526041666666664 8.027921409891299 10.703895213188398
0 31.298828125 26.3671875 8.685454999241765 11.580606665655687
0 32.666015625 23.046875 8.120199399200482 10.82693253226731
0 32.958984375 19.075520833333336 7.3875234600282 9.850031280037602
0 28.7109375 22.526041666666664 8.027921409891299 10.703895213188398
0 30.810546875 21.614583333333336 7.863829789260941 10.485106385681254
0 0.732421875 24.869791666666664 8.435226416678011 11.246968555570682
0 71.6796875 23.307291666666664 8.165947363439729 10.88792981791964
0 77.099609375 20.768229166666664 7.708331872750909 10.277775830334546
0 91.40625 30.859375 9.396242870080965 12.52832382677462
0 93.505859375 23.4375 8.188725503539269 10.918300671385692
0 98.33984375 22.65625 8.051090062422436 10.734786749896582
0 91.40625 22.395833333333336 8.00468569861084 10.672914264814453
0 87.255859375 25.260416666666668 8.501213548086012 11.334951397448016
0 65.91796875 20.638020833333336 7.684129829110212 10.245506438813615
0 59.66796875 20.768229166666664 7.708331872750909 10.277775830334546
0 56.787109375 26.497395833333332 8.706874156303165 11.609165541737553
0 52.63671875 25.846354166666668 8.59924487524742 11.465659833663226
0 49.853515625 28.450520833333332 9.02206146184966 12.029415282466214
0 48.92578125 23.307291666666664 8.165947363439729 10.88792981791964
0 41.69921875 24.609375 8.39094670707246 11.187928942763282
0 38.916015625 22.526041666666664 8.027921409891299 10.703895213188398
0 36.328125 20.1171875 7.586549618320344 10.115399491093791
0 35.7421875 26.106770833333332 8.642457433170346 11.52327657756046
0 5.2734375 23.958333333333336 8.279211405182211 11.038948540242949
0 2.9296875 22.265625 7.981382342908947 10.641843123878598
0 2.83203125 18.9453125 7.3622668956389274 9.816355860851903
0 1.123046875 18.815104166666664 7.336923388776433 9.782564518368577
0 4.4921875 18.1640625 7.208869513560617 9.611826018080823
0 7.373046875 16.927083333333336 6.959078522333606 9.278771363111476
0 11.1328125 21.2890625 7.804389558437758 10.405852744583676
0 10.83984375 16.927083333333336 6.959078522333606 9.278771363111476
0 8.984375 17.7734375 7.130933499479933 9.50791133263991
0 7.080078125 20.247395833333336 7.611061958825638 10.148082611767517
0 13.232421875 18.294270833333336 7.234661615679748 9.646215487572997
0 14.306640625 20.377604166666664 7.635495607419925 10.180660809893233
0 16.50390625 19.596354166666664 7.487697843252746 9.983597124336994
0 15.52734375 18.033854166666664 7.182984799767957 9.577313066357275
0 15.72265625 14.453125 6.430452730012657 8.57393697335021
0 17.48046875 14.583333333333334 6.459353786778786 8.612471715705048
0 19.091796875 15.234375 6.60196156395994 8.802615418613254
0 19.482421875 17.903645833333336 7.157006469457137 9.542675292609516
0 18.603515625 21.2890625 7.804389558437758 10.405852744583676
0 23.4375 21.028645833333336 7.756509415978292 10.342012554637723
0 21.2890625 19.075520833333336 7.3875234600282 9.850031280037602
0 21.6796875 15.494791666666666 6.658149484030587 8.877532645374115
0 24.12109375 17.903645833333336 7.157006469457137 9.542675292609516
0 26.611328125 18.684895833333336 7.311492035346033 9.748656047128044
0 24.951171875 15.364583333333334 6.6301150458985685 8.840153394531425
0 28.22265625 16.276041666666664 6.823937919616058 9.09858389282141
0 29.19921875 14.713541666666666 6.488126106405426 8.650834808540568
0 29.296875 18.294270833333336 7.234661615679748 9.646215487572997
0 30.615234375 16.927083333333336 6.959078522333606 9.278771363111476
0 31.884765625 16.276041666666664 6.823937919616058 9.09858389282141
0 33.984375 16.145833333333336 6.796587356970242 9.062116475960323
0 35.15625 14.583333333333334 6.459353786778786 8.612471715705048
0 36.23046875 16.015625 6.7691262856502785 9.025501714200372
0 37.451171875 17.643229166666664 7.104764847914316 9.473019797219088
0 39.208984375 17.7734375 7.130933499479933 9.50791133263991
0 40.4296875 16.145833333333336 6.796587356970242 9.062116475960323
0 43.994140625 20.377604166666664 7.635495607419925 10.180660809893233
0 46.6796875 22.005208333333336 7.9345703125 10.579427083333332
0 51.123046875 18.9453125 7.3622668956389274 9.816355860851903
0 57.861328125 14.973958333333334 6.545291317604741 8.727055090139656
0 41.50390625 14.84375 6.516771394062079 8.689028525416106
0 42.96875 15.234375 6.60196156395994 8.802615418613254
0 44.189453125 17.057291666666664 6.985792933508055 9.31439057801074
0 47.55859375 18.424479166666664 7.2603620931215325 9.680482790828709
0 48.828125 14.84375 6.516771394062079 8.689028525416106
0 54.98046875 19.466145833333336 7.462780310447684 9.950373747263578
0 51.220703125 12.6953125 6.026738787271576 8.0356517163621
0 53.3203125 15.234375 6.60196156395994 8.802615418613254
0 54.4921875 14.322916666666666 6.401421192444773 8.53522825659303
0 67.96875 18.1640625 7.208869513560617 9.611826018080823
0 63.525390625 17.1875 7.012405574387241 9.349874099182989
0 65.234375 16.015625 6.7691262856502785 9.025501714200372
0 72.36328125 15.625 6.686066375795484 8.914755167727312
0 69.970703125 15.885416666666666 6.741553355216833 8.988737806955777
0 80.17578125 15.625 6.686066375795484 8.914755167727312
0 77.001953125 14.84375 6.516771394062079 8.689028525416106
0 75.439453125 16.015625 6.7691262856502785 9.025501714200372
0 74.21875 15.234375 6.60196156395994 8.802615418613254
0 80.17578125 23.4375 8.188725503539269 10.918300671385692
0 77.197265625 25.716145833333332 8.57755695956738 11.436742612756506
0 81.591796875 26.627604166666668 8.728240750778255 11.637654334371007
0 88.720703125 28.841145833333332 9.083786661460703 12.11171554861427
0 85.9375 18.033854166666664 7.182984799767957 9.577313066357275
0 85.64453125 25.0 8.457279333832409 11.276372445109878
0 83.154296875 26.236979166666668 8.66398288975732 11.551977186343091
0 63.525390625 18.9453125 7.3622668956389274 9.816355860851903
0 85.546875 22.265625 7.981382342908947 10.641843123878598
0 82.861328125 23.046875 8.120199399200482 10.82693253226731
0 96.38671875 25.390625 8.523095729839442 11.364127639785922
0 99.560546875 24.869791666666664 8.435226416678011 11.246968555570682
0 92.48046875 19.856770833333336 7.537285788103314 10.049714384137753
0 89.111328125 21.158854166666664 7.780486318348366 10.373981757797822
0 86.328125 20.8984375 7.732458166088822 10.309944221451763
0 88.916015625 18.424479166666664 7.2603620931215325 9.680482790828709
0 94.970703125 21.2890625 7.804389558437758 10.405852744583676
0 96.875 21.158854166666664 7.780486318348366 10.373981757797822
0 45.458984375 14.192708333333334 6.372257390692475 8.496343187589966
0 46.142578125 16.536458333333336 6.878312786611722 9.171083715482297
0 57.763671875 18.424479166666664 7.2603620931215325 9.680482790828709
0 78.7109375 20.5078125 7.659851317145468 10.21313508952729
0 81.298828125 20.377604166666664 7.635495607419925 10.180660809893233
0 79.6875 18.684895833333336 7.311492035346033 9.748656047128044
0 91.9921875 25.520833333333332 8.544921875 11.393229166666668
0 87.841796875 19.075520833333336 7.3875234600282 9.850031280037602
0 74.12109375 19.075520833333336 7.3875234600282 9.850031280037602
