0 85.64453125 64.97395833333334 13.634221132622484 18.17896151016331
0 77.83203125 53.90625 12.418817107773318 16.558422810364423
0 65.380859375 60.611979166666664 13.16860901513148 17.55814535350864
0 51.5625 50.0 11.960399134683488 15.947198846244651
0 66.11328125 41.9921875 10.960867307170393 14.614489742893857
0 62.353515625 37.04427083333333 10.29487780360901 13.726503738145347
0 63.28125 30.598958333333332 9.35651227829339 12.475349704391189
0 59.27734375 20.768229166666664 7.708331872750909 10.277775830334546
0 66.796875 24.544270833333336 8.379840220792225 11.173120294389632
0 73.33984375 33.26822916666667 9.756083595670033 13.008111460893376
0 80.17578125 39.51822916666667 10.633088006704314 14.177450675605751
0 87.060546875 39.6484375 10.650591044076627 14.200788058768838
0 97.94921875 53.580729166666664 12.381263900818356 16.508351867757806
0 86.474609375 34.04947916666667 9.869971697263324 13.159962263017766
0 79.1015625 28.255208333333332 8.991039955234518 11.988053273646026
0 71.240234375 22.005208333333336 7.9345703125 10.579427083333332
0 75.48828125 28.125 8.970299351012615 11.960399134683486
0 89.306640625 29.036458333333332 9.114492506755418 12.15265667567389
0 70.8984375 18.5546875 7.28597191547444 9.714629220632586
0 61.865234375 13.8671875 6.298757153488249 8.398342871317666
0 48.73046875 21.875 7.911060422861158 10.548080563814876
0 49.8046875 30.46875 9.336583582018038 12.448778109357384
0 48.876953125 37.5 10.358009490037318 13.810679320049758
0 37.5 64.6484375 13.600024386692622 18.133365848923496
0 35.64453125 42.96875 11.087586745962493 14.783448994616657
0 41.943359375 32.48697916666667 9.640850219074288 12.854466958765718
0 41.943359375 25.5859375 8.555814067917595 11.407752090556793
0 41.50390625 15.299479166666666 6.61605328023645 8.821404373648601
0 64.697265625 15.625 6.686066375795484 8.914755167727312
0 56.494140625 16.40625 6.8511792970714245 9.134905729428567
0 41.69921875 19.075520833333336 7.3875234600282 9.850031280037602
0 78.857421875 19.205729166666664 7.412693970636669 9.883591960848893
0 38.427734375 16.2109375 6.810276368536802 9.080368491382403
0 45.703125 15.950520833333334 6.755353888299149 9.0071385177322
0 59.66796875 25.325520833333332 8.512161670520847 11.349548894027794
0 50.732421875 17.643229166666664 7.104764847914316 9.473019797219088
0 55.76171875 14.0625 6.342959500374307 8.457279333832409
0 77.099609375 21.875 7.911060422861158 10.548080563814876
0 97.509765625 27.669270833333332 8.897326499702912 11.863101999603883
0 80.615234375 25.0 8.457279333832409 11.276372445109878
0 86.03515625 17.643229166666664 7.104764847914316 9.473019797219088
0 79.19921875 15.950520833333334 6.755353888299149 9.0071385177322
0 87.40234375 22.330729166666664 7.993042513249997 10.657390017666662
0 31.396484375 36.71875 10.24954566879069 13.66606089172092
0 22.607421875 48.89322916666667 11.82728416447516 15.76971221930021
0 22.021484375 35.7421875 10.11233003282525 13.483106710433667
0 2.685546875 56.575520833333336 12.722572989304096 16.96343065240546
0 1.85546875 43.5546875 11.162927952985768 14.883903937314358
0 1.26953125 30.598958333333332 9.35651227829339 12.475349704391189
0 9.619140625 28.580729166666668 9.042683343523592 12.056911124698123
0 4.00390625 25.0 8.457279333832409 11.276372445109878
0 4.345703125 17.317708333333336 7.038917599286375 9.385223465715166
0 13.720703125 17.317708333333336 7.038917599286375 9.385223465715166
0 23.095703125 19.986979166666664 7.561957820656658 10.08261042754221
0 20.60546875 26.692708333333332 8.738904457566134 11.651872610088178
0 17.919921875 32.35677083333333 9.621510480001493 12.828680640001991
0 28.125 24.21875 8.324085508414218 11.098780677885625
0 12.40234375 22.005208333333336 7.9345703125 10.579427083333332
0 27.880859375 16.731770833333336 6.9188135063199665 9.225084675093289
0 31.884765625 22.4609375 8.016311973000304 10.688415964000404
0 17.822265625 19.3359375 7.437779301119349 9.917039068159132
0 31.15234375 19.3359375 7.437779301119349 9.917039068159132
0 20.99609375 18.294270833333336 7.234661615679748 9.646215487572997
0 27.44140625 18.75 7.32421875 9.765625
0 32.91015625 16.2109375 6.810276368536802 9.080368491382403
0 19.580078125 15.169270833333334 6.587839704871492 8.783786273161988
0 25.68359375 15.625 6.686066375795484 8.914755167727312
0 35.986328125 17.317708333333336 7.038917599286375 9.385223465715166
0 28.80859375 14.388020833333334 6.415953381844678 8.554604509126236
0 4.78515625 19.3359375 7.437779301119349 9.917039068159132
0 67.96875 15.625 6.686066375795484 8.914755167727312
0 62.451171875 18.424479166666664 7.2603620931215325 9.680482790828709
0 57.91015625 13.8671875 6.298757153488249 8.398342871317666
0 91.30859375 16.861979166666664 6.945682786096826 9.260910381462436
0 93.65234375 24.21875 8.324085508414218 11.098780677885625
0 91.30859375 24.21875 8.324085508414218 11.098780677885625
0 95.166015625 19.205729166666664 7.412693970636669 9.883591960848893
