0 87.109375 26.432291666666668 8.696171172348027 11.594894896464037
0 95.1171875 21.2890625 7.804389558437758 10.405852744583676
0 38.427734375 17.7734375 7.130933499479933 9.50791133263991
0 68.26171875 22.591145833333336 8.039514082226251 10.719352109635
0 80.6640625 37.82552083333333 10.40286898746296 13.870491983283944
0 72.119140625 17.057291666666664 6.985792933508055 9.31439057801074
0 75.439453125 39.84375 10.676791799643494 14.235722399524658
0 70.751953125 22.005208333333336 7.9345703125 10.579427083333332
0 63.720703125 16.666666666666664 6.905339660024879 9.207119546699838
0 67.041015625 16.341145833333336 6.837572174807153 9.116762899742872
0 84.66796875 18.1640625 7.208869513560617 9.611826018080823
0 76.416015625 16.145833333333336 6.796587356970242 9.062116475960323
0 80.810546875 22.395833333333336 8.00468569861084 10.672914264814453
0 23.291015625 19.791666666666664 7.524919437217989 10.033225916290652
