0 62.939453125 57.2265625 12.795565974875872 17.06075463316783
0 55.029296875 77.08333333333334 14.850494458735888 19.800659278314516
0 68.603515625 73.046875 14.45644443643434 19.275259248579122
0 85.546875 83.59375 15.464916332177644 20.619888442903527
0 96.826171875 56.0546875 12.663875684354508 16.885167579139345
0 90.087890625 48.76302083333333 11.811524951393816 15.748699935191754
0 85.791015625 43.09895833333333 11.10437341226822 14.805831216357626
0 75.732421875 40.49479166666667 10.763667046233154 14.351556061644205
0 28.7109375 74.86979166666666 14.635716318703368 19.514288424937824
0 13.037109375 60.091145833333336 13.111908605310568 17.482544807080757
0 8.154296875 54.6875 12.508484821728025 16.677979762304034
0 8.740234375 44.7265625 11.312105098175438 15.082806797567253
0 12.79296875 33.59375 9.803697756475225 13.071597008633635
0 5.908203125 25.0 8.457279333832409 11.276372445109878
0 10.791015625 20.963541666666664 7.7444931277157725 10.325990836954363
0 21.630859375 21.223958333333336 7.792447103762027 10.389929471682702
0 17.431640625 14.908854166666666 6.531046923532928 8.708062564710572
0 29.736328125 25.0 8.457279333832409 11.276372445109878
0 33.837890625 26.953125 8.78142979122202 11.708573054962693
0 40.8203125 23.177083333333336 8.143105507889608 10.857474010519478
0 47.705078125 23.177083333333336 8.143105507889608 10.857474010519478
0 54.150390625 24.674479166666664 8.402038511923953 11.202718015898604
0 60.009765625 33.72395833333333 9.82267879603948 13.096905061385971
0 86.23046875 32.68229166666667 9.669787303317175 12.893049737756234
0 65.234375 28.190104166666668 8.980675640601907 11.974234187469209
0 71.77734375 24.674479166666664 8.402038511923953 11.202718015898604
0 67.919921875 16.145833333333336 6.796587356970242 9.062116475960323
0 86.474609375 25.455729166666668 8.53401578009617 11.378687706794894
0 98.4375 35.09114583333333 10.019809057239993 13.359745409653323
0 82.958984375 25.455729166666668 8.53401578009617 11.378687706794894
0 73.583984375 17.7734375 7.130933499479933 9.50791133263991
0 68.505859375 37.17447916666667 10.31295486371814 13.75060648495752
0 69.82421875 27.083333333333332 8.802615418613255 11.736820558151006
0 66.2109375 21.549479166666664 7.85197774064246 10.469303654189947
0 99.12109375 43.22916666666667 11.121134740166381 14.828179653555177
0 51.07421875 48.37239583333333 11.764120646604239 15.68549419547232
0 56.0546875 20.182291666666664 7.598815672600545 10.13175423013406
0 51.07421875 21.354166666666664 7.816313766397521 10.421751688530028
0 52.783203125 18.098958333333336 7.195938795502683 9.594585060670244
0 60.791015625 17.1875 7.012405574387241 9.349874099182989
0 62.060546875 13.997395833333334 6.328259690346595 8.437679587128793
0 60.009765625 13.997395833333334 6.328259690346595 8.437679587128793
0 51.7578125 13.0859375 6.118755388111396 8.15834051748186
0 45.1171875 19.856770833333336 7.537285788103314 10.049714384137753
0 32.03125 19.856770833333336 7.537285788103314 10.049714384137753
0 27.1484375 20.5078125 7.659851317145468 10.21313508952729
0 16.2109375 21.09375 7.768507117527988 10.358009490037318
0 15.087890625 17.903645833333336 7.157006469457137 9.542675292609516
0 7.8125 20.052083333333336 7.574263699945591 10.099018266594122
0 0.927734375 20.3125 7.62328857226367 10.164384763018226
0 2.294921875 20.052083333333336 7.574263699945591 10.099018266594122
0 13.134765625 18.098958333333336 7.195938795502683 9.594585060670244
0 29.8828125 18.684895833333336 7.311492035346033 9.748656047128044
0 35.400390625 16.536458333333336 6.878312786611722 9.171083715482297
0 22.8515625 15.364583333333334 6.6301150458985685 8.840153394531425
0 23.6328125 18.684895833333336 7.311492035346033 9.748656047128044
0 25.341796875 18.098958333333336 7.195938795502683 9.594585060670244
0 27.734375 15.8203125 6.72772451325946 8.970299351012613
0 44.43359375 16.9921875 6.972448522214271 9.296598029619028
0 47.119140625 16.861979166666664 6.945682786096826 9.260910381462436
0 45.654296875 16.536458333333336 6.878312786611722 9.171083715482297
0 39.794921875 16.276041666666664 6.823937919616058 9.09858389282141
0 63.8671875 17.1875 7.012405574387241 9.349874099182989
0 56.73828125 17.643229166666664 7.104764847914316 9.473019797219088
0 40.234375 18.5546875 7.28597191547444 9.714629220632586
0 42.626953125 16.536458333333336 6.878312786611722 9.171083715482297
0 89.16015625 23.502604166666664 8.200090846279542 10.933454461706056
0 79.6875 18.5546875 7.28597191547444 9.714629220632586
0 90.966796875 19.7265625 7.512532730158185 10.01671030687758
0 93.701171875 21.809895833333336 7.8992792392241125 10.532372318965482
0 91.650390625 23.046875 8.120199399200482 10.82693253226731
0 95.361328125 24.869791666666664 8.435226416678011 11.246968555570682
0 97.16796875 22.265625 7.981382342908947 10.641843123878598
0 99.658203125 27.5390625 8.876366926421502 11.835155901895336
0 83.837890625 20.182291666666664 7.598815672600545 10.13175423013406
0 85.107421875 19.856770833333336 7.537285788103314 10.049714384137753
0 88.720703125 18.229166666666664 7.221777078979024 9.629036105305365
0 89.0625 20.182291666666664 7.598815672600545 10.13175423013406
0 87.353515625 18.359375 7.247523246483103 9.663364328644137
0 99.31640625 22.135416666666664 7.958010748538389 10.610680998051187
0 69.384765625 15.950520833333334 6.755353888299149 9.0071385177322
0 71.875 15.950520833333334 6.755353888299149 9.0071385177322
0 74.951171875 17.447916666666664 7.065330140863174 9.420440187817565
0 59.5703125 19.401041666666664 7.450290292806215 9.933720390408286
0 21.142578125 16.536458333333336 6.878312786611722 9.171083715482297
0 21.728515625 17.7734375 7.130933499479933 9.50791133263991
0 30.322265625 15.950520833333334 6.755353888299149 9.0071385177322
0 32.666015625 16.9921875 6.972448522214271 9.296598029619028
0 33.837890625 16.40625 6.8511792970714245 9.134905729428567
0 37.646484375 17.447916666666664 7.065330140863174 9.420440187817565
0 4.78515625 18.684895833333336 7.311492035346033 9.748656047128044
0 6.25 18.098958333333336 7.195938795502683 9.594585060670244
0 0.5859375 18.359375 7.247523246483103 9.663364328644137
0 32.32421875 25.0 8.457279333832409 11.276372445109878
0 82.8125 22.265625 7.981382342908947 10.641843123878598
0 76.513671875 18.9453125 7.3622668956389274 9.816355860851903
0 84.521484375 17.7734375 7.130933499479933 9.50791133263991
0 19.580078125 15.950520833333334 6.755353888299149 9.0071385177322
0 56.201171875 15.494791666666666 6.658149484030587 8.877532645374115
