0 41.162109375 89.97395833333334 16.044237583123678 21.392316777498234
0 34.423828125 70.05208333333334 14.156998907157229 18.875998542876303
0 21.435546875 59.440104166666664 13.04068641309906 17.38758188413208
0 1.3671875 79.36197916666666 15.06839220657777 20.091189608770357
0 21.337890625 41.40625 10.884127502518925 14.512170003358568
0 37.98828125 48.37239583333333 11.764120646604239 15.68549419547232
0 60.693359375 55.794270833333336 12.634424770803498 16.845899694404665
0 57.12890625 53.776041666666664 12.403809468323715 16.53841262443162
0 75.732421875 52.669270833333336 12.275503760448466 16.36733834726462
0 93.408203125 56.901041666666664 12.75912167991142 17.012162239881892
0 89.0625 45.37760416666667 11.394137391720257 15.192183188960342
0 95.703125 58.203125 12.904281318277572 17.205708424370094
0 87.98828125 43.09895833333333 11.10437341226822 14.805831216357626
0 68.5546875 43.1640625 11.112757236348344 14.817009648464458
0 58.544921875 33.65885416666667 9.813192865486773 13.084257153982362
0 74.853515625 31.510416666666668 9.494842032534208 12.659789376712277
0 59.27734375 35.546875 10.084662867345157 13.44621715646021
0 67.138671875 31.966145833333332 9.56325660155786 12.751008802077147
0 64.2578125 30.6640625 9.366460725843998 12.48861430112533
0 57.6171875 27.408854166666668 8.855357744474432 11.807143659299243
0 74.90234375 25.065104166666668 8.468284256293707 11.291045675058275
0 78.3203125 28.450520833333332 9.02206146184966 12.029415282466214
0 88.330078125 33.46354166666667 9.784679896167846 13.046239861557126
0 99.462890625 37.36979166666667 10.340011197569225 13.786681596758967
0 93.65234375 42.12239583333333 10.977847746951262 14.63713032926835
0 49.12109375 31.770833333333332 9.53399618640949 12.711994915212655
0 37.98828125 27.408854166666668 8.855357744474432 11.807143659299243
0 48.193359375 30.6640625 9.366460725843998 12.48861430112533
0 44.775390625 25.065104166666668 8.468284256293707 11.291045675058275
0 25.146484375 26.7578125 8.749555167743805 11.66607355699174
0 45.3125 25.846354166666668 8.59924487524742 11.465659833663226
0 4.1015625 28.125 8.970299351012615 11.960399134683486
0 9.521484375 24.674479166666664 8.402038511923953 11.202718015898604
0 3.271484375 28.059895833333332 8.959911044862793 11.946548059817056
0 19.140625 24.0234375 8.290452702152177 11.053936936202902
0 50.732421875 20.3125 7.62328857226367 10.164384763018226
0 68.65234375 25.390625 8.523095729839442 11.364127639785922
0 94.287109375 26.7578125 8.749555167743805 11.66607355699174
0 79.931640625 24.4140625 8.357582969744357 11.143443959659143
0 97.94921875 26.5625 8.717563999686098 11.62341866624813
0 91.162109375 32.29166666666667 9.611826018080825 12.815768024107768
0 97.119140625 29.4921875 9.185740321833748 12.247653762444997
0 94.775390625 38.8671875 10.545137050275265 14.060182733700355
0 97.998046875 32.35677083333333 9.621510480001493 12.828680640001991
0 90.234375 28.255208333333332 8.991039955234518 11.988053273646026
0 99.365234375 34.375 9.91703906815913 13.222718757545508
0 95.3125 25.520833333333332 8.544921875 11.393229166666668
0 88.57421875 25.065104166666668 8.468284256293707 11.291045675058275
0 86.71875 34.1796875 9.888825528576445 13.185100704768596
0 87.939453125 28.580729166666668 9.042683343523592 12.056911124698123
0 84.1796875 36.00260416666667 10.149102263376399 13.53213635116853
0 85.546875 27.799479166666668 8.918236814088415 11.890982418784553
0 90.771484375 41.08072916666667 10.841259563190683 14.45501275092091
0 95.166015625 53.776041666666664 12.403809468323715 16.53841262443162
0 97.607421875 62.3046875 13.351222445207128 17.801629926942837
0 73.876953125 63.606770833333336 13.49001227130148 17.986683028401973
0 66.748046875 73.89322916666666 14.539952697230952 19.386603596307936
0 41.40625 83.46354166666666 15.452867311001176 20.6038230813349
0 4.052734375 71.94010416666666 14.346507902274364 19.128677203032485
0 0.927734375 56.0546875 12.663875684354508 16.885167579139345
0 3.173828125 40.234375 10.72900136184506 14.305335149126746
0 11.962890625 41.40625 10.884127502518925 14.512170003358568
0 25.390625 55.989583333333336 12.65651938069319 16.875359174257586
0 35.302734375 62.434895833333336 13.365166284459344 17.820221712612458
0 45.556640625 58.528645833333336 12.940316801217158 17.25375573495621
0 46.09375 48.2421875 11.748276705883885 15.664368941178514
0 39.990234375 44.53125 11.287379155826983 15.049838874435977
0 39.35546875 36.39322916666667 10.204012144348443 13.605349525797925
0 42.919921875 31.184895833333332 9.445671106287941 12.594228141717254
0 53.662109375 33.984375 9.860531263063667 13.147375017418222
0 59.1796875 43.9453125 11.212874188765769 14.950498918354358
0 61.328125 52.1484375 12.214658261834412 16.286211015779216
0 69.189453125 40.10416666666667 10.711626449453275 14.282168599271033
0 72.0703125 35.546875 10.084662867345157 13.44621715646021
0 79.052734375 33.203125 9.746532850751532 12.995377134335376
0 75.87890625 28.255208333333332 8.991039955234518 11.988053273646026
0 65.087890625 28.255208333333332 8.991039955234518 11.988053273646026
0 60.009765625 31.4453125 9.485028239697298 12.646704319596397
0 78.90625 25.911458333333332 8.610068346964042 11.480091129285388
0 84.521484375 25.065104166666668 8.468284256293707 11.291045675058275
0 91.162109375 24.674479166666664 8.402038511923953 11.202718015898604
0 76.123046875 23.697916666666664 8.234092750996119 10.978790334661493
0 81.4453125 23.828125 8.256682897014576 11.008910529352768
0 69.921875 24.21875 8.324085508414218 11.098780677885625
0 77.685546875 21.158854166666664 7.780486318348366 10.373981757797822
0 71.97265625 19.596354166666664 7.487697843252746 9.983597124336994
0 66.6015625 20.768229166666664 7.708331872750909 10.277775830334546
0 58.642578125 25.0 8.457279333832409 11.276372445109878
0 66.162109375 24.869791666666664 8.435226416678011 11.246968555570682
0 58.154296875 21.875 7.911060422861158 10.548080563814876
0 60.546875 17.057291666666664 6.985792933508055 9.31439057801074
0 49.755859375 28.255208333333332 8.991039955234518 11.988053273646026
0 58.10546875 19.075520833333336 7.3875234600282 9.850031280037602
0 45.068359375 22.526041666666664 8.027921409891299 10.703895213188398
0 50.09765625 24.544270833333336 8.379840220792225 11.173120294389632
0 48.095703125 20.442708333333336 7.647683158045451 10.196910877393934
0 40.13671875 21.028645833333336 7.756509415978292 10.342012554637723
0 34.423828125 28.971354166666668 9.104268731797058 12.139024975729411
0 34.1796875 23.502604166666664 8.200090846279542 10.933454461706056
0 39.2578125 25.1953125 8.490251308132054 11.320335077509403
0 23.876953125 37.56510416666667 10.366996918617573 13.822662558156765
0 8.349609375 29.427083333333332 9.175595934065496 12.234127912087327
0 19.82421875 28.450520833333332 9.02206146184966 12.029415282466214
0 10.9375 33.65885416666667 9.813192865486773 13.084257153982362
0 3.271484375 24.4140625 8.357582969744357 11.143443959659143
0 12.79296875 22.4609375 8.016311973000304 10.688415964000404
0 8.49609375 21.614583333333336 7.863829789260941 10.485106385681254
0 1.26953125 20.833333333333336 7.720404443770458 10.293872591693944
0 16.357421875 20.963541666666664 7.7444931277157725 10.325990836954363
0 20.166015625 22.005208333333336 7.9345703125 10.579427083333332
0 26.7578125 24.674479166666664 8.402038511923953 11.202718015898604
0 29.833984375 21.484375 7.840107775064166 10.453477033418888
0 15.087890625 19.075520833333336 7.3875234600282 9.850031280037602
0 5.46875 18.619791666666664 7.298743129334349 9.731657505779133
0 15.087890625 16.6015625 6.891839471823862 9.189119295765149
0 10.302734375 19.921875 7.549631882844837 10.066175843793117
0 4.296875 17.643229166666664 7.104764847914316 9.473019797219088
0 8.544921875 18.229166666666664 7.221777078979024 9.629036105305365
0 3.076171875 19.3359375 7.437779301119349 9.917039068159132
0 12.3046875 17.057291666666664 6.985792933508055 9.31439057801074
0 6.4453125 17.122395833333336 6.9991119025755095 9.332149203434014
0 2.294921875 18.229166666666664 7.221777078979024 9.629036105305365
0 38.232421875 19.596354166666664 7.487697843252746 9.983597124336994
0 33.3984375 19.3359375 7.437779301119349 9.917039068159132
0 40.13671875 16.6015625 6.891839471823862 9.189119295765149
0 44.3359375 16.731770833333336 6.9188135063199665 9.225084675093289
0 40.234375 18.098958333333336 7.195938795502683 9.594585060670244
0 43.1640625 18.9453125 7.3622668956389274 9.816355860851903
0 12.3046875 18.815104166666664 7.336923388776433 9.782564518368577
0 17.87109375 18.229166666666664 7.221777078979024 9.629036105305365
0 22.75390625 18.815104166666664 7.336923388776433 9.782564518368577
0 19.140625 17.057291666666664 6.985792933508055 9.31439057801074
0 16.50390625 14.583333333333334 6.459353786778786 8.612471715705048
0 20.556640625 18.294270833333336 7.234661615679748 9.646215487572997
0 21.826171875 16.080729166666664 6.782870718656271 9.043827624875028
0 21.09375 14.84375 6.516771394062079 8.689028525416106
0 23.73046875 16.731770833333336 6.9188135063199665 9.225084675093289
0 24.90234375 16.6015625 6.891839471823862 9.189119295765149
0 26.416015625 17.057291666666664 6.985792933508055 9.31439057801074
0 27.5390625 16.6015625 6.891839471823862 9.189119295765149
0 26.7578125 19.921875 7.549631882844837 10.066175843793117
0 24.609375 19.921875 7.549631882844837 10.066175843793117
0 29.833984375 17.96875 7.170007400189656 9.56000986691954
0 29.19921875 15.4296875 6.644147051109997 8.858862734813329
0 31.005859375 15.690104166666666 6.699981201202437 8.933308268269917
0 32.275390625 16.080729166666664 6.782870718656271 9.043827624875028
0 34.619140625 16.927083333333336 6.959078522333606 9.278771363111476
0 34.912109375 15.4296875 6.644147051109997 8.858862734813329
0 36.181640625 16.796875 6.932261164306974 9.243014885742634
0 38.57421875 16.080729166666664 6.782870718656271 9.043827624875028
0 42.041015625 16.927083333333336 6.959078522333606 9.278771363111476
0 46.09375 16.796875 6.932261164306974 9.243014885742634
0 49.365234375 14.388020833333334 6.415953381844678 8.554604509126236
0 50.390625 14.388020833333334 6.415953381844678 8.554604509126236
0 51.5625 18.294270833333336 7.234661615679748 9.646215487572997
0 54.052734375 18.619791666666664 7.298743129334349 9.731657505779133
0 53.466796875 16.080729166666664 6.782870718656271 9.043827624875028
0 56.73828125 16.536458333333336 6.878312786611722 9.171083715482297
0 55.37109375 15.690104166666666 6.699981201202437 8.933308268269917
0 58.740234375 16.276041666666664 6.823937919616058 9.09858389282141
0 68.9453125 19.270833333333336 7.425247229367944 9.900329639157258
0 71.044921875 16.276041666666664 6.823937919616058 9.09858389282141
0 73.2421875 16.6015625 6.891839471823862 9.189119295765149
0 69.189453125 15.885416666666666 6.741553355216833 8.988737806955777
0 67.529296875 16.536458333333336 6.878312786611722 9.171083715482297
0 65.33203125 19.270833333333336 7.425247229367944 9.900329639157258
0 63.623046875 18.489583333333336 7.273178276253042 9.697571035004056
0 65.087890625 16.796875 6.932261164306974 9.243014885742634
0 64.111328125 16.6015625 6.891839471823862 9.189119295765149
0 75.634765625 17.057291666666664 6.985792933508055 9.31439057801074
0 83.984375 18.75 7.32421875 9.765625
0 82.51953125 18.424479166666664 7.2603620931215325 9.680482790828709
0 81.34765625 18.815104166666664 7.336923388776433 9.782564518368577
0 79.736328125 19.791666666666664 7.524919437217989 10.033225916290652
0 78.662109375 16.731770833333336 6.9188135063199665 9.225084675093289
0 74.462890625 19.661458333333336 7.500125566067204 10.00016742142294
0 87.939453125 22.4609375 8.016311973000304 10.688415964000404
0 85.009765625 19.986979166666664 7.561957820656658 10.08261042754221
0 85.9375 18.815104166666664 7.336923388776433 9.782564518368577
0 96.337890625 22.526041666666664 8.027921409891299 10.703895213188398
0 92.431640625 22.200520833333336 7.969705113037473 10.626273484049964
0 97.8515625 23.697916666666664 8.234092750996119 10.978790334661493
0 90.087890625 21.614583333333336 7.863829789260941 10.485106385681254
0 89.0625 19.986979166666664 7.561957820656658 10.08261042754221
0 99.21875 22.005208333333336 7.9345703125 10.579427083333332
