0 5.17578125 64.32291666666666 13.565741437312543 18.087655249750057
0 32.32421875 55.403645833333336 12.590119228965008 16.78682563862001
0 41.89453125 55.403645833333336 12.590119228965008 16.78682563862001
0 58.59375 55.2734375 12.575316026633615 16.767088035511488
0 56.34765625 37.76041666666667 10.393912576859377 13.85855010247917
0 24.658203125 33.13802083333333 9.736972737758677 12.982630317011571
0 6.103515625 30.2734375 9.306610523667546 12.408814031556727
0 35.302734375 24.088541666666664 8.301678777304348 11.068905036405797
0 63.0859375 42.83854166666667 11.070774625986973 14.761032834649296
0 70.60546875 43.81510416666667 11.196250200100184 14.928333600133579
0 77.05078125 40.49479166666667 10.763667046233154 14.351556061644205
0 66.69921875 34.50520833333333 9.935803586486637 13.247738115315515
0 76.5625 28.059895833333332 8.959911044862793 11.946548059817056
0 85.64453125 50.455729166666664 12.01478252260103 16.019710030134707
0 88.330078125 42.83854166666667 11.070774625986973 14.761032834649296
0 93.75 39.12760416666667 10.580405165624827 14.107206887499771
0 85.25390625 31.315104166666668 9.465370128949479 12.62049350526597
0 81.54296875 28.7109375 9.063258303782652 12.084344405043536
0 44.970703125 21.875 7.911060422861158 10.548080563814876
0 21.484375 26.302083333333332 8.674725588105405 11.56630078414054
0 26.708984375 23.828125 8.256682897014576 11.008910529352768
0 3.3203125 24.934895833333336 8.446260072691679 11.26168009692224
0 11.71875 22.591145833333336 8.039514082226251 10.719352109635
0 81.689453125 22.330729166666664 7.993042513249997 10.657390017666662
0 97.998046875 31.315104166666668 9.465370128949479 12.62049350526597
0 88.427734375 25.065104166666668 8.468284256293707 11.291045675058275
0 39.404296875 46.54947916666667 11.54032617260073 15.38710156346764
0 28.662109375 31.640625 9.51443925056146 12.685919000748614
0 53.466796875 29.296875 9.1552734375 12.20703125
0 58.88671875 28.90625 9.094033462982996 12.125377950643994
0 62.98828125 24.088541666666664 8.301678777304348 11.068905036405797
0 16.11328125 20.377604166666664 7.635495607419925 10.180660809893233
0 24.31640625 18.359375 7.247523246483103 9.663364328644137
0 31.201171875 19.986979166666664 7.561957820656658 10.08261042754221
0 39.697265625 19.010416666666664 7.37490598974278 9.833207986323707
0 59.228515625 16.145833333333336 6.796587356970242 9.062116475960323
0 50.68359375 20.703125 7.6962403643301345 10.261653819106845
0 69.970703125 23.697916666666664 8.234092750996119 10.978790334661493
0 78.466796875 21.744791666666664 7.887480458569388 10.51664061142585
0 87.01171875 21.484375 7.840107775064166 10.453477033418888
0 8.154296875 20.963541666666664 7.7444931277157725 10.325990836954363
0 2.294921875 29.6875 9.216106488367615 12.288141984490153
0 12.744140625 33.3984375 9.775157091093119 13.033542788124159
0 3.22265625 18.098958333333336 7.195938795502683 9.594585060670244
0 11.5234375 17.252604166666664 7.025674092542321 9.367565456723094
0 18.408203125 14.908854166666666 6.531046923532928 8.708062564710572
0 13.96484375 18.359375 7.247523246483103 9.663364328644137
0 18.603515625 19.7265625 7.512532730158185 10.01671030687758
0 28.857421875 16.861979166666664 6.945682786096826 9.260910381462436
0 35.302734375 19.466145833333336 7.462780310447684 9.950373747263578
0 54.78515625 19.466145833333336 7.462780310447684 9.950373747263578
0 66.162109375 22.200520833333336 7.969705113037473 10.626273484049964
0 74.8046875 20.5078125 7.659851317145468 10.21313508952729
0 91.943359375 23.828125 8.256682897014576 11.008910529352768
0 98.095703125 24.21875 8.324085508414218 11.098780677885625
0 84.423828125 18.229166666666664 7.221777078979024 9.629036105305365
0 94.580078125 19.140625 7.400119417103358 9.866825889471144
0 75.634765625 16.861979166666664 6.945682786096826 9.260910381462436
0 60.83984375 13.541666666666666 6.224389054678692 8.299185406238257
0 47.94921875 19.986979166666664 7.561957820656658 10.08261042754221
0 35.400390625 16.145833333333336 6.796587356970242 9.062116475960323
0 42.7734375 15.234375 6.60196156395994 8.802615418613254
0 25.9765625 17.122395833333336 6.9991119025755095 9.332149203434014
0 48.828125 16.9921875 6.972448522214271 9.296598029619028
0 77.978515625 17.252604166666664 7.025674092542321 9.367565456723094
0 88.232421875 19.986979166666664 7.561957820656658 10.08261042754221
0 95.01953125 22.200520833333336 7.969705113037473 10.626273484049964
0 30.2734375 16.276041666666664 6.823937919616058 9.09858389282141
0 38.28125 15.234375 6.60196156395994 8.802615418613254
0 20.3125 16.015625 6.7691262856502785 9.025501714200372
0 81.787109375 38.34635416666667 10.474244568927316 13.965659425236424
0 95.60546875 27.799479166666668 8.918236814088415 11.890982418784553
0 69.970703125 15.0390625 6.559504779115197 8.746006372153596
0 58.7890625 15.364583333333334 6.6301150458985685 8.840153394531425
0 65.13671875 19.140625 7.400119417103358 9.866825889471144
0 52.1484375 24.479166666666664 8.36871899463018 11.15829199284024
0 56.34765625 23.567708333333336 8.211440458419013 10.948587277892017
0 21.142578125 18.359375 7.247523246483103 9.663364328644137
0 86.181640625 18.880208333333336 7.349606066157407 9.799474754876544
