0 1.904296875 17.578125 7.091644310682526 9.455525747576702
0 2.099609375 15.234375 6.60196156395994 8.802615418613254
0 3.3203125 16.927083333333336 6.959078522333606 9.278771363111476
0 6.689453125 15.4296875 6.644147051109997 8.858862734813329
0 8.69140625 16.145833333333336 6.796587356970242 9.062116475960323
0 10.25390625 17.708333333333336 7.117861199762329 9.490481599683106
0 11.1328125 15.690104166666666 6.699981201202437 8.933308268269917
0 5.46875 18.229166666666664 7.221777078979024 9.629036105305365
0 6.73828125 20.052083333333336 7.574263699945591 10.099018266594122
0 8.7890625 20.247395833333336 7.611061958825638 10.148082611767517
0 5.56640625 24.544270833333336 8.379840220792225 11.173120294389632
0 9.27734375 27.1484375 8.81318913463968 11.750918846186241
0 4.345703125 30.46875 9.336583582018038 12.448778109357384
0 7.32421875 37.36979166666667 10.340011197569225 13.786681596758967
0 0.87890625 46.94010416666667 11.588645963163772 15.45152795088503
0 1.85546875 58.138020833333336 12.897062139352686 17.196082852470248
0 13.671875 15.625 6.686066375795484 8.914755167727312
0 13.76953125 17.838541666666664 7.143981879101334 9.525309172135112
0 13.623046875 21.09375 7.768507117527988 10.358009490037318
0 22.216796875 13.541666666666666 6.224389054678692 8.299185406238257
0 21.77734375 15.885416666666666 6.741553355216833 8.988737806955777
0 18.45703125 17.252604166666664 7.025674092542321 9.367565456723094
0 19.62890625 20.247395833333336 7.611061958825638 10.148082611767517
0 16.2109375 21.549479166666664 7.85197774064246 10.469303654189947
0 26.416015625 14.388020833333334 6.415953381844678 8.554604509126236
0 24.12109375 15.4296875 6.644147051109997 8.858862734813329
0 29.98046875 13.4765625 6.209408553886659 8.279211405182211
0 29.98046875 15.4296875 6.644147051109997 8.858862734813329
0 31.689453125 15.299479166666666 6.61605328023645 8.821404373648601
0 33.642578125 16.145833333333336 6.796587356970242 9.062116475960323
0 28.173828125 15.885416666666666 6.741553355216833 8.988737806955777
0 26.025390625 18.294270833333336 7.234661615679748 9.646215487572997
0 36.572265625 14.908854166666666 6.531046923532928 8.708062564710572
0 31.201171875 19.075520833333336 7.3875234600282 9.850031280037602
0 31.884765625 20.833333333333336 7.720404443770458 10.293872591693944
0 27.5390625 22.200520833333336 7.969705113037473 10.626273484049964
0 20.751953125 27.278645833333332 8.83429859993294 11.779064799910586
0 22.998046875 25.78125 8.588407763348565 11.451210351131419
0 31.25 26.953125 8.78142979122202 11.708573054962693
0 32.71484375 33.984375 9.860531263063667 13.147375017418222
0 22.0703125 37.36979166666667 10.340011197569225 13.786681596758967
0 21.77734375 48.76302083333333 11.811524951393816 15.748699935191754
0 36.62109375 40.49479166666667 10.763667046233154 14.351556061644205
0 35.595703125 61.5234375 13.267251659719333 17.689668879625778
0 37.548828125 13.0859375 6.118755388111396 8.15834051748186
0 40.869140625 14.127604166666666 6.3576253222655215 8.476833763020695
0 40.91796875 16.9921875 6.972448522214271 9.296598029619028
0 43.65234375 13.997395833333334 6.328259690346595 8.437679587128793
0 46.2890625 14.583333333333334 6.459353786778786 8.612471715705048
0 47.509765625 12.5 5.980199567341744 7.973599423122326
0 41.552734375 23.4375 8.188725503539269 10.918300671385692
0 51.3671875 15.950520833333334 6.755353888299149 9.0071385177322
0 49.12109375 17.057291666666664 6.985792933508055 9.31439057801074
0 50.439453125 18.75 7.32421875 9.765625
0 48.486328125 22.721354166666664 8.062649422377262 10.75019922983635
0 49.609375 27.278645833333332 8.83429859993294 11.779064799910586
0 49.658203125 36.19791666666667 10.17659423860661 13.568792318142146
0 50.244140625 47.91666666666667 11.708573054962693 15.611430739950258
0 66.11328125 58.463541666666664 12.93311773707098 17.244156982761304
0 77.5390625 53.125 12.32849723921152 16.437996318948695
0 87.646484375 61.067708333333336 13.218022355778636 17.624029807704847
0 84.765625 83.72395833333334 15.476955973029744 20.63594129737299
0 55.46875 11.848958333333332 5.8223828211483495 7.763177094864466
0 55.810546875 14.778645833333334 6.502464524127966 8.669952698837287
0 59.423828125 13.346354166666666 6.179338602086361 8.239118136115147
0 58.544921875 15.104166666666666 6.573687508709111 8.764916678278816
0 62.841796875 12.630208333333334 6.011265748166568 8.015020997555423
0 62.5 14.583333333333334 6.459353786778786 8.612471715705048
0 61.572265625 16.276041666666664 6.823937919616058 9.09858389282141
0 59.326171875 17.447916666666664 7.065330140863174 9.420440187817565
0 68.505859375 13.606770833333334 6.2393335877260965 8.319111450301463
0 69.775390625 13.541666666666666 6.224389054678692 8.299185406238257
0 66.40625 15.625 6.686066375795484 8.914755167727312
0 72.265625 12.955729166666666 6.088237714617921 8.117650286157229
0 68.798828125 18.75 7.32421875 9.765625
0 70.703125 18.294270833333336 7.234661615679748 9.646215487572997
0 71.533203125 20.8984375 7.732458166088822 10.309944221451763
0 67.96875 23.502604166666664 8.200090846279542 10.933454461706056
0 65.91796875 24.544270833333336 8.379840220792225 11.173120294389632
0 59.66796875 24.479166666666664 8.36871899463018 11.15829199284024
0 61.03515625 29.1015625 9.124704826492952 12.166273101990603
0 59.326171875 34.765625 9.973226707988399 13.297635610651199
0 65.625 41.92708333333333 10.952367214920875 14.603156286561166
0 73.974609375 26.822916666666668 8.760192928715409 11.680257238287211
0 73.14453125 30.598958333333332 9.35651227829339 12.475349704391189
0 79.00390625 37.82552083333333 10.40286898746296 13.870491983283944
0 85.595703125 33.52864583333333 9.794193442310311 13.05892458974708
0 94.921875 39.84375 10.676791799643494 14.235722399524658
0 93.9453125 51.822916666666664 12.176475429235841 16.235300572314458
0 99.462890625 44.921875 11.336777112430854 15.11570281657447
0 99.169921875 41.14583333333333 10.849846700824694 14.466462267766259
0 75.78125 14.583333333333334 6.459353786778786 8.612471715705048
0 76.07421875 15.755208333333334 6.7138671875 8.951822916666668
0 76.7578125 14.127604166666666 6.3576253222655215 8.476833763020695
0 78.02734375 13.736979166666666 6.269115778861736 8.358821038482315
0 78.466796875 16.341145833333336 6.837572174807153 9.116762899742872
0 80.46875 15.950520833333334 6.755353888299149 9.0071385177322
0 82.2265625 14.453125 6.430452730012657 8.57393697335021
0 87.255859375 16.276041666666664 6.823937919616058 9.09858389282141
0 86.1328125 17.3828125 7.052136235529384 9.40284831403918
0 81.884765625 17.447916666666664 7.065330140863174 9.420440187817565
0 83.447265625 19.791666666666664 7.524919437217989 10.033225916290652
0 85.9375 21.744791666666664 7.887480458569388 10.51664061142585
0 78.662109375 22.005208333333336 7.9345703125 10.579427083333332
0 80.908203125 21.744791666666664 7.887480458569388 10.51664061142585
0 79.4921875 23.828125 8.256682897014576 11.008910529352768
0 90.380859375 17.708333333333336 7.117861199762329 9.490481599683106
0 88.330078125 19.7265625 7.512532730158185 10.01671030687758
0 93.017578125 18.294270833333336 7.234661615679748 9.646215487572997
0 91.552734375 19.856770833333336 7.537285788103314 10.049714384137753
0 96.58203125 18.294270833333336 7.234661615679748 9.646215487572997
0 98.388671875 18.489583333333336 7.273178276253042 9.697571035004056
0 99.658203125 19.986979166666664 7.561957820656658 10.08261042754221
0 94.775390625 19.7265625 7.512532730158185 10.01671030687758
0 92.236328125 21.549479166666664 7.85197774064246 10.469303654189947
0 89.74609375 22.981770833333336 8.108722079825698 10.811629439767596
0 96.19140625 22.330729166666664 7.993042513249997 10.657390017666662
0 97.0703125 26.627604166666668 8.728240750778255 11.637654334371007
0 89.84375 25.1953125 8.490251308132054 11.320335077509403
0 89.453125 27.734375 8.907787792557633 11.877050390076842
0 85.595703125 27.473958333333332 8.865868558553435 11.821158078071248
0 93.310546875 30.338541666666668 9.316612257369233 12.42214967649231
0 89.6484375 33.13802083333333 9.736972737758677 12.982630317011571
0 99.4140625 32.09635416666667 9.58271390875707 12.77695187834276
