0 43.798828125 80.79427083333334 15.203758187354921 20.271677583139894
0 25.78125 69.40104166666666 14.091060034930658 18.78808004657421
0 23.73046875 50.0 11.960399134683488 15.947198846244651
0 17.87109375 40.8203125 10.806842779312605 14.40912370575014
0 36.865234375 66.66666666666666 13.810679320049758 18.414239093399676
0 36.376953125 25.911458333333332 8.610068346964042 11.480091129285388
0 41.845703125 33.33333333333333 9.765625 13.020833333333334
0 31.787109375 34.5703125 9.945172568847854 13.26023009179714
0 34.326171875 43.88020833333333 11.2045652775182 14.939420370024267
0 1.953125 60.416666666666664 13.147375017418222 17.52983335655763
0 54.638671875 50.520833333333336 12.022531496333135 16.030041995110846
0 70.556640625 59.049479166666664 12.99776577090262 17.330354361203494
0 72.705078125 50.1953125 11.983736521039955 15.978315361386604
0 66.2109375 42.3828125 11.01173007365034 14.682306764867118
0 78.7109375 50.911458333333336 12.06892085771801 16.091894476957346
0 85.595703125 63.151041666666664 13.441598843716577 17.9221317916221
0 90.478515625 93.75 16.377451007078538 21.836601342771385
0 99.51171875 60.091145833333336 13.111908605310568 17.482544807080757
0 96.97265625 51.5625 12.145842738117919 16.194456984157227
0 80.517578125 38.99739583333333 10.562785827561513 14.083714436748682
0 74.90234375 33.52864583333333 9.794193442310311 13.05892458974708
0 59.5703125 35.22135416666667 10.038381471800859 13.384508629067811
0 48.73046875 37.76041666666667 10.393912576859377 13.85855010247917
0 50.29296875 28.971354166666668 9.104268731797058 12.139024975729411
0 61.5234375 30.143229166666668 9.286574740419274 12.382099653892366
0 26.806640625 24.348958333333336 8.346432086900233 11.128576115866979
0 19.921875 26.7578125 8.749555167743805 11.66607355699174
0 87.255859375 34.375 9.91703906815913 13.222718757545508
0 91.9921875 29.947916666666668 9.25643975103949 12.341919668052654
0 75.927734375 28.255208333333332 8.991039955234518 11.988053273646026
0 5.76171875 31.8359375 9.543759625922785 12.725012834563712
0 12.158203125 28.059895833333332 8.959911044862793 11.946548059817056
0 19.04296875 22.135416666666664 7.958010748538389 10.610680998051187
0 31.298828125 21.484375 7.840107775064166 10.453477033418888
0 24.755859375 15.364583333333334 6.6301150458985685 8.840153394531425
0 17.626953125 16.536458333333336 6.878312786611722 9.171083715482297
0 7.568359375 16.861979166666664 6.945682786096826 9.260910381462436
0 3.076171875 25.911458333333332 8.610068346964042 11.480091129285388
0 60.205078125 25.1953125 8.490251308132054 11.320335077509403
0 42.236328125 25.716145833333332 8.57755695956738 11.436742612756506
0 48.73046875 23.307291666666664 8.165947363439729 10.88792981791964
0 41.845703125 21.940104166666664 7.92282408798045 10.5637654506406
0 50.537109375 20.442708333333336 7.647683158045451 10.196910877393934
0 58.837890625 13.4765625 6.209408553886659 8.279211405182211
0 69.921875 14.322916666666666 6.401421192444773 8.53522825659303
0 79.248046875 18.75 7.32421875 9.765625
0 87.01171875 27.734375 8.907787792557633 11.877050390076842
0 65.8203125 24.544270833333336 8.379840220792225 11.173120294389632
0 70.947265625 22.4609375 8.016311973000304 10.688415964000404
0 51.025390625 17.3828125 7.052136235529384 9.40284831403918
0 41.357421875 18.5546875 7.28597191547444 9.714629220632586
0 41.748046875 14.322916666666666 6.401421192444773 8.53522825659303
0 32.666015625 16.341145833333336 6.837572174807153 9.116762899742872
0 25.78125 19.075520833333336 7.3875234600282 9.850031280037602
0 11.1328125 22.8515625 8.085718566584333 10.780958088779109
0 4.1015625 21.484375 7.840107775064166 10.453477033418888
0 91.2109375 18.229166666666664 7.221777078979024 9.629036105305365
0 99.658203125 25.390625 8.523095729839442 11.364127639785922
0 79.4921875 24.674479166666664 8.402038511923953 11.202718015898604
0 85.498046875 22.330729166666664 7.993042513249997 10.657390017666662
0 91.455078125 24.544270833333336 8.379840220792225 11.173120294389632
0 59.228515625 18.033854166666664 7.182984799767957 9.577313066357275
0 45.3125 16.861979166666664 6.945682786096826 9.260910381462436
0 29.4921875 14.973958333333334 6.545291317604741 8.727055090139656
0 36.376953125 17.3828125 7.052136235529384 9.40284831403918
0 11.865234375 18.880208333333336 7.349606066157407 9.799474754876544
0 10.107421875 16.861979166666664 6.945682786096826 9.260910381462436
0 98.6328125 31.640625 9.51443925056146 12.685919000748614
0 95.3125 22.981770833333336 8.108722079825698 10.811629439767596
0 60.3515625 21.484375 7.840107775064166 10.453477033418888
0 69.677734375 18.880208333333336 7.349606066157407 9.799474754876544
0 60.7421875 15.364583333333334 6.6301150458985685 8.840153394531425
0 81.15234375 15.169270833333334 6.587839704871492 8.783786273161988
0 78.3203125 17.3828125 7.052136235529384 9.40284831403918
0 76.416015625 15.8203125 6.72772451325946 8.970299351012613
0 26.66015625 15.169270833333334 6.587839704871492 8.783786273161988
0 34.9609375 14.84375 6.516771394062079 8.689028525416106
0 4.98046875 17.578125 7.091644310682526 9.455525747576702
0 7.03125 21.2890625 7.804389558437758 10.405852744583676
0 17.7734375 32.16145833333333 9.592427762147041 12.789903682862722
0 14.453125 17.903645833333336 7.157006469457137 9.542675292609516
0 1.416015625 17.1875 7.012405574387241 9.349874099182989
0 29.248046875 19.7265625 7.512532730158185 10.01671030687758
0 37.548828125 19.075520833333336 7.3875234600282 9.850031280037602
0 76.416015625 22.65625 8.051090062422436 10.734786749896582
0 88.525390625 20.442708333333336 7.647683158045451 10.196910877393934
0 66.845703125 16.341145833333336 6.837572174807153 9.116762899742872
0 48.486328125 18.424479166666664 7.2603620931215325 9.680482790828709
