0 91.748046875 63.541666666666664 13.483106710433667 17.977475613911555
0 61.42578125 57.03125 12.773711875278535 17.031615833704713
0 42.041015625 54.6875 12.508484821728025 16.677979762304034
0 20.80078125 50.651041666666664 12.038014479563 16.050685972750667
0 1.7578125 68.88020833333334 14.0380859375 18.717447916666664
0 1.318359375 53.841145833333336 12.411315556434788 16.54842074191305
0 1.318359375 41.66666666666667 10.918300671385692 14.557734228514258
0 6.103515625 35.546875 10.084662867345157 13.44621715646021
0 16.015625 35.22135416666667 10.038381471800859 13.384508629067811
0 4.833984375 27.994791666666668 8.94951068030712 11.932680907076158
0 9.86328125 24.8046875 8.424178309229896 11.23223774563986
0 0.634765625 21.2890625 7.804389558437758 10.405852744583676
0 19.091796875 22.916666666666664 8.097228492078614 10.796304656104818
0 27.197265625 31.315104166666668 9.465370128949479 12.62049350526597
0 27.978515625 21.549479166666664 7.85197774064246 10.469303654189947
0 35.64453125 25.520833333333332 8.544921875 11.393229166666668
0 45.458984375 32.8125 9.689030680168178 12.918707573557572
0 38.623046875 42.25260416666667 10.994801962067763 14.659735949423682
0 65.283203125 39.38802083333333 10.615556110184379 14.154074813579173
0 60.9375 32.8125 9.689030680168178 12.918707573557572
0 77.24609375 30.729166666666668 9.376398618003673 12.501864824004896
0 88.76953125 35.87239583333333 10.130732832457173 13.507643776609566
0 88.0859375 29.036458333333332 9.114492506755418 12.15265667567389
0 80.56640625 26.888020833333332 8.770817787597604 11.694423716796805
0 79.833984375 21.744791666666664 7.887480458569388 10.51664061142585
0 73.583984375 24.739583333333336 8.413115693414442 11.217487591219255
0 69.140625 22.005208333333336 7.9345703125 10.579427083333332
0 62.451171875 20.247395833333336 7.611061958825638 10.148082611767517
0 47.0703125 18.229166666666664 7.221777078979024 9.629036105305365
0 43.06640625 19.3359375 7.437779301119349 9.917039068159132
0 37.6953125 17.057291666666664 6.985792933508055 9.31439057801074
0 53.759765625 9.114583333333332 5.106567544763645 6.808756726351526
0 63.818359375 10.807291666666668 5.56056737008319 7.4140898267775865
0 71.6796875 12.3046875 5.933295317145868 7.911060422861158
0 86.1328125 15.8203125 6.72772451325946 8.970299351012613
0 99.365234375 21.744791666666664 7.887480458569388 10.51664061142585
0 94.091796875 23.372395833333336 8.177344364608315 10.903125819477753
0 89.55078125 25.390625 8.523095729839442 11.364127639785922
0 7.71484375 17.513020833333336 7.0784994535786145 9.437999271438152
0 19.091796875 17.643229166666664 7.104764847914316 9.473019797219088
0 16.845703125 12.174479166666668 5.901818727360142 7.8690916364801895
0 12.255859375 14.908854166666666 6.531046923532928 8.708062564710572
0 37.109375 14.127604166666666 6.3576253222655215 8.476833763020695
0 14.697265625 15.0390625 6.559504779115197 8.746006372153596
0 68.017578125 61.71875 13.288294102219997 17.717725469626664
0 54.19921875 78.45052083333334 14.981613413859346 19.97548455181246
0 88.427734375 91.9921875 16.22318586426027 21.63091448568036
0 96.875 92.25260416666666 16.246132390388386 21.66150985385118
0 83.154296875 73.2421875 14.475758332069608 19.301011109426145
0 84.5703125 40.4296875 10.755011100284483 14.340014800379311
0 92.529296875 32.94270833333333 9.708235913444133 12.944314551258843
0 29.833984375 41.92708333333333 10.952367214920875 14.603156286561166
0 34.47265625 44.20572916666667 11.24604844524431 14.994731260325747
0 31.103515625 31.184895833333332 9.445671106287941 12.594228141717254
0 39.16015625 33.26822916666667 9.756083595670033 13.008111460893376
0 34.619140625 32.35677083333333 9.621510480001493 12.828680640001991
0 31.396484375 37.23958333333333 10.321981521782082 13.762642029042777
0 8.056640625 46.484375 11.532253190729483 15.376337587639311
0 3.369140625 59.700520833333336 13.069221866066808 17.425629154755743
0 49.072265625 38.8671875 10.545137050275265 14.060182733700355
0 50.341796875 19.596354166666664 7.487697843252746 9.983597124336994
0 44.62890625 23.111979166666664 8.131660519088275 10.842214025451032
0 30.419921875 22.916666666666664 8.097228492078614 10.796304656104818
0 21.875 25.716145833333332 8.57755695956738 11.436742612756506
0 16.064453125 19.3359375 7.437779301119349 9.917039068159132
0 59.5703125 23.4375 8.188725503539269 10.918300671385692
0 71.97265625 33.26822916666667 9.756083595670033 13.008111460893376
0 92.28515625 29.947916666666668 9.25643975103949 12.341919668052654
0 13.96484375 17.903645833333336 7.157006469457137 9.542675292609516
0 31.640625 20.377604166666664 7.635495607419925 10.180660809893233
0 51.85546875 17.1875 7.012405574387241 9.349874099182989
0 55.615234375 15.234375 6.60196156395994 8.802615418613254
0 67.1875 34.1796875 9.888825528576445 13.185100704768596
0 64.2578125 32.68229166666667 9.669787303317175 12.893049737756234
0 64.453125 28.580729166666668 9.042683343523592 12.056911124698123
0 86.62109375 24.283854166666664 8.33526628646708 11.113688381956106
0 99.267578125 32.03125 9.572990198582838 12.763986931443785
0 75.390625 49.67447916666667 11.92140196815467 15.895202624206226
0 26.07421875 16.536458333333336 6.878312786611722 9.171083715482297
0 30.517578125 16.861979166666664 6.945682786096826 9.260910381462436
0 1.416015625 16.9921875 6.972448522214271 9.296598029619028
0 9.1796875 14.908854166666666 6.531046923532928 8.708062564710572
0 49.462890625 16.080729166666664 6.782870718656271 9.043827624875028
0 41.357421875 13.997395833333334 6.328259690346595 8.437679587128793
0 59.5703125 17.513020833333336 7.0784994535786145 9.437999271438152
0 77.44140625 19.791666666666664 7.524919437217989 10.033225916290652
0 71.875 15.950520833333334 6.755353888299149 9.0071385177322
0 97.75390625 26.7578125 8.749555167743805 11.66607355699174
0 83.740234375 20.247395833333336 7.611061958825638 10.148082611767517
0 3.125 18.098958333333336 7.195938795502683 9.594585060670244
0 9.86328125 17.903645833333336 7.157006469457137 9.542675292609516
0 23.2421875 14.2578125 6.386855937639267 8.515807916852356
0 33.10546875 13.997395833333334 6.328259690346595 8.437679587128793
0 43.75 14.908854166666666 6.531046923532928 8.708062564710572
0 58.447265625 12.5 5.980199567341744 7.973599423122326
0 57.080078125 22.200520833333336 7.969705113037473 10.626273484049964
0 66.40625 18.5546875 7.28597191547444 9.714629220632586
0 67.1875 13.346354166666666 6.179338602086361 8.239118136115147
0 77.44140625 15.169270833333334 6.587839704871492 8.783786273161988
0 93.994140625 17.96875 7.170007400189656 9.56000986691954
0 89.111328125 19.596354166666664 7.487697843252746 9.983597124336994
0 40.869140625 21.875 7.911060422861158 10.548080563814876
0 39.990234375 17.447916666666664 7.065330140863174 9.420440187817565
0 38.720703125 20.5078125 7.659851317145468 10.21313508952729
0 48.4375 22.200520833333336 7.969705113037473 10.626273484049964
0 51.953125 14.2578125 6.386855937639267 8.515807916852356
0 71.6796875 22.200520833333336 7.969705113037473 10.626273484049964
0 73.73046875 19.466145833333336 7.462780310447684 9.950373747263578
0 5.078125 22.981770833333336 8.108722079825698 10.811629439767596
0 99.609375 40.234375 10.72900136184506 14.305335149126746
0 99.609375 28.385416666666668 9.011732824849489 12.015643766465985
0 99.21875 17.96875 7.170007400189656 9.56000986691954
0 75.732421875 13.216145833333334 6.149121606326259 8.198828808435012
0 97.216796875 18.424479166666664 7.2603620931215325 9.680482790828709
0 45.751953125 13.8671875 6.298757153488249 8.398342871317666
0 28.564453125 13.411458333333334 6.194391824397107 8.259189099196142
0 21.728515625 13.541666666666666 6.224389054678692 8.299185406238257
0 82.373046875 24.283854166666664 8.33526628646708 11.113688381956106
0 97.16796875 22.0703125 7.946299173761924 10.595065565015899
0 54.00390625 13.671875 6.254242410864013 8.338989881152017
0 12.255859375 21.158854166666664 7.780486318348366 10.373981757797822
0 21.875 19.921875 7.549631882844837 10.066175843793117
0 54.8828125 11.263020833333332 5.676597667766807 7.568796890355743
0 48.388671875 13.346354166666666 6.179338602086361 8.239118136115147
0 56.73828125 12.3046875 5.933295317145868 7.911060422861158
0 86.71875 20.052083333333336 7.574263699945591 10.099018266594122
0 61.962890625 15.364583333333334 6.6301150458985685 8.840153394531425
0 70.263671875 15.625 6.686066375795484 8.914755167727312
0 24.365234375 54.296875 12.463731601966636 16.61830880262218
0 51.85546875 28.255208333333332 8.991039955234518 11.988053273646026
0 50.244140625 24.739583333333336 8.413115693414442 11.217487591219255
0 34.521484375 13.802083333333334 6.283953943473511 8.378605257964681
0 29.931640625 13.671875 6.254242410864013 8.338989881152017
0 74.072265625 13.0859375 6.118755388111396 8.15834051748186
0 78.369140625 13.216145833333334 6.149121606326259 8.198828808435012
0 92.041015625 20.833333333333336 7.720404443770458 10.293872591693944
0 92.041015625 18.098958333333336 7.195938795502683 9.594585060670244
