0 44.775390625 24.934895833333336 8.446260072691679 11.26168009692224
0 24.072265625 25.846354166666668 8.59924487524742 11.465659833663226
0 45.947265625 51.106770833333336 12.092048801366547 16.122731735155398
0 83.10546875 56.575520833333336 12.722572989304096 16.96343065240546
0 69.53125 66.40625 13.783678943647724 18.378238591530298
0 23.4375 66.6015625 13.803934177122365 18.405245569496486
0 41.064453125 29.8828125 9.24637292940864 12.32849723921152
0 70.458984375 32.29166666666667 9.611826018080825 12.815768024107768
0 78.22265625 37.43489583333333 10.349014256477766 13.798685675303688
0 44.775390625 16.666666666666664 6.905339660024879 9.207119546699838
0 14.208984375 20.703125 7.6962403643301345 10.261653819106845
0 8.3984375 16.536458333333336 6.878312786611722 9.171083715482297
0 39.2578125 13.671875 6.254242410864013 8.338989881152017
0 54.1015625 16.666666666666664 6.905339660024879 9.207119546699838
0 66.259765625 15.299479166666666 6.61605328023645 8.821404373648601
0 80.76171875 11.9140625 5.838356466585996 7.784475288781327
0 93.798828125 10.15625 5.390479044389554 7.187305392519407
0 85.498046875 20.703125 7.6962403643301345 10.261653819106845
0 47.412109375 14.908854166666666 6.531046923532928 8.708062564710572
0 27.880859375 17.578125 7.091644310682526 9.455525747576702
0 28.955078125 15.104166666666666 6.573687508709111 8.764916678278816
0 78.369140625 21.940104166666664 7.92282408798045 10.5637654506406
0 94.82421875 16.536458333333336 6.878312786611722 9.171083715482297
0 84.27734375 41.9921875 10.960867307170393 14.614489742893857
0 81.787109375 49.21875 11.866590634291736 15.822120845722315
0 91.162109375 14.778645833333334 6.502464524127966 8.669952698837287
0 81.15234375 16.536458333333336 6.878312786611722 9.171083715482297
0 73.486328125 49.21875 11.866590634291736 15.822120845722315
0 56.884765625 42.31770833333333 11.00326927326657 14.671025697688759
0 40.673828125 35.28645833333333 10.047654805392046 13.39687307385606
0 29.345703125 38.99739583333333 10.562785827561513 14.083714436748682
0 32.763671875 56.380208333333336 12.700593290212897 16.93412438695053
0 52.5390625 63.932291666666664 13.52448718637716 18.032649581836214
0 66.357421875 53.255208333333336 12.343596445408132 16.45812859387751
0 68.359375 37.04427083333333 10.29487780360901 13.726503738145347
0 56.884765625 59.1796875 13.012088382158108 17.34945117621081
0 46.630859375 68.48958333333334 13.998223805151019 18.664298406868028
0 35.791015625 69.20572916666666 14.071218119382939 18.761624159177252
0 32.51953125 45.83333333333333 11.45121035113142 15.268280468175227
0 15.13671875 51.497395833333336 12.138172486176355 16.184229981568475
0 23.14453125 64.6484375 13.600024386692622 18.133365848923496
0 53.466796875 74.28385416666666 14.578333633418197 19.43777817789093
0 66.650390625 80.79427083333334 15.203758187354921 20.271677583139894
0 80.224609375 82.03125 15.319702634290936 20.42627017905458
0 58.740234375 83.7890625 15.48297228267312 20.643963043564163
0 77.83203125 82.35677083333334 15.35006877436437 20.46675836581916
0 88.916015625 81.51041666666666 15.27099121483985 20.361321619786466
0 52.9296875 76.5625 14.800238834206716 19.73365177894229
0 12.744140625 79.23177083333334 15.05602585881837 20.074701145091158
0 33.837890625 81.51041666666666 15.27099121483985 20.361321619786466
0 15.380859375 84.11458333333334 15.513018831956584 20.684025109275446
0 42.67578125 73.76302083333334 14.527136517836798 19.36951535711573
0 25.29296875 58.333333333333336 12.918707573557572 17.224943431410097
0 5.908203125 58.854166666666664 12.976252212810852 17.301669617081135
0 14.84375 46.74479166666667 11.564511304624277 15.419348406165703
0 31.982421875 37.23958333333333 10.321981521782082 13.762642029042777
0 56.640625 34.24479166666667 9.898238977189243 13.197651969585658
0 75.5859375 41.6015625 10.909767414379564 14.546356552506085
0 59.765625 62.6953125 13.393010411066705 17.857347214755606
0 41.455078125 52.1484375 12.214658261834412 16.286211015779216
0 75.732421875 44.46614583333333 11.279125129746294 15.038833506328391
0 91.40625 51.627604166666664 12.153508149255297 16.204677532340394
0 81.640625 55.859375 12.641793931401354 16.855725241868473
0 94.04296875 64.6484375 13.600024386692622 18.133365848923496
0 92.96875 32.87760416666667 9.698638050580264 12.931517400773687
0 96.923828125 49.73958333333333 11.929211600153849 15.905615466871797
0 74.0234375 57.942708333333336 12.875380315996695 17.16717375466226
0 59.130859375 52.1484375 12.214658261834412 16.286211015779216
0 7.763671875 47.4609375 11.652760676291981 15.537014235055976
0 13.427734375 63.932291666666664 13.52448718637716 18.032649581836214
0 2.099609375 80.2734375 15.154674094159102 20.20623212554547
0 22.119140625 78.7109375 15.006458560967099 20.0086114146228
0 82.177734375 73.6328125 14.514309021721331 19.352412028961773
0 70.703125 86.97916666666666 15.774960917138776 21.0332812228517
0 95.1171875 89.38802083333334 15.991909798063844 21.32254639741846
0 96.044921875 37.23958333333333 10.321981521782082 13.762642029042777
0 50.439453125 56.770833333333336 12.74451478138495 16.992686375179932
0 39.892578125 41.27604166666667 10.867000619363317 14.489334159151088
0 34.47265625 24.21875 8.324085508414218 11.098780677885625
0 16.064453125 28.841145833333332 9.083786661460703 12.11171554861427
0 3.80859375 40.55989583333333 10.77231603681811 14.363088049090814
0 18.408203125 61.458333333333336 13.260230091797137 17.68030678906285
0 21.19140625 44.59635416666667 11.295627150464934 15.060836200619912
0 12.5 41.796875 10.935347208965403 14.580462945287206
0 20.263671875 38.99739583333333 10.562785827561513 14.083714436748682
0 46.240234375 40.0390625 10.70292841598522 14.270571221313624
0 45.703125 63.932291666666664 13.52448718637716 18.032649581836214
0 64.16015625 73.4375 14.495046492966207 19.326728657288275
0 76.123046875 86.26302083333334 15.709884858683779 20.946513144911705
0 75.5859375 71.35416666666666 14.287963758202668 19.050618344270223
0 81.005859375 87.82552083333334 15.851524552271181 21.135366069694907
0 98.6328125 60.416666666666664 13.147375017418222 17.52983335655763
0 61.083984375 16.145833333333336 6.796587356970242 9.062116475960323
0 26.85546875 45.703125 11.434932858395506 15.24657714452734
0 48.876953125 71.875 14.340014800379311 19.12001973383908
0 77.685546875 61.1328125 13.225066333020294 17.633421777360393
0 53.857421875 60.611979166666664 13.16860901513148 17.55814535350864
0 43.84765625 59.895833333333336 13.090582635209483 17.45411018027931
0 86.42578125 16.666666666666664 6.905339660024879 9.207119546699838
0 43.1640625 43.75 11.187928942763282 14.917238590351042
