0 85.83984375 47.20052083333333 11.620747537023785 15.494330049365049
0 94.189453125 55.794270833333336 12.634424770803498 16.845899694404665
0 84.130859375 64.6484375 13.600024386692622 18.133365848923496
0 98.095703125 53.125 12.32849723921152 16.437996318948695
0 78.3203125 48.76302083333333 11.811524951393816 15.748699935191754
0 74.853515625 57.6171875 12.83916257810219 17.118883437469588
0 35.400390625 67.05729166666666 13.851081198620872 18.46810826482783
0 18.798828125 70.3125 14.183288621365053 18.911051495153405
0 47.36328125 87.04427083333334 15.780863615536983 21.041151487382646
0 1.46484375 75.26041666666666 14.673846777552866 19.565129036737154
0 23.2421875 50.846354166666664 12.061201687847598 16.081602250463465
0 1.904296875 61.002604166666664 13.210974622749855 17.61463283033314
0 1.5625 46.875 11.580606665655687 15.440808887540916
0 13.0859375 36.328125 10.194881035455362 13.593174713940485
0 3.076171875 37.17447916666667 10.31295486371814 13.75060648495752
0 6.884765625 30.859375 9.396242870080965 12.52832382677462
0 12.890625 27.1484375 8.81318913463968 11.750918846186241
0 19.3359375 26.432291666666668 8.696171172348027 11.594894896464037
0 3.80859375 26.627604166666668 8.728240750778255 11.637654334371007
0 33.49609375 34.24479166666667 9.898238977189243 13.197651969585658
0 36.669921875 45.05208333333333 11.353195335533615 15.137593780711486
0 48.828125 36.71875 10.24954566879069 13.66606089172092
0 52.44140625 44.3359375 11.262598930203817 15.016798573605088
0 70.068359375 42.64322916666667 11.045508466097326 14.7273446214631
0 89.94140625 37.56510416666667 10.366996918617573 13.822662558156765
0 98.6328125 38.02083333333333 10.429692071920813 13.906256095894417
0 79.39453125 36.06770833333333 10.158274522151634 13.544366029535512
0 84.66796875 31.966145833333332 9.56325660155786 12.751008802077147
0 73.876953125 32.55208333333333 9.650505554713073 12.86734073961743
0 76.66015625 27.864583333333332 8.928673607377803 11.904898143170405
0 93.994140625 18.880208333333336 7.349606066157407 9.799474754876544
0 85.83984375 22.0703125 7.946299173761924 10.595065565015899
0 88.18359375 28.125 8.970299351012615 11.960399134683486
0 89.55078125 30.2734375 9.306610523667546 12.408814031556727
0 77.685546875 18.033854166666664 7.182984799767957 9.577313066357275
0 69.140625 19.010416666666664 7.37490598974278 9.833207986323707
0 58.984375 25.5859375 8.555814067917595 11.407752090556793
0 63.330078125 28.841145833333332 9.083786661460703 12.11171554861427
0 60.25390625 35.3515625 10.056919588186085 13.409226117581447
0 69.677734375 22.786458333333336 8.074192233473482 10.765589644631309
0 76.318359375 21.09375 7.768507117527988 10.358009490037318
0 78.41796875 24.934895833333336 8.446260072691679 11.26168009692224
0 85.83984375 16.145833333333336 6.796587356970242 9.062116475960323
0 91.748046875 18.880208333333336 7.349606066157407 9.799474754876544
0 81.298828125 17.447916666666664 7.065330140863174 9.420440187817565
0 63.8671875 13.4765625 6.209408553886659 8.279211405182211
0 54.98046875 13.606770833333334 6.2393335877260965 8.319111450301463
0 61.71875 21.419270833333336 7.828219811023351 10.437626414697803
0 47.021484375 29.557291666666668 9.195873518871684 12.261164691828911
0 53.173828125 27.278645833333332 8.83429859993294 11.779064799910586
0 42.48046875 26.041666666666668 8.631674575031099 11.508899433374797
0 39.306640625 31.8359375 9.543759625922785 12.725012834563712
0 31.396484375 30.859375 9.396242870080965 12.52832382677462
0 26.123046875 23.763020833333336 8.245395560367612 10.993860747156816
0 21.142578125 33.91927083333333 9.851081781963485 13.134775709284646
0 16.796875 24.739583333333336 8.413115693414442 11.217487591219255
0 5.908203125 21.809895833333336 7.8992792392241125 10.532372318965482
0 33.740234375 21.809895833333336 7.8992792392241125 10.532372318965482
0 42.28515625 15.755208333333334 6.7138671875 8.951822916666668
0 43.359375 21.6796875 7.875664001809045 10.500885335745393
0 26.953125 18.294270833333336 7.234661615679748 9.646215487572997
0 30.859375 22.0703125 7.946299173761924 10.595065565015899
0 18.9453125 21.223958333333336 7.792447103762027 10.389929471682702
0 4.443359375 18.5546875 7.28597191547444 9.714629220632586
0 10.693359375 16.861979166666664 6.945682786096826 9.260910381462436
0 19.580078125 16.731770833333336 6.9188135063199665 9.225084675093289
0 11.962890625 19.270833333333336 7.425247229367944 9.900329639157258
0 28.564453125 20.1171875 7.586549618320344 10.115399491093791
0 36.474609375 19.856770833333336 7.537285788103314 10.049714384137753
0 25.244140625 16.731770833333336 6.9188135063199665 9.225084675093289
0 48.095703125 23.372395833333336 8.177344364608315 10.903125819477753
0 50.537109375 16.471354166666664 6.864759447755123 9.15301259700683
0 59.619140625 19.53125 7.475249459177179 9.966999278902906
0 50.0 20.377604166666664 7.635495607419925 10.180660809893233
0 32.12890625 16.6015625 6.891839471823862 9.189119295765149
0 46.19140625 18.5546875 7.28597191547444 9.714629220632586
0 29.052734375 16.015625 6.7691262856502785 9.025501714200372
0 27.1484375 49.4140625 11.89011214525034 15.853482860333786
0 93.359375 24.348958333333336 8.346432086900233 11.128576115866979
0 80.224609375 22.526041666666664 8.027921409891299 10.703895213188398
0 89.013671875 20.963541666666664 7.7444931277157725 10.325990836954363
0 61.181640625 18.1640625 7.208869513560617 9.611826018080823
0 55.908203125 16.145833333333336 6.796587356970242 9.062116475960323
