0 65.673828125 41.6015625 10.909767414379564 14.546356552506085
0 49.90234375 46.80989583333333 11.572561783360925 15.430082377814566
0 34.033203125 53.190104166666664 12.336049152470542 16.44806553662739
0 40.869140625 39.2578125 10.597995211294762 14.130660281726351
0 45.947265625 35.67708333333333 10.103116062772735 13.470821417030313
0 50.927734375 65.55989583333334 13.695560102732468 18.26074680364329
0 51.07421875 36.45833333333333 10.21313508952729 13.617513452703053
0 49.90234375 27.669270833333332 8.897326499702912 11.863101999603883
0 68.798828125 51.302083333333336 12.115132593554204 16.153510124738936
0 75.634765625 60.15625 13.119009558230394 17.492012744307193
0 71.826171875 30.46875 9.336583582018038 12.448778109357384
0 77.05078125 38.02083333333333 10.429692071920813 13.906256095894417
0 81.103515625 30.598958333333332 9.35651227829339 12.475349704391189
0 88.8671875 44.98697916666667 11.344989193994817 15.126652258659753
0 95.21484375 49.609375 11.913587216762167 15.884782955682889
0 93.84765625 70.76822916666666 14.229178743743612 18.972238324991483
0 0.537109375 69.27083333333334 14.07783519857275 18.77044693143033
0 2.490234375 54.1015625 12.441294623193059 16.58839283092408
0 1.46484375 42.64322916666667 11.045508466097326 14.7273446214631
0 1.806640625 28.580729166666668 9.042683343523592 12.056911124698123
0 6.4453125 39.2578125 10.597995211294762 14.130660281726351
0 13.037109375 47.91666666666667 11.708573054962693 15.611430739950258
0 17.431640625 36.78385416666667 10.258628121320564 13.678170828427419
0 22.0703125 27.018229166666668 8.792028986137655 11.722705314850208
0 36.474609375 21.354166666666664 7.816313766397521 10.421751688530028
0 63.134765625 35.09114583333333 10.019809057239993 13.359745409653323
0 71.58203125 23.6328125 8.222774405094897 10.963699206793196
0 61.279296875 28.450520833333332 9.02206146184966 12.029415282466214
0 41.69921875 20.703125 7.6962403643301345 10.261653819106845
0 49.21875 17.903645833333336 7.157006469457137 9.542675292609516
0 63.818359375 18.229166666666664 7.221777078979024 9.629036105305365
