0 92.28515625 56.119791666666664 12.67122771730145 16.894970289735266
0 76.123046875 55.989583333333336 12.65651938069319 16.875359174257586
0 65.52734375 62.369791666666664 13.358196184228083 17.810928245637445
0 71.97265625 53.515625 12.37373958295489 16.498319443939856
0 81.73828125 40.49479166666667 10.763667046233154 14.351556061644205
0 62.890625 44.53125 11.287379155826983 15.049838874435977
0 77.9296875 39.77864583333333 10.668065364348472 14.224087152464628
0 73.486328125 33.984375 9.860531263063667 13.147375017418222
0 61.71875 36.58854166666667 10.231356576074347 13.641808768099132
0 87.353515625 33.59375 9.803697756475225 13.071597008633635
0 79.6875 25.325520833333332 8.512161670520847 11.349548894027794
0 72.314453125 29.4921875 9.185740321833748 12.247653762444997
0 70.8984375 22.721354166666664 8.062649422377262 10.75019922983635
0 65.91796875 24.153645833333336 8.312889692307273 11.083852923076364
0 59.423828125 25.846354166666668 8.59924487524742 11.465659833663226
0 68.65234375 24.283854166666664 8.33526628646708 11.113688381956106
0 86.376953125 22.8515625 8.085718566584333 10.780958088779109
0 92.529296875 23.828125 8.256682897014576 11.008910529352768
0 94.482421875 32.35677083333333 9.621510480001493 12.828680640001991
0 87.548828125 28.776041666666668 9.073528288158268 12.098037717544358
0 63.28125 31.966145833333332 9.56325660155786 12.751008802077147
0 46.875 38.93229166666667 10.553965128046011 14.07195350406135
0 58.349609375 35.48177083333333 10.075423595714831 13.433898127619774
0 51.513671875 30.2734375 9.306610523667546 12.408814031556727
0 49.365234375 39.19270833333333 10.589203840879804 14.118938454506406
0 54.541015625 51.497395833333336 12.138172486176355 16.184229981568475
0 49.70703125 49.93489583333333 11.952609880106287 15.936813173475048
0 23.486328125 54.947916666666664 12.538231557723472 16.71764207696463
0 32.470703125 35.48177083333333 10.075423595714831 13.433898127619774
0 4.296875 32.74739583333333 9.679413773897526 12.905885031863368
0 5.419921875 25.716145833333332 8.57755695956738 11.436742612756506
0 51.123046875 20.182291666666664 7.598815672600545 10.13175423013406
0 49.365234375 22.786458333333336 8.074192233473482 10.765589644631309
0 32.373046875 21.484375 7.840107775064166 10.453477033418888
0 27.197265625 25.260416666666668 8.501213548086012 11.334951397448016
0 17.28515625 21.223958333333336 7.792447103762027 10.389929471682702
0 20.3125 27.5390625 8.876366926421502 11.835155901895336
0 25.9765625 19.791666666666664 7.524919437217989 10.033225916290652
0 2.587890625 32.87760416666667 9.698638050580264 12.931517400773687
0 2.783203125 25.520833333333332 8.544921875 11.393229166666668
0 29.443359375 20.377604166666664 7.635495607419925 10.180660809893233
0 66.796875 16.6015625 6.891839471823862 9.189119295765149
0 86.328125 61.328125 13.246175789923525 17.661567719898034
0 90.673828125 52.083333333333336 12.20703125 16.276041666666664
0 84.619140625 42.44791666666667 11.020184378215204 14.693579170953605
0 89.0625 38.41145833333333 10.483132346995646 13.977509795994195
0 81.25 36.58854166666667 10.231356576074347 13.641808768099132
0 75.732421875 50.390625 12.007028547916262 16.00937139722168
0 92.96875 29.4921875 9.185740321833748 12.247653762444997
0 88.0859375 31.770833333333332 9.53399618640949 12.711994915212655
0 82.568359375 28.450520833333332 9.02206146184966 12.029415282466214
0 75.634765625 31.184895833333332 9.445671106287941 12.594228141717254
0 88.623046875 26.302083333333332 8.674725588105405 11.56630078414054
0 99.21875 25.130208333333332 8.479274895904423 11.305699861205897
0 82.32421875 21.223958333333336 7.792447103762027 10.389929471682702
0 76.953125 23.958333333333336 8.279211405182211 11.038948540242949
0 84.814453125 19.075520833333336 7.3875234600282 9.850031280037602
0 95.751953125 21.940104166666664 7.92282408798045 10.5637654506406
0 74.853515625 21.484375 7.840107775064166 10.453477033418888
0 82.32421875 17.578125 7.091644310682526 9.455525747576702
0 88.720703125 18.880208333333336 7.349606066157407 9.799474754876544
0 73.2421875 26.106770833333332 8.642457433170346 11.52327657756046
0 79.541015625 22.526041666666664 8.027921409891299 10.703895213188398
0 92.1875 17.7734375 7.130933499479933 9.50791133263991
0 98.33984375 19.596354166666664 7.487697843252746 9.983597124336994
0 91.015625 22.916666666666664 8.097228492078614 10.796304656104818
0 79.736328125 17.7734375 7.130933499479933 9.50791133263991
0 88.720703125 23.372395833333336 8.177344364608315 10.903125819477753
0 76.07421875 13.997395833333334 6.328259690346595 8.437679587128793
0 71.630859375 17.057291666666664 6.985792933508055 9.31439057801074
0 95.751953125 19.205729166666664 7.412693970636669 9.883591960848893
0 86.328125 17.057291666666664 6.985792933508055 9.31439057801074
0 75.9765625 16.861979166666664 6.945682786096826 9.260910381462436
0 92.724609375 21.809895833333336 7.8992792392241125 10.532372318965482
0 67.529296875 20.377604166666664 7.635495607419925 10.180660809893233
0 65.91796875 13.28125 6.16424861960576 8.218998159474348
0 60.302734375 22.0703125 7.946299173761924 10.595065565015899
0 68.115234375 18.294270833333336 7.234661615679748 9.646215487572997
0 59.86328125 17.317708333333336 7.038917599286375 9.385223465715166
0 72.509765625 13.411458333333334 6.194391824397107 8.259189099196142
0 56.396484375 17.903645833333336 7.157006469457137 9.542675292609516
0 68.9453125 12.565104166666666 5.995752778438873 7.9943370379184975
0 60.107421875 32.16145833333333 9.592427762147041 12.789903682862722
0 70.361328125 13.997395833333334 6.328259690346595 8.437679587128793
0 62.79296875 28.255208333333332 8.991039955234518 11.988053273646026
0 63.96484375 39.51822916666667 10.633088006704314 14.177450675605751
0 63.232421875 15.559895833333334 6.672122530845778 8.896163374461038
0 56.494140625 13.736979166666666 6.269115778861736 8.358821038482315
0 61.279296875 12.6953125 6.026738787271576 8.0356517163621
0 55.224609375 12.955729166666666 6.088237714617921 8.117650286157229
0 61.62109375 16.145833333333336 6.796587356970242 9.062116475960323
0 52.197265625 15.0390625 6.559504779115197 8.746006372153596
0 47.94921875 20.182291666666664 7.598815672600545 10.13175423013406
0 59.130859375 13.151041666666666 6.133957288281793 8.178609717709058
0 50.341796875 14.713541666666666 6.488126106405426 8.650834808540568
0 58.88671875 16.276041666666664 6.823937919616058 9.09858389282141
0 50.439453125 17.578125 7.091644310682526 9.455525747576702
0 46.142578125 14.84375 6.516771394062079 8.689028525416106
0 62.255859375 14.453125 6.430452730012657 8.57393697335021
0 51.85546875 27.408854166666668 8.855357744474432 11.807143659299243
0 48.828125 35.3515625 10.056919588186085 13.409226117581447
0 47.65625 13.411458333333334 6.194391824397107 8.259189099196142
0 43.212890625 17.447916666666664 7.065330140863174 9.420440187817565
0 33.154296875 31.901041666666668 9.55351308746248 12.738017449949975
0 41.015625 19.791666666666664 7.524919437217989 10.033225916290652
0 41.6015625 32.16145833333333 9.592427762147041 12.789903682862722
0 43.212890625 23.502604166666664 8.200090846279542 10.933454461706056
0 44.62890625 13.411458333333334 6.194391824397107 8.259189099196142
0 39.208984375 16.731770833333336 6.9188135063199665 9.225084675093289
0 31.396484375 18.619791666666664 7.298743129334349 9.731657505779133
0 43.115234375 14.713541666666666 6.488126106405426 8.650834808540568
0 33.984375 17.057291666666664 6.985792933508055 9.31439057801074
0 40.91796875 14.2578125 6.386855937639267 8.515807916852356
0 35.83984375 36.19791666666667 10.17659423860661 13.568792318142146
0 34.423828125 27.278645833333332 8.83429859993294 11.779064799910586
0 36.9140625 16.471354166666664 6.864759447755123 9.15301259700683
0 33.154296875 24.544270833333336 8.379840220792225 11.173120294389632
0 27.392578125 37.23958333333333 10.321981521782082 13.762642029042777
0 38.330078125 14.713541666666666 6.488126106405426 8.650834808540568
0 32.6171875 15.559895833333334 6.672122530845778 8.896163374461038
0 17.431640625 29.036458333333332 9.114492506755418 12.15265667567389
0 23.388671875 29.166666666666668 9.134905729428569 12.17987430590476
0 29.8828125 16.471354166666664 6.864759447755123 9.15301259700683
0 21.77734375 14.453125 6.430452730012657 8.57393697335021
0 19.82421875 20.638020833333336 7.684129829110212 10.245506438813615
0 26.416015625 17.447916666666664 7.065330140863174 9.420440187817565
0 12.255859375 19.075520833333336 7.3875234600282 9.850031280037602
0 27.83203125 15.4296875 6.644147051109997 8.858862734813329
0 15.283203125 17.1875 7.012405574387241 9.349874099182989
0 26.123046875 14.713541666666666 6.488126106405426 8.650834808540568
0 13.525390625 15.4296875 6.644147051109997 8.858862734813329
0 28.7109375 14.2578125 6.386855937639267 8.515807916852356
0 7.6171875 19.921875 7.549631882844837 10.066175843793117
0 24.169921875 14.453125 6.430452730012657 8.57393697335021
0 10.83984375 22.65625 8.051090062422436 10.734786749896582
0 18.9453125 12.239583333333332 5.917577950947668 7.8901039345968895
0 9.326171875 37.63020833333333 10.3759765625 13.834635416666666
0 20.80078125 16.6015625 6.891839471823862 9.189119295765149
0 21.97265625 24.674479166666664 8.402038511923953 11.202718015898604
0 18.212890625 18.033854166666664 7.182984799767957 9.577313066357275
0 4.833984375 16.6015625 6.891839471823862 9.189119295765149
0 2.34375 29.752604166666668 9.22620633412535 12.301608445500468
0 3.857421875 22.200520833333336 7.969705113037473 10.626273484049964
0 0.1953125 16.6015625 6.891839471823862 9.189119295765149
0 2.783203125 18.619791666666664 7.298743129334349 9.731657505779133
0 8.447265625 16.861979166666664 6.945682786096826 9.260910381462436
0 5.2734375 18.75 7.32421875 9.765625
0 2.587890625 59.635416666666664 13.062093847065857 17.416125129421143
0 5.615234375 76.49739583333334 14.793944877369167 19.725259836492224
0 41.6015625 68.61979166666666 14.011523783262936 18.682031711017245
0 44.189453125 78.7109375 15.006458560967099 20.0086114146228
0 65.33203125 56.705729166666664 12.737205050481693 16.982940067308924
0 52.34375 44.7265625 11.312105098175438 15.082806797567253
0 22.36328125 48.89322916666667 11.82728416447516 15.76971221930021
