0 98.388671875 38.34635416666667 10.474244568927316 13.965659425236424
0 85.15625 30.013020833333332 9.266495636406846 12.35532751520913
0 80.712890625 42.96875 11.087586745962493 14.783448994616657
0 32.958984375 38.54166666666667 10.500885335745396 14.001180447660527
0 23.73046875 27.083333333333332 8.802615418613255 11.736820558151006
0 35.25390625 15.169270833333334 6.587839704871492 8.783786273161988
0 27.24609375 19.921875 7.549631882844837 10.066175843793117
0 20.068359375 21.614583333333336 7.863829789260941 10.485106385681254
0 4.345703125 17.513020833333336 7.0784994535786145 9.437999271438152
0 16.015625 17.7734375 7.130933499479933 9.50791133263991
0 11.23046875 17.513020833333336 7.0784994535786145 9.437999271438152
0 5.615234375 16.536458333333336 6.878312786611722 9.171083715482297
0 0.927734375 18.424479166666664 7.2603620931215325 9.680482790828709
0 63.720703125 29.361979166666668 9.16544031840894 12.220587091211922
0 62.01171875 15.169270833333334 6.587839704871492 8.783786273161988
0 73.14453125 13.997395833333334 6.328259690346595 8.437679587128793
0 81.494140625 24.934895833333336 8.446260072691679 11.26168009692224
0 89.16015625 24.934895833333336 8.446260072691679 11.26168009692224
0 99.12109375 25.260416666666668 8.501213548086012 11.334951397448016
0 78.61328125 21.940104166666664 7.92282408798045 10.5637654506406
0 75.1953125 14.84375 6.516771394062079 8.689028525416106
0 79.78515625 15.8203125 6.72772451325946 8.970299351012613
0 30.078125 14.84375 6.516771394062079 8.689028525416106
