0 47.998046875 79.62239583333334 15.0930945054666 20.1241260072888
0 41.259765625 72.39583333333334 14.391877591005366 19.18917012134049
0 60.25390625 66.92708333333334 13.837627012639933 18.450169350186577
0 48.681640625 57.552083333333336 12.831906763689355 17.10920901825247
0 29.1015625 53.841145833333336 12.411315556434788 16.54842074191305
0 3.22265625 56.119791666666664 12.67122771730145 16.894970289735266
0 6.54296875 65.4296875 13.68195298551019 18.242603980680254
0 2.783203125 35.87239583333333 10.130732832457173 13.507643776609566
0 10.25390625 33.85416666666667 9.841623227903504 13.122164303871338
0 6.494140625 40.4296875 10.755011100284483 14.340014800379311
0 16.943359375 38.54166666666667 10.500885335745396 14.001180447660527
0 29.736328125 32.16145833333333 9.592427762147041 12.789903682862722
0 40.13671875 44.85677083333333 11.328559077923941 15.104745437231923
0 42.3828125 35.09114583333333 10.019809057239993 13.359745409653323
0 44.873046875 29.166666666666668 9.134905729428569 12.17987430590476
0 38.96484375 24.479166666666664 8.36871899463018 11.15829199284024
0 45.556640625 22.330729166666664 7.993042513249997 10.657390017666662
0 49.609375 26.7578125 8.749555167743805 11.66607355699174
0 2.490234375 20.8984375 7.732458166088822 10.309944221451763
0 4.00390625 27.1484375 8.81318913463968 11.750918846186241
0 16.943359375 25.5859375 8.555814067917595 11.407752090556793
0 6.73828125 24.348958333333336 8.346432086900233 11.128576115866979
0 15.4296875 21.809895833333336 7.8992792392241125 10.532372318965482
0 9.326171875 19.661458333333336 7.500125566067204 10.00016742142294
0 16.064453125 18.098958333333336 7.195938795502683 9.594585060670244
0 0.87890625 18.489583333333336 7.273178276253042 9.697571035004056
0 19.775390625 20.182291666666664 7.598815672600545 10.13175423013406
0 3.41796875 17.838541666666664 7.143981879101334 9.525309172135112
0 12.451171875 21.419270833333336 7.828219811023351 10.437626414697803
0 4.39453125 17.513020833333336 7.0784994535786145 9.437999271438152
0 11.71875 16.471354166666664 6.864759447755123 9.15301259700683
0 4.931640625 19.010416666666664 7.37490598974278 9.833207986323707
0 18.26171875 18.229166666666664 7.221777078979024 9.629036105305365
0 8.349609375 17.3828125 7.052136235529384 9.40284831403918
0 16.357421875 15.104166666666666 6.573687508709111 8.764916678278816
0 27.001953125 25.1953125 8.490251308132054 11.320335077509403
0 13.525390625 17.643229166666664 7.104764847914316 9.473019797219088
0 20.458984375 17.513020833333336 7.0784994535786145 9.437999271438152
0 14.2578125 16.6015625 6.891839471823862 9.189119295765149
0 22.4609375 16.341145833333336 6.837572174807153 9.116762899742872
0 35.64453125 19.53125 7.475249459177179 9.966999278902906
0 19.970703125 15.234375 6.60196156395994 8.802615418613254
0 31.298828125 20.182291666666664 7.598815672600545 10.13175423013406
0 25.9765625 17.3828125 7.052136235529384 9.40284831403918
0 31.93359375 14.713541666666666 6.488126106405426 8.650834808540568
0 26.806640625 18.880208333333336 7.349606066157407 9.799474754876544
0 34.228515625 15.559895833333334 6.672122530845778 8.896163374461038
0 27.490234375 15.559895833333334 6.672122530845778 8.896163374461038
0 38.525390625 17.643229166666664 7.104764847914316 9.473019797219088
0 28.80859375 18.619791666666664 7.298743129334349 9.731657505779133
0 36.03515625 15.950520833333334 6.755353888299149 9.0071385177322
0 43.5546875 16.731770833333336 6.9188135063199665 9.225084675093289
0 39.16015625 15.494791666666666 6.658149484030587 8.877532645374115
0 46.97265625 17.838541666666664 7.143981879101334 9.525309172135112
0 53.90625 23.828125 8.256682897014576 11.008910529352768
0 46.6796875 14.322916666666666 6.401421192444773 8.53522825659303
0 51.904296875 17.122395833333336 6.9991119025755095 9.332149203434014
0 63.330078125 21.2890625 7.804389558437758 10.405852744583676
0 54.4921875 16.731770833333336 6.9188135063199665 9.225084675093289
0 59.814453125 16.2109375 6.810276368536802 9.080368491382403
0 54.833984375 14.453125 6.430452730012657 8.57393697335021
0 65.33203125 16.6015625 6.891839471823862 9.189119295765149
0 58.203125 14.973958333333334 6.545291317604741 8.727055090139656
0 69.775390625 15.234375 6.60196156395994 8.802615418613254
0 63.134765625 15.104166666666666 6.573687508709111 8.764916678278816
0 67.87109375 15.8203125 6.72772451325946 8.970299351012613
0 75.29296875 21.028645833333336 7.756509415978292 10.342012554637723
0 65.0390625 26.7578125 8.749555167743805 11.66607355699174
0 56.298828125 29.6875 9.216106488367615 12.288141984490153
0 61.42578125 37.109375 10.30392029793343 13.738560397244573
0 62.646484375 49.0234375 11.843022407185213 15.790696542913619
0 98.779296875 23.567708333333336 8.211440458419013 10.948587277892017
0 79.931640625 16.471354166666664 6.864759447755123 9.15301259700683
0 97.0703125 24.088541666666664 8.301678777304348 11.068905036405797
0 77.783203125 17.643229166666664 7.104764847914316 9.473019797219088
0 96.97265625 21.419270833333336 7.828219811023351 10.437626414697803
0 74.8046875 16.471354166666664 6.864759447755123 9.15301259700683
0 83.935546875 17.838541666666664 7.143981879101334 9.525309172135112
0 73.388671875 16.2109375 6.810276368536802 9.080368491382403
0 80.224609375 18.619791666666664 7.298743129334349 9.731657505779133
0 71.6796875 15.950520833333334 6.755353888299149 9.0071385177322
0 86.5234375 18.359375 7.247523246483103 9.663364328644137
0 72.998046875 18.75 7.32421875 9.765625
0 87.646484375 20.182291666666664 7.598815672600545 10.13175423013406
0 72.0703125 21.6796875 7.875664001809045 10.500885335745393
0 92.87109375 21.028645833333336 7.756509415978292 10.342012554637723
0 70.361328125 23.828125 8.256682897014576 11.008910529352768
0 89.35546875 19.270833333333336 7.425247229367944 9.900329639157258
0 78.41796875 24.609375 8.39094670707246 11.187928942763282
0 89.74609375 24.088541666666664 8.301678777304348 11.068905036405797
0 94.287109375 19.921875 7.549631882844837 10.066175843793117
0 97.900390625 31.4453125 9.485028239697298 12.646704319596397
0 95.068359375 21.419270833333336 7.828219811023351 10.437626414697803
0 85.009765625 22.65625 8.051090062422436 10.734786749896582
0 92.48046875 30.924479166666668 9.406149296522488 12.541532395363317
0 82.8125 21.6796875 7.875664001809045 10.500885335745393
0 95.99609375 36.9140625 10.276768945607138 13.702358594142853
0 85.25390625 25.0 8.457279333832409 11.276372445109878
0 75.87890625 26.888020833333332 8.770817787597604 11.694423716796805
0 72.998046875 33.33333333333333 9.765625 13.020833333333334
0 82.2265625 31.0546875 9.425930915210266 12.567907886947022
0 83.30078125 37.109375 10.30392029793343 13.738560397244573
0 87.548828125 41.34114583333333 10.87556743237638 14.500756576501841
0 71.2890625 36.97916666666667 10.285827359834423 13.714436479779232
0 83.642578125 49.93489583333333 11.952609880106287 15.936813173475048
0 96.09375 55.533854166666664 12.604905046425404 16.80654006190054
0 49.072265625 19.270833333333336 7.425247229367944 9.900329639157258
0 56.494140625 18.880208333333336 7.349606066157407 9.799474754876544
0 56.201171875 35.61197916666667 10.093893681970965 13.458524909294619
0 98.193359375 83.91927083333334 15.494997894026005 20.659997192034673
0 53.515625 34.11458333333333 9.87940311049722 13.17253748066296
0 76.220703125 66.40625 13.783678943647724 18.378238591530298
0 98.681640625 62.109375 13.3302793382822 17.77370578437627
0 65.33203125 55.6640625 12.619673540121662 16.826231386828884
0 25.29296875 61.067708333333336 13.218022355778636 17.624029807704847
0 6.298828125 53.580729166666664 12.381263900818356 16.508351867757806
0 10.9375 72.72135416666666 14.424197141231046 19.232262854974728
0 41.357421875 84.50520833333334 15.548998050362545 20.731997400483394
0 80.810546875 48.046875 11.724470649596281 15.632627532795041
0 75.68359375 42.1875 10.986328125 14.6484375
0 77.587890625 48.30729166666667 11.756201345372451 15.674935127163266
0 60.83984375 41.47135416666667 10.892680845687712 14.523574460916949
0 63.427734375 29.8828125 9.24637292940864 12.32849723921152
0 59.521484375 24.739583333333336 8.413115693414442 11.217487591219255
0 60.7421875 33.59375 9.803697756475225 13.071597008633635
0 41.162109375 25.065104166666668 8.468284256293707 11.291045675058275
0 59.912109375 34.9609375 10.001202153426476 13.334936204568635
0 47.998046875 22.0703125 7.946299173761924 10.595065565015899
0 20.751953125 23.958333333333336 8.279211405182211 11.038948540242949
0 29.6875 22.591145833333336 8.039514082226251 10.719352109635
0 24.4140625 19.791666666666664 7.524919437217989 10.033225916290652
0 1.513671875 27.734375 8.907787792557633 11.877050390076842
0 8.10546875 31.184895833333332 9.445671106287941 12.594228141717254
0 0.68359375 26.3671875 8.685454999241765 11.580606665655687
0 22.36328125 33.07291666666667 9.727403229070575 12.9698709720941
0 23.583984375 39.0625 10.57159916729051 14.095465556387346
0 25.5859375 55.924479166666664 12.649158798866397 16.865545065155196
0 45.8984375 25.065104166666668 8.468284256293707 11.291045675058275
0 56.73828125 21.158854166666664 7.780486318348366 10.373981757797822
0 35.25390625 22.916666666666664 8.097228492078614 10.796304656104818
0 28.3203125 23.177083333333336 8.143105507889608 10.857474010519478
0 22.705078125 20.377604166666664 7.635495607419925 10.180660809893233
0 13.96484375 20.768229166666664 7.708331872750909 10.277775830334546
0 59.326171875 19.921875 7.549631882844837 10.066175843793117
0 65.673828125 21.549479166666664 7.85197774064246 10.469303654189947
0 61.03515625 19.661458333333336 7.500125566067204 10.00016742142294
0 57.2265625 23.4375 8.188725503539269 10.918300671385692
0 51.708984375 27.864583333333332 8.928673607377803 11.904898143170405
0 56.103515625 26.106770833333332 8.642457433170346 11.52327657756046
0 62.451171875 26.106770833333332 8.642457433170346 11.52327657756046
0 71.09375 27.864583333333332 8.928673607377803 11.904898143170405
0 77.880859375 22.0703125 7.946299173761924 10.595065565015899
0 94.873046875 25.325520833333332 8.512161670520847 11.349548894027794
0 79.931640625 21.028645833333336 7.756509415978292 10.342012554637723
0 86.42578125 29.427083333333332 9.175595934065496 12.234127912087327
0 82.51953125 25.455729166666668 8.53401578009617 11.378687706794894
0 78.90625 33.203125 9.746532850751532 12.995377134335376
0 97.802734375 41.6015625 10.909767414379564 14.546356552506085
0 92.041015625 46.15885416666667 11.491803212745808 15.322404283661076
0 77.001953125 31.966145833333332 9.56325660155786 12.751008802077147
0 88.96484375 31.4453125 9.485028239697298 12.646704319596397
0 94.873046875 44.20572916666667 11.24604844524431 14.994731260325747
0 67.87109375 23.307291666666664 8.165947363439729 10.88792981791964
