0 12.98828125 20.182291666666664 7.598815672600545 10.13175423013406
0 30.078125 24.283854166666664 8.33526628646708 11.113688381956106
0 22.36328125 41.27604166666667 10.867000619363317 14.489334159151088
0 26.220703125 26.497395833333332 8.706874156303165 11.609165541737553
0 27.1484375 42.1875 10.986328125 14.6484375
0 28.02734375 26.236979166666668 8.66398288975732 11.551977186343091
0 8.935546875 31.184895833333332 9.445671106287941 12.594228141717254
0 40.478515625 26.3671875 8.685454999241765 11.580606665655687
0 6.787109375 27.864583333333332 8.928673607377803 11.904898143170405
0 4.39453125 58.528645833333336 12.940316801217158 17.25375573495621
0 2.001953125 78.125 14.950498918354358 19.93399855780581
0 16.357421875 56.705729166666664 12.737205050481693 16.982940067308924
0 22.94921875 59.244791666666664 13.019243779114712 17.358991705486282
0 45.01953125 92.578125 16.27477005123704 21.69969340164939
0 65.13671875 56.119791666666664 12.67122771730145 16.894970289735266
0 61.42578125 45.37760416666667 11.394137391720257 15.192183188960342
0 74.31640625 52.34375 12.237510776222791 16.31668103496372
0 71.6796875 43.29427083333333 11.129505937994672 14.839341250659563
0 65.8203125 31.184895833333332 9.445671106287941 12.594228141717254
0 50.0 31.184895833333332 9.445671106287941 12.594228141717254
0 45.01953125 25.911458333333332 8.610068346964042 11.480091129285388
0 50.29296875 33.33333333333333 9.765625 13.020833333333334
0 43.84765625 34.24479166666667 9.898238977189243 13.197651969585658
0 39.111328125 47.4609375 11.652760676291981 15.537014235055976
0 40.8203125 39.19270833333333 10.589203840879804 14.118938454506406
0 42.96875 49.28385416666667 11.874436314907054 15.832581753209407
0 47.265625 25.651041666666668 8.566692411876344 11.422256549168457
0 59.375 24.544270833333336 8.379840220792225 11.173120294389632
0 48.974609375 23.502604166666664 8.200090846279542 10.933454461706056
0 59.033203125 28.059895833333332 8.959911044862793 11.946548059817056
0 50.29296875 22.786458333333336 8.074192233473482 10.765589644631309
0 74.4140625 30.924479166666668 9.406149296522488 12.541532395363317
0 50.1953125 20.768229166666664 7.708331872750909 10.277775830334546
0 44.43359375 19.466145833333336 7.462780310447684 9.950373747263578
0 25.634765625 20.5078125 7.659851317145468 10.21313508952729
0 75.9765625 32.87760416666667 9.698638050580264 12.931517400773687
0 22.802734375 21.419270833333336 7.828219811023351 10.437626414697803
0 88.427734375 32.68229166666667 9.669787303317175 12.893049737756234
0 89.013671875 46.74479166666667 11.564511304624277 15.419348406165703
0 88.232421875 34.70052083333333 9.963884104806219 13.28517880640829
0 92.626953125 46.74479166666667 11.564511304624277 15.419348406165703
0 90.0390625 36.78385416666667 10.258628121320564 13.678170828427419
0 96.240234375 53.645833333333336 12.388783648794213 16.518378198392284
0 64.111328125 22.916666666666664 8.097228492078614 10.796304656104818
0 53.955078125 19.7265625 7.512532730158185 10.01671030687758
0 79.931640625 17.1875 7.012405574387241 9.349874099182989
0 59.716796875 14.322916666666666 6.401421192444773 8.53522825659303
0 77.001953125 16.40625 6.8511792970714245 9.134905729428567
0 71.142578125 15.690104166666666 6.699981201202437 8.933308268269917
0 80.859375 18.684895833333336 7.311492035346033 9.748656047128044
0 72.94921875 15.364583333333334 6.6301150458985685 8.840153394531425
0 83.69140625 18.098958333333336 7.195938795502683 9.594585060670244
0 73.6328125 16.9921875 6.972448522214271 9.296598029619028
0 84.814453125 19.140625 7.400119417103358 9.866825889471144
0 76.318359375 18.5546875 7.28597191547444 9.714629220632586
0 86.962890625 18.359375 7.247523246483103 9.663364328644137
0 69.775390625 16.40625 6.8511792970714245 9.134905729428567
0 89.697265625 20.182291666666664 7.598815672600545 10.13175423013406
0 66.357421875 15.8203125 6.72772451325946 8.970299351012613
0 90.576171875 21.6796875 7.875664001809045 10.500885335745393
0 67.529296875 17.1875 7.012405574387241 9.349874099182989
0 91.69921875 20.5078125 7.659851317145468 10.21313508952729
0 76.66015625 21.09375 7.768507117527988 10.358009490037318
0 93.994140625 20.052083333333336 7.574263699945591 10.099018266594122
0 80.95703125 21.549479166666664 7.85197774064246 10.469303654189947
0 95.556640625 22.330729166666664 7.993042513249997 10.657390017666662
0 83.935546875 21.549479166666664 7.85197774064246 10.469303654189947
0 97.021484375 21.549479166666664 7.85197774064246 10.469303654189947
0 85.7421875 23.372395833333336 8.177344364608315 10.903125819477753
0 97.802734375 22.916666666666664 8.097228492078614 10.796304656104818
0 88.671875 22.786458333333336 8.074192233473482 10.765589644631309
0 99.4140625 24.283854166666664 8.33526628646708 11.113688381956106
0 92.529296875 23.6328125 8.222774405094897 10.963699206793196
0 86.083984375 26.692708333333332 8.738904457566134 11.651872610088178
0 94.189453125 25.0 8.457279333832409 11.276372445109878
0 80.078125 24.869791666666664 8.435226416678011 11.246968555570682
0 89.697265625 26.236979166666668 8.66398288975732 11.551977186343091
0 98.6328125 26.236979166666668 8.66398288975732 11.551977186343091
0 77.44140625 29.1015625 9.124704826492952 12.166273101990603
0 92.041015625 30.46875 9.336583582018038 12.448778109357384
0 85.83984375 33.0078125 9.717824296930333 12.957099062573777
0 97.021484375 27.1484375 8.81318913463968 11.750918846186241
0 86.42578125 37.6953125 10.38494844187839 13.84659792250452
0 97.36328125 32.68229166666667 9.669787303317175 12.893049737756234
0 89.55078125 31.510416666666668 9.494842032534208 12.659789376712277
0 99.31640625 36.19791666666667 10.17659423860661 13.568792318142146
0 88.76953125 42.64322916666667 11.045508466097326 14.7273446214631
0 94.3359375 39.77864583333333 10.668065364348472 14.224087152464628
0 70.458984375 22.591145833333336 8.039514082226251 10.719352109635
0 63.671875 15.690104166666666 6.699981201202437 8.933308268269917
0 66.69921875 24.4140625 8.357582969744357 11.143443959659143
0 55.76171875 15.234375 6.60196156395994 8.802615418613254
0 65.0390625 19.596354166666664 7.487697843252746 9.983597124336994
0 52.001953125 15.8203125 6.72772451325946 8.970299351012613
0 62.548828125 19.7265625 7.512532730158185 10.01671030687758
0 53.80859375 16.276041666666664 6.823937919616058 9.09858389282141
0 48.046875 15.234375 6.60196156395994 8.802615418613254
0 56.54296875 18.5546875 7.28597191547444 9.714629220632586
0 45.80078125 14.908854166666666 6.531046923532928 8.708062564710572
0 59.033203125 20.182291666666664 7.598815672600545 10.13175423013406
0 46.826171875 16.861979166666664 6.945682786096826 9.260910381462436
0 57.421875 22.135416666666664 7.958010748538389 10.610680998051187
0 48.14453125 18.359375 7.247523246483103 9.663364328644137
0 64.794921875 28.190104166666668 8.980675640601907 11.974234187469209
0 46.142578125 21.419270833333336 7.828219811023351 10.437626414697803
0 35.498046875 15.234375 6.60196156395994 8.802615418613254
0 44.53125 15.950520833333334 6.755353888299149 9.0071385177322
0 33.447265625 15.364583333333334 6.6301150458985685 8.840153394531425
0 42.041015625 15.8203125 6.72772451325946 8.970299351012613
0 29.39453125 15.364583333333334 6.6301150458985685 8.840153394531425
0 39.55078125 15.950520833333334 6.755353888299149 9.0071385177322
0 30.615234375 16.276041666666664 6.823937919616058 9.09858389282141
0 40.478515625 19.856770833333336 7.537285788103314 10.049714384137753
0 31.982421875 17.447916666666664 7.065330140863174 9.420440187817565
0 38.8671875 22.4609375 8.016311973000304 10.688415964000404
0 33.0078125 19.466145833333336 7.462780310447684 9.950373747263578
0 41.50390625 24.4140625 8.357582969744357 11.143443959659143
0 34.228515625 17.7734375 7.130933499479933 9.50791133263991
0 27.001953125 15.690104166666666 6.699981201202437 8.933308268269917
0 35.9375 19.856770833333336 7.537285788103314 10.049714384137753
0 26.123046875 17.1875 7.012405574387241 9.349874099182989
0 35.400390625 27.734375 8.907787792557633 11.877050390076842
0 24.755859375 15.690104166666666 6.699981201202437 8.933308268269917
0 0.537109375 19.010416666666664 7.37490598974278 9.833207986323707
0 1.5625 18.359375 7.247523246483103 9.663364328644137
0 23.6328125 14.778645833333334 6.502464524127966 8.669952698837287
0 2.44140625 20.052083333333336 7.574263699945591 10.099018266594122
0 23.486328125 18.098958333333336 7.195938795502683 9.594585060670244
0 4.736328125 19.140625 7.400119417103358 9.866825889471144
0 21.58203125 15.8203125 6.72772451325946 8.970299351012613
0 6.4453125 18.5546875 7.28597191547444 9.714629220632586
0 21.58203125 18.098958333333336 7.195938795502683 9.594585060670244
0 9.47265625 17.7734375 7.130933499479933 9.50791133263991
0 17.3828125 15.494791666666666 6.658149484030587 8.877532645374115
0 11.62109375 17.903645833333336 7.157006469457137 9.542675292609516
0 19.3359375 16.276041666666664 6.823937919616058 9.09858389282141
0 3.125 23.177083333333336 8.143105507889608 10.857474010519478
0 14.35546875 17.1875 7.012405574387241 9.349874099182989
0 9.130859375 20.5078125 7.659851317145468 10.21313508952729
0 15.576171875 19.010416666666664 7.37490598974278 9.833207986323707
0 7.32421875 22.4609375 8.016311973000304 10.688415964000404
0 17.28515625 19.856770833333336 7.537285788103314 10.049714384137753
0 4.052734375 26.497395833333332 8.706874156303165 11.609165541737553
0 19.53125 21.6796875 7.875664001809045 10.500885335745393
0 13.232421875 25.0 8.457279333832409 11.276372445109878
0 1.318359375 32.09635416666667 9.58271390875707 12.77695187834276
0 28.466796875 17.643229166666664 7.104764847914316 9.473019797219088
0 20.21484375 28.776041666666668 9.073528288158268 12.098037717544358
0 25.29296875 23.372395833333336 8.177344364608315 10.903125819477753
0 10.498046875 34.50520833333333 9.935803586486637 13.247738115315515
0 30.078125 22.005208333333336 7.9345703125 10.579427083333332
0 7.2265625 37.6953125 10.38494844187839 13.84659792250452
0 27.9296875 20.182291666666664 7.598815672600545 10.13175423013406
0 25.439453125 34.04947916666667 9.869971697263324 13.159962263017766
0 41.259765625 29.361979166666668 9.16544031840894 12.220587091211922
0 50.09765625 26.497395833333332 8.706874156303165 11.609165541737553
0 58.447265625 31.640625 9.51443925056146 12.685919000748614
0 40.478515625 35.28645833333333 10.047654805392046 13.39687307385606
0 52.9296875 38.28125 10.46534924284805 13.953798990464069
0 42.041015625 43.42447916666667 11.146229472503464 14.861639296671287
0 61.42578125 35.546875 10.084662867345157 13.44621715646021
0 57.421875 41.6015625 10.909767414379564 14.546356552506085
0 72.16796875 32.87760416666667 9.698638050580264 12.931517400773687
0 61.962890625 51.692708333333336 12.161168728742233 16.214891638322978
0 71.337890625 38.15104166666667 10.447535869521296 13.930047826028394
0 82.080078125 39.0625 10.57159916729051 14.095465556387346
0 92.87109375 52.1484375 12.214658261834412 16.286211015779216
0 97.16796875 63.151041666666664 13.441598843716577 17.9221317916221
0 77.783203125 49.0234375 11.843022407185213 15.790696542913619
0 82.666015625 72.0703125 14.359485297874258 19.145980397165676
0 49.31640625 59.5703125 13.054961936161765 17.406615914882355
0 42.87109375 68.03385416666666 13.951574036453199 18.60209871527093
0 32.421875 64.51822916666666 13.586321587861368 18.115095450481824
0 25.634765625 55.924479166666664 12.649158798866397 16.865545065155196
0 1.806640625 52.604166666666664 12.267914576563586 16.357219435418116
0 3.369140625 67.83854166666666 13.931533460099278 18.575377946799033
0 41.943359375 82.48697916666666 15.362198423648948 20.482931231531932
0 3.02734375 17.7734375 7.130933499479933 9.50791133263991
0 73.974609375 20.052083333333336 7.574263699945591 10.099018266594122
0 98.388671875 21.09375 7.768507117527988 10.358009490037318
0 68.310546875 14.778645833333334 6.502464524127966 8.669952698837287
0 78.271484375 22.786458333333336 8.074192233473482 10.765589644631309
0 79.736328125 20.5078125 7.659851317145468 10.21313508952729
0 0.9765625 22.786458333333336 8.074192233473482 10.765589644631309
0 4.4921875 22.4609375 8.016311973000304 10.688415964000404
