0 40.966796875 83.33333333333334 15.440808887540916 20.587745183387888
0 91.845703125 94.921875 16.4794921875 21.97265625
0 85.25390625 63.4765625 13.476197610973886 17.968263481298514
0 66.552734375 59.309895833333336 13.02639524561343 17.368526994151242
0 38.623046875 65.29947916666666 13.668332322118342 18.224443096157792
0 21.728515625 48.56770833333333 11.787846628312968 15.717128837750623
0 36.81640625 42.90364583333333 11.079183874921476 14.772245166561968
0 0.634765625 59.440104166666664 13.04068641309906 17.38758188413208
0 0.29296875 46.61458333333333 11.548393511001283 15.397858014668378
0 12.59765625 41.015625 10.832665618468535 14.443554157958047
0 5.859375 31.119791666666668 9.4358061729372 12.5810748972496
0 10.107421875 28.450520833333332 9.02206146184966 12.029415282466214
0 19.04296875 31.315104166666668 9.465370128949479 12.62049350526597
0 5.322265625 24.869791666666664 8.435226416678011 11.246968555570682
0 13.134765625 22.330729166666664 7.993042513249997 10.657390017666662
0 19.53125 20.703125 7.6962403643301345 10.261653819106845
0 4.638671875 16.536458333333336 6.878312786611722 9.171083715482297
0 12.59765625 15.625 6.686066375795484 8.914755167727312
0 1.26953125 18.033854166666664 7.182984799767957 9.577313066357275
0 13.916015625 17.447916666666664 7.065330140863174 9.420440187817565
0 20.5078125 17.447916666666664 7.065330140863174 9.420440187817565
0 31.591796875 21.158854166666664 7.780486318348366 10.373981757797822
0 21.97265625 26.106770833333332 8.642457433170346 11.52327657756046
0 16.357421875 22.200520833333336 7.969705113037473 10.626273484049964
0 32.03125 35.7421875 10.11233003282525 13.483106710433667
0 41.9921875 32.35677083333333 9.621510480001493 12.828680640001991
0 31.4453125 30.078125 9.276540621075844 12.368720828101127
0 3.41796875 20.442708333333336 7.647683158045451 10.196910877393934
0 17.3828125 18.359375 7.247523246483103 9.663364328644137
0 5.517578125 18.619791666666664 7.298743129334349 9.731657505779133
0 30.46875 15.625 6.686066375795484 8.914755167727312
0 47.36328125 22.526041666666664 8.027921409891299 10.703895213188398
0 41.2109375 25.651041666666668 8.566692411876344 11.422256549168457
0 50.5859375 28.450520833333332 9.02206146184966 12.029415282466214
0 48.33984375 36.5234375 10.22224989284926 13.629666523799013
0 51.123046875 50.520833333333336 12.022531496333135 16.030041995110846
0 11.572265625 19.205729166666664 7.412693970636669 9.883591960848893
0 29.345703125 19.986979166666664 7.561957820656658 10.08261042754221
0 8.0078125 16.536458333333336 6.878312786611722 9.171083715482297
0 26.318359375 24.153645833333336 8.312889692307273 11.083852923076364
0 6.005859375 20.703125 7.6962403643301345 10.261653819106845
0 24.31640625 15.494791666666666 6.658149484030587 8.877532645374115
0 7.763671875 18.75 7.32421875 9.765625
0 18.75 15.625 6.686066375795484 8.914755167727312
0 9.47265625 17.317708333333336 7.038917599286375 9.385223465715166
0 36.62109375 19.661458333333336 7.500125566067204 10.00016742142294
0 49.70703125 20.247395833333336 7.611061958825638 10.148082611767517
0 28.564453125 14.778645833333334 6.502464524127966 8.669952698837287
0 36.71875 17.122395833333336 6.9991119025755095 9.332149203434014
0 43.994140625 16.276041666666664 6.823937919616058 9.09858389282141
0 27.880859375 16.536458333333336 6.878312786611722 9.171083715482297
0 41.40625 22.330729166666664 7.993042513249997 10.657390017666662
0 25.09765625 20.572916666666664 7.672000176987631 10.229333569316841
0 37.3046875 14.127604166666666 6.3576253222655215 8.476833763020695
0 50.927734375 16.9921875 6.972448522214271 9.296598029619028
0 32.8125 16.536458333333336 6.878312786611722 9.171083715482297
0 58.056640625 13.8671875 6.298757153488249 8.398342871317666
0 41.50390625 15.364583333333334 6.6301150458985685 8.840153394531425
0 60.05859375 21.744791666666664 7.887480458569388 10.51664061142585
0 67.138671875 24.0234375 8.290452702152177 11.053936936202902
0 74.169921875 33.203125 9.746532850751532 12.995377134335376
0 64.794921875 42.05729166666667 10.969360812751116 14.62581441700149
0 60.986328125 34.89583333333333 9.991885707852113 13.322514277136149
0 76.171875 52.604166666666664 12.267914576563586 16.357219435418116
0 62.744140625 30.403645833333332 9.326603265341873 12.43547102045583
0 83.10546875 44.53125 11.287379155826983 15.049838874435977
0 96.875 51.5625 12.145842738117919 16.194456984157227
0 93.1640625 45.57291666666667 11.418632161785709 15.224842882380946
0 78.857421875 38.73697916666667 10.527458685705774 14.036611580941033
0 87.353515625 38.02083333333333 10.429692071920813 13.906256095894417
0 74.169921875 27.734375 8.907787792557633 11.877050390076842
0 88.916015625 33.85416666666667 9.841623227903504 13.122164303871338
0 71.240234375 21.484375 7.840107775064166 10.453477033418888
0 91.69921875 30.859375 9.396242870080965 12.52832382677462
0 67.48046875 19.075520833333336 7.3875234600282 9.850031280037602
0 59.27734375 18.359375 7.247523246483103 9.663364328644137
0 73.92578125 13.736979166666666 6.269115778861736 8.358821038482315
0 56.298828125 16.40625 6.8511792970714245 9.134905729428567
0 81.103515625 22.330729166666664 7.993042513249997 10.657390017666662
0 54.736328125 14.127604166666666 6.3576253222655215 8.476833763020695
0 41.30859375 18.619791666666664 7.298743129334349 9.731657505779133
0 10.693359375 17.122395833333336 6.9991119025755095 9.332149203434014
0 59.08203125 25.1953125 8.490251308132054 11.320335077509403
0 6.298828125 17.578125 7.091644310682526 9.455525747576702
0 48.33984375 18.359375 7.247523246483103 9.663364328644137
0 65.33203125 15.169270833333334 6.587839704871492 8.783786273161988
0 76.513671875 22.200520833333336 7.969705113037473 10.626273484049964
0 70.60546875 18.619791666666664 7.298743129334349 9.731657505779133
0 86.474609375 22.0703125 7.946299173761924 10.595065565015899
0 68.017578125 13.541666666666666 6.224389054678692 8.299185406238257
0 77.197265625 15.950520833333334 6.755353888299149 9.0071385177322
0 92.041015625 18.619791666666664 7.298743129334349 9.731657505779133
0 81.4453125 17.708333333333336 7.117861199762329 9.490481599683106
0 88.232421875 25.911458333333332 8.610068346964042 11.480091129285388
0 99.4140625 42.7734375 11.062358984614171 14.74981197948556
0 99.072265625 22.786458333333336 8.074192233473482 10.765589644631309
0 77.63671875 19.205729166666664 7.412693970636669 9.883591960848893
0 83.7890625 20.247395833333336 7.611061958825638 10.148082611767517
0 92.48046875 23.372395833333336 8.177344364608315 10.903125819477753
0 25.78125 14.908854166666666 6.531046923532928 8.708062564710572
0 62.109375 17.708333333333336 7.117861199762329 9.490481599683106
0 95.60546875 23.567708333333336 8.211440458419013 10.948587277892017
0 89.35546875 20.247395833333336 7.611061958825638 10.148082611767517
0 25.341796875 17.708333333333336 7.117861199762329 9.490481599683106
0 1.26953125 19.661458333333336 7.500125566067204 10.00016742142294
0 82.32421875 16.666666666666664 6.905339660024879 9.207119546699838
0 26.904296875 18.619791666666664 7.298743129334349 9.731657505779133
0 34.912109375 15.625 6.686066375795484 8.914755167727312
0 38.96484375 16.276041666666664 6.823937919616058 9.09858389282141
0 89.94140625 16.861979166666664 6.945682786096826 9.260910381462436
0 86.9140625 15.0390625 6.559504779115197 8.746006372153596
0 87.01171875 14.583333333333334 6.459353786778786 8.612471715705048
0 85.25390625 15.494791666666666 6.658149484030587 8.877532645374115
0 95.5078125 20.703125 7.6962403643301345 10.261653819106845
0 93.1640625 20.247395833333336 7.611061958825638 10.148082611767517
0 94.189453125 18.75 7.32421875 9.765625
0 78.3203125 17.317708333333336 7.038917599286375 9.385223465715166
