0 25.29296875 81.38020833333334 15.2587890625 20.345052083333336
0 52.44140625 83.59375 15.464916332177644 20.619888442903527
0 82.666015625 86.26302083333334 15.709884858683779 20.946513144911705
0 79.443359375 50.5859375 12.03027547877626 16.040367305035012
0 20.703125 49.4140625 11.89011214525034 15.853482860333786
0 41.11328125 43.03385416666667 11.095983253599758 14.794644338133011
0 64.794921875 39.453125 10.624325674761481 14.165767566348642
0 59.716796875 37.17447916666667 10.31295486371814 13.75060648495752
0 74.90234375 40.29947916666667 10.737678274999501 14.316904366666003
0 75.830078125 33.72395833333333 9.82267879603948 13.096905061385971
0 82.470703125 35.9375 10.139921707663666 13.51989561021822
0 91.259765625 38.99739583333333 10.562785827561513 14.083714436748682
0 97.16796875 41.2109375 10.85842704752026 14.477902730027015
0 95.068359375 35.28645833333333 10.047654805392046 13.39687307385606
0 92.333984375 30.598958333333332 9.35651227829339 12.475349704391189
0 87.59765625 29.296875 9.1552734375 12.20703125
0 79.296875 30.533854166666668 9.346553241646458 12.462070988861944
0 76.46484375 27.408854166666668 8.855357744474432 11.807143659299243
0 62.6953125 31.184895833333332 9.445671106287941 12.594228141717254
0 45.068359375 30.989583333333332 9.416045300623482 12.554727067497975
0 51.611328125 25.911458333333332 8.610068346964042 11.480091129285388
0 56.005859375 25.0 8.457279333832409 11.276372445109878
0 21.97265625 34.11458333333333 9.87940311049722 13.17253748066296
0 31.34765625 34.24479166666667 9.898238977189243 13.197651969585658
0 13.232421875 34.5703125 9.945172568847854 13.26023009179714
0 7.666015625 31.575520833333332 9.50464569238125 12.672860923174998
0 5.46875 22.65625 8.051090062422436 10.734786749896582
0 9.765625 26.106770833333332 8.642457433170346 11.52327657756046
0 16.943359375 28.255208333333332 8.991039955234518 11.988053273646026
0 17.67578125 24.869791666666664 8.435226416678011 11.246968555570682
0 26.904296875 27.018229166666668 8.792028986137655 11.722705314850208
0 10.15625 19.075520833333336 7.3875234600282 9.850031280037602
0 19.384765625 19.466145833333336 7.462780310447684 9.950373747263578
0 22.94921875 19.921875 7.549631882844837 10.066175843793117
0 29.98046875 21.875 7.911060422861158 10.548080563814876
0 39.453125 22.0703125 7.946299173761924 10.595065565015899
0 42.529296875 28.841145833333332 9.083786661460703 12.11171554861427
0 42.822265625 22.526041666666664 8.027921409891299 10.703895213188398
0 46.142578125 19.7265625 7.512532730158185 10.01671030687758
0 51.904296875 20.638020833333336 7.684129829110212 10.245506438813615
0 59.5703125 22.4609375 8.016311973000304 10.688415964000404
0 57.2265625 18.098958333333336 7.195938795502683 9.594585060670244
0 53.22265625 12.955729166666666 6.088237714617921 8.117650286157229
0 66.69921875 25.455729166666668 8.53401578009617 11.378687706794894
0 65.185546875 31.0546875 9.425930915210266 12.567907886947022
0 72.119140625 24.4140625 8.357582969744357 11.143443959659143
0 81.103515625 24.0234375 8.290452702152177 11.053936936202902
0 91.552734375 25.911458333333332 8.610068346964042 11.480091129285388
0 97.16796875 25.065104166666668 8.468284256293707 11.291045675058275
0 85.64453125 22.526041666666664 8.027921409891299 10.703895213188398
0 83.88671875 18.880208333333336 7.349606066157407 9.799474754876544
0 77.5390625 22.4609375 8.016311973000304 10.688415964000404
0 38.8671875 17.057291666666664 6.985792933508055 9.31439057801074
0 40.33203125 17.252604166666664 7.025674092542321 9.367565456723094
0 35.791015625 15.755208333333334 6.7138671875 8.951822916666668
0 35.400390625 18.75 7.32421875 9.765625
0 32.03125 17.1875 7.012405574387241 9.349874099182989
0 31.8359375 26.7578125 8.749555167743805 11.66607355699174
0 94.873046875 23.828125 8.256682897014576 11.008910529352768
0 75.830078125 19.596354166666664 7.487697843252746 9.983597124336994
0 70.263671875 19.466145833333336 7.462780310447684 9.950373747263578
0 63.525390625 19.921875 7.549631882844837 10.066175843793117
0 66.845703125 20.833333333333336 7.720404443770458 10.293872591693944
0 58.447265625 13.802083333333334 6.283953943473511 8.378605257964681
0 56.689453125 13.8671875 6.298757153488249 8.398342871317666
0 94.23828125 18.619791666666664 7.298743129334349 9.731657505779133
0 99.8046875 26.692708333333332 8.738904457566134 11.651872610088178
0 91.943359375 18.619791666666664 7.298743129334349 9.731657505779133
0 86.181640625 17.643229166666664 7.104764847914316 9.473019797219088
0 97.509765625 19.466145833333336 7.462780310447684 9.950373747263578
0 81.54296875 15.104166666666666 6.573687508709111 8.764916678278816
0 88.8671875 16.40625 6.8511792970714245 9.134905729428567
0 89.35546875 18.033854166666664 7.182984799767957 9.577313066357275
0 87.158203125 16.796875 6.932261164306974 9.243014885742634
0 11.669921875 17.447916666666664 7.065330140863174 9.420440187817565
0 6.54296875 17.578125 7.091644310682526 9.455525747576702
0 3.02734375 17.838541666666664 7.143981879101334 9.525309172135112
0 22.314453125 14.6484375 6.473755931273323 8.631674575031097
0 18.65234375 12.890625 6.072921369058959 8.097228492078614
0 17.333984375 13.802083333333334 6.283953943473511 8.378605257964681
0 16.11328125 16.6015625 6.891839471823862 9.189119295765149
0 14.990234375 21.028645833333336 7.756509415978292 10.342012554637723
0 12.79296875 15.690104166666666 6.699981201202437 8.933308268269917
0 4.931640625 16.731770833333336 6.9188135063199665 9.225084675093289
0 3.80859375 15.559895833333334 6.672122530845778 8.896163374461038
0 20.361328125 24.0234375 8.290452702152177 11.053936936202902
0 58.740234375 17.578125 7.091644310682526 9.455525747576702
0 63.720703125 15.690104166666666 6.699981201202437 8.933308268269917
0 75.634765625 15.755208333333334 6.7138671875 8.951822916666668
0 80.419921875 18.880208333333336 7.349606066157407 9.799474754876544
0 78.857421875 16.341145833333336 6.837572174807153 9.116762899742872
0 82.861328125 15.755208333333334 6.7138671875 8.951822916666668
0 85.3515625 15.885416666666666 6.741553355216833 8.988737806955777
0 74.90234375 14.453125 6.430452730012657 8.57393697335021
0 73.388671875 13.606770833333334 6.2393335877260965 8.319111450301463
0 71.533203125 17.3828125 7.052136235529384 9.40284831403918
0 71.337890625 13.346354166666666 6.179338602086361 8.239118136115147
0 26.123046875 20.768229166666664 7.708331872750909 10.277775830334546
0 30.859375 14.713541666666666 6.488126106405426 8.650834808540568
0 40.13671875 14.2578125 6.386855937639267 8.515807916852356
0 39.6484375 13.151041666666666 6.133957288281793 8.178609717709058
0 25.537109375 15.4296875 6.644147051109997 8.858862734813329
0 27.197265625 16.536458333333336 6.878312786611722 9.171083715482297
0 33.251953125 13.997395833333334 6.328259690346595 8.437679587128793
0 37.59765625 13.997395833333334 6.328259690346595 8.437679587128793
0 34.716796875 13.606770833333334 6.2393335877260965 8.319111450301463
0 32.177734375 13.606770833333334 6.2393335877260965 8.319111450301463
0 30.078125 13.216145833333334 6.149121606326259 8.198828808435012
0 28.80859375 13.151041666666666 6.133957288281793 8.178609717709058
0 27.685546875 13.802083333333334 6.283953943473511 8.378605257964681
0 26.123046875 13.541666666666666 6.224389054678692 8.299185406238257
0 20.751953125 13.216145833333334 6.149121606326259 8.198828808435012
0 9.912109375 14.453125 6.430452730012657 8.57393697335021
0 1.416015625 15.950520833333334 6.755353888299149 9.0071385177322
0 8.3984375 16.6015625 6.891839471823862 9.189119295765149
0 42.236328125 15.299479166666666 6.61605328023645 8.821404373648601
0 49.51171875 18.098958333333336 7.195938795502683 9.594585060670244
0 55.712890625 13.411458333333334 6.194391824397107 8.259189099196142
0 54.58984375 12.955729166666666 6.088237714617921 8.117650286157229
0 62.255859375 12.955729166666666 6.088237714617921 8.117650286157229
0 63.525390625 13.802083333333334 6.283953943473511 8.378605257964681
0 64.697265625 13.997395833333334 6.328259690346595 8.437679587128793
0 65.771484375 13.8671875 6.298757153488249 8.398342871317666
0 66.69921875 14.84375 6.516771394062079 8.689028525416106
0 68.603515625 15.690104166666666 6.699981201202437 8.933308268269917
0 69.384765625 13.216145833333334 6.149121606326259 8.198828808435012
0 68.75 12.760416666666666 6.042172202521769 8.056229603362357
0 78.22265625 13.8671875 6.298757153488249 8.398342871317666
0 49.21875 15.0390625 6.559504779115197 8.746006372153596
0 46.142578125 15.885416666666666 6.741553355216833 8.988737806955777
0 42.67578125 13.151041666666666 6.133957288281793 8.178609717709058
0 43.45703125 12.760416666666666 6.042172202521769 8.056229603362357
0 44.43359375 12.890625 6.072921369058959 8.097228492078614
0 46.142578125 13.151041666666666 6.133957288281793 8.178609717709058
0 52.5390625 14.388020833333334 6.415953381844678 8.554604509126236
0 47.94921875 13.802083333333334 6.283953943473511 8.378605257964681
0 47.412109375 13.346354166666666 6.179338602086361 8.239118136115147
0 48.53515625 12.369791666666668 5.948971157720314 7.931961543627086
0 60.498046875 11.067708333333332 5.627163365046928 7.502884486729237
0 14.501953125 15.234375 6.60196156395994 8.802615418613254
0 24.21875 14.192708333333334 6.372257390692475 8.496343187589966
0 -41.2109375 70.5078125 14.202973972436642 18.93729862991552
0 99.70703125 21.484375 7.840107775064166 10.453477033418888
0 89.55078125 24.0234375 8.290452702152177 11.053936936202902
