0 42.919921875 88.21614583333334 15.886737164087366 21.182316218783157
0 94.43359375 75.06510416666666 14.654793949637412 19.53972526618322
0 75.78125 58.138020833333336 12.897062139352686 17.196082852470248
0 64.404296875 62.434895833333336 13.365166284459344 17.820221712612458
0 51.708984375 71.6796875 14.32051783038338 19.09402377384451
0 2.9296875 53.125 12.32849723921152 16.437996318948695
0 12.40234375 56.901041666666664 12.75912167991142 17.012162239881892
0 24.4140625 70.37760416666666 14.189853439407557 18.919804585876744
0 40.771484375 58.854166666666664 12.976252212810852 17.301669617081135
0 22.119140625 43.88020833333333 11.2045652775182 14.939420370024267
0 31.298828125 46.41927083333333 11.524174553527347 15.365566071369797
0 47.412109375 52.34375 12.237510776222791 16.31668103496372
0 60.3515625 48.56770833333333 11.787846628312968 15.717128837750623
0 51.025390625 46.94010416666667 11.588645963163772 15.45152795088503
0 41.69921875 40.69010416666667 10.789593218788873 14.386124291718497
0 34.130859375 40.10416666666667 10.711626449453275 14.282168599271033
0 19.43359375 38.671875 10.518608361580863 14.024811148774482
0 11.71875 35.80729166666667 10.121535615098267 13.495380820131023
0 2.63671875 43.75 11.187928942763282 14.917238590351042
0 64.2578125 43.1640625 11.112757236348344 14.817009648464458
0 90.234375 42.44791666666667 11.020184378215204 14.693579170953605
0 87.109375 49.67447916666667 11.92140196815467 15.895202624206226
0 97.36328125 37.63020833333333 10.3759765625 13.834635416666666
0 77.24609375 36.84895833333333 10.267702539831983 13.690270053109312
0 64.2578125 36.5234375 10.22224989284926 13.629666523799013
0 49.12109375 37.95572916666667 10.420758715187912 13.894344953583882
0 28.22265625 33.46354166666667 9.784679896167846 13.046239861557126
0 58.349609375 34.1796875 9.888825528576445 13.185100704768596
0 31.591796875 26.627604166666668 8.728240750778255 11.637654334371007
0 18.896484375 30.598958333333332 9.35651227829339 12.475349704391189
0 4.39453125 28.776041666666668 9.073528288158268 12.098037717544358
0 77.001953125 29.6875 9.216106488367615 12.288141984490153
0 90.625 30.924479166666668 9.406149296522488 12.541532395363317
0 84.9609375 33.984375 9.860531263063667 13.147375017418222
0 72.265625 29.296875 9.1552734375 12.20703125
0 64.013671875 27.34375 8.84483443981289 11.793112586417188
0 53.759765625 31.4453125 9.485028239697298 12.646704319596397
0 40.380859375 30.208333333333332 9.296598029619028 12.395464039492039
0 34.130859375 34.50520833333333 9.935803586486637 13.247738115315515
0 9.5703125 30.208333333333332 9.296598029619028 12.395464039492039
0 4.00390625 21.223958333333336 7.792447103762027 10.389929471682702
0 15.087890625 19.921875 7.549631882844837 10.066175843793117
0 22.65625 25.1953125 8.490251308132054 11.320335077509403
0 30.908203125 19.596354166666664 7.487697843252746 9.983597124336994
0 36.865234375 17.447916666666664 7.065330140863174 9.420440187817565
0 47.65625 16.145833333333336 6.796587356970242 9.062116475960323
0 42.7734375 23.697916666666664 8.234092750996119 10.978790334661493
0 60.7421875 21.549479166666664 7.85197774064246 10.469303654189947
0 73.486328125 17.447916666666664 7.065330140863174 9.420440187817565
0 79.541015625 25.325520833333332 8.512161670520847 11.349548894027794
0 68.212890625 20.5078125 7.659851317145468 10.21313508952729
0 84.5703125 20.1171875 7.586549618320344 10.115399491093791
0 94.287109375 23.177083333333336 8.143105507889608 10.857474010519478
0 80.908203125 25.716145833333332 8.57755695956738 11.436742612756506
0 76.025390625 21.354166666666664 7.816313766397521 10.421751688530028
0 66.30859375 23.372395833333336 8.177344364608315 10.903125819477753
0 55.908203125 23.567708333333336 8.211440458419013 10.948587277892017
0 49.267578125 20.5078125 7.659851317145468 10.21313508952729
0 44.677734375 26.953125 8.78142979122202 11.708573054962693
0 51.318359375 28.580729166666668 9.042683343523592 12.056911124698123
0 56.982421875 19.010416666666664 7.37490598974278 9.833207986323707
0 18.45703125 14.713541666666666 6.488126106405426 8.650834808540568
0 25.48828125 13.4765625 6.209408553886659 8.279211405182211
0 32.275390625 14.713541666666666 6.488126106405426 8.650834808540568
0 42.138671875 13.28125 6.16424861960576 8.218998159474348
0 61.42578125 17.057291666666664 6.985792933508055 9.31439057801074
0 19.53125 21.028645833333336 7.756509415978292 10.342012554637723
0 8.349609375 19.596354166666664 7.487697843252746 9.983597124336994
0 1.318359375 17.7734375 7.130933499479933 9.50791133263991
0 9.814453125 17.578125 7.091644310682526 9.455525747576702
0 14.16015625 30.729166666666668 9.376398618003673 12.501864824004896
0 2.392578125 30.924479166666668 9.406149296522488 12.541532395363317
0 11.42578125 25.1953125 8.490251308132054 11.320335077509403
0 18.45703125 25.911458333333332 8.610068346964042 11.480091129285388
0 34.5703125 26.953125 8.78142979122202 11.708573054962693
0 43.603515625 30.208333333333332 9.296598029619028 12.395464039492039
0 59.5703125 28.255208333333332 8.991039955234518 11.988053273646026
0 45.068359375 33.65885416666667 9.813192865486773 13.084257153982362
0 40.625 19.401041666666664 7.450290292806215 9.933720390408286
0 89.2578125 17.96875 7.170007400189656 9.56000986691954
0 99.70703125 20.1171875 7.586549618320344 10.115399491093791
0 98.33984375 29.1015625 9.124704826492952 12.166273101990603
0 86.962890625 25.520833333333332 8.544921875 11.393229166666668
0 79.150390625 21.354166666666664 7.816313766397521 10.421751688530028
0 95.361328125 27.1484375 8.81318913463968 11.750918846186241
0 89.2578125 24.283854166666664 8.33526628646708 11.113688381956106
0 99.12109375 25.0 8.457279333832409 11.276372445109878
0 58.740234375 23.893229166666664 8.267954824306681 11.023939765742242
0 69.677734375 24.8046875 8.424178309229896 11.23223774563986
0 83.056640625 21.744791666666664 7.887480458569388 10.51664061142585
0 72.265625 22.65625 8.051090062422436 10.734786749896582
0 67.7734375 14.192708333333334 6.372257390692475 8.496343187589966
0 83.056640625 14.713541666666666 6.488126106405426 8.650834808540568
0 75.244140625 13.997395833333334 6.328259690346595 8.437679587128793
0 92.67578125 17.252604166666664 7.025674092542321 9.367565456723094
0 47.119140625 13.4765625 6.209408553886659 8.279211405182211
0 33.59375 19.791666666666664 7.524919437217989 10.033225916290652
0 27.24609375 16.145833333333336 6.796587356970242 9.062116475960323
0 51.025390625 16.536458333333336 6.878312786611722 9.171083715482297
0 62.5 15.104166666666666 6.573687508709111 8.764916678278816
0 27.783203125 22.981770833333336 8.108722079825698 10.811629439767596
0 20.068359375 17.578125 7.091644310682526 9.455525747576702
