0 90.283203125 44.140625 11.237764062208234 14.983685416277645
0 99.70703125 52.9296875 12.305813692416963 16.407751589889283
0 71.435546875 45.44270833333333 11.402308161785525 15.203077549047366
0 63.57421875 38.0859375 10.438617783500408 13.918157044667211
0 71.533203125 34.1796875 9.888825528576445 13.185100704768596
0 85.400390625 33.0078125 9.717824296930333 12.957099062573777
0 50.48828125 34.63541666666667 9.954532733337459 13.272710311116612
0 40.4296875 28.776041666666668 9.073528288158268 12.098037717544358
0 9.912109375 33.33333333333333 9.765625 13.020833333333334
0 4.150390625 24.0234375 8.290452702152177 11.053936936202902
0 29.00390625 25.0 8.457279333832409 11.276372445109878
0 48.388671875 24.348958333333336 8.346432086900233 11.128576115866979
0 57.568359375 22.8515625 8.085718566584333 10.780958088779109
0 62.744140625 29.752604166666668 9.22620633412535 12.301608445500468
0 77.197265625 29.1015625 9.124704826492952 12.166273101990603
0 83.30078125 20.247395833333336 7.611061958825638 10.148082611767517
0 94.82421875 24.479166666666664 8.36871899463018 11.15829199284024
0 61.962890625 15.169270833333334 6.587839704871492 8.783786273161988
0 15.673828125 19.140625 7.400119417103358 9.866825889471144
0 22.75390625 21.09375 7.768507117527988 10.358009490037318
0 17.138671875 14.713541666666666 6.488126106405426 8.650834808540568
0 5.615234375 19.140625 7.400119417103358 9.866825889471144
0 1.07421875 42.64322916666667 11.045508466097326 14.7273446214631
0 0.244140625 31.8359375 9.543759625922785 12.725012834563712
0 24.951171875 17.838541666666664 7.143981879101334 9.525309172135112
0 50.341796875 20.1171875 7.586549618320344 10.115399491093791
0 41.259765625 13.411458333333334 6.194391824397107 8.259189099196142
0 31.34765625 12.565104166666666 5.995752778438873 7.9943370379184975
0 24.12109375 15.169270833333334 6.587839704871492 8.783786273161988
0 56.73828125 13.8671875 6.298757153488249 8.398342871317666
0 49.951171875 12.565104166666666 5.995752778438873 7.9943370379184975
0 59.1796875 15.169270833333334 6.587839704871492 8.783786273161988
0 44.970703125 15.8203125 6.72772451325946 8.970299351012613
0 38.57421875 18.9453125 7.3622668956389274 9.816355860851903
0 90.283203125 30.403645833333332 9.326603265341873 12.43547102045583
0 79.736328125 23.046875 8.120199399200482 10.82693253226731
0 38.0859375 12.760416666666666 6.042172202521769 8.056229603362357
0 90.0390625 23.372395833333336 8.177344364608315 10.903125819477753
0 98.14453125 32.68229166666667 9.669787303317175 12.893049737756234
0 70.21484375 27.9296875 8.939098215256843 11.918797620342456
0 98.974609375 24.348958333333336 8.346432086900233 11.128576115866979
0 84.912109375 23.046875 8.120199399200482 10.82693253226731
0 77.783203125 19.791666666666664 7.524919437217989 10.033225916290652
0 56.591796875 18.294270833333336 7.234661615679748 9.646215487572997
0 46.6796875 14.388020833333334 6.415953381844678 8.554604509126236
0 89.697265625 20.572916666666664 7.672000176987631 10.229333569316841
0 97.75390625 21.549479166666664 7.85197774064246 10.469303654189947
0 71.044921875 21.875 7.911060422861158 10.548080563814876
0 11.865234375 20.1171875 7.586549618320344 10.115399491093791
0 1.07421875 19.791666666666664 7.524919437217989 10.033225916290652
0 27.685546875 16.145833333333336 6.796587356970242 9.062116475960323
0 35.7421875 17.317708333333336 7.038917599286375 9.385223465715166
0 12.744140625 16.9921875 6.972448522214271 9.296598029619028
0 2.783203125 18.294270833333336 7.234661615679748 9.646215487572997
0 9.423828125 19.596354166666664 7.487697843252746 9.983597124336994
0 18.994140625 17.643229166666664 7.104764847914316 9.473019797219088
0 7.32421875 17.513020833333336 7.0784994535786145 9.437999271438152
0 28.90625 16.666666666666664 6.905339660024879 9.207119546699838
0 8.7890625 16.145833333333336 6.796587356970242 9.062116475960323
0 66.40625 24.674479166666664 8.402038511923953 11.202718015898604
0 65.0390625 16.861979166666664 6.945682786096826 9.260910381462436
0 75.830078125 18.9453125 7.3622668956389274 9.816355860851903
0 68.45703125 18.489583333333336 7.273178276253042 9.697571035004056
0 85.64453125 17.317708333333336 7.038917599286375 9.385223465715166
0 92.138671875 22.721354166666664 8.062649422377262 10.75019922983635
0 81.103515625 16.015625 6.7691262856502785 9.025501714200372
0 75.244140625 14.84375 6.516771394062079 8.689028525416106
0 66.50390625 15.0390625 6.559504779115197 8.746006372153596
0 95.947265625 20.572916666666664 7.672000176987631 10.229333569316841
0 87.20703125 19.466145833333336 7.462780310447684 9.950373747263578
0 99.462890625 21.419270833333336 7.828219811023351 10.437626414697803
0 72.16796875 16.341145833333336 6.837572174807153 9.116762899742872
0 63.57421875 15.690104166666666 6.699981201202437 8.933308268269917
0 42.3828125 15.8203125 6.72772451325946 8.970299351012613
0 34.423828125 15.364583333333334 6.6301150458985685 8.840153394531425
0 14.794921875 16.145833333333336 6.796587356970242 9.062116475960323
0 29.8828125 15.0390625 6.559504779115197 8.746006372153596
0 39.306640625 16.471354166666664 6.864759447755123 9.15301259700683
0 25.830078125 16.145833333333336 6.796587356970242 9.062116475960323
0 43.84765625 14.713541666666666 6.488126106405426 8.650834808540568
0 53.759765625 12.890625 6.072921369058959 8.097228492078614
0 36.474609375 14.518229166666666 6.444919458600731 8.593225944800976
0 52.685546875 17.317708333333336 7.038917599286375 9.385223465715166
0 68.115234375 14.518229166666666 6.444919458600731 8.593225944800976
0 94.23828125 19.791666666666664 7.524919437217989 10.033225916290652
0 84.1796875 16.861979166666664 6.945682786096826 9.260910381462436
0 73.6328125 14.518229166666666 6.444919458600731 8.593225944800976
0 79.736328125 18.1640625 7.208869513560617 9.611826018080823
0 70.80078125 14.518229166666666 6.444919458600731 8.593225944800976
0 54.736328125 14.388020833333334 6.415953381844678 8.554604509126236
0 48.6328125 16.471354166666664 6.864759447755123 9.15301259700683
0 38.96484375 14.388020833333334 6.415953381844678 8.554604509126236
0 72.75390625 20.247395833333336 7.611061958825638 10.148082611767517
0 77.9296875 15.364583333333334 6.6301150458985685 8.840153394531425
0 78.271484375 16.861979166666664 6.945682786096826 9.260910381462436
0 76.5625 16.015625 6.7691262856502785 9.025501714200372
0 60.009765625 19.596354166666664 7.487697843252746 9.983597124336994
0 91.50390625 18.9453125 7.3622668956389274 9.816355860851903
