0 2.34375 19.075520833333336 7.3875234600282 9.850031280037602
0 3.02734375 19.075520833333336 7.3875234600282 9.850031280037602
0 2.24609375 20.768229166666664 7.708331872750909 10.277775830334546
0 3.466796875 20.442708333333336 7.647683158045451 10.196910877393934
0 5.46875 18.815104166666664 7.336923388776433 9.782564518368577
0 9.47265625 17.96875 7.170007400189656 9.56000986691954
0 5.126953125 19.986979166666664 7.561957820656658 10.08261042754221
0 5.322265625 22.135416666666664 7.958010748538389 10.610680998051187
0 4.1015625 26.171875 8.653226854710587 11.537635806280782
0 8.0078125 29.752604166666668 9.22620633412535 12.301608445500468
0 10.64453125 30.338541666666668 9.316612257369233 12.42214967649231
0 11.42578125 33.984375 9.860531263063667 13.147375017418222
0 3.7109375 36.19791666666667 10.17659423860661 13.568792318142146
0 2.24609375 55.598958333333336 12.612291454938857 16.816388606585143
0 3.466796875 74.8046875 14.629351579842387 19.505802106456514
0 11.81640625 18.880208333333336 7.349606066157407 9.799474754876544
0 13.28125 23.4375 8.188725503539269 10.918300671385692
0 16.357421875 17.1875 7.012405574387241 9.349874099182989
0 17.96875 17.838541666666664 7.143981879101334 9.525309172135112
0 19.482421875 18.1640625 7.208869513560617 9.611826018080823
0 15.4296875 20.638020833333336 7.684129829110212 10.245506438813615
0 21.044921875 22.395833333333336 8.00468569861084 10.672914264814453
0 18.603515625 22.395833333333336 8.00468569861084 10.672914264814453
0 16.162109375 26.692708333333332 8.738904457566134 11.651872610088178
0 19.7265625 28.125 8.970299351012615 11.960399134683486
0 22.216796875 17.643229166666664 7.104764847914316 9.473019797219088
0 22.509765625 20.247395833333336 7.611061958825638 10.148082611767517
0 24.853515625 16.861979166666664 6.945682786096826 9.260910381462436
0 26.07421875 17.7734375 7.130933499479933 9.50791133263991
0 29.052734375 16.341145833333336 6.837572174807153 9.116762899742872
0 29.541015625 17.96875 7.170007400189656 9.56000986691954
0 28.076171875 17.513020833333336 7.0784994535786145 9.437999271438152
0 33.251953125 17.643229166666664 7.104764847914316 9.473019797219088
0 27.783203125 21.484375 7.840107775064166 10.453477033418888
0 31.4453125 21.6796875 7.875664001809045 10.500885335745393
0 33.59375 22.786458333333336 8.074192233473482 10.765589644631309
0 26.806640625 26.497395833333332 8.706874156303165 11.609165541737553
0 31.787109375 30.598958333333332 9.35651227829339 12.475349704391189
0 27.734375 30.989583333333332 9.416045300623482 12.554727067497975
0 23.2421875 39.97395833333333 10.694223308065938 14.258964410754585
0 34.765625 40.10416666666667 10.711626449453275 14.282168599271033
0 21.58203125 47.13541666666667 11.612730462915312 15.483640617220415
0 23.2421875 56.119791666666664 12.67122771730145 16.894970289735266
0 41.40625 46.41927083333333 11.524174553527347 15.365566071369797
0 55.078125 88.4765625 15.91016894255014 21.213558590066853
0 42.431640625 87.56510416666666 15.828005956896899 21.104007942529197
0 45.849609375 67.70833333333334 13.918157044667211 18.55754272622295
0 45.947265625 56.770833333333336 12.74451478138495 16.992686375179932
0 99.21875 79.23177083333334 15.05602585881837 20.074701145091158
0 97.705078125 63.541666666666664 13.483106710433667 17.977475613911555
0 95.41015625 55.729166666666664 12.627051309556398 16.836068412741863
0 62.744140625 54.296875 12.463731601966636 16.61830880262218
0 76.7578125 50.260416666666664 11.991505556877746 15.988674075836995
0 35.595703125 15.234375 6.60196156395994 8.802615418613254
0 36.71875 16.9921875 6.972448522214271 9.296598029619028
0 34.86328125 19.3359375 7.437779301119349 9.917039068159132
0 39.453125 14.322916666666666 6.401421192444773 8.53522825659303
0 41.845703125 15.690104166666666 6.699981201202437 8.933308268269917
0 39.453125 18.489583333333336 7.273178276253042 9.697571035004056
0 37.841796875 20.833333333333336 7.720404443770458 10.293872591693944
0 39.453125 24.739583333333336 8.413115693414442 11.217487591219255
0 45.263671875 18.033854166666664 7.182984799767957 9.577313066357275
0 45.263671875 19.986979166666664 7.561957820656658 10.08261042754221
0 52.197265625 16.861979166666664 6.945682786096826 9.260910381462436
0 50.244140625 18.9453125 7.3622668956389274 9.816355860851903
0 48.046875 21.028645833333336 7.756509415978292 10.342012554637723
0 46.826171875 22.591145833333336 8.039514082226251 10.719352109635
0 45.849609375 24.674479166666664 8.402038511923953 11.202718015898604
0 49.90234375 29.557291666666668 9.195873518871684 12.261164691828911
0 44.53125 32.35677083333333 9.621510480001493 12.828680640001991
0 42.578125 36.45833333333333 10.21313508952729 13.617513452703053
0 57.51953125 14.908854166666666 6.531046923532928 8.708062564710572
0 57.373046875 17.122395833333336 6.9991119025755095 9.332149203434014
0 59.619140625 17.643229166666664 7.104764847914316 9.473019797219088
0 53.80859375 18.424479166666664 7.2603620931215325 9.680482790828709
0 55.419921875 21.549479166666664 7.85197774064246 10.469303654189947
0 58.49609375 20.247395833333336 7.611061958825638 10.148082611767517
0 61.62109375 20.247395833333336 7.611061958825638 10.148082611767517
0 57.958984375 23.502604166666664 8.200090846279542 10.933454461706056
0 57.373046875 27.278645833333332 8.83429859993294 11.779064799910586
0 64.501953125 16.015625 6.7691262856502785 9.025501714200372
0 66.11328125 15.559895833333334 6.672122530845778 8.896163374461038
0 67.96875 16.471354166666664 6.864759447755123 9.15301259700683
0 68.9453125 16.341145833333336 6.837572174807153 9.116762899742872
0 65.478515625 21.028645833333336 7.756509415978292 10.342012554637723
0 70.166015625 15.4296875 6.644147051109997 8.858862734813329
0 72.216796875 16.080729166666664 6.782870718656271 9.043827624875028
0 71.38671875 21.028645833333336 7.756509415978292 10.342012554637723
0 70.263671875 25.130208333333332 8.479274895904423 11.305699861205897
0 66.11328125 25.78125 8.588407763348565 11.451210351131419
0 63.330078125 30.403645833333332 9.326603265341873 12.43547102045583
0 61.23046875 33.59375 9.803697756475225 13.071597008633635
0 59.1796875 43.359375 11.137870844051916 14.850494458735888
0 76.5625 17.1875 7.012405574387241 9.349874099182989
0 76.220703125 18.9453125 7.3622668956389274 9.816355860851903
0 79.00390625 18.684895833333336 7.311492035346033 9.748656047128044
0 79.931640625 20.8984375 7.732458166088822 10.309944221451763
0 77.685546875 20.833333333333336 7.720404443770458 10.293872591693944
0 75.29296875 23.697916666666664 8.234092750996119 10.978790334661493
0 83.740234375 22.526041666666664 8.027921409891299 10.703895213188398
0 81.396484375 24.934895833333336 8.446260072691679 11.26168009692224
0 79.931640625 27.5390625 8.876366926421502 11.835155901895336
0 76.5625 29.1015625 9.124704826492952 12.166273101990603
0 74.267578125 37.23958333333333 10.321981521782082 13.762642029042777
0 70.99609375 41.47135416666667 10.892680845687712 14.523574460916949
0 81.0546875 18.1640625 7.208869513560617 9.611826018080823
0 82.71484375 17.7734375 7.130933499479933 9.50791133263991
0 84.521484375 20.377604166666664 7.635495607419925 10.180660809893233
0 84.716796875 24.544270833333336 8.379840220792225 11.173120294389632
0 86.03515625 19.075520833333336 7.3875234600282 9.850031280037602
0 88.134765625 23.6328125 8.222774405094897 10.963699206793196
0 90.72265625 24.283854166666664 8.33526628646708 11.113688381956106
0 93.115234375 25.651041666666668 8.566692411876344 11.422256549168457
0 89.892578125 26.953125 8.78142979122202 11.708573054962693
0 88.76953125 29.296875 9.1552734375 12.20703125
0 86.767578125 29.4921875 9.185740321833748 12.247653762444997
0 90.4296875 33.3984375 9.775157091093119 13.033542788124159
0 87.255859375 35.61197916666667 10.093893681970965 13.458524909294619
0 84.1796875 38.21614583333333 10.456446349494515 13.941928465992687
0 87.79296875 44.53125 11.287379155826983 15.049838874435977
0 98.193359375 26.236979166666668 8.66398288975732 11.551977186343091
0 97.900390625 29.557291666666668 9.195873518871684 12.261164691828911
0 98.33984375 33.46354166666667 9.784679896167846 13.046239861557126
0 98.876953125 36.00260416666667 10.149102263376399 13.53213635116853
0 95.41015625 40.16927083333333 10.720317425689878 14.293756567586504
0 96.38671875 24.088541666666664 8.301678777304348 11.068905036405797
0 99.951171875 39.51822916666667 10.633088006704314 14.177450675605751
0 97.412109375 22.200520833333336 7.969705113037473 10.626273484049964
0 98.974609375 22.200520833333336 7.969705113037473 10.626273484049964
0 96.2890625 25.5859375 8.555814067917595 11.407752090556793
0 99.169921875 24.0234375 8.290452702152177 11.053936936202902
0 89.208984375 20.833333333333336 7.720404443770458 10.293872591693944
