0 1.806640625 74.67447916666666 14.616613787631893 19.48881838350919
0 43.84765625 86.39322916666666 15.721736904774486 20.962315873032647
0 89.16015625 90.75520833333334 16.11374363091319 21.484991507884253
0 88.134765625 65.69010416666666 13.709153714121216 18.278871618828287
0 70.166015625 58.723958333333336 12.9618900034151 17.28252000455347
0 51.3671875 71.94010416666666 14.346507902274364 19.128677203032485
0 39.013671875 63.346354166666664 13.462368774482897 17.94982503264386
0 22.509765625 49.47916666666667 11.897942315440629 15.863923087254172
0 55.078125 48.69791666666667 11.803637454720285 15.738183272960379
0 36.474609375 43.09895833333333 11.10437341226822 14.805831216357626
0 32.51953125 40.234375 10.72900136184506 14.305335149126746
0 49.31640625 38.34635416666667 10.474244568927316 13.965659425236424
0 43.310546875 32.74739583333333 9.679413773897526 12.905885031863368
0 29.931640625 36.1328125 10.167438506443897 13.556584675258529
0 33.49609375 30.859375 9.396242870080965 12.52832382677462
0 18.408203125 33.07291666666667 9.727403229070575 12.9698709720941
0 12.20703125 38.21614583333333 10.456446349494515 13.941928465992687
0 2.9296875 43.9453125 11.212874188765769 14.950498918354358
0 6.884765625 31.510416666666668 9.494842032534208 12.659789376712277
0 10.791015625 29.361979166666668 9.16544031840894 12.220587091211922
0 21.97265625 27.994791666666668 8.94951068030712 11.932680907076158
0 36.669921875 25.260416666666668 8.501213548086012 11.334951397448016
0 50.146484375 27.864583333333332 8.928673607377803 11.904898143170405
0 58.642578125 33.46354166666667 9.784679896167846 13.046239861557126
0 58.49609375 40.8203125 10.806842779312605 14.40912370575014
0 65.673828125 40.625 10.780958088779109 14.374610785038813
0 78.61328125 50.065104166666664 11.968183319780016 15.957577759706687
0 76.3671875 43.81510416666667 11.196250200100184 14.928333600133579
0 97.119140625 52.799479166666664 12.290668069825603 16.38755742643414
0 93.212890625 44.07552083333333 11.229473567489073 14.972631423318763
0 86.669921875 36.97916666666667 10.285827359834423 13.714436479779232
0 4.736328125 26.106770833333332 8.642457433170346 11.52327657756046
0 13.916015625 23.763020833333336 8.245395560367612 10.993860747156816
0 23.33984375 22.135416666666664 7.958010748538389 10.610680998051187
0 27.9296875 23.763020833333336 8.245395560367612 10.993860747156816
0 1.171875 27.473958333333332 8.865868558553435 11.821158078071248
0 3.02734375 21.09375 7.768507117527988 10.358009490037318
0 12.20703125 20.638020833333336 7.684129829110212 10.245506438813615
0 8.203125 22.005208333333336 7.9345703125 10.579427083333332
0 20.458984375 22.005208333333336 7.9345703125 10.579427083333332
0 31.494140625 22.135416666666664 7.958010748538389 10.610680998051187
0 41.6015625 25.846354166666668 8.59924487524742 11.465659833663226
0 47.216796875 23.111979166666664 8.131660519088275 10.842214025451032
0 42.3828125 23.111979166666664 8.131660519088275 10.842214025451032
0 59.228515625 25.846354166666668 8.59924487524742 11.465659833663226
0 67.822265625 31.966145833333332 9.56325660155786 12.751008802077147
0 62.5 30.46875 9.336583582018038 12.448778109357384
0 74.853515625 31.8359375 9.543759625922785 12.725012834563712
0 79.052734375 37.6953125 10.38494844187839 13.84659792250452
0 80.2734375 25.390625 8.523095729839442 11.364127639785922
0 75.9765625 29.752604166666668 9.22620633412535 12.301608445500468
0 67.1875 24.21875 8.324085508414218 11.098780677885625
0 71.77734375 22.591145833333336 8.039514082226251 10.719352109635
0 60.7421875 22.981770833333336 8.108722079825698 10.811629439767596
0 86.083984375 33.07291666666667 9.727403229070575 12.9698709720941
0 97.802734375 41.6015625 10.909767414379564 14.546356552506085
0 97.802734375 38.34635416666667 10.474244568927316 13.965659425236424
0 97.412109375 30.078125 9.276540621075844 12.368720828101127
0 87.59765625 29.231770833333332 9.145095253766906 12.193460338355873
0 93.75 22.981770833333336 8.108722079825698 10.811629439767596
0 86.865234375 22.591145833333336 8.039514082226251 10.719352109635
0 89.16015625 25.716145833333332 8.57755695956738 11.436742612756506
0 55.078125 16.471354166666664 6.864759447755123 9.15301259700683
0 61.083984375 18.229166666666664 7.221777078979024 9.629036105305365
0 58.3984375 19.466145833333336 7.462780310447684 9.950373747263578
0 51.5625 20.768229166666664 7.708331872750909 10.277775830334546
0 41.064453125 20.247395833333336 7.611061958825638 10.148082611767517
0 51.708984375 17.903645833333336 7.157006469457137 9.542675292609516
0 44.970703125 17.903645833333336 7.157006469457137 9.542675292609516
0 53.955078125 14.2578125 6.386855937639267 8.515807916852356
0 47.607421875 16.471354166666664 6.864759447755123 9.15301259700683
0 40.869140625 17.3828125 7.052136235529384 9.40284831403918
0 36.865234375 14.6484375 6.473755931273323 8.631674575031097
0 37.40234375 19.596354166666664 7.487697843252746 9.983597124336994
0 39.6484375 16.276041666666664 6.823937919616058 9.09858389282141
0 42.626953125 15.625 6.686066375795484 8.914755167727312
0 36.376953125 17.252604166666664 7.025674092542321 9.367565456723094
0 33.642578125 14.778645833333334 6.502464524127966 8.669952698837287
0 33.3984375 13.4765625 6.209408553886659 8.279211405182211
0 32.51953125 17.252604166666664 7.025674092542321 9.367565456723094
0 30.6640625 18.75 7.32421875 9.765625
0 29.052734375 16.015625 6.7691262856502785 9.025501714200372
0 30.56640625 16.6015625 6.891839471823862 9.189119295765149
0 31.0546875 15.104166666666666 6.573687508709111 8.764916678278816
0 28.125 18.489583333333336 7.273178276253042 9.697571035004056
0 25.048828125 19.401041666666664 7.450290292806215 9.933720390408286
0 20.654296875 18.489583333333336 7.273178276253042 9.697571035004056
0 16.796875 19.140625 7.400119417103358 9.866825889471144
0 19.04296875 16.145833333333336 6.796587356970242 9.062116475960323
0 22.802734375 16.9921875 6.972448522214271 9.296598029619028
0 24.462890625 15.494791666666666 6.658149484030587 8.877532645374115
0 25.244140625 16.731770833333336 6.9188135063199665 9.225084675093289
0 26.806640625 14.518229166666666 6.444919458600731 8.593225944800976
0 14.013671875 18.229166666666664 7.221777078979024 9.629036105305365
0 7.8125 17.122395833333336 6.9991119025755095 9.332149203434014
0 10.3515625 16.861979166666664 6.945682786096826 9.260910381462436
0 4.443359375 17.513020833333336 7.0784994535786145 9.437999271438152
0 1.171875 16.6015625 6.891839471823862 9.189119295765149
0 5.37109375 19.270833333333336 7.425247229367944 9.900329639157258
0 1.3671875 19.010416666666664 7.37490598974278 9.833207986323707
0 13.427734375 17.122395833333336 6.9991119025755095 9.332149203434014
0 13.916015625 16.471354166666664 6.864759447755123 9.15301259700683
0 47.998046875 18.880208333333336 7.349606066157407 9.799474754876544
0 57.177734375 13.4765625 6.209408553886659 8.279211405182211
0 65.673828125 16.015625 6.7691262856502785 9.025501714200372
0 75.9765625 21.614583333333336 7.863829789260941 10.485106385681254
0 70.556640625 18.359375 7.247523246483103 9.663364328644137
0 89.55078125 21.875 7.911060422861158 10.548080563814876
0 73.193359375 13.736979166666666 6.269115778861736 8.358821038482315
0 62.59765625 13.8671875 6.298757153488249 8.398342871317666
0 62.01171875 16.861979166666664 6.945682786096826 9.260910381462436
0 78.02734375 16.9921875 6.972448522214271 9.296598029619028
0 83.935546875 16.276041666666664 6.823937919616058 9.09858389282141
0 91.259765625 19.7265625 7.512532730158185 10.01671030687758
0 96.09375 24.609375 8.39094670707246 11.187928942763282
0 90.771484375 17.122395833333336 6.9991119025755095 9.332149203434014
0 86.767578125 18.359375 7.247523246483103 9.663364328644137
0 81.982421875 19.010416666666664 7.37490598974278 9.833207986323707
0 78.41796875 19.7265625 7.512532730158185 10.01671030687758
0 92.529296875 18.098958333333336 7.195938795502683 9.594585060670244
0 95.849609375 19.270833333333336 7.425247229367944 9.900329639157258
0 97.314453125 18.359375 7.247523246483103 9.663364328644137
0 99.0234375 21.354166666666664 7.816313766397521 10.421751688530028
0 84.033203125 21.744791666666664 7.887480458569388 10.51664061142585
0 87.98828125 20.963541666666664 7.7444931277157725 10.325990836954363
0 73.92578125 17.252604166666664 7.025674092542321 9.367565456723094
0 67.578125 15.234375 6.60196156395994 8.802615418613254
0 69.7265625 15.494791666666666 6.658149484030587 8.877532645374115
0 67.08984375 17.643229166666664 7.104764847914316 9.473019797219088
0 75.048828125 15.234375 6.60196156395994 8.802615418613254
0 58.30078125 15.234375 6.60196156395994 8.802615418613254
0 80.56640625 23.372395833333336 8.177344364608315 10.903125819477753
0 91.69921875 24.869791666666664 8.435226416678011 11.246968555570682
0 99.0234375 31.25 9.4555257475767 12.607367663435602
