0 97.021484375 38.99739583333333 10.562785827561513 14.083714436748682
0 89.55078125 30.794270833333332 9.386325988299376 12.515101317732501
0 81.982421875 31.901041666666668 9.55351308746248 12.738017449949975
0 92.431640625 24.21875 8.324085508414218 11.098780677885625
0 80.078125 22.786458333333336 8.074192233473482 10.765589644631309
0 65.283203125 28.385416666666668 9.011732824849489 12.015643766465985
0 61.669921875 19.596354166666664 7.487697843252746 9.983597124336994
0 55.419921875 37.82552083333333 10.40286898746296 13.870491983283944
0 42.822265625 25.0 8.457279333832409 11.276372445109878
0 48.681640625 20.703125 7.6962403643301345 10.261653819106845
0 14.55078125 47.65625 11.676712933171991 15.568950577562655
0 25.146484375 31.770833333333332 9.53399618640949 12.711994915212655
0 36.083984375 31.4453125 9.485028239697298 12.646704319596397
0 26.953125 23.893229166666664 8.267954824306681 11.023939765742242
0 18.896484375 20.703125 7.6962403643301345 10.261653819106845
0 35.9375 15.755208333333334 6.7138671875 8.951822916666668
0 25.9765625 17.513020833333336 7.0784994535786145 9.437999271438152
0 33.935546875 15.4296875 6.644147051109997 8.858862734813329
0 26.953125 14.453125 6.430452730012657 8.57393697335021
0 12.98828125 17.643229166666664 7.104764847914316 9.473019797219088
0 1.953125 17.1875 7.012405574387241 9.349874099182989
0 23.681640625 16.536458333333336 6.878312786611722 9.171083715482297
0 9.521484375 17.643229166666664 7.104764847914316 9.473019797219088
0 20.80078125 14.322916666666666 6.401421192444773 8.53522825659303
0 6.884765625 18.75 7.32421875 9.765625
0 0.732421875 17.96875 7.170007400189656 9.56000986691954
0 38.720703125 16.080729166666664 6.782870718656271 9.043827624875028
0 46.6796875 16.080729166666664 6.782870718656271 9.043827624875028
0 56.982421875 13.4765625 6.209408553886659 8.279211405182211
0 64.208984375 15.755208333333334 6.7138671875 8.951822916666668
0 72.265625 13.4765625 6.209408553886659 8.279211405182211
0 79.833984375 17.643229166666664 7.104764847914316 9.473019797219088
0 91.259765625 17.643229166666664 7.104764847914316 9.473019797219088
0 84.86328125 16.666666666666664 6.905339660024879 9.207119546699838
0 88.8671875 16.40625 6.8511792970714245 9.134905729428567
0 32.12890625 15.885416666666666 6.741553355216833 8.988737806955777
0 66.015625 14.908854166666666 6.531046923532928 8.708062564710572
0 79.248046875 15.104166666666666 6.573687508709111 8.764916678278816
