0 48.2421875 38.4765625 10.492012596234792 13.989350128313058
0 61.279296875 42.51302083333333 11.02863220189981 14.704842935866417
0 66.650390625 43.22916666666667 11.121134740166381 14.828179653555177
0 82.2265625 41.14583333333333 10.849846700824694 14.466462267766259
0 93.017578125 39.51822916666667 10.633088006704314 14.177450675605751
0 32.12890625 44.98697916666667 11.344989193994817 15.126652258659753
0 10.107421875 30.403645833333332 9.326603265341873 12.43547102045583
0 4.052734375 25.846354166666668 8.59924487524742 11.465659833663226
0 6.15234375 19.3359375 7.437779301119349 9.917039068159132
0 11.328125 19.140625 7.400119417103358 9.866825889471144
0 19.873046875 18.619791666666664 7.298743129334349 9.731657505779133
0 26.220703125 23.697916666666664 8.234092750996119 10.978790334661493
0 24.12109375 18.098958333333336 7.195938795502683 9.594585060670244
0 30.95703125 23.177083333333336 8.143105507889608 10.857474010519478
0 35.546875 18.619791666666664 7.298743129334349 9.731657505779133
0 39.2578125 27.213541666666668 8.823750179932228 11.765000239909636
0 48.2421875 18.815104166666664 7.336923388776433 9.782564518368577
0 52.83203125 30.403645833333332 9.326603265341873 12.43547102045583
0 55.322265625 24.8046875 8.424178309229896 11.23223774563986
0 86.71875 30.078125 9.276540621075844 12.368720828101127
0 76.025390625 25.651041666666668 8.566692411876344 11.422256549168457
0 63.76953125 24.609375 8.39094670707246 11.187928942763282
0 62.20703125 33.72395833333333 9.82267879603948 13.096905061385971
0 70.1171875 20.8984375 7.732458166088822 10.309944221451763
0 78.662109375 17.252604166666664 7.025674092542321 9.367565456723094
0 92.08984375 22.65625 8.051090062422436 10.734786749896582
0 86.181640625 18.619791666666664 7.298743129334349 9.731657505779133
0 65.771484375 15.494791666666666 6.658149484030587 8.877532645374115
0 61.1328125 14.778645833333334 6.502464524127966 8.669952698837287
