0 87.548828125 87.95572916666666 15.863270774373811 21.15102769916508
0 49.51171875 85.546875 15.644538107881223 20.85938414384163
0 40.771484375 65.16927083333334 13.65469807201971 18.20626409602628
0 12.3046875 72.39583333333334 14.391877591005366 19.18917012134049
0 12.01171875 49.8046875 11.937016122807584 15.916021497076779
0 2.294921875 59.244791666666664 13.019243779114712 17.358991705486282
0 22.8515625 51.106770833333336 12.092048801366547 16.122731735155398
0 36.474609375 46.484375 11.532253190729483 15.376337587639311
0 55.615234375 50.911458333333336 12.06892085771801 16.091894476957346
0 69.091796875 61.328125 13.246175789923525 17.661567719898034
0 80.76171875 52.408854166666664 12.245118803551563 16.32682507140208
0 87.451171875 67.96875 13.944897044428542 18.593196059238057
0 97.16796875 54.622395833333336 12.501037077797877 16.668049437063836
0 93.798828125 38.8671875 10.545137050275265 14.060182733700355
0 77.001953125 44.07552083333333 11.229473567489073 14.972631423318763
0 64.35546875 41.66666666666667 10.918300671385692 14.557734228514258
0 48.974609375 39.6484375 10.650591044076627 14.200788058768838
0 28.41796875 36.65364583333333 10.240455160865794 13.653940214487726
0 81.4453125 38.34635416666667 10.474244568927316 13.965659425236424
0 98.828125 30.338541666666668 9.316612257369233 12.42214967649231
0 87.841796875 33.72395833333333 9.82267879603948 13.096905061385971
0 91.30859375 30.729166666666668 9.376398618003673 12.501864824004896
0 99.51171875 24.088541666666664 8.301678777304348 11.068905036405797
0 97.314453125 22.200520833333336 7.969705113037473 10.626273484049964
0 96.875 19.661458333333336 7.500125566067204 10.00016742142294
0 91.89453125 19.986979166666664 7.561957820656658 10.08261042754221
0 94.775390625 20.8984375 7.732458166088822 10.309944221451763
0 85.888671875 22.200520833333336 7.969705113037473 10.626273484049964
0 87.01171875 28.7109375 9.063258303782652 12.084344405043536
0 89.2578125 26.692708333333332 8.738904457566134 11.651872610088178
0 79.248046875 16.080729166666664 6.782870718656271 9.043827624875028
0 80.908203125 25.1953125 8.490251308132054 11.320335077509403
0 80.908203125 21.2890625 7.804389558437758 10.405852744583676
0 74.658203125 31.8359375 9.543759625922785 12.725012834563712
0 75.048828125 28.7109375 9.063258303782652 12.084344405043536
0 63.134765625 34.83072916666667 9.982560567502519 13.310080756670025
0 60.205078125 34.24479166666667 9.898238977189243 13.197651969585658
0 64.2578125 31.315104166666668 9.465370128949479 12.62049350526597
0 66.455078125 25.1953125 8.490251308132054 11.320335077509403
0 70.361328125 22.591145833333336 8.039514082226251 10.719352109635
0 73.388671875 18.880208333333336 7.349606066157407 9.799474754876544
0 70.068359375 19.661458333333336 7.500125566067204 10.00016742142294
0 75.1953125 14.0625 6.342959500374307 8.457279333832409
0 69.921875 14.973958333333334 6.545291317604741 8.727055090139656
0 68.9453125 14.84375 6.516771394062079 8.689028525416106
0 61.474609375 14.0625 6.342959500374307 8.457279333832409
0 58.0078125 13.151041666666666 6.133957288281793 8.178609717709058
0 61.328125 18.880208333333336 7.349606066157407 9.799474754876544
0 60.05859375 22.395833333333336 8.00468569861084 10.672914264814453
0 57.71484375 19.791666666666664 7.524919437217989 10.033225916290652
0 57.71484375 26.822916666666668 8.760192928715409 11.680257238287211
0 54.78515625 15.169270833333334 6.587839704871492 8.783786273161988
0 52.001953125 18.359375 7.247523246483103 9.663364328644137
0 53.41796875 17.96875 7.170007400189656 9.56000986691954
0 50.341796875 18.880208333333336 7.349606066157407 9.799474754876544
0 51.025390625 21.6796875 7.875664001809045 10.500885335745393
0 49.21875 23.177083333333336 8.143105507889608 10.857474010519478
0 51.85546875 28.7109375 9.063258303782652 12.084344405043536
0 44.775390625 31.315104166666668 9.465370128949479 12.62049350526597
0 44.384765625 26.106770833333332 8.642457433170346 11.52327657756046
0 47.16796875 16.861979166666664 6.945682786096826 9.260910381462436
0 44.62890625 15.169270833333334 6.587839704871492 8.783786273161988
0 40.91796875 17.7734375 7.130933499479933 9.50791133263991
0 41.162109375 22.005208333333336 7.9345703125 10.579427083333332
0 37.01171875 24.609375 8.39094670707246 11.187928942763282
0 33.69140625 28.515625 9.03237828793258 12.043171050576774
0 40.33203125 17.252604166666664 7.025674092542321 9.367565456723094
0 37.451171875 15.169270833333334 6.587839704871492 8.783786273161988
0 35.498046875 14.973958333333334 6.545291317604741 8.727055090139656
0 33.935546875 17.7734375 7.130933499479933 9.50791133263991
0 30.37109375 15.755208333333334 6.7138671875 8.951822916666668
0 29.1015625 13.151041666666666 6.133957288281793 8.178609717709058
0 27.587890625 18.684895833333336 7.311492035346033 9.748656047128044
0 31.298828125 19.791666666666664 7.524919437217989 10.033225916290652
0 31.73828125 22.591145833333336 8.039514082226251 10.719352109635
0 27.685546875 23.502604166666664 8.200090846279542 10.933454461706056
0 25.78125 13.346354166666666 6.179338602086361 8.239118136115147
0 22.998046875 13.541666666666666 6.224389054678692 8.299185406238257
0 24.51171875 15.755208333333334 6.7138671875 8.951822916666668
0 19.384765625 14.2578125 6.386855937639267 8.515807916852356
0 23.388671875 17.3828125 7.052136235529384 9.40284831403918
0 20.5078125 18.1640625 7.208869513560617 9.611826018080823
0 19.23828125 19.986979166666664 7.561957820656658 10.08261042754221
0 22.16796875 21.875 7.911060422861158 10.548080563814876
0 22.412109375 26.822916666666668 8.760192928715409 11.680257238287211
0 25.634765625 25.1953125 8.490251308132054 11.320335077509403
0 16.30859375 14.973958333333334 6.545291317604741 8.727055090139656
0 16.6015625 18.684895833333336 7.311492035346033 9.748656047128044
0 18.408203125 21.09375 7.768507117527988 10.358009490037318
0 13.818359375 18.1640625 7.208869513560617 9.611826018080823
0 9.375 17.96875 7.170007400189656 9.56000986691954
0 11.03515625 23.893229166666664 8.267954824306681 11.023939765742242
0 11.328125 30.338541666666668 9.316612257369233 12.42214967649231
0 6.201171875 31.510416666666668 9.494842032534208 12.659789376712277
0 6.884765625 25.716145833333332 8.57755695956738 11.436742612756506
0 5.46875 19.986979166666664 7.561957820656658 10.08261042754221
0 6.298828125 16.861979166666664 6.945682786096826 9.260910381462436
