0 0.244140625 17.317708333333336 7.038917599286375 9.385223465715166
0 2.197265625 17.643229166666664 7.104764847914316 9.473019797219088
0 5.712890625 17.838541666666664 7.143981879101334 9.525309172135112
0 0.244140625 21.223958333333336 7.792447103762027 10.389929471682702
0 8.0078125 18.294270833333336 7.234661615679748 9.646215487572997
0 9.9609375 16.9921875 6.972448522214271 9.296598029619028
0 11.767578125 15.234375 6.60196156395994 8.802615418613254
0 14.0625 16.731770833333336 6.9188135063199665 9.225084675093289
0 12.646484375 18.294270833333336 7.234661615679748 9.646215487572997
0 18.017578125 12.955729166666666 6.088237714617921 8.117650286157229
0 19.580078125 16.927083333333336 6.959078522333606 9.278771363111476
0 15.673828125 14.583333333333334 6.459353786778786 8.612471715705048
0 15.478515625 20.1171875 7.586549618320344 10.115399491093791
0 17.7734375 16.9921875 6.972448522214271 9.296598029619028
0 17.041015625 17.7734375 7.130933499479933 9.50791133263991
0 10.595703125 20.377604166666664 7.635495607419925 10.180660809893233
0 3.515625 20.1171875 7.586549618320344 10.115399491093791
0 5.615234375 20.8984375 7.732458166088822 10.309944221451763
0 3.125 22.721354166666664 8.062649422377262 10.75019922983635
0 11.9140625 21.940104166666664 7.92282408798045 10.5637654506406
0 9.716796875 22.8515625 8.085718566584333 10.780958088779109
0 11.328125 25.9765625 8.620878229873984 11.494504306498644
0 2.392578125 26.627604166666668 8.728240750778255 11.637654334371007
0 -0.146484375 28.90625 9.094033462982996 12.125377950643994
0 3.955078125 29.296875 9.1552734375 12.20703125
0 9.814453125 32.09635416666667 9.58271390875707 12.77695187834276
0 12.255859375 38.21614583333333 10.456446349494515 13.941928465992687
0 7.2265625 38.15104166666667 10.447535869521296 13.930047826028394
0 7.373046875 47.13541666666667 11.612730462915312 15.483640617220415
0 2.490234375 43.61979166666667 11.171267833082963 14.895023777443953
0 2.880859375 55.794270833333336 12.634424770803498 16.845899694404665
0 10.83984375 83.33333333333334 15.440808887540916 20.587745183387888
0 94.873046875 93.9453125 16.394501975785268 21.85933596771369
0 92.96875 70.3125 14.183288621365053 18.911051495153405
0 86.279296875 69.40104166666666 14.091060034930658 18.78808004657421
0 57.51953125 68.09895833333334 13.95824783450839 18.61099711267785
0 47.900390625 80.6640625 15.191502032047904 20.25533604273054
0 39.0625 60.9375 13.203923127919884 17.60523083722651
0 21.044921875 14.0625 6.342959500374307 8.457279333832409
0 22.94921875 15.364583333333334 6.6301150458985685 8.840153394531425
0 21.6796875 15.8203125 6.72772451325946 8.970299351012613
0 21.38671875 17.643229166666664 7.104764847914316 9.473019797219088
0 24.755859375 14.778645833333334 6.502464524127966 8.669952698837287
0 26.85546875 14.322916666666666 6.401421192444773 8.53522825659303
0 28.90625 15.364583333333334 6.6301150458985685 8.840153394531425
0 30.029296875 14.973958333333334 6.545291317604741 8.727055090139656
0 27.685546875 16.471354166666664 6.864759447755123 9.15301259700683
0 25.634765625 17.643229166666664 7.104764847914316 9.473019797219088
0 26.904296875 18.294270833333336 7.234661615679748 9.646215487572997
0 29.296875 19.791666666666664 7.524919437217989 10.033225916290652
0 18.65234375 19.7265625 7.512532730158185 10.01671030687758
0 21.58203125 20.442708333333336 7.647683158045451 10.196910877393934
0 23.486328125 21.028645833333336 7.756509415978292 10.342012554637723
0 27.197265625 22.721354166666664 8.062649422377262 10.75019922983635
0 18.505859375 24.088541666666664 8.301678777304348 11.068905036405797
0 20.8984375 24.934895833333336 8.446260072691679 11.26168009692224
0 24.0234375 25.9765625 8.620878229873984 11.494504306498644
0 18.65234375 28.580729166666668 9.042683343523592 12.056911124698123
0 18.9453125 32.48697916666667 9.640850219074288 12.854466958765718
0 31.298828125 13.671875 6.254242410864013 8.338989881152017
0 32.763671875 13.28125 6.16424861960576 8.218998159474348
0 34.716796875 13.8671875 6.298757153488249 8.398342871317666
0 37.79296875 15.559895833333334 6.672122530845778 8.896163374461038
0 36.962890625 16.080729166666664 6.782870718656271 9.043827624875028
0 35.64453125 17.513020833333336 7.0784994535786145 9.437999271438152
0 32.2265625 16.536458333333336 6.878312786611722 9.171083715482297
0 30.810546875 20.638020833333336 7.684129829110212 10.245506438813615
0 33.30078125 20.833333333333336 7.720404443770458 10.293872591693944
0 31.982421875 24.544270833333336 8.379840220792225 11.173120294389632
0 34.033203125 27.604166666666668 8.886852892188134 11.849137189584178
0 38.4765625 30.989583333333332 9.416045300623482 12.554727067497975
0 31.25 35.28645833333333 10.047654805392046 13.39687307385606
0 38.671875 38.671875 10.518608361580863 14.024811148774482
0 38.427734375 42.31770833333333 11.00326927326657 14.671025697688759
0 33.7890625 43.42447916666667 11.146229472503464 14.861639296671287
0 25.87890625 47.91666666666667 11.708573054962693 15.611430739950258
0 47.607421875 51.627604166666664 12.153508149255297 16.204677532340394
0 39.794921875 15.0390625 6.559504779115197 8.746006372153596
0 41.748046875 14.518229166666666 6.444919458600731 8.593225944800976
0 43.310546875 12.955729166666666 6.088237714617921 8.117650286157229
0 44.677734375 14.973958333333334 6.545291317604741 8.727055090139656
0 43.06640625 15.690104166666666 6.699981201202437 8.933308268269917
0 40.72265625 16.471354166666664 6.864759447755123 9.15301259700683
0 41.064453125 19.596354166666664 7.487697843252746 9.983597124336994
0 43.017578125 20.182291666666664 7.598815672600545 10.13175423013406
0 41.40625 24.283854166666664 8.33526628646708 11.113688381956106
0 44.53125 28.385416666666668 9.011732824849489 12.015643766465985
0 48.388671875 14.0625 6.342959500374307 8.457279333832409
0 51.123046875 13.0859375 6.118755388111396 8.15834051748186
0 54.58984375 14.388020833333334 6.415953381844678 8.554604509126236
0 56.25 12.369791666666668 5.948971157720314 7.931961543627086
0 56.15234375 16.080729166666664 6.782870718656271 9.043827624875028
0 52.294921875 17.122395833333336 6.9991119025755095 9.332149203434014
0 49.0234375 17.838541666666664 7.143981879101334 9.525309172135112
0 49.365234375 20.247395833333336 7.611061958825638 10.148082611767517
0 48.4375 21.875 7.911060422861158 10.548080563814876
0 46.77734375 26.432291666666668 8.696171172348027 11.594894896464037
0 50.390625 27.34375 8.84483443981289 11.793112586417188
0 52.63671875 30.989583333333332 9.416045300623482 12.554727067497975
0 50.29296875 36.06770833333333 10.158274522151634 13.544366029535512
0 54.443359375 45.37760416666667 11.394137391720257 15.192183188960342
0 58.349609375 45.3125 11.385960758165057 15.181281010886744
0 71.533203125 55.46875 12.597514306976498 16.796685742635333
0 58.7890625 13.606770833333334 6.2393335877260965 8.319111450301463
0 59.619140625 12.434895833333332 5.964605800076924 7.952807733435899
0 61.376953125 12.434895833333332 5.964605800076924 7.952807733435899
0 62.158203125 15.625 6.686066375795484 8.914755167727312
0 58.740234375 15.625 6.686066375795484 8.914755167727312
0 60.302734375 16.080729166666664 6.782870718656271 9.043827624875028
0 59.326171875 19.466145833333336 7.462780310447684 9.950373747263578
0 59.765625 20.638020833333336 7.684129829110212 10.245506438813615
0 56.54296875 23.046875 8.120199399200482 10.82693253226731
0 59.130859375 25.0 8.457279333832409 11.276372445109878
0 62.98828125 24.739583333333336 8.413115693414442 11.217487591219255
0 62.40234375 28.645833333333332 9.052976668817948 12.07063555842393
0 61.03515625 33.46354166666667 9.784679896167846 13.046239861557126
0 66.455078125 32.68229166666667 9.669787303317175 12.893049737756234
0 66.30859375 39.90885416666667 10.685511108405517 14.24734814454069
0 72.412109375 37.95572916666667 10.420758715187912 13.894344953583882
0 64.990234375 14.778645833333334 6.502464524127966 8.669952698837287
0 67.138671875 14.0625 6.342959500374307 8.457279333832409
0 68.994140625 13.736979166666666 6.269115778861736 8.358821038482315
0 70.3125 13.606770833333334 6.2393335877260965 8.319111450301463
0 72.119140625 13.671875 6.254242410864013 8.338989881152017
0 74.12109375 13.216145833333334 6.149121606326259 8.198828808435012
0 75.830078125 14.0625 6.342959500374307 8.457279333832409
0 66.40625 15.885416666666666 6.741553355216833 8.988737806955777
0 67.431640625 16.015625 6.7691262856502785 9.025501714200372
0 70.556640625 18.294270833333336 7.234661615679748 9.646215487572997
0 67.7734375 20.768229166666664 7.708331872750909 10.277775830334546
0 70.99609375 22.135416666666664 7.958010748538389 10.610680998051187
0 67.578125 23.697916666666664 8.234092750996119 10.978790334661493
0 74.072265625 16.471354166666664 6.864759447755123 9.15301259700683
0 74.755859375 21.940104166666664 7.92282408798045 10.5637654506406
0 75.5859375 27.994791666666668 8.94951068030712 11.932680907076158
0 73.291015625 31.25 9.4555257475767 12.607367663435602
0 80.419921875 36.65364583333333 10.240455160865794 13.653940214487726
0 84.716796875 46.61458333333333 11.548393511001283 15.397858014668378
0 82.2265625 51.041666666666664 12.084344405043538 16.112459206724715
0 96.97265625 44.66145833333333 11.303869126862875 15.071825502483835
0 98.828125 58.723958333333336 12.9618900034151 17.28252000455347
0 77.83203125 16.341145833333336 6.837572174807153 9.116762899742872
0 79.248046875 17.838541666666664 7.143981879101334 9.525309172135112
0 77.783203125 19.140625 7.400119417103358 9.866825889471144
0 77.1484375 21.6796875 7.875664001809045 10.500885335745393
0 79.638671875 14.713541666666666 6.488126106405426 8.650834808540568
0 83.740234375 15.0390625 6.559504779115197 8.746006372153596
0 86.474609375 16.080729166666664 6.782870718656271 9.043827624875028
0 85.693359375 18.033854166666664 7.182984799767957 9.577313066357275
0 82.568359375 18.033854166666664 7.182984799767957 9.577313066357275
0 83.740234375 20.638020833333336 7.684129829110212 10.245506438813615
0 81.689453125 20.8984375 7.732458166088822 10.309944221451763
0 79.443359375 22.526041666666664 8.027921409891299 10.703895213188398
0 79.4921875 24.934895833333336 8.446260072691679 11.26168009692224
0 81.93359375 27.799479166666668 8.918236814088415 11.890982418784553
0 86.81640625 36.65364583333333 10.240455160865794 13.653940214487726
0 89.74609375 17.1875 7.012405574387241 9.349874099182989
0 88.427734375 19.270833333333336 7.425247229367944 9.900329639157258
0 86.474609375 22.200520833333336 7.969705113037473 10.626273484049964
0 91.9921875 17.96875 7.170007400189656 9.56000986691954
0 93.603515625 17.1875 7.012405574387241 9.349874099182989
0 95.849609375 19.075520833333336 7.3875234600282 9.850031280037602
0 97.55859375 18.880208333333336 7.349606066157407 9.799474754876544
0 98.779296875 19.791666666666664 7.524919437217989 10.033225916290652
0 100.244140625 19.921875 7.549631882844837 10.066175843793117
0 93.505859375 19.986979166666664 7.561957820656658 10.08261042754221
0 91.50390625 19.7265625 7.512532730158185 10.01671030687758
0 95.21484375 20.8984375 7.732458166088822 10.309944221451763
0 93.505859375 21.549479166666664 7.85197774064246 10.469303654189947
0 94.873046875 22.721354166666664 8.062649422377262 10.75019922983635
0 96.484375 24.0234375 8.290452702152177 11.053936936202902
0 99.169921875 28.385416666666668 9.011732824849489 12.015643766465985
0 93.75 24.153645833333336 8.312889692307273 11.083852923076364
0 89.74609375 23.6328125 8.222774405094897 10.963699206793196
0 89.697265625 25.9765625 8.620878229873984 11.494504306498644
0 91.69921875 24.674479166666664 8.402038511923953 11.202718015898604
0 87.79296875 26.692708333333332 8.738904457566134 11.651872610088178
0 90.673828125 27.278645833333332 8.83429859993294 11.779064799910586
0 91.552734375 29.947916666666668 9.25643975103949 12.341919668052654
0 93.994140625 32.09635416666667 9.58271390875707 12.77695187834276
0 88.623046875 33.33333333333333 9.765625 13.020833333333334
