0 7.8125 66.27604166666666 13.770158902195407 18.360211869593876
0 60.25390625 80.98958333333334 15.222123917651276 20.296165223535034
0 27.1484375 95.3125 16.513365794029156 22.017821058705543
0 99.31640625 59.505208333333336 13.047826126972625 17.397101502630168
0 81.54296875 61.588541666666664 13.274269513508024 17.6990260180107
0 54.296875 57.942708333333336 12.875380315996695 17.16717375466226
0 2.5390625 54.427083333333336 12.478667175452193 16.638222900602926
0 27.05078125 43.48958333333333 11.154581837461587 14.872775783282115
0 49.4140625 42.83854166666667 11.070774625986973 14.761032834649296
0 41.9921875 35.80729166666667 10.121535615098267 13.495380820131023
0 13.18359375 33.07291666666667 9.727403229070575 12.9698709720941
0 7.6171875 30.46875 9.336583582018038 12.448778109357384
0 4.98046875 23.567708333333336 8.211440458419013 10.948587277892017
0 84.47265625 46.484375 11.532253190729483 15.376337587639311
0 73.92578125 39.58333333333333 10.641843123878598 14.189124165171464
0 75.09765625 33.07291666666667 9.727403229070575 12.9698709720941
0 87.98828125 35.67708333333333 10.103116062772735 13.470821417030313
0 94.53125 28.385416666666668 9.011732824849489 12.015643766465985
0 59.1796875 27.604166666666668 8.886852892188134 11.849137189584178
0 49.4140625 26.432291666666668 8.696171172348027 11.594894896464037
0 39.453125 23.958333333333336 8.279211405182211 11.038948540242949
0 34.08203125 26.5625 8.717563999686098 11.62341866624813
0 21.484375 27.604166666666668 8.886852892188134 11.849137189584178
0 99.12109375 26.953125 8.78142979122202 11.708573054962693
0 95.5078125 23.828125 8.256682897014576 11.008910529352768
0 88.76953125 17.838541666666664 7.143981879101334 9.525309172135112
0 79.19921875 21.223958333333336 7.792447103762027 10.389929471682702
0 57.32421875 23.697916666666664 8.234092750996119 10.978790334661493
0 48.73046875 19.010416666666664 7.37490598974278 9.833207986323707
0 30.078125 22.786458333333336 8.074192233473482 10.765589644631309
0 12.6953125 21.614583333333336 7.863829789260941 10.485106385681254
