0 2.783203125 18.684895833333336 7.311492035346033 9.748656047128044
0 3.515625 29.557291666666668 9.195873518871684 12.261164691828911
0 4.248046875 38.21614583333333 10.456446349494515 13.941928465992687
0 2.1484375 45.18229166666667 11.36958984997385 15.159453133298467
0 3.3203125 58.984375 12.990598543574682 17.320798058099577
0 40.0390625 84.24479166666666 15.5250211694054 20.70002822587387
0 88.37890625 93.29427083333334 16.337596208891814 21.78346161185575
0 36.9140625 65.4296875 13.68195298551019 18.242603980680254
0 21.19140625 49.54427083333333 11.905767335895483 15.874356447860643
0 35.205078125 43.68489583333333 11.179601491707887 14.906135322277184
0 23.095703125 41.40625 10.884127502518925 14.512170003358568
0 31.640625 34.44010416666667 9.926425761285763 13.235234348381017
0 22.119140625 32.94270833333333 9.708235913444133 12.944314551258843
0 33.740234375 28.7109375 9.063258303782652 12.084344405043536
0 21.630859375 26.106770833333332 8.642457433170346 11.52327657756046
0 9.814453125 26.627604166666668 8.728240750778255 11.637654334371007
0 18.994140625 20.247395833333336 7.611061958825638 10.148082611767517
0 28.61328125 24.4140625 8.357582969744357 11.143443959659143
0 42.138671875 19.53125 7.475249459177179 9.966999278902906
0 48.291015625 22.330729166666664 7.993042513249997 10.657390017666662
0 42.333984375 31.770833333333332 9.53399618640949 12.711994915212655
0 50.29296875 37.36979166666667 10.340011197569225 13.786681596758967
0 52.587890625 51.7578125 12.168824485703665 16.225099314271553
0 65.673828125 41.015625 10.832665618468535 14.443554157958047
0 67.041015625 57.747395833333336 12.853661919343681 17.13821589245824
0 84.1796875 65.10416666666666 13.647875839232116 18.19716778564282
0 77.783203125 51.171875 12.099748291991583 16.132997722655443
0 97.4609375 51.432291666666664 12.130497384247919 16.17399651233056
0 89.111328125 33.59375 9.803697756475225 13.071597008633635
0 81.25 38.0859375 10.438617783500408 13.918157044667211
0 74.462890625 32.2265625 9.60213178866716 12.802842384889546
