0 87.98828125 30.338541666666668 9.316612257369233 12.42214967649231
0 94.43359375 32.03125 9.572990198582838 12.763986931443785
0 76.46484375 22.916666666666664 8.097228492078614 10.796304656104818
0 50.048828125 23.046875 8.120199399200482 10.82693253226731
0 41.9921875 21.875 7.911060422861158 10.548080563814876
0 24.755859375 22.721354166666664 8.062649422377262 10.75019922983635
0 13.232421875 25.325520833333332 8.512161670520847 11.349548894027794
0 7.421875 25.9765625 8.620878229873984 11.494504306498644
0 0.78125 20.1171875 7.586549618320344 10.115399491093791
0 20.21484375 19.466145833333336 7.462780310447684 9.950373747263578
0 5.859375 20.638020833333336 7.684129829110212 10.245506438813615
0 1.07421875 40.49479166666667 10.763667046233154 14.351556061644205
0 9.228515625 31.705729166666668 9.524222738236839 12.698963650982451
0 2.490234375 18.229166666666664 7.221777078979024 9.629036105305365
0 24.90234375 17.1875 7.012405574387241 9.349874099182989
0 10.791015625 17.3828125 7.052136235529384 9.40284831403918
0 32.8125 16.145833333333336 6.796587356970242 9.062116475960323
0 45.21484375 16.145833333333336 6.796587356970242 9.062116475960323
0 38.8671875 15.299479166666666 6.61605328023645 8.821404373648601
0 29.833984375 15.299479166666666 6.61605328023645 8.821404373648601
0 18.408203125 18.75 7.32421875 9.765625
0 9.375 19.986979166666664 7.561957820656658 10.08261042754221
0 41.845703125 15.8203125 6.72772451325946 8.970299351012613
0 52.099609375 15.494791666666666 6.658149484030587 8.877532645374115
0 64.94140625 15.494791666666666 6.658149484030587 8.877532645374115
0 74.658203125 20.3125 7.62328857226367 10.164384763018226
0 86.42578125 24.609375 8.39094670707246 11.187928942763282
0 98.583984375 22.721354166666664 8.062649422377262 10.75019922983635
0 88.8671875 20.3125 7.62328857226367 10.164384763018226
0 82.12890625 22.916666666666664 8.097228492078614 10.796304656104818
0 76.85546875 17.513020833333336 7.0784994535786145 9.437999271438152
0 54.150390625 14.2578125 6.386855937639267 8.515807916852356
0 34.619140625 16.341145833333336 6.837572174807153 9.116762899742872
0 27.63671875 16.9921875 6.972448522214271 9.296598029619028
0 93.017578125 22.916666666666664 8.097228492078614 10.796304656104818
0 78.90625 16.341145833333336 6.837572174807153 9.116762899742872
0 67.3828125 16.015625 6.7691262856502785 9.025501714200372
0 58.447265625 15.625 6.686066375795484 8.914755167727312
0 47.16796875 15.8203125 6.72772451325946 8.970299351012613
0 26.85546875 14.973958333333334 6.545291317604741 8.727055090139656
0 73.095703125 13.932291666666666 6.313525654778199 8.418034206370931
0 96.142578125 21.484375 7.840107775064166 10.453477033418888
0 80.712890625 19.075520833333336 7.3875234600282 9.850031280037602
0 98.974609375 20.3125 7.62328857226367 10.164384763018226
0 83.837890625 17.513020833333336 7.0784994535786145 9.437999271438152
0 4.150390625 20.833333333333336 7.720404443770458 10.293872591693944
0 85.888671875 18.229166666666664 7.221777078979024 9.629036105305365
0 74.267578125 18.229166666666664 7.221777078979024 9.629036105305365
0 94.43359375 22.200520833333336 7.969705113037473 10.626273484049964
0 83.69140625 20.3125 7.62328857226367 10.164384763018226
0 73.583984375 16.145833333333336 6.796587356970242 9.062116475960323
0 61.42578125 14.973958333333334 6.545291317604741 8.727055090139656
0 93.798828125 19.791666666666664 7.524919437217989 10.033225916290652
0 80.224609375 17.903645833333336 7.157006469457137 9.542675292609516
0 23.583984375 14.453125 6.430452730012657 8.57393697335021
0 12.353515625 18.9453125 7.3622668956389274 9.816355860851903
0 3.80859375 17.1875 7.012405574387241 9.349874099182989
0 31.396484375 16.145833333333336 6.796587356970242 9.062116475960323
0 7.666015625 17.708333333333336 7.117861199762329 9.490481599683106
0 71.77734375 15.299479166666666 6.61605328023645 8.821404373648601
0 91.9921875 18.424479166666664 7.2603620931215325 9.680482790828709
0 71.77734375 18.424479166666664 7.2603620931215325 9.680482790828709
0 62.060546875 15.104166666666666 6.573687508709111 8.764916678278816
0 87.744140625 18.424479166666664 7.2603620931215325 9.680482790828709
0 75.927734375 15.299479166666666 6.61605328023645 8.821404373648601
