0 94.580078125 75.06510416666666 14.654793949637412 19.53972526618322
0 96.923828125 39.58333333333333 10.641843123878598 14.189124165171464
0 98.046875 36.06770833333333 10.158274522151634 13.544366029535512
0 98.046875 28.971354166666668 9.104268731797058 12.139024975729411
0 99.609375 26.5625 8.717563999686098 11.62341866624813
0 90.625 44.46614583333333 11.279125129746294 15.038833506328391
0 91.650390625 33.07291666666667 9.727403229070575 12.9698709720941
0 91.455078125 28.190104166666668 8.980675640601907 11.974234187469209
0 93.359375 24.934895833333336 8.446260072691679 11.26168009692224
0 97.4609375 23.046875 8.120199399200482 10.82693253226731
0 96.142578125 18.5546875 7.28597191547444 9.714629220632586
0 93.994140625 22.591145833333336 8.039514082226251 10.719352109635
0 96.923828125 20.052083333333336 7.574263699945591 10.099018266594122
0 93.359375 18.1640625 7.208869513560617 9.611826018080823
0 91.552734375 20.052083333333336 7.574263699945591 10.099018266594122
0 88.37890625 23.697916666666664 8.234092750996119 10.978790334661493
0 90.4296875 25.065104166666668 8.468284256293707 11.291045675058275
0 85.3515625 29.166666666666668 9.134905729428569 12.17987430590476
0 87.255859375 33.33333333333333 9.765625 13.020833333333334
0 84.08203125 34.83072916666667 9.982560567502519 13.310080756670025
0 80.126953125 38.34635416666667 10.474244568927316 13.965659425236424
0 78.61328125 31.705729166666668 9.524222738236839 12.698963650982451
0 75.439453125 29.166666666666668 9.134905729428569 12.17987430590476
0 79.00390625 24.21875 8.324085508414218 11.098780677885625
0 81.15234375 26.432291666666668 8.696171172348027 11.594894896464037
0 81.982421875 21.940104166666664 7.92282408798045 10.5637654506406
0 84.619140625 20.572916666666664 7.672000176987631 10.229333569316841
0 87.451171875 22.4609375 8.016311973000304 10.688415964000404
0 88.28125 17.057291666666664 6.985792933508055 9.31439057801074
0 86.42578125 19.205729166666664 7.412693970636669 9.883591960848893
0 85.9375 15.8203125 6.72772451325946 8.970299351012613
0 83.49609375 16.2109375 6.810276368536802 9.080368491382403
0 80.322265625 15.559895833333334 6.672122530845778 8.896163374461038
0 79.19921875 19.466145833333336 7.462780310447684 9.950373747263578
0 76.5625 20.3125 7.62328857226367 10.164384763018226
0 82.763671875 16.080729166666664 6.782870718656271 9.043827624875028
0 76.85546875 14.713541666666666 6.488126106405426 8.650834808540568
0 74.755859375 17.708333333333336 7.117861199762329 9.490481599683106
0 74.12109375 13.671875 6.254242410864013 8.338989881152017
0 70.947265625 23.4375 8.188725503539269 10.918300671385692
0 71.875 15.0390625 6.559504779115197 8.746006372153596
0 78.076171875 17.708333333333336 7.117861199762329 9.490481599683106
0 68.310546875 18.684895833333336 7.311492035346033 9.748656047128044
0 68.701171875 14.453125 6.430452730012657 8.57393697335021
0 66.796875 11.328125 5.692980379082528 7.590640505443372
0 66.89453125 14.583333333333334 6.459353786778786 8.612471715705048
0 65.0390625 12.955729166666666 6.088237714617921 8.117650286157229
0 62.3046875 13.216145833333334 6.149121606326259 8.198828808435012
0 60.3515625 19.3359375 7.437779301119349 9.917039068159132
0 58.935546875 25.846354166666668 8.59924487524742 11.465659833663226
0 57.12890625 21.6796875 7.875664001809045 10.500885335745393
0 56.201171875 17.96875 7.170007400189656 9.56000986691954
0 58.740234375 16.796875 6.932261164306974 9.243014885742634
0 60.3515625 14.0625 6.342959500374307 8.457279333832409
0 56.298828125 13.541666666666666 6.224389054678692 8.299185406238257
0 58.740234375 12.044270833333332 5.870173358664351 7.826897811552468
0 57.91015625 15.299479166666666 6.61605328023645 8.821404373648601
0 55.2734375 13.0859375 6.118755388111396 8.15834051748186
0 52.83203125 14.583333333333334 6.459353786778786 8.612471715705048
0 52.44140625 18.9453125 7.3622668956389274 9.816355860851903
0 54.150390625 31.705729166666668 9.524222738236839 12.698963650982451
0 64.013671875 28.190104166666668 8.980675640601907 11.974234187469209
0 60.15625 32.29166666666667 9.611826018080825 12.815768024107768
0 58.642578125 38.93229166666667 10.553965128046011 14.07195350406135
0 63.720703125 40.95052083333333 10.824064850444458 14.432086467259278
0 71.6796875 32.09635416666667 9.58271390875707 12.77695187834276
0 60.791015625 78.58072916666666 14.99404113346954 19.992054844626054
0 45.99609375 88.34635416666666 15.898457370155159 21.19794316020688
0 35.693359375 84.70052083333334 15.566956475655333 20.755941967540444
0 1.171875 54.817708333333336 12.523367021901361 16.69782269586848
0 2.099609375 41.34114583333333 10.87556743237638 14.500756576501841
0 3.02734375 31.184895833333332 9.445671106287941 12.594228141717254
0 9.326171875 54.296875 12.463731601966636 16.61830880262218
0 11.865234375 40.8203125 10.806842779312605 14.40912370575014
0 10.05859375 30.46875 9.336583582018038 12.448778109357384
0 5.95703125 26.5625 8.717563999686098 11.62341866624813
0 11.865234375 26.692708333333332 8.738904457566134 11.651872610088178
0 13.818359375 33.203125 9.746532850751532 12.995377134335376
0 71.875 17.903645833333336 7.157006469457137 9.542675292609516
0 65.625 15.559895833333334 6.672122530845778 8.896163374461038
0 52.099609375 21.940104166666664 7.92282408798045 10.5637654506406
0 50.244140625 27.473958333333332 8.865868558553435 11.821158078071248
0 48.876953125 22.721354166666664 8.062649422377262 10.75019922983635
0 50.146484375 14.518229166666666 6.444919458600731 8.593225944800976
0 49.462890625 36.06770833333333 10.158274522151634 13.544366029535512
0 51.171875 12.239583333333332 5.917577950947668 7.8901039345968895
0 45.703125 34.5703125 9.945172568847854 13.26023009179714
0 48.193359375 15.104166666666666 6.573687508709111 8.764916678278816
0 42.28515625 30.46875 9.336583582018038 12.448778109357384
0 46.630859375 14.388020833333334 6.415953381844678 8.554604509126236
0 40.4296875 41.40625 10.884127502518925 14.512170003358568
0 45.60546875 18.294270833333336 7.234661615679748 9.646215487572997
0 35.693359375 38.34635416666667 10.474244568927316 13.965659425236424
0 43.75 16.666666666666664 6.905339660024879 9.207119546699838
0 45.556640625 16.2109375 6.810276368536802 9.080368491382403
0 44.580078125 15.625 6.686066375795484 8.914755167727312
0 43.212890625 15.104166666666666 6.573687508709111 8.764916678278816
0 42.138671875 15.104166666666666 6.573687508709111 8.764916678278816
0 42.48046875 12.3046875 5.933295317145868 7.911060422861158
0 41.162109375 13.4765625 6.209408553886659 8.279211405182211
0 40.13671875 14.583333333333334 6.459353786778786 8.612471715705048
0 38.76953125 13.802083333333334 6.283953943473511 8.378605257964681
0 37.841796875 14.2578125 6.386855937639267 8.515807916852356
0 36.962890625 15.559895833333334 6.672122530845778 8.896163374461038
0 41.50390625 18.359375 7.247523246483103 9.663364328644137
0 43.212890625 21.09375 7.768507117527988 10.358009490037318
0 45.1171875 24.869791666666664 8.435226416678011 11.246968555570682
0 41.455078125 22.591145833333336 8.039514082226251 10.719352109635
0 36.962890625 22.591145833333336 8.039514082226251 10.719352109635
0 34.326171875 16.080729166666664 6.782870718656271 9.043827624875028
0 35.791015625 17.903645833333336 7.157006469457137 9.542675292609516
0 34.1796875 20.182291666666664 7.598815672600545 10.13175423013406
0 31.591796875 21.6796875 7.875664001809045 10.500885335745393
0 33.056640625 16.080729166666664 6.782870718656271 9.043827624875028
0 30.56640625 14.0625 6.342959500374307 8.457279333832409
0 30.6640625 16.471354166666664 6.864759447755123 9.15301259700683
0 31.005859375 18.489583333333336 7.273178276253042 9.697571035004056
0 29.443359375 19.7265625 7.512532730158185 10.01671030687758
0 28.41796875 20.638020833333336 7.684129829110212 10.245506438813615
0 28.076171875 23.828125 8.256682897014576 11.008910529352768
0 26.806640625 18.815104166666664 7.336923388776433 9.782564518368577
0 28.955078125 16.080729166666664 6.782870718656271 9.043827624875028
0 27.05078125 15.559895833333334 6.672122530845778 8.896163374461038
0 27.685546875 13.346354166666666 6.179338602086361 8.239118136115147
0 21.826171875 14.583333333333334 6.459353786778786 8.612471715705048
0 23.73046875 26.106770833333332 8.642457433170346 11.52327657756046
0 20.41015625 17.578125 7.091644310682526 9.455525747576702
0 25.68359375 26.3671875 8.685454999241765 11.580606665655687
0 21.337890625 24.544270833333336 8.379840220792225 11.173120294389632
0 18.26171875 15.625 6.686066375795484 8.914755167727312
0 21.77734375 21.028645833333336 7.756509415978292 10.342012554637723
0 17.138671875 23.372395833333336 8.177344364608315 10.903125819477753
0 15.4296875 17.903645833333336 7.157006469457137 9.542675292609516
0 19.873046875 21.223958333333336 7.792447103762027 10.389929471682702
0 14.501953125 16.666666666666664 6.905339660024879 9.207119546699838
0 13.96484375 22.265625 7.981382342908947 10.641843123878598
0 12.939453125 16.2109375 6.810276368536802 9.080368491382403
0 7.32421875 21.028645833333336 7.756509415978292 10.342012554637723
0 9.47265625 15.4296875 6.644147051109997 8.858862734813329
0 20.068359375 31.575520833333332 9.50464569238125 12.672860923174998
0 11.328125 16.080729166666664 6.782870718656271 9.043827624875028
0 10.83984375 23.046875 8.120199399200482 10.82693253226731
0 5.419921875 16.015625 6.7691262856502785 9.025501714200372
0 24.072265625 45.76822916666667 11.443074499055587 15.25743266540745
0 4.296875 18.359375 7.247523246483103 9.663364328644137
0 32.12890625 50.325520833333336 11.999269562583924 15.99902608344523
0 1.416015625 16.796875 6.932261164306974 9.243014885742634
0 29.39453125 33.07291666666667 9.727403229070575 12.9698709720941
0 2.44140625 17.708333333333336 7.117861199762329 9.490481599683106
0 30.6640625 29.296875 9.1552734375 12.20703125
0 34.912109375 27.018229166666668 8.792028986137655 11.722705314850208
0 41.6015625 57.6171875 12.83916257810219 17.118883437469588
0 44.873046875 51.7578125 12.168824485703665 16.225099314271553
0 45.60546875 83.72395833333334 15.476955973029744 20.63594129737299
0 66.2109375 62.760416666666664 13.399962402404874 17.866616536539834
0 75.732421875 58.3984375 12.925914663420027 17.234552884560035
0 63.916015625 50.846354166666664 12.061201687847598 16.081602250463465
0 54.58984375 47.33072916666667 11.63676511531837 15.515686820424493
0 67.236328125 24.21875 8.324085508414218 11.098780677885625
0 75.9765625 25.78125 8.588407763348565 11.451210351131419
0 95.556640625 21.354166666666664 7.816313766397521 10.421751688530028
0 86.669921875 21.354166666666664 7.816313766397521 10.421751688530028
0 85.64453125 46.875 11.580606665655687 15.440808887540916
0 25.146484375 14.453125 6.430452730012657 8.57393697335021
0 9.08203125 18.9453125 7.3622668956389274 9.816355860851903
0 3.271484375 21.484375 7.840107775064166 10.453477033418888
0 6.34765625 18.684895833333336 7.311492035346033 9.748656047128044
0 3.80859375 19.7265625 7.512532730158185 10.01671030687758
0 1.171875 19.205729166666664 7.412693970636669 9.883591960848893
0 1.46484375 21.6796875 7.875664001809045 10.500885335745393
0 0.9765625 25.455729166666668 8.53401578009617 11.378687706794894
0 3.80859375 25.1953125 8.490251308132054 11.320335077509403
0 12.109375 19.466145833333336 7.462780310447684 9.950373747263578
0 17.919921875 19.205729166666664 7.412693970636669 9.883591960848893
0 25.146484375 18.424479166666664 7.2603620931215325 9.680482790828709
0 31.787109375 16.2109375 6.810276368536802 9.080368491382403
0 38.28125 18.9453125 7.3622668956389274 9.816355860851903
0 47.412109375 16.927083333333336 6.959078522333606 9.278771363111476
0 71.923828125 20.3125 7.62328857226367 10.164384763018226
0 78.90625 15.299479166666666 6.61605328023645 8.821404373648601
0 83.7890625 18.684895833333336 7.311492035346033 9.748656047128044
0 99.462890625 30.208333333333332 9.296598029619028 12.395464039492039
