0 93.994140625 45.83333333333333 11.45121035113142 15.268280468175227
0 86.03515625 64.19270833333334 13.552003974105538 18.06933863214072
0 75.146484375 52.34375 12.237510776222791 16.31668103496372
0 65.673828125 57.2265625 12.795565974875872 17.06075463316783
0 52.294921875 48.69791666666667 11.803637454720285 15.738183272960379
0 65.771484375 40.49479166666667 10.763667046233154 14.351556061644205
0 61.279296875 34.63541666666667 9.954532733337459 13.272710311116612
0 48.974609375 37.76041666666667 10.393912576859377 13.85855010247917
0 35.3515625 41.86197916666667 10.943860520654974 14.591814027539964
0 36.279296875 64.32291666666666 13.565741437312543 18.087655249750057
0 22.0703125 49.8046875 11.937016122807584 15.916021497076779
0 26.806640625 34.765625 9.973226707988399 13.297635610651199
0 32.470703125 35.09114583333333 10.019809057239993 13.359745409653323
0 9.619140625 40.29947916666667 10.737678274999501 14.316904366666003
0 4.541015625 31.4453125 9.485028239697298 12.646704319596397
0 41.748046875 33.07291666666667 9.727403229070575 12.9698709720941
0 39.501953125 84.70052083333334 15.566956475655333 20.755941967540444
0 49.31640625 29.231770833333332 9.145095253766906 12.193460338355873
0 60.107421875 24.674479166666664 8.402038511923953 11.202718015898604
0 11.181640625 28.90625 9.094033462982996 12.125377950643994
0 20.41015625 33.203125 9.746532850751532 12.995377134335376
0 21.337890625 26.5625 8.717563999686098 11.62341866624813
0 33.447265625 28.3203125 9.001392336274797 12.001856448366395
0 42.1875 25.130208333333332 8.479274895904423 11.305699861205897
0 48.974609375 22.330729166666664 7.993042513249997 10.657390017666662
0 74.169921875 33.07291666666667 9.727403229070575 12.9698709720941
0 80.126953125 38.41145833333333 10.483132346995646 13.977509795994195
0 87.109375 37.95572916666667 10.420758715187912 13.894344953583882
0 97.412109375 52.473958333333336 12.25272210686324 16.336962809150986
0 95.751953125 60.091145833333336 13.111908605310568 17.482544807080757
0 99.169921875 42.51302083333333 11.02863220189981 14.704842935866417
0 75.634765625 28.3203125 9.001392336274797 12.001856448366395
0 91.845703125 30.859375 9.396242870080965 12.52832382677462
0 89.013671875 34.63541666666667 9.954532733337459 13.272710311116612
0 67.08984375 24.0234375 8.290452702152177 11.053936936202902
0 62.109375 30.013020833333332 9.266495636406846 12.35532751520913
0 31.884765625 21.223958333333336 7.792447103762027 10.389929471682702
0 29.541015625 19.921875 7.549631882844837 10.066175843793117
0 26.66015625 24.0234375 8.290452702152177 11.053936936202902
0 20.068359375 21.223958333333336 7.792447103762027 10.389929471682702
0 15.91796875 24.544270833333336 8.379840220792225 11.173120294389632
0 4.98046875 24.8046875 8.424178309229896 11.23223774563986
0 1.66015625 60.546875 13.161534822294815 17.548713096393087
0 11.03515625 22.4609375 8.016311973000304 10.688415964000404
0 17.431640625 18.489583333333336 7.273178276253042 9.697571035004056
0 24.560546875 19.466145833333336 7.462780310447684 9.950373747263578
0 61.03515625 16.471354166666664 6.864759447755123 9.15301259700683
0 70.99609375 23.111979166666664 8.131660519088275 10.842214025451032
0 70.8984375 18.033854166666664 7.182984799767957 9.577313066357275
0 76.5625 22.591145833333336 8.039514082226251 10.719352109635
0 79.052734375 24.544270833333336 8.379840220792225 11.173120294389632
0 87.109375 25.0 8.457279333832409 11.276372445109878
0 86.279296875 22.135416666666664 7.958010748538389 10.610680998051187
0 91.845703125 19.791666666666664 7.524919437217989 10.033225916290652
0 98.73046875 24.21875 8.324085508414218 11.098780677885625
0 96.484375 33.07291666666667 9.727403229070575 12.9698709720941
0 81.54296875 21.809895833333336 7.8992792392241125 10.532372318965482
0 60.3515625 20.703125 7.6962403643301345 10.261653819106845
0 67.333984375 13.606770833333334 6.2393335877260965 8.319111450301463
0 95.263671875 20.377604166666664 7.635495607419925 10.180660809893233
0 91.11328125 25.0 8.457279333832409 11.276372445109878
0 99.072265625 28.3203125 9.001392336274797 12.001856448366395
0 93.75 40.75520833333333 10.79822144345345 14.397628591271266
0 50.146484375 19.270833333333336 7.425247229367944 9.900329639157258
0 51.220703125 17.122395833333336 6.9991119025755095 9.332149203434014
0 41.11328125 22.330729166666664 7.993042513249997 10.657390017666662
0 64.94140625 14.713541666666666 6.488126106405426 8.650834808540568
0 66.50390625 17.122395833333336 6.9991119025755095 9.332149203434014
0 45.263671875 18.1640625 7.208869513560617 9.611826018080823
0 41.357421875 19.140625 7.400119417103358 9.866825889471144
0 36.03515625 19.466145833333336 7.462780310447684 9.950373747263578
0 40.4296875 17.252604166666664 7.025674092542321 9.367565456723094
0 0.634765625 47.39583333333333 11.644765642296699 15.526354189728933
0 3.955078125 20.8984375 7.732458166088822 10.309944221451763
0 12.353515625 17.708333333333336 7.117861199762329 9.490481599683106
0 18.505859375 16.015625 6.7691262856502785 9.025501714200372
0 37.841796875 14.2578125 6.386855937639267 8.515807916852356
0 32.470703125 16.927083333333336 6.959078522333606 9.278771363111476
0 34.033203125 15.494791666666666 6.658149484030587 8.877532645374115
0 35.791015625 14.908854166666666 6.531046923532928 8.708062564710572
0 30.46875 15.494791666666666 6.658149484030587 8.877532645374115
0 54.78515625 12.825520833333334 6.057566296777102 8.076755062369468
0 57.12890625 16.015625 6.7691262856502785 9.025501714200372
0 81.787109375 17.903645833333336 7.157006469457137 9.542675292609516
0 84.86328125 20.572916666666664 7.672000176987631 10.229333569316841
0 88.76953125 19.921875 7.549631882844837 10.066175843793117
0 70.263671875 13.932291666666666 6.313525654778199 8.418034206370931
0 77.978515625 16.015625 6.7691262856502785 9.025501714200372
0 24.560546875 15.364583333333334 6.6301150458985685 8.840153394531425
0 27.978515625 16.796875 6.932261164306974 9.243014885742634
0 40.4296875 14.0625 6.342959500374307 8.457279333832409
0 7.373046875 19.596354166666664 7.487697843252746 9.983597124336994
0 5.37109375 18.815104166666664 7.336923388776433 9.782564518368577
