0 1.5625 17.057291666666664 6.985792933508055 9.31439057801074
0 3.759765625 19.53125 7.475249459177179 9.966999278902906
0 7.32421875 16.40625 6.8511792970714245 9.134905729428567
0 7.03125 17.903645833333336 7.157006469457137 9.542675292609516
0 6.884765625 18.880208333333336 7.349606066157407 9.799474754876544
0 6.34765625 20.833333333333336 7.720404443770458 10.293872591693944
0 3.90625 24.283854166666664 8.33526628646708 11.113688381956106
0 4.150390625 30.598958333333332 9.35651227829339 12.475349704391189
0 1.416015625 44.07552083333333 11.229473567489073 14.972631423318763
0 1.3671875 58.984375 12.990598543574682 17.320798058099577
0 1.3671875 81.70572916666666 15.28927618392987 20.38570157857316
0 10.595703125 18.424479166666664 7.2603620931215325 9.680482790828709
0 13.818359375 16.40625 6.8511792970714245 9.134905729428567
0 12.20703125 22.135416666666664 7.958010748538389 10.610680998051187
0 17.48046875 18.684895833333336 7.311492035346033 9.748656047128044
0 20.556640625 20.572916666666664 7.672000176987631 10.229333569316841
0 10.9375 27.473958333333332 8.865868558553435 11.821158078071248
0 17.87109375 32.48697916666667 9.640850219074288 12.854466958765718
0 16.845703125 40.49479166666667 10.763667046233154 14.351556061644205
0 21.435546875 47.91666666666667 11.708573054962693 15.611430739950258
0 38.427734375 60.221354166666664 13.126106669681741 17.501475559575656
0 41.11328125 84.04947916666666 15.507014179580688 20.676018906107586
0 19.140625 15.299479166666666 6.61605328023645 8.821404373648601
0 20.458984375 16.40625 6.8511792970714245 9.134905729428567
0 22.216796875 16.9921875 6.972448522214271 9.296598029619028
0 23.33984375 15.0390625 6.559504779115197 8.746006372153596
0 25.244140625 13.4765625 6.209408553886659 8.279211405182211
0 27.783203125 13.346354166666666 6.179338602086361 8.239118136115147
0 30.224609375 14.192708333333334 6.372257390692475 8.496343187589966
0 31.396484375 13.541666666666666 6.224389054678692 8.299185406238257
0 27.001953125 16.40625 6.8511792970714245 9.134905729428567
0 26.708984375 18.880208333333336 7.349606066157407 9.799474754876544
0 29.98046875 19.205729166666664 7.412693970636669 9.883591960848893
0 32.470703125 20.247395833333336 7.611061958825638 10.148082611767517
0 28.173828125 23.6328125 8.222774405094897 10.963699206793196
0 22.4609375 26.171875 8.653226854710587 11.537635806280782
0 32.51953125 27.994791666666668 8.94951068030712 11.932680907076158
0 31.34765625 35.67708333333333 10.103116062772735 13.470821417030313
0 40.72265625 31.901041666666668 9.55351308746248 12.738017449949975
0 35.107421875 43.1640625 11.112757236348344 14.817009648464458
0 48.14453125 37.17447916666667 10.31295486371814 13.75060648495752
0 52.34375 47.265625 11.628759084019562 15.505012112026082
0 65.4296875 57.2265625 12.795565974875872 17.06075463316783
0 77.5390625 52.083333333333336 12.20703125 16.276041666666664
0 83.59375 64.51822916666666 13.586321587861368 18.115095450481824
0 96.875 53.515625 12.37373958295489 16.498319443939856
0 98.4375 47.59114583333333 11.66873431048899 15.55831241398532
0 98.92578125 40.625 10.780958088779109 14.374610785038813
0 88.427734375 33.91927083333333 9.851081781963485 13.134775709284646
0 79.78515625 36.58854166666667 10.231356576074347 13.641808768099132
0 74.267578125 32.87760416666667 9.698638050580264 12.931517400773687
0 62.158203125 30.46875 9.336583582018038 12.448778109357384
0 61.23046875 34.765625 9.973226707988399 13.297635610651199
0 64.013671875 41.86197916666667 10.943860520654974 14.591814027539964
0 48.681640625 28.385416666666668 9.011732824849489 12.015643766465985
0 36.03515625 16.731770833333336 6.9188135063199665 9.225084675093289
0 36.572265625 15.625 6.686066375795484 8.914755167727312
0 40.576171875 15.755208333333334 6.7138671875 8.951822916666668
0 40.234375 16.927083333333336 6.959078522333606 9.278771363111476
0 38.037109375 18.229166666666664 7.221777078979024 9.629036105305365
0 42.1875 19.205729166666664 7.412693970636669 9.883591960848893
0 41.11328125 21.6796875 7.875664001809045 10.500885335745393
0 41.69921875 24.674479166666664 8.402038511923953 11.202718015898604
0 47.36328125 22.135416666666664 7.958010748538389 10.610680998051187
0 45.8984375 14.778645833333334 6.502464524127966 8.669952698837287
0 45.068359375 16.080729166666664 6.782870718656271 9.043827624875028
0 48.193359375 17.578125 7.091644310682526 9.455525747576702
0 54.931640625 13.932291666666666 6.313525654778199 8.418034206370931
0 52.34375 16.927083333333336 6.959078522333606 9.278771363111476
0 49.755859375 19.075520833333336 7.3875234600282 9.850031280037602
0 57.080078125 16.276041666666664 6.823937919616058 9.09858389282141
0 57.03125 12.109375 5.886017310176364 7.848023080235151
0 63.18359375 12.5 5.980199567341744 7.973599423122326
0 65.72265625 15.0390625 6.559504779115197 8.746006372153596
0 67.041015625 14.127604166666666 6.3576253222655215 8.476833763020695
0 69.482421875 13.802083333333334 6.283953943473511 8.378605257964681
0 66.845703125 16.731770833333336 6.9188135063199665 9.225084675093289
0 61.5234375 17.057291666666664 6.985792933508055 9.31439057801074
0 63.96484375 18.294270833333336 7.234661615679748 9.646215487572997
0 58.935546875 18.684895833333336 7.311492035346033 9.748656047128044
0 59.716796875 20.8984375 7.732458166088822 10.309944221451763
0 58.349609375 25.520833333333332 8.544921875 11.393229166666668
0 67.3828125 23.372395833333336 8.177344364608315 10.903125819477753
0 71.044921875 17.838541666666664 7.143981879101334 9.525309172135112
0 71.826171875 21.2890625 7.804389558437758 10.405852744583676
0 74.951171875 13.346354166666666 6.179338602086361 8.239118136115147
0 76.3671875 15.0390625 6.559504779115197 8.746006372153596
0 79.248046875 15.494791666666666 6.658149484030587 8.877532645374115
0 81.34765625 14.908854166666666 6.531046923532928 8.708062564710572
0 80.908203125 17.708333333333336 7.117861199762329 9.490481599683106
0 77.783203125 18.424479166666664 7.2603620931215325 9.680482790828709
0 76.85546875 21.484375 7.840107775064166 10.453477033418888
0 81.25 21.875 7.911060422861158 10.548080563814876
0 79.39453125 24.283854166666664 8.33526628646708 11.113688381956106
0 75.537109375 27.5390625 8.876366926421502 11.835155901895336
0 84.765625 20.052083333333336 7.574263699945591 10.099018266594122
0 86.42578125 22.200520833333336 7.969705113037473 10.626273484049964
0 86.5234375 17.708333333333336 7.117861199762329 9.490481599683106
0 90.4296875 17.903645833333336 7.157006469457137 9.542675292609516
0 88.4765625 19.53125 7.475249459177179 9.966999278902906
0 93.84765625 18.033854166666664 7.182984799767957 9.577313066357275
0 91.89453125 19.596354166666664 7.487697843252746 9.983597124336994
0 95.947265625 23.177083333333336 8.143105507889608 10.857474010519478
0 92.236328125 22.526041666666664 8.027921409891299 10.703895213188398
0 89.94140625 23.828125 8.256682897014576 11.008910529352768
0 88.818359375 25.5859375 8.555814067917595 11.407752090556793
0 89.892578125 27.799479166666668 8.918236814088415 11.890982418784553
0 91.845703125 31.119791666666668 9.4358061729372 12.5810748972496
0 99.658203125 19.075520833333336 7.3875234600282 9.850031280037602
0 99.267578125 21.549479166666664 7.85197774064246 10.469303654189947
0 99.462890625 23.4375 8.188725503539269 10.918300671385692
0 99.560546875 25.0 8.457279333832409 11.276372445109878
0 99.609375 30.46875 9.336583582018038 12.448778109357384
0 91.89453125 92.05729166666666 16.228925537485754 21.638567383314342
0 32.32421875 16.145833333333336 6.796587356970242 9.062116475960323
