0 28.515625 56.8359375 12.751820322129015 17.00242709617202
0 25.341796875 72.13541666666666 14.365969599535914 19.15462613271455
0 4.8828125 63.606770833333336 13.49001227130148 17.986683028401973
0 6.787109375 22.200520833333336 7.969705113037473 10.626273484049964
0 19.7265625 16.536458333333336 6.878312786611722 9.171083715482297
0 15.478515625 29.231770833333332 9.145095253766906 12.193460338355873
0 64.697265625 34.765625 9.973226707988399 13.297635610651199
0 75.29296875 14.388020833333334 6.415953381844678 8.554604509126236
0 88.76953125 17.3828125 7.052136235529384 9.40284831403918
0 74.0234375 16.536458333333336 6.878312786611722 9.171083715482297
0 50.830078125 14.583333333333334 6.459353786778786 8.612471715705048
0 72.216796875 18.9453125 7.3622668956389274 9.816355860851903
0 28.076171875 19.7265625 7.512532730158185 10.01671030687758
0 21.97265625 19.270833333333336 7.425247229367944 9.900329639157258
0 0.927734375 18.9453125 7.3622668956389274 9.816355860851903
0 16.845703125 14.713541666666666 6.488126106405426 8.650834808540568
0 39.35546875 15.950520833333334 6.755353888299149 9.0071385177322
0 19.189453125 13.997395833333334 6.328259690346595 8.437679587128793
0 24.4140625 16.145833333333336 6.796587356970242 9.062116475960323
0 52.734375 18.75 7.32421875 9.765625
0 7.2265625 17.122395833333336 6.9991119025755095 9.332149203434014
0 11.279296875 17.122395833333336 6.9991119025755095 9.332149203434014
0 79.1015625 17.838541666666664 7.143981879101334 9.525309172135112
0 97.607421875 21.549479166666664 7.85197774064246 10.469303654189947
0 84.716796875 21.2890625 7.804389558437758 10.405852744583676
0 85.986328125 23.4375 8.188725503539269 10.918300671385692
0 86.181640625 33.13802083333333 9.736972737758677 12.982630317011571
0 96.435546875 39.90885416666667 10.685511108405517 14.24734814454069
0 91.259765625 67.7734375 13.924846858581342 18.566462478108456
0 66.650390625 15.950520833333334 6.755353888299149 9.0071385177322
0 55.76171875 15.299479166666666 6.61605328023645 8.821404373648601
