0 65.33203125 19.270833333333336 7.425247229367944 9.900329639157258
0 85.546875 20.182291666666664 7.598815672600545 10.13175423013406
0 66.11328125 15.494791666666666 6.658149484030587 8.877532645374115
0 81.884765625 17.3828125 7.052136235529384 9.40284831403918
0 2.24609375 18.424479166666664 7.2603620931215325 9.680482790828709
0 32.6171875 16.927083333333336 6.959078522333606 9.278771363111476
0 5.224609375 18.9453125 7.3622668956389274 9.816355860851903
0 37.3046875 16.796875 6.932261164306974 9.243014885742634
0 56.73828125 14.127604166666666 6.3576253222655215 8.476833763020695
0 44.970703125 15.885416666666666 6.741553355216833 8.988737806955777
0 59.5703125 15.169270833333334 6.587839704871492 8.783786273161988
0 38.720703125 16.666666666666664 6.905339660024879 9.207119546699838
0 64.013671875 14.518229166666666 6.444919458600731 8.593225944800976
0 41.650390625 16.015625 6.7691262856502785 9.025501714200372
0 46.97265625 15.885416666666666 6.741553355216833 8.988737806955777
0 69.287109375 15.364583333333334 6.6301150458985685 8.840153394531425
0 43.06640625 16.536458333333336 6.878312786611722 9.171083715482297
0 58.0078125 16.015625 6.7691262856502785 9.025501714200372
0 67.919921875 16.276041666666664 6.823937919616058 9.09858389282141
0 85.546875 17.643229166666664 7.104764847914316 9.473019797219088
0 62.060546875 15.364583333333334 6.6301150458985685 8.840153394531425
