0 96.19140625 93.29427083333334 16.337596208891814 21.78346161185575
0 61.181640625 77.60416666666666 14.90058058561243 19.867440780816572
0 48.4375 71.15885416666666 14.268395663526562 19.02452755136875
0 51.953125 55.013020833333336 12.545657221126994 16.72754296150266
0 54.931640625 42.64322916666667 11.045508466097326 14.7273446214631
0 62.98828125 40.88541666666667 10.81545724284018 14.42060965712024
0 75.9765625 48.89322916666667 11.82728416447516 15.76971221930021
0 33.056640625 57.877604166666664 12.868144923283701 17.157526564378266
0 26.806640625 46.484375 11.532253190729483 15.376337587639311
0 19.140625 45.05208333333333 11.353195335533615 15.137593780711486
0 3.271484375 51.171875 12.099748291991583 16.132997722655443
0 10.7421875 34.50520833333333 9.935803586486637 13.247738115315515
0 16.50390625 33.52864583333333 9.794193442310311 13.05892458974708
0 29.345703125 36.06770833333333 10.158274522151634 13.544366029535512
0 36.572265625 29.817708333333332 9.236295135755345 12.315060181007127
0 28.857421875 29.166666666666668 9.134905729428569 12.17987430590476
0 40.0390625 30.143229166666668 9.286574740419274 12.382099653892366
0 34.27734375 33.984375 9.860531263063667 13.147375017418222
0 25.634765625 24.739583333333336 8.413115693414442 11.217487591219255
0 6.0546875 28.059895833333332 8.959911044862793 11.946548059817056
0 21.6796875 26.302083333333332 8.674725588105405 11.56630078414054
0 9.86328125 29.817708333333332 9.236295135755345 12.315060181007127
0 17.08984375 27.604166666666668 8.886852892188134 11.849137189584178
0 9.86328125 27.278645833333332 8.83429859993294 11.779064799910586
0 2.197265625 24.4140625 8.357582969744357 11.143443959659143
0 35.107421875 25.0 8.457279333832409 11.276372445109878
0 49.169921875 26.171875 8.653226854710587 11.537635806280782
0 64.208984375 31.575520833333332 9.50464569238125 12.672860923174998
0 55.56640625 28.385416666666668 9.011732824849489 12.015643766465985
0 67.08984375 36.06770833333333 10.158274522151634 13.544366029535512
0 53.02734375 28.255208333333332 8.991039955234518 11.988053273646026
0 63.134765625 22.005208333333336 7.9345703125 10.579427083333332
0 73.33984375 28.580729166666668 9.042683343523592 12.056911124698123
0 77.9296875 35.61197916666667 10.093893681970965 13.458524909294619
0 84.86328125 43.1640625 11.112757236348344 14.817009648464458
0 80.6640625 35.28645833333333 10.047654805392046 13.39687307385606
0 87.3046875 31.901041666666668 9.55351308746248 12.738017449949975
0 92.578125 50.325520833333336 11.999269562583924 15.99902608344523
0 99.658203125 54.361979166666664 12.47120162457431 16.628268832765748
0 96.044921875 42.64322916666667 11.045508466097326 14.7273446214631
0 83.935546875 30.989583333333332 9.416045300623482 12.554727067497975
0 99.169921875 45.24739583333333 11.377778248478545 15.170370997971395
0 89.794921875 28.580729166666668 9.042683343523592 12.056911124698123
0 99.4140625 39.90885416666667 10.685511108405517 14.24734814454069
0 87.40234375 24.088541666666664 8.301678777304348 11.068905036405797
0 97.265625 33.33333333333333 9.765625 13.020833333333334
0 77.685546875 29.036458333333332 9.114492506755418 12.15265667567389
0 70.80078125 21.809895833333336 7.8992792392241125 10.532372318965482
0 79.4921875 26.627604166666668 8.728240750778255 11.637654334371007
0 66.357421875 22.135416666666664 7.958010748538389 10.610680998051187
0 81.15234375 24.21875 8.324085508414218 11.098780677885625
0 75.244140625 24.739583333333336 8.413115693414442 11.217487591219255
0 69.482421875 19.921875 7.549631882844837 10.066175843793117
0 61.42578125 20.247395833333336 7.611061958825638 10.148082611767517
0 59.27734375 26.822916666666668 8.760192928715409 11.680257238287211
0 47.265625 21.354166666666664 7.816313766397521 10.421751688530028
0 58.69140625 20.052083333333336 7.574263699945591 10.099018266594122
0 44.482421875 24.088541666666664 8.301678777304348 11.068905036405797
0 55.17578125 22.916666666666664 8.097228492078614 10.796304656104818
0 49.072265625 19.075520833333336 7.3875234600282 9.850031280037602
0 40.0390625 23.111979166666664 8.131660519088275 10.842214025451032
0 51.3671875 21.6796875 7.875664001809045 10.500885335745393
0 41.259765625 19.7265625 7.512532730158185 10.01671030687758
0 50.390625 16.861979166666664 6.945682786096826 9.260910381462436
0 36.181640625 18.489583333333336 7.273178276253042 9.697571035004056
0 15.625 21.028645833333336 7.756509415978292 10.342012554637723
0 12.646484375 21.809895833333336 7.8992792392241125 10.532372318965482
0 5.6640625 20.377604166666664 7.635495607419925 10.180660809893233
0 11.669921875 16.9921875 6.972448522214271 9.296598029619028
0 3.515625 20.052083333333336 7.574263699945591 10.099018266594122
0 17.333984375 13.997395833333334 6.328259690346595 8.437679587128793
0 9.521484375 17.643229166666664 7.104764847914316 9.473019797219088
0 1.46484375 17.317708333333336 7.038917599286375 9.385223465715166
0 2.685546875 16.080729166666664 6.782870718656271 9.043827624875028
0 4.00390625 16.666666666666664 6.905339660024879 9.207119546699838
0 4.833984375 16.080729166666664 6.782870718656271 9.043827624875028
0 7.12890625 17.317708333333336 7.038917599286375 9.385223465715166
0 25.244140625 16.2109375 6.810276368536802 9.080368491382403
0 19.62890625 20.572916666666664 7.672000176987631 10.229333569316841
0 34.033203125 15.559895833333334 6.672122530845778 8.896163374461038
0 36.181640625 15.234375 6.60196156395994 8.802615418613254
0 27.294921875 14.908854166666666 6.531046923532928 8.708062564710572
0 37.98828125 16.080729166666664 6.782870718656271 9.043827624875028
0 28.125 13.4765625 6.209408553886659 8.279211405182211
0 41.259765625 16.40625 6.8511792970714245 9.134905729428567
0 29.00390625 14.127604166666666 6.3576253222655215 8.476833763020695
0 30.078125 14.583333333333334 6.459353786778786 8.612471715705048
0 32.2265625 14.127604166666666 6.3576253222655215 8.476833763020695
0 40.0390625 13.671875 6.254242410864013 8.338989881152017
0 38.720703125 13.997395833333334 6.328259690346595 8.437679587128793
0 43.310546875 15.755208333333334 6.7138671875 8.951822916666668
0 44.7265625 14.778645833333334 6.502464524127966 8.669952698837287
0 46.2890625 14.127604166666666 6.3576253222655215 8.476833763020695
0 47.509765625 13.346354166666666 6.179338602086361 8.239118136115147
0 48.828125 14.778645833333334 6.502464524127966 8.669952698837287
0 53.125 15.104166666666666 6.573687508709111 8.764916678278816
0 64.794921875 15.885416666666666 6.741553355216833 8.988737806955777
0 57.2265625 14.127604166666666 6.3576253222655215 8.476833763020695
0 67.578125 13.671875 6.254242410864013 8.338989881152017
0 56.0546875 12.369791666666668 5.948971157720314 7.931961543627086
0 63.8671875 13.020833333333334 6.103515625 8.138020833333332
0 70.556640625 17.1875 7.012405574387241 9.349874099182989
0 58.69140625 15.4296875 6.644147051109997 8.858862734813329
0 68.994140625 12.6953125 6.026738787271576 8.0356517163621
0 70.21484375 13.997395833333334 6.328259690346595 8.437679587128793
0 76.46484375 20.703125 7.6962403643301345 10.261653819106845
0 83.056640625 20.833333333333336 7.720404443770458 10.293872591693944
0 78.515625 16.40625 6.8511792970714245 9.134905729428567
0 73.33984375 14.583333333333334 6.459353786778786 8.612471715705048
0 75.48828125 14.583333333333334 6.459353786778786 8.612471715705048
0 77.44140625 15.234375 6.60196156395994 8.802615418613254
0 80.322265625 17.1875 7.012405574387241 9.349874099182989
0 81.884765625 18.489583333333336 7.273178276253042 9.697571035004056
0 85.107421875 20.052083333333336 7.574263699945591 10.099018266594122
0 87.158203125 19.921875 7.549631882844837 10.066175843793117
0 93.896484375 26.627604166666668 8.728240750778255 11.637654334371007
0 90.52734375 19.075520833333336 7.3875234600282 9.850031280037602
0 88.720703125 17.838541666666664 7.143981879101334 9.525309172135112
0 84.033203125 16.2109375 6.810276368536802 9.080368491382403
0 90.869140625 26.497395833333332 8.706874156303165 11.609165541737553
0 90.0390625 23.2421875 8.154534433525017 10.872712578033356
0 20.80078125 14.322916666666666 6.401421192444773 8.53522825659303
0 12.98828125 15.885416666666666 6.741553355216833 8.988737806955777
