0 67.431640625 66.40625 13.783678943647724 18.378238591530298
0 76.806640625 56.119791666666664 12.67122771730145 16.894970289735266
0 83.59375 60.807291666666664 13.18980882871967 17.586411771626228
0 87.646484375 19.791666666666664 7.524919437217989 10.033225916290652
0 77.63671875 14.518229166666666 6.444919458600731 8.593225944800976
0 78.466796875 21.354166666666664 7.816313766397521 10.421751688530028
0 79.8828125 14.84375 6.516771394062079 8.689028525416106
0 91.162109375 23.763020833333336 8.245395560367612 10.993860747156816
0 79.8828125 25.78125 8.588407763348565 11.451210351131419
0 84.326171875 35.41666666666667 10.066175843793117 13.421567791724156
0 72.021484375 31.705729166666668 9.524222738236839 12.698963650982451
0 77.197265625 28.3203125 9.001392336274797 12.001856448366395
0 71.97265625 26.888020833333332 8.770817787597604 11.694423716796805
0 85.64453125 27.994791666666668 8.94951068030712 11.932680907076158
0 70.5078125 22.330729166666664 7.993042513249997 10.657390017666662
0 88.818359375 33.46354166666667 9.784679896167846 13.046239861557126
0 67.919921875 18.229166666666664 7.221777078979024 9.629036105305365
0 90.869140625 29.166666666666668 9.134905729428569 12.17987430590476
0 67.08984375 24.609375 8.39094670707246 11.187928942763282
0 93.212890625 32.421875 9.631185203893738 12.84158027185832
0 81.982421875 45.37760416666667 11.394137391720257 15.192183188960342
0 98.291015625 25.5859375 8.555814067917595 11.407752090556793
0 78.515625 34.5703125 9.945172568847854 13.26023009179714
0 90.52734375 20.377604166666664 7.635495607419925 10.180660809893233
0 89.16015625 49.0234375 11.843022407185213 15.790696542913619
0 87.890625 17.057291666666664 6.985792933508055 9.31439057801074
0 98.388671875 63.997395833333336 13.531371629269632 18.041828839026174
0 96.09375 20.768229166666664 7.708331872750909 10.277775830334546
0 97.4609375 41.66666666666667 10.918300671385692 14.557734228514258
0 91.69921875 17.122395833333336 6.9991119025755095 9.332149203434014
0 98.828125 33.984375 9.860531263063667 13.147375017418222
0 82.12890625 15.364583333333334 6.6301150458985685 8.840153394531425
0 95.947265625 17.643229166666664 7.104764847914316 9.473019797219088
0 83.740234375 22.0703125 7.946299173761924 10.595065565015899
0 85.302734375 15.8203125 6.72772451325946 8.970299351012613
0 81.689453125 20.768229166666664 7.708331872750909 10.277775830334546
0 72.021484375 12.239583333333332 5.917577950947668 7.8901039345968895
0 62.109375 52.213541666666664 12.222280514221671 16.29637401896223
0 93.701171875 16.40625 6.8511792970714245 9.134905729428567
0 61.865234375 32.29166666666667 9.611826018080825 12.815768024107768
0 93.310546875 22.0703125 7.946299173761924 10.595065565015899
0 63.57421875 29.166666666666668 9.134905729428569 12.17987430590476
0 74.365234375 16.927083333333336 6.959078522333606 9.278771363111476
0 3.076171875 18.489583333333336 7.273178276253042 9.697571035004056
0 10.9375 15.559895833333334 6.672122530845778 8.896163374461038
0 10.546875 23.046875 8.120199399200482 10.82693253226731
0 4.443359375 29.166666666666668 9.134905729428569 12.17987430590476
0 9.228515625 30.013020833333332 9.266495636406846 12.35532751520913
0 11.71875 38.671875 10.518608361580863 14.024811148774482
0 6.787109375 22.526041666666664 8.027921409891299 10.703895213188398
0 2.83203125 42.3828125 11.01173007365034 14.682306764867118
0 14.0625 15.559895833333334 6.672122530845778 8.896163374461038
0 8.59375 15.8203125 6.72772451325946 8.970299351012613
0 20.1171875 14.6484375 6.473755931273323 8.631674575031097
0 5.322265625 16.536458333333336 6.878312786611722 9.171083715482297
0 25.439453125 15.8203125 6.72772451325946 8.970299351012613
0 4.638671875 18.9453125 7.3622668956389274 9.816355860851903
0 27.34375 14.84375 6.516771394062079 8.689028525416106
0 3.515625 16.40625 6.8511792970714245 9.134905729428567
0 18.9453125 33.0078125 9.717824296930333 12.957099062573777
0 23.73046875 27.018229166666668 8.792028986137655 11.722705314850208
0 18.505859375 23.177083333333336 8.143105507889608 10.857474010519478
0 12.744140625 22.0703125 7.946299173761924 10.595065565015899
0 28.125 23.502604166666664 8.200090846279542 10.933454461706056
0 32.91015625 20.5078125 7.659851317145468 10.21313508952729
0 33.837890625 14.518229166666666 6.444919458600731 8.593225944800976
0 29.150390625 13.28125 6.16424861960576 8.218998159474348
0 31.640625 29.296875 9.1552734375 12.20703125
0 35.25390625 13.997395833333334 6.328259690346595 8.437679587128793
0 28.41796875 20.963541666666664 7.7444931277157725 10.325990836954363
0 30.859375 36.71875 10.24954566879069 13.66606089172092
0 30.76171875 14.84375 6.516771394062079 8.689028525416106
0 32.373046875 26.171875 8.653226854710587 11.537635806280782
0 26.611328125 18.815104166666664 7.336923388776433 9.782564518368577
0 20.556640625 45.37760416666667 11.394137391720257 15.192183188960342
0 29.248046875 17.122395833333336 6.9991119025755095 9.332149203434014
0 13.0859375 58.3984375 12.925914663420027 17.234552884560035
0 23.974609375 17.122395833333336 6.9991119025755095 9.332149203434014
0 20.556640625 20.963541666666664 7.7444931277157725 10.325990836954363
0 11.9140625 19.3359375 7.437779301119349 9.917039068159132
0 23.388671875 13.802083333333334 6.283953943473511 8.378605257964681
0 35.986328125 13.0859375 6.118755388111396 8.15834051748186
0 27.34375 12.825520833333334 6.057566296777102 8.076755062369468
0 40.13671875 12.369791666666668 5.948971157720314 7.931961543627086
0 26.07421875 13.411458333333334 6.194391824397107 8.259189099196142
0 38.525390625 12.825520833333334 6.057566296777102 8.076755062369468
0 45.263671875 14.84375 6.516771394062079 8.689028525416106
0 52.83203125 17.96875 7.170007400189656 9.56000986691954
0 63.28125 10.026041666666668 5.355813224726637 7.141084299635516
0 66.455078125 14.2578125 6.386855937639267 8.515807916852356
0 42.919921875 13.932291666666666 6.313525654778199 8.418034206370931
0 52.9296875 26.432291666666668 8.696171172348027 11.594894896464037
0 39.84375 19.921875 7.549631882844837 10.066175843793117
0 45.703125 30.46875 9.336583582018038 12.448778109357384
0 41.2109375 25.325520833333332 8.512161670520847 11.349548894027794
0 48.33984375 13.151041666666666 6.133957288281793 8.178609717709058
0 56.34765625 31.4453125 9.485028239697298 12.646704319596397
0 40.576171875 16.2109375 6.810276368536802 9.080368491382403
0 40.673828125 30.729166666666668 9.376398618003673 12.501864824004896
0 50.87890625 12.955729166666666 6.088237714617921 8.117650286157229
0 49.4140625 34.11458333333333 9.87940311049722 13.17253748066296
0 54.39453125 14.127604166666666 6.3576253222655215 8.476833763020695
0 52.9296875 36.97916666666667 10.285827359834423 13.714436479779232
0 45.263671875 24.609375 8.39094670707246 11.187928942763282
0 36.328125 34.30989583333333 9.907643481901811 13.210191309202415
0 56.25 15.690104166666666 6.699981201202437 8.933308268269917
0 51.953125 49.86979166666667 11.944815546130936 15.92642072817458
0 59.130859375 24.21875 8.324085508414218 11.098780677885625
0 57.51953125 17.96875 7.170007400189656 9.56000986691954
0 61.865234375 20.638020833333336 7.684129829110212 10.245506438813615
0 59.9609375 12.369791666666668 5.948971157720314 7.931961543627086
0 52.9296875 12.239583333333332 5.917577950947668 7.8901039345968895
0 42.3828125 19.3359375 7.437779301119349 9.917039068159132
0 37.5 41.53645833333333 10.901227477717134 14.53496997028951
0 57.91015625 13.541666666666666 6.224389054678692 8.299185406238257
0 45.01953125 52.734375 12.283088255308904 16.377451007078538
0 50.341796875 18.815104166666664 7.336923388776433 9.782564518368577
0 35.64453125 54.427083333333336 12.478667175452193 16.638222900602926
0 47.412109375 18.098958333333336 7.195938795502683 9.594585060670244
0 47.509765625 66.92708333333334 13.837627012639933 18.450169350186577
0 48.681640625 24.088541666666664 8.301678777304348 11.068905036405797
0 38.8671875 74.08854166666666 14.559155812837602 19.412207750450136
0 36.865234375 17.122395833333336 6.9991119025755095 9.332149203434014
0 59.521484375 19.075520833333336 7.3875234600282 9.850031280037602
