0 1.416015625 18.033854166666664 7.182984799767957 9.577313066357275
0 3.125 17.3828125 7.052136235529384 9.40284831403918
0 5.224609375 17.057291666666664 6.985792933508055 9.31439057801074
0 6.34765625 16.796875 6.932261164306974 9.243014885742634
0 3.173828125 19.140625 7.400119417103358 9.866825889471144
0 5.56640625 18.229166666666664 7.221777078979024 9.629036105305365
0 7.32421875 17.643229166666664 7.104764847914316 9.473019797219088
0 7.958984375 18.5546875 7.28597191547444 9.714629220632586
0 6.591796875 20.377604166666664 7.635495607419925 10.180660809893233
0 10.107421875 21.744791666666664 7.887480458569388 10.51664061142585
0 5.224609375 23.2421875 8.154534433525017 10.872712578033356
0 8.7890625 27.278645833333332 8.83429859993294 11.779064799910586
0 3.61328125 30.078125 9.276540621075844 12.368720828101127
0 14.111328125 36.1328125 10.167438506443897 13.556584675258529
0 0.732421875 46.2890625 11.508000265481447 15.344000353975263
0 0.5859375 54.166666666666664 12.448778109357384 16.598370812476514
0 3.125 66.6015625 13.803934177122365 18.405245569496486
0 17.822265625 72.4609375 14.398347304791809 19.197796406389077
0 23.4375 48.56770833333333 11.787846628312968 15.717128837750623
0 34.814453125 64.58333333333334 13.593174713940485 18.124232951920646
0 26.3671875 19.856770833333336 7.537285788103314 10.049714384137753
0 10.400390625 15.625 6.686066375795484 8.914755167727312
0 13.427734375 15.234375 6.60196156395994 8.802615418613254
0 14.6484375 17.3828125 7.052136235529384 9.40284831403918
0 10.888671875 17.903645833333336 7.157006469457137 9.542675292609516
0 14.306640625 21.223958333333336 7.792447103762027 10.389929471682702
0 18.603515625 14.453125 6.430452730012657 8.57393697335021
0 20.849609375 14.192708333333334 6.372257390692475 8.496343187589966
0 21.044921875 15.690104166666666 6.699981201202437 8.933308268269917
0 18.65234375 16.276041666666664 6.823937919616058 9.09858389282141
0 17.3828125 18.489583333333336 7.273178276253042 9.697571035004056
0 16.357421875 19.140625 7.400119417103358 9.866825889471144
0 19.580078125 20.377604166666664 7.635495607419925 10.180660809893233
0 24.462890625 13.0859375 6.118755388111396 8.15834051748186
0 24.462890625 15.234375 6.60196156395994 8.802615418613254
0 25.78125 13.997395833333334 6.328259690346595 8.437679587128793
0 26.85546875 14.453125 6.430452730012657 8.57393697335021
0 27.783203125 15.299479166666666 6.61605328023645 8.821404373648601
0 28.466796875 14.908854166666666 6.531046923532928 8.708062564710572
0 26.07421875 16.9921875 6.972448522214271 9.296598029619028
0 29.8828125 15.625 6.686066375795484 8.914755167727312
0 31.689453125 15.104166666666666 6.573687508709111 8.764916678278816
0 28.3203125 17.708333333333336 7.117861199762329 9.490481599683106
0 30.56640625 18.880208333333336 7.349606066157407 9.799474754876544
0 31.73828125 21.09375 7.768507117527988 10.358009490037318
0 28.271484375 23.6328125 8.222774405094897 10.963699206793196
0 18.603515625 25.325520833333332 8.512161670520847 11.349548894027794
0 20.849609375 28.841145833333332 9.083786661460703 12.11171554861427
0 33.837890625 14.2578125 6.386855937639267 8.515807916852356
0 35.25390625 13.932291666666666 6.313525654778199 8.418034206370931
0 36.71875 13.736979166666666 6.269115778861736 8.358821038482315
0 37.5 15.4296875 6.644147051109997 8.858862734813329
0 36.083984375 16.145833333333336 6.796587356970242 9.062116475960323
0 33.837890625 17.252604166666664 7.025674092542321 9.367565456723094
0 40.087890625 14.908854166666666 6.531046923532928 8.708062564710572
0 41.015625 16.731770833333336 6.9188135063199665 9.225084675093289
0 42.3828125 18.684895833333336 7.311492035346033 9.748656047128044
0 41.845703125 21.484375 7.840107775064166 10.453477033418888
0 42.041015625 24.8046875 8.424178309229896 11.23223774563986
0 38.28125 24.674479166666664 8.402038511923953 11.202718015898604
0 33.7890625 28.645833333333332 9.052976668817948 12.07063555842393
0 32.71484375 35.67708333333333 10.103116062772735 13.470821417030313
0 32.32421875 41.92708333333333 10.952367214920875 14.603156286561166
0 44.82421875 30.533854166666668 9.346553241646458 12.462070988861944
0 48.14453125 27.669270833333332 8.897326499702912 11.863101999603883
0 48.33984375 36.19791666666667 10.17659423860661 13.568792318142146
0 50.537109375 48.2421875 11.748276705883885 15.664368941178514
0 66.40625 57.161458333333336 12.788285424656348 17.05104723287513
0 66.845703125 42.12239583333333 10.977847746951262 14.63713032926835
0 77.490234375 53.515625 12.37373958295489 16.498319443939856
0 85.9375 61.5234375 13.267251659719333 17.689668879625778
0 42.138671875 14.388020833333334 6.415953381844678 8.554604509126236
0 44.287109375 14.388020833333334 6.415953381844678 8.554604509126236
0 46.337890625 14.127604166666666 6.3576253222655215 8.476833763020695
0 47.021484375 12.890625 6.072921369058959 8.097228492078614
0 50.146484375 11.848958333333332 5.8223828211483495 7.763177094864466
0 51.513671875 12.3046875 5.933295317145868 7.911060422861158
0 51.66015625 16.40625 6.8511792970714245 9.134905729428567
0 49.462890625 18.294270833333336 7.234661615679748 9.646215487572997
0 47.0703125 22.200520833333336 7.969705113037473 10.626273484049964
0 51.171875 27.9296875 8.939098215256843 11.918797620342456
0 56.73828125 12.5 5.980199567341744 7.973599423122326
0 58.984375 13.0859375 6.118755388111396 8.15834051748186
0 57.666015625 13.736979166666666 6.269115778861736 8.358821038482315
0 55.76171875 13.541666666666666 6.224389054678692 8.299185406238257
0 55.615234375 15.494791666666666 6.658149484030587 8.877532645374115
0 61.572265625 12.955729166666666 6.088237714617921 8.117650286157229
0 65.576171875 12.5 5.980199567341744 7.973599423122326
0 65.4296875 13.346354166666666 6.179338602086361 8.239118136115147
0 65.52734375 15.299479166666666 6.61605328023645 8.821404373648601
0 62.646484375 15.950520833333334 6.755353888299149 9.0071385177322
0 61.376953125 17.1875 7.012405574387241 9.349874099182989
0 57.71484375 18.424479166666664 7.2603620931215325 9.680482790828709
0 59.765625 19.791666666666664 7.524919437217989 10.033225916290652
0 59.47265625 24.479166666666664 8.36871899463018 11.15829199284024
0 61.669921875 29.296875 9.1552734375 12.20703125
0 60.888671875 35.28645833333333 10.047654805392046 13.39687307385606
0 67.626953125 15.755208333333334 6.7138671875 8.951822916666668
0 71.533203125 11.783854166666668 5.806365231457656 7.741820308610207
0 69.287109375 13.802083333333334 6.283953943473511 8.378605257964681
0 71.240234375 16.6015625 6.891839471823862 9.189119295765149
0 69.140625 17.643229166666664 7.104764847914316 9.473019797219088
0 71.728515625 20.638020833333336 7.684129829110212 10.245506438813615
0 68.994140625 20.572916666666664 7.672000176987631 10.229333569316841
0 67.626953125 22.200520833333336 7.969705113037473 10.626273484049964
0 67.3828125 25.1953125 8.490251308132054 11.320335077509403
0 71.044921875 22.8515625 8.085718566584333 10.780958088779109
0 72.216796875 22.8515625 8.085718566584333 10.780958088779109
0 78.466796875 12.955729166666666 6.088237714617921 8.117650286157229
0 78.173828125 14.908854166666666 6.531046923532928 8.708062564710572
0 77.685546875 19.140625 7.400119417103358 9.866825889471144
0 80.2734375 17.1875 7.012405574387241 9.349874099182989
0 75.048828125 17.447916666666664 7.065330140863174 9.420440187817565
0 77.001953125 21.744791666666664 7.887480458569388 10.51664061142585
0 79.638671875 23.828125 8.256682897014576 11.008910529352768
0 75.927734375 26.953125 8.78142979122202 11.708573054962693
0 82.6171875 28.776041666666668 9.073528288158268 12.098037717544358
0 79.248046875 28.580729166666668 9.042683343523592 12.056911124698123
0 74.609375 33.33333333333333 9.765625 13.020833333333334
0 79.98046875 39.58333333333333 10.641843123878598 14.189124165171464
0 85.107421875 36.328125 10.194881035455362 13.593174713940485
0 88.427734375 32.87760416666667 9.698638050580264 12.931517400773687
0 91.357421875 39.58333333333333 10.641843123878598 14.189124165171464
0 99.4140625 42.51302083333333 11.02863220189981 14.704842935866417
0 95.8984375 43.9453125 11.212874188765769 14.950498918354358
0 99.462890625 39.38802083333333 10.615556110184379 14.154074813579173
0 99.462890625 31.575520833333332 9.50464569238125 12.672860923174998
0 92.822265625 29.6875 9.216106488367615 12.288141984490153
0 89.599609375 27.9296875 8.939098215256843 11.918797620342456
0 92.529296875 22.591145833333336 8.039514082226251 10.719352109635
0 88.623046875 23.4375 8.188725503539269 10.918300671385692
0 89.306640625 25.846354166666668 8.59924487524742 11.465659833663226
0 82.080078125 17.643229166666664 7.104764847914316 9.473019797219088
0 83.203125 13.541666666666666 6.224389054678692 8.299185406238257
0 86.9140625 15.690104166666666 6.699981201202437 8.933308268269917
0 86.328125 17.252604166666664 7.025674092542321 9.367565456723094
0 83.59375 19.986979166666664 7.561957820656658 10.08261042754221
0 86.376953125 21.354166666666664 7.816313766397521 10.421751688530028
0 88.525390625 19.075520833333336 7.3875234600282 9.850031280037602
0 93.310546875 17.1875 7.012405574387241 9.349874099182989
0 92.236328125 19.205729166666664 7.412693970636669 9.883591960848893
0 94.775390625 19.856770833333336 7.537285788103314 10.049714384137753
0 95.849609375 18.5546875 7.28597191547444 9.714629220632586
0 82.6171875 21.354166666666664 7.816313766397521 10.421751688530028
0 75.390625 13.932291666666666 6.313525654778199 8.418034206370931
0 97.36328125 19.205729166666664 7.412693970636669 9.883591960848893
0 99.90234375 19.3359375 7.437779301119349 9.917039068159132
0 95.41015625 22.721354166666664 8.062649422377262 10.75019922983635
