0 8.935546875 29.036458333333332 9.114492506755418 12.15265667567389
0 22.16796875 27.278645833333332 8.83429859993294 11.779064799910586
0 21.19140625 20.572916666666664 7.672000176987631 10.229333569316841
0 12.255859375 22.0703125 7.946299173761924 10.595065565015899
0 16.162109375 18.294270833333336 7.234661615679748 9.646215487572997
0 22.36328125 17.7734375 7.130933499479933 9.50791133263991
0 32.32421875 18.75 7.32421875 9.765625
0 9.619140625 16.9921875 6.972448522214271 9.296598029619028
0 2.197265625 18.489583333333336 7.273178276253042 9.697571035004056
0 28.80859375 16.015625 6.7691262856502785 9.025501714200372
0 38.232421875 16.2109375 6.810276368536802 9.080368491382403
0 46.77734375 15.625 6.686066375795484 8.914755167727312
0 58.0078125 19.140625 7.400119417103358 9.866825889471144
0 73.53515625 20.572916666666664 7.672000176987631 10.229333569316841
0 62.59765625 22.8515625 8.085718566584333 10.780958088779109
0 44.3359375 19.661458333333336 7.500125566067204 10.00016742142294
0 41.015625 15.494791666666666 6.658149484030587 8.877532645374115
0 33.7890625 15.755208333333334 6.7138671875 8.951822916666668
0 22.4609375 14.583333333333334 6.459353786778786 8.612471715705048
0 7.958984375 19.401041666666664 7.450290292806215 9.933720390408286
0 77.83203125 20.963541666666664 7.7444931277157725 10.325990836954363
0 98.193359375 22.330729166666664 7.993042513249997 10.657390017666662
0 97.412109375 40.75520833333333 10.79822144345345 14.397628591271266
0 98.095703125 30.729166666666668 9.376398618003673 12.501864824004896
0 90.771484375 28.645833333333332 9.052976668817948 12.07063555842393
0 85.64453125 33.85416666666667 9.841623227903504 13.122164303871338
0 78.369140625 35.80729166666667 10.121535615098267 13.495380820131023
0 81.54296875 29.296875 9.1552734375 12.20703125
0 83.056640625 21.028645833333336 7.756509415978292 10.342012554637723
0 91.89453125 20.572916666666664 7.672000176987631 10.229333569316841
0 86.669921875 21.028645833333336 7.756509415978292 10.342012554637723
