0 93.5546875 93.75 16.377451007078538 21.836601342771385
0 87.40234375 65.234375 13.661516897948847 18.215355863931794
0 98.486328125 54.166666666666664 12.448778109357384 16.598370812476514
0 85.15625 49.86979166666667 11.944815546130936 15.92642072817458
0 73.828125 48.11197916666667 11.732411368860527 15.643215158480702
0 71.435546875 59.1796875 13.012088382158108 17.34945117621081
0 64.111328125 59.635416666666664 13.062093847065857 17.416125129421143
0 53.515625 74.4140625 14.591104843605859 19.454806458141146
0 45.60546875 86.58854166666666 15.739498240023957 20.985997653365278
0 10.986328125 72.91666666666666 14.443554157958047 19.25807221061073
0 38.037109375 63.671875 13.496914299008777 17.995885732011704
0 50.390625 61.067708333333336 13.218022355778636 17.624029807704847
0 53.02734375 49.54427083333333 11.905767335895483 15.874356447860643
0 31.787109375 44.59635416666667 11.295627150464934 15.060836200619912
0 48.583984375 47.65625 11.676712933171991 15.568950577562655
0 23.095703125 48.4375 11.772034620352729 15.696046160470303
0 0.9765625 57.747395833333336 12.853661919343681 17.13821589245824
0 4.00390625 43.48958333333333 11.154581837461587 14.872775783282115
0 11.083984375 38.80208333333333 10.536301575703167 14.048402100937555
0 0.29296875 47.91666666666667 11.708573054962693 15.611430739950258
0 18.1640625 35.61197916666667 10.093893681970965 13.458524909294619
0 37.79296875 43.48958333333333 11.154581837461587 14.872775783282115
0 43.65234375 38.99739583333333 10.562785827561513 14.083714436748682
0 59.912109375 39.77864583333333 10.668065364348472 14.224087152464628
0 32.6171875 33.52864583333333 9.794193442310311 13.05892458974708
0 46.19140625 34.9609375 10.001202153426476 13.334936204568635
0 65.91796875 42.31770833333333 11.00326927326657 14.671025697688759
0 49.658203125 35.61197916666667 10.093893681970965 13.458524909294619
0 63.37890625 34.9609375 10.001202153426476 13.334936204568635
0 79.98046875 37.36979166666667 10.340011197569225 13.786681596758967
0 88.8671875 36.26302083333333 10.185741740892722 13.580988987856962
0 97.16796875 36.06770833333333 10.158274522151634 13.544366029535512
0 99.658203125 41.86197916666667 10.943860520654974 14.591814027539964
0 92.48046875 30.989583333333332 9.416045300623482 12.554727067497975
0 85.986328125 33.65885416666667 9.813192865486773 13.084257153982362
0 74.4140625 33.07291666666667 9.727403229070575 12.9698709720941
0 63.623046875 29.361979166666668 9.16544031840894 12.220587091211922
0 55.6640625 30.013020833333332 9.266495636406846 12.35532751520913
0 50.634765625 27.734375 8.907787792557633 11.877050390076842
0 42.08984375 30.338541666666668 9.316612257369233 12.42214967649231
0 34.521484375 28.255208333333332 8.991039955234518 11.988053273646026
0 21.2890625 30.338541666666668 9.316612257369233 12.42214967649231
0 5.908203125 30.794270833333332 9.386325988299376 12.515101317732501
0 22.8515625 26.953125 8.78142979122202 11.708573054962693
0 10.595703125 28.255208333333332 8.991039955234518 11.988053273646026
0 32.470703125 26.497395833333332 8.706874156303165 11.609165541737553
0 2.9296875 29.4921875 9.185740321833748 12.247653762444997
0 42.48046875 26.627604166666668 8.728240750778255 11.637654334371007
0 1.3671875 25.520833333333332 8.544921875 11.393229166666668
0 40.283203125 26.171875 8.653226854710587 11.537635806280782
0 60.83984375 28.385416666666668 9.011732824849489 12.015643766465985
0 75.87890625 28.7109375 9.063258303782652 12.084344405043536
0 59.033203125 27.083333333333332 8.802615418613255 11.736820558151006
0 82.958984375 28.7109375 9.063258303782652 12.084344405043536
0 57.373046875 24.869791666666664 8.435226416678011 11.246968555570682
0 89.453125 29.361979166666668 9.16544031840894 12.220587091211922
0 71.533203125 23.2421875 8.154534433525017 10.872712578033356
0 66.259765625 24.869791666666664 8.435226416678011 11.246968555570682
0 59.423828125 20.377604166666664 7.635495607419925 10.180660809893233
0 47.8515625 22.330729166666664 7.993042513249997 10.657390017666662
0 41.9921875 22.4609375 8.016311973000304 10.688415964000404
0 79.4921875 24.739583333333336 8.413115693414442 11.217487591219255
0 90.673828125 25.651041666666668 8.566692411876344 11.422256549168457
0 97.412109375 28.255208333333332 8.991039955234518 11.988053273646026
0 98.583984375 32.421875 9.631185203893738 12.84158027185832
0 98.73046875 24.869791666666664 8.435226416678011 11.246968555570682
0 100.048828125 26.497395833333332 8.706874156303165 11.609165541737553
0 97.412109375 22.135416666666664 7.958010748538389 10.610680998051187
0 96.2890625 23.893229166666664 8.267954824306681 11.023939765742242
0 92.48046875 25.1953125 8.490251308132054 11.320335077509403
0 92.578125 22.65625 8.051090062422436 10.734786749896582
0 95.21484375 21.354166666666664 7.816313766397521 10.421751688530028
0 95.947265625 18.9453125 7.3622668956389274 9.816355860851903
0 97.8515625 19.596354166666664 7.487697843252746 9.983597124336994
0 94.287109375 17.1875 7.012405574387241 9.349874099182989
0 92.236328125 20.052083333333336 7.574263699945591 10.099018266594122
0 90.4296875 17.838541666666664 7.143981879101334 9.525309172135112
0 88.720703125 18.294270833333336 7.234661615679748 9.646215487572997
0 88.37890625 16.080729166666664 6.782870718656271 9.043827624875028
0 86.328125 16.861979166666664 6.945682786096826 9.260910381462436
0 86.572265625 21.354166666666664 7.816313766397521 10.421751688530028
0 84.27734375 21.484375 7.840107775064166 10.453477033418888
0 82.470703125 18.75 7.32421875 9.765625
0 82.12890625 16.2109375 6.810276368536802 9.080368491382403
0 84.423828125 16.2109375 6.810276368536802 9.080368491382403
0 81.0546875 21.6796875 7.875664001809045 10.500885335745393
0 77.5390625 22.786458333333336 8.074192233473482 10.765589644631309
0 77.783203125 20.247395833333336 7.611061958825638 10.148082611767517
0 79.4921875 17.513020833333336 7.0784994535786145 9.437999271438152
0 77.34375 16.536458333333336 6.878312786611722 9.171083715482297
0 77.197265625 15.104166666666666 6.573687508709111 8.764916678278816
0 74.8046875 14.127604166666666 6.3576253222655215 8.476833763020695
0 72.998046875 14.453125 6.430452730012657 8.57393697335021
0 73.73046875 17.838541666666664 7.143981879101334 9.525309172135112
0 70.947265625 19.270833333333336 7.425247229367944 9.900329639157258
0 68.1640625 14.453125 6.430452730012657 8.57393697335021
0 69.873046875 14.453125 6.430452730012657 8.57393697335021
0 62.158203125 15.559895833333334 6.672122530845778 8.896163374461038
0 58.203125 13.997395833333334 6.328259690346595 8.437679587128793
0 64.599609375 21.028645833333336 7.756509415978292 10.342012554637723
0 61.474609375 19.596354166666664 7.487697843252746 9.983597124336994
0 56.298828125 16.666666666666664 6.905339660024879 9.207119546699838
0 54.736328125 14.583333333333334 6.459353786778786 8.612471715705048
0 36.328125 19.596354166666664 7.487697843252746 9.983597124336994
0 52.197265625 14.778645833333334 6.502464524127966 8.669952698837287
0 40.52734375 19.921875 7.549631882844837 10.066175843793117
0 50.9765625 20.052083333333336 7.574263699945591 10.099018266594122
0 28.90625 24.088541666666664 8.301678777304348 11.068905036405797
0 53.02734375 17.317708333333336 7.038917599286375 9.385223465715166
0 31.298828125 20.833333333333336 7.720404443770458 10.293872591693944
0 50.9765625 13.020833333333334 6.103515625 8.138020833333332
0 45.1171875 14.778645833333334 6.502464524127966 8.669952698837287
0 36.328125 17.513020833333336 7.0784994535786145 9.437999271438152
0 48.486328125 20.052083333333336 7.574263699945591 10.099018266594122
0 39.697265625 17.1875 7.012405574387241 9.349874099182989
0 47.265625 14.322916666666666 6.401421192444773 8.53522825659303
0 35.25390625 14.583333333333334 6.459353786778786 8.612471715705048
0 48.095703125 14.127604166666666 6.3576253222655215 8.476833763020695
0 26.85546875 19.921875 7.549631882844837 10.066175843793117
0 49.072265625 17.643229166666664 7.104764847914316 9.473019797219088
0 42.96875 15.104166666666666 6.573687508709111 8.764916678278816
0 40.771484375 15.4296875 6.644147051109997 8.858862734813329
0 40.52734375 14.127604166666666 6.3576253222655215 8.476833763020695
0 38.4765625 14.453125 6.430452730012657 8.57393697335021
0 35.25390625 14.453125 6.430452730012657 8.57393697335021
0 33.203125 14.583333333333334 6.459353786778786 8.612471715705048
0 33.7890625 13.346354166666666 6.179338602086361 8.239118136115147
0 32.373046875 13.020833333333334 6.103515625 8.138020833333332
0 31.0546875 15.234375 6.60196156395994 8.802615418613254
0 29.98046875 14.127604166666666 6.3576253222655215 8.476833763020695
0 29.248046875 16.2109375 6.810276368536802 9.080368491382403
0 29.4921875 14.778645833333334 6.502464524127966 8.669952698837287
0 29.345703125 18.489583333333336 7.273178276253042 9.697571035004056
0 25.78125 15.755208333333334 6.7138671875 8.951822916666668
0 25.634765625 13.997395833333334 6.328259690346595 8.437679587128793
0 24.4140625 13.346354166666666 6.179338602086361 8.239118136115147
0 23.974609375 15.885416666666666 6.741553355216833 8.988737806955777
0 22.412109375 14.583333333333334 6.459353786778786 8.612471715705048
0 23.095703125 19.596354166666664 7.487697843252746 9.983597124336994
0 5.6640625 25.325520833333332 8.512161670520847 11.349548894027794
0 20.60546875 21.158854166666664 7.780486318348366 10.373981757797822
0 13.37890625 23.111979166666664 8.131660519088275 10.842214025451032
0 21.19140625 18.489583333333336 7.273178276253042 9.697571035004056
0 11.328125 21.354166666666664 7.816313766397521 10.421751688530028
0 20.1171875 17.1875 7.012405574387241 9.349874099182989
0 4.833984375 22.330729166666664 7.993042513249997 10.657390017666662
0 18.06640625 21.809895833333336 7.8992792392241125 10.532372318965482
0 14.84375 17.96875 7.170007400189656 9.56000986691954
0 15.283203125 15.885416666666666 6.741553355216833 8.988737806955777
0 14.453125 15.104166666666666 6.573687508709111 8.764916678278816
0 8.935546875 19.7265625 7.512532730158185 10.01671030687758
0 9.66796875 17.1875 7.012405574387241 9.349874099182989
0 10.986328125 16.9921875 6.972448522214271 9.296598029619028
0 8.349609375 17.838541666666664 7.143981879101334 9.525309172135112
0 7.6171875 22.005208333333336 7.9345703125 10.579427083333332
0 7.861328125 19.921875 7.549631882844837 10.066175843793117
0 6.54296875 17.317708333333336 7.038917599286375 9.385223465715166
0 4.833984375 17.643229166666664 7.104764847914316 9.473019797219088
0 4.833984375 16.861979166666664 6.945682786096826 9.260910381462436
0 2.685546875 19.401041666666664 7.450290292806215 9.933720390408286
0 2.34375 17.513020833333336 7.0784994535786145 9.437999271438152
0 0.78125 19.401041666666664 7.450290292806215 9.933720390408286
