0 55.810546875 23.046875 8.120199399200482 10.82693253226731
0 79.052734375 17.057291666666664 6.985792933508055 9.31439057801074
0 32.6171875 15.8203125 6.72772451325946 8.970299351012613
0 9.130859375 18.9453125 7.3622668956389274 9.816355860851903
0 90.673828125 18.294270833333336 7.234661615679748 9.646215487572997
0 67.431640625 15.494791666666666 6.658149484030587 8.877532645374115
0 80.712890625 16.145833333333336 6.796587356970242 9.062116475960323
0 46.09375 15.494791666666666 6.658149484030587 8.877532645374115
0 4.638671875 18.619791666666664 7.298743129334349 9.731657505779133
0 85.693359375 18.033854166666664 7.182984799767957 9.577313066357275
0 20.99609375 20.247395833333336 7.611061958825638 10.148082611767517
0 6.298828125 19.596354166666664 7.487697843252746 9.983597124336994
0 41.357421875 16.145833333333336 6.796587356970242 9.062116475960323
0 63.427734375 15.494791666666666 6.658149484030587 8.877532645374115
0 69.091796875 15.8203125 6.72772451325946 8.970299351012613
0 73.14453125 15.494791666666666 6.658149484030587 8.877532645374115
0 76.220703125 16.731770833333336 6.9188135063199665 9.225084675093289
0 57.275390625 14.518229166666666 6.444919458600731 8.593225944800976
