0 2.24609375 16.796875 6.932261164306974 9.243014885742634
0 16.69921875 21.09375 7.768507117527988 10.358009490037318
0 33.88671875 33.07291666666667 9.727403229070575 12.9698709720941
0 36.376953125 16.471354166666664 6.864759447755123 9.15301259700683
0 23.046875 17.96875 7.170007400189656 9.56000986691954
0 6.201171875 30.078125 9.276540621075844 12.368720828101127
0 63.330078125 41.08072916666667 10.841259563190683 14.45501275092091
0 40.234375 26.7578125 8.749555167743805 11.66607355699174
0 54.1015625 27.9296875 8.939098215256843 11.918797620342456
0 28.173828125 20.1171875 7.586549618320344 10.115399491093791
0 7.568359375 19.791666666666664 7.524919437217989 10.033225916290652
0 92.138671875 44.20572916666667 11.24604844524431 14.994731260325747
0 81.15234375 30.598958333333332 9.35651227829339 12.475349704391189
0 93.75 19.270833333333336 7.425247229367944 9.900329639157258
0 46.484375 21.09375 7.768507117527988 10.358009490037318
0 11.71875 17.7734375 7.130933499479933 9.50791133263991
0 49.462890625 16.276041666666664 6.823937919616058 9.09858389282141
0 70.947265625 15.8203125 6.72772451325946 8.970299351012613
0 47.119140625 18.294270833333336 7.234661615679748 9.646215487572997
0 33.3984375 17.643229166666664 7.104764847914316 9.473019797219088
0 24.0234375 14.778645833333334 6.502464524127966 8.669952698837287
0 60.9375 14.778645833333334 6.502464524127966 8.669952698837287
0 58.837890625 17.7734375 7.130933499479933 9.50791133263991
0 89.501953125 27.604166666666668 8.886852892188134 11.849137189584178
0 79.78515625 16.471354166666664 6.864759447755123 9.15301259700683
0 77.783203125 15.4296875 6.644147051109997 8.858862734813329
0 75.29296875 70.63802083333334 14.216082396059711 18.954776528079616
0 98.73046875 31.25 9.4555257475767 12.607367663435602
0 32.03125 16.276041666666664 6.823937919616058 9.09858389282141
0 78.90625 25.130208333333332 8.479274895904423 11.305699861205897
