0 76.025390625 62.955729166666664 13.420796769589858 17.89439569278648
0 56.0546875 54.947916666666664 12.538231557723472 16.71764207696463
0 49.8046875 43.359375 11.137870844051916 14.850494458735888
0 15.33203125 63.0859375 13.434668397860802 17.912891197147736
0 23.2421875 46.61458333333333 11.548393511001283 15.397858014668378
0 21.875 34.70052083333333 9.963884104806219 13.28517880640829
0 7.373046875 30.208333333333332 9.296598029619028 12.395464039492039
0 6.005859375 24.609375 8.39094670707246 11.187928942763282
0 29.541015625 25.651041666666668 8.566692411876344 11.422256549168457
0 40.869140625 22.65625 8.051090062422436 10.734786749896582
0 72.4609375 35.61197916666667 10.093893681970965 13.458524909294619
0 96.435546875 24.153645833333336 8.312889692307273 11.083852923076364
0 92.333984375 23.2421875 8.154534433525017 10.872712578033356
0 58.837890625 21.614583333333336 7.863829789260941 10.485106385681254
0 59.228515625 15.104166666666666 6.573687508709111 8.764916678278816
0 18.359375 21.2890625 7.804389558437758 10.405852744583676
0 45.166015625 14.713541666666666 6.488126106405426 8.650834808540568
0 60.888671875 16.927083333333336 6.959078522333606 9.278771363111476
0 69.384765625 15.299479166666666 6.61605328023645 8.821404373648601
0 88.8671875 17.252604166666664 7.025674092542321 9.367565456723094
0 81.494140625 19.205729166666664 7.412693970636669 9.883591960848893
0 76.708984375 20.703125 7.6962403643301345 10.261653819106845
0 15.52734375 17.252604166666664 7.025674092542321 9.367565456723094
0 42.919921875 15.169270833333334 6.587839704871492 8.783786273161988
0 73.14453125 16.471354166666664 6.864759447755123 9.15301259700683
0 88.18359375 83.0078125 15.4106215490144 20.547495398685868
0 50.48828125 53.776041666666664 12.403809468323715 16.53841262443162
0 59.228515625 49.93489583333333 11.952609880106287 15.936813173475048
0 66.89453125 52.278645833333336 12.229898016060718 16.306530688080954
0 90.087890625 54.036458333333336 12.433806632973244 16.578408843964322
0 93.603515625 62.369791666666664 13.358196184228083 17.810928245637445
0 63.18359375 41.9921875 10.960867307170393 14.614489742893857
0 75.830078125 34.30989583333333 9.907643481901811 13.210191309202415
0 67.431640625 30.859375 9.396242870080965 12.52832382677462
0 75.732421875 45.18229166666667 11.36958984997385 15.159453133298467
0 57.861328125 33.72395833333333 9.82267879603948 13.096905061385971
0 73.53515625 41.2109375 10.85842704752026 14.477902730027015
0 61.669921875 37.63020833333333 10.3759765625 13.834635416666666
0 79.443359375 43.48958333333333 11.154581837461587 14.872775783282115
0 89.501953125 33.65885416666667 9.813192865486773 13.084257153982362
0 79.1015625 31.575520833333332 9.50464569238125 12.672860923174998
0 93.798828125 29.427083333333332 9.175595934065496 12.234127912087327
0 97.802734375 31.8359375 9.543759625922785 12.725012834563712
0 99.462890625 38.34635416666667 10.474244568927316 13.965659425236424
0 53.90625 35.48177083333333 10.075423595714831 13.433898127619774
0 97.216796875 28.125 8.970299351012615 11.960399134683486
0 50.5859375 36.71875 10.24954566879069 13.66606089172092
0 13.720703125 27.9296875 8.939098215256843 11.918797620342456
0 50.146484375 30.859375 9.396242870080965 12.52832382677462
0 54.6875 24.348958333333336 8.346432086900233 11.128576115866979
0 12.353515625 26.171875 8.653226854710587 11.537635806280782
0 0.927734375 20.833333333333336 7.720404443770458 10.293872591693944
0 25.048828125 19.53125 7.475249459177179 9.966999278902906
0 61.9140625 24.8046875 8.424178309229896 11.23223774563986
0 69.482421875 23.893229166666664 8.267954824306681 11.023939765742242
0 63.525390625 23.307291666666664 8.165947363439729 10.88792981791964
0 72.0703125 26.5625 8.717563999686098 11.62341866624813
0 65.283203125 21.744791666666664 7.887480458569388 10.51664061142585
0 74.90234375 28.515625 9.03237828793258 12.043171050576774
0 83.3984375 24.609375 8.39094670707246 11.187928942763282
0 75.732421875 23.567708333333336 8.211440458419013 10.948587277892017
0 4.541015625 21.744791666666664 7.887480458569388 10.51664061142585
0 16.357421875 19.921875 7.549631882844837 10.066175843793117
0 6.396484375 19.791666666666664 7.524919437217989 10.033225916290652
0 28.90625 19.661458333333336 7.500125566067204 10.00016742142294
0 39.2578125 17.057291666666664 6.985792933508055 9.31439057801074
0 33.544921875 20.442708333333336 7.647683158045451 10.196910877393934
0 9.228515625 18.294270833333336 7.234661615679748 9.646215487572997
0 20.263671875 18.1640625 7.208869513560617 9.611826018080823
0 44.921875 19.3359375 7.437779301119349 9.917039068159132
0 53.564453125 19.075520833333336 7.3875234600282 9.850031280037602
0 2.099609375 19.075520833333336 7.3875234600282 9.850031280037602
0 11.71875 19.661458333333336 7.500125566067204 10.00016742142294
0 5.126953125 18.033854166666664 7.182984799767957 9.577313066357275
0 12.6953125 16.145833333333336 6.796587356970242 9.062116475960323
0 6.34765625 17.252604166666664 7.025674092542321 9.367565456723094
0 11.1328125 16.927083333333336 6.959078522333606 9.278771363111476
0 18.505859375 15.559895833333334 6.672122530845778 8.896163374461038
0 7.080078125 18.033854166666664 7.182984799767957 9.577313066357275
0 23.4375 17.252604166666664 7.025674092542321 9.367565456723094
0 30.46875 18.619791666666664 7.298743129334349 9.731657505779133
0 41.748046875 18.424479166666664 7.2603620931215325 9.680482790828709
0 27.197265625 18.294270833333336 7.234661615679748 9.646215487572997
0 46.77734375 17.578125 7.091644310682526 9.455525747576702
0 32.6171875 17.3828125 7.052136235529384 9.40284831403918
0 79.541015625 23.697916666666664 8.234092750996119 10.978790334661493
0 28.857421875 16.2109375 6.810276368536802 9.080368491382403
0 35.888671875 19.205729166666664 7.412693970636669 9.883591960848893
0 56.73828125 15.625 6.686066375795484 8.914755167727312
0 79.541015625 20.377604166666664 7.635495607419925 10.180660809893233
0 53.759765625 15.755208333333334 6.7138671875 8.951822916666668
0 46.2890625 14.973958333333334 6.545291317604741 8.727055090139656
0 53.22265625 13.151041666666666 6.133957288281793 8.178609717709058
0 74.462890625 17.513020833333336 7.0784994535786145 9.437999271438152
0 85.205078125 20.572916666666664 7.672000176987631 10.229333569316841
0 76.171875 17.708333333333336 7.117861199762329 9.490481599683106
0 83.30078125 18.1640625 7.208869513560617 9.611826018080823
0 94.62890625 20.572916666666664 7.672000176987631 10.229333569316841
0 86.9140625 20.8984375 7.732458166088822 10.309944221451763
0 78.173828125 16.666666666666664 6.905339660024879 9.207119546699838
0 84.5703125 18.294270833333336 7.234661615679748 9.646215487572997
0 74.267578125 19.3359375 7.437779301119349 9.917039068159132
0 72.216796875 20.247395833333336 7.611061958825638 10.148082611767517
0 99.0234375 26.171875 8.653226854710587 11.537635806280782
0 89.208984375 21.614583333333336 7.863829789260941 10.485106385681254
0 90.673828125 20.377604166666664 7.635495607419925 10.180660809893233
