0 66.162109375 28.450520833333332 9.02206146184966 12.029415282466214
0 61.767578125 21.484375 7.840107775064166 10.453477033418888
0 45.458984375 19.3359375 7.437779301119349 9.917039068159132
0 36.865234375 19.596354166666664 7.487697843252746 9.983597124336994
0 39.697265625 14.127604166666666 6.3576253222655215 8.476833763020695
0 46.09375 14.127604166666666 6.3576253222655215 8.476833763020695
0 58.056640625 13.671875 6.254242410864013 8.338989881152017
0 64.94140625 13.8671875 6.298757153488249 8.398342871317666
0 73.974609375 17.3828125 7.052136235529384 9.40284831403918
0 66.40625 15.885416666666666 6.741553355216833 8.988737806955777
0 77.978515625 20.963541666666664 7.7444931277157725 10.325990836954363
0 72.216796875 13.8671875 6.298757153488249 8.398342871317666
0 76.123046875 24.609375 8.39094670707246 11.187928942763282
0 81.25 18.359375 7.247523246483103 9.663364328644137
0 74.51171875 15.494791666666666 6.658149484030587 8.877532645374115
0 91.40625 18.359375 7.247523246483103 9.663364328644137
0 85.25390625 19.3359375 7.437779301119349 9.917039068159132
0 77.587890625 16.6015625 6.891839471823862 9.189119295765149
0 98.779296875 20.5078125 7.659851317145468 10.21313508952729
0 89.990234375 18.489583333333336 7.273178276253042 9.697571035004056
0 82.568359375 16.861979166666664 6.945682786096826 9.260910381462436
0 61.767578125 15.0390625 6.559504779115197 8.746006372153596
0 55.810546875 14.778645833333334 6.502464524127966 8.669952698837287
0 44.53125 15.234375 6.60196156395994 8.802615418613254
0 23.53515625 16.145833333333336 6.796587356970242 9.062116475960323
0 42.67578125 16.40625 6.8511792970714245 9.134905729428567
0 33.88671875 17.252604166666664 7.025674092542321 9.367565456723094
0 4.443359375 18.359375 7.247523246483103 9.663364328644137
0 10.400390625 18.098958333333336 7.195938795502683 9.594585060670244
