0 92.7734375 93.81510416666666 16.383136635094665 21.844182180126218
0 99.462890625 73.95833333333334 14.546356552506085 19.395142070008113
0 83.7890625 63.736979166666664 13.503812798973136 18.00508373196418
0 97.705078125 52.669270833333336 12.275503760448466 16.36733834726462
0 79.443359375 53.450520833333336 12.366210686862065 16.488280915816087
0 99.365234375 41.47135416666667 10.892680845687712 14.523574460916949
0 82.080078125 38.8671875 10.545137050275265 14.060182733700355
0 99.658203125 30.143229166666668 9.286574740419274 12.382099653892366
0 86.23046875 36.58854166666667 10.231356576074347 13.641808768099132
0 98.974609375 28.059895833333332 8.959911044862793 11.946548059817056
0 86.9140625 32.29166666666667 9.611826018080825 12.815768024107768
0 91.943359375 30.533854166666668 9.346553241646458 12.462070988861944
0 84.1796875 19.3359375 7.437779301119349 9.917039068159132
0 88.818359375 28.580729166666668 9.042683343523592 12.056911124698123
0 98.876953125 19.921875 7.549631882844837 10.066175843793117
0 88.818359375 26.236979166666668 8.66398288975732 11.551977186343091
0 95.80078125 22.786458333333336 8.074192233473482 10.765589644631309
0 89.404296875 24.348958333333336 8.346432086900233 11.128576115866979
0 95.3125 20.182291666666664 7.598815672600545 10.13175423013406
0 82.080078125 22.265625 7.981382342908947 10.641843123878598
0 75.87890625 28.059895833333332 8.959911044862793 11.946548059817056
0 80.224609375 24.348958333333336 8.346432086900233 11.128576115866979
0 90.478515625 20.703125 7.6962403643301345 10.261653819106845
0 80.712890625 18.033854166666664 7.182984799767957 9.577313066357275
0 92.431640625 22.65625 8.051090062422436 10.734786749896582
0 76.85546875 20.833333333333336 7.720404443770458 10.293872591693944
0 92.87109375 20.442708333333336 7.647683158045451 10.196910877393934
0 78.02734375 16.2109375 6.810276368536802 9.080368491382403
0 92.67578125 18.1640625 7.208869513560617 9.611826018080823
0 86.03515625 18.033854166666664 7.182984799767957 9.577313066357275
0 79.345703125 15.299479166666666 6.61605328023645 8.821404373648601
0 82.177734375 16.861979166666664 6.945682786096826 9.260910381462436
0 68.9453125 14.388020833333334 6.415953381844678 8.554604509126236
0 86.328125 21.09375 7.768507117527988 10.358009490037318
0 71.728515625 22.526041666666664 8.027921409891299 10.703895213188398
0 67.28515625 24.088541666666664 8.301678777304348 11.068905036405797
0 72.900390625 32.29166666666667 9.611826018080825 12.815768024107768
0 63.037109375 41.34114583333333 10.87556743237638 14.500756576501841
0 67.08984375 55.143229166666664 12.560495377964282 16.74732717061904
0 52.490234375 48.17708333333333 11.740346717328702 15.653795623104935
0 33.154296875 63.736979166666664 13.503812798973136 18.00508373196418
0 44.384765625 86.328125 15.715811999003579 20.95441599867144
0 0.29296875 59.114583333333336 13.004929048255931 17.339905397674574
0 19.921875 47.39583333333333 11.644765642296699 15.526354189728933
0 37.79296875 44.07552083333333 11.229473567489073 14.972631423318763
0 49.51171875 34.89583333333333 9.991885707852113 13.322514277136149
0 61.572265625 34.24479166666667 9.898238977189243 13.197651969585658
0 58.984375 25.0 8.457279333832409 11.276372445109878
0 60.302734375 31.184895833333332 9.445671106287941 12.594228141717254
0 59.375 21.354166666666664 7.816313766397521 10.421751688530028
0 49.31640625 28.580729166666668 9.042683343523592 12.056911124698123
0 59.1796875 18.5546875 7.28597191547444 9.714629220632586
0 45.80078125 30.2734375 9.306610523667546 12.408814031556727
0 61.181640625 17.513020833333336 7.0784994535786145 9.437999271438152
0 47.265625 22.65625 8.051090062422436 10.734786749896582
0 62.646484375 15.559895833333334 6.672122530845778 8.896163374461038
0 50.09765625 19.791666666666664 7.524919437217989 10.033225916290652
0 63.623046875 12.5 5.980199567341744 7.973599423122326
0 52.197265625 16.080729166666664 6.782870718656271 9.043827624875028
0 65.52734375 15.169270833333334 6.587839704871492 8.783786273161988
0 59.08203125 13.4765625 6.209408553886659 8.279211405182211
0 48.92578125 17.643229166666664 7.104764847914316 9.473019797219088
0 55.859375 15.950520833333334 6.755353888299149 9.0071385177322
0 47.65625 12.369791666666668 5.948971157720314 7.931961543627086
0 56.640625 12.890625 6.072921369058959 8.097228492078614
0 43.798828125 14.778645833333334 6.502464524127966 8.669952698837287
0 55.078125 13.997395833333334 6.328259690346595 8.437679587128793
0 41.845703125 13.8671875 6.298757153488249 8.398342871317666
0 41.455078125 21.09375 7.768507117527988 10.358009490037318
0 32.177734375 33.07291666666667 9.727403229070575 12.9698709720941
0 40.4296875 25.130208333333332 8.479274895904423 11.305699861205897
0 32.861328125 27.9296875 8.939098215256843 11.918797620342456
0 41.162109375 18.815104166666664 7.336923388776433 9.782564518368577
0 35.888671875 19.205729166666664 7.412693970636669 9.883591960848893
0 30.95703125 21.484375 7.840107775064166 10.453477033418888
0 26.708984375 23.046875 8.120199399200482 10.82693253226731
0 20.8984375 26.3671875 8.685454999241765 11.580606665655687
0 17.67578125 32.8125 9.689030680168178 12.918707573557572
0 11.9140625 34.375 9.91703906815913 13.222718757545508
0 5.712890625 30.6640625 9.366460725843998 12.48861430112533
0 4.931640625 23.567708333333336 8.211440458419013 10.948587277892017
0 10.83984375 21.614583333333336 7.863829789260941 10.485106385681254
0 18.9453125 20.572916666666664 7.672000176987631 10.229333569316841
0 24.853515625 18.684895833333336 7.311492035346033 9.748656047128044
0 40.72265625 16.080729166666664 6.782870718656271 9.043827624875028
0 30.2734375 17.122395833333336 6.9991119025755095 9.332149203434014
0 20.21484375 17.122395833333336 6.9991119025755095 9.332149203434014
0 13.134765625 16.731770833333336 6.9188135063199665 9.225084675093289
0 7.470703125 20.572916666666664 7.672000176987631 10.229333569316841
0 16.259765625 18.033854166666664 7.182984799767957 9.577313066357275
0 26.708984375 17.7734375 7.130933499479933 9.50791133263991
0 16.455078125 20.182291666666664 7.598815672600545 10.13175423013406
0 5.615234375 16.731770833333336 6.9188135063199665 9.225084675093289
0 24.365234375 15.559895833333334 6.672122530845778 8.896163374461038
0 1.46484375 19.075520833333336 7.3875234600282 9.850031280037602
0 18.5546875 15.4296875 6.644147051109997 8.858862734813329
0 11.42578125 18.5546875 7.28597191547444 9.714629220632586
0 26.220703125 16.080729166666664 6.782870718656271 9.043827624875028
0 36.62109375 16.731770833333336 6.9188135063199665 9.225084675093289
0 28.90625 15.0390625 6.559504779115197 8.746006372153596
0 70.556640625 17.513020833333336 7.0784994535786145 9.437999271438152
0 32.275390625 15.8203125 6.72772451325946 8.970299351012613
0 67.28515625 16.080729166666664 6.782870718656271 9.043827624875028
0 45.99609375 14.908854166666666 6.531046923532928 8.708062564710572
