0 26.26953125 58.072916666666664 12.889838917201462 17.18645188960195
0 40.625 87.17447916666666 15.792662393720228 21.05688319162697
0 43.994140625 58.072916666666664 12.889838917201462 17.18645188960195
0 18.408203125 64.71354166666666 13.60687061133298 18.142494148443973
0 5.712890625 76.04166666666666 14.74981197948556 19.666415972647414
0 8.056640625 45.8984375 11.459340426952263 15.279120569269683
0 21.435546875 40.4296875 10.755011100284483 14.340014800379311
0 43.994140625 47.39583333333333 11.644765642296699 15.526354189728933
0 35.15625 40.10416666666667 10.711626449453275 14.282168599271033
0 24.169921875 48.2421875 11.748276705883885 15.664368941178514
0 60.986328125 54.752604166666664 12.515928133795093 16.687904178393456
0 70.21484375 41.6015625 10.909767414379564 14.546356552506085
0 74.951171875 49.73958333333333 11.929211600153849 15.905615466871797
0 82.8125 58.072916666666664 12.889838917201462 17.18645188960195
0 94.82421875 55.598958333333336 12.612291454938857 16.816388606585143
0 94.82421875 39.12760416666667 10.580405165624827 14.107206887499771
0 59.716796875 44.59635416666667 11.295627150464934 15.060836200619912
0 73.583984375 35.41666666666667 10.066175843793117 13.421567791724156
0 83.544921875 36.78385416666667 10.258628121320564 13.678170828427419
0 44.384765625 32.6171875 9.660151239834237 12.880201653112316
0 59.130859375 33.59375 9.803697756475225 13.071597008633635
0 39.013671875 35.41666666666667 10.066175843793117 13.421567791724156
0 16.455078125 31.25 9.4555257475767 12.607367663435602
0 0.439453125 58.072916666666664 12.889838917201462 17.18645188960195
0 6.689453125 30.924479166666668 9.406149296522488 12.541532395363317
0 49.51171875 29.622395833333332 9.205995562132786 12.274660749510382
0 76.806640625 30.598958333333332 9.35651227829339 12.475349704391189
0 89.208984375 32.74739583333333 9.679413773897526 12.905885031863368
0 98.779296875 36.45833333333333 10.21313508952729 13.617513452703053
0 43.017578125 97.52604166666666 16.704018778569345 22.272025038092462
0 65.33203125 29.947916666666668 9.25643975103949 12.341919668052654
