0 6.201171875 25.130208333333332 8.479274895904423 11.305699861205897
0 96.875 25.130208333333332 8.479274895904423 11.305699861205897
0 5.908203125 34.9609375 10.001202153426476 13.334936204568635
0 85.595703125 21.028645833333336 7.756509415978292 10.342012554637723
0 15.8203125 22.135416666666664 7.958010748538389 10.610680998051187
0 66.11328125 24.739583333333336 8.413115693414442 11.217487591219255
0 32.763671875 31.901041666666668 9.55351308746248 12.738017449949975
0 71.728515625 15.755208333333334 6.7138671875 8.951822916666668
0 62.158203125 36.45833333333333 10.21313508952729 13.617513452703053
0 73.73046875 20.638020833333336 7.684129829110212 10.245506438813615
0 59.619140625 42.12239583333333 10.977847746951262 14.63713032926835
0 94.62890625 31.901041666666668 9.55351308746248 12.738017449949975
0 25.68359375 18.359375 7.247523246483103 9.663364328644137
0 51.123046875 12.6953125 6.026738787271576 8.0356517163621
0 84.1796875 82.74739583333334 15.386429035590249 20.515238714120333
0 44.3359375 21.354166666666664 7.816313766397521 10.421751688530028
0 81.93359375 47.72135416666667 11.684686107834867 15.579581477113155
0 41.50390625 24.739583333333336 8.413115693414442 11.217487591219255
0 80.810546875 29.6875 9.216106488367615 12.288141984490153
0 43.212890625 32.68229166666667 9.669787303317175 12.893049737756234
0 33.349609375 18.359375 7.247523246483103 9.663364328644137
0 45.751953125 42.83854166666667 11.070774625986973 14.761032834649296
0 21.19140625 34.1796875 9.888825528576445 13.185100704768596
0 56.201171875 22.526041666666664 8.027921409891299 10.703895213188398
0 12.6953125 42.83854166666667 11.070774625986973 14.761032834649296
0 73.4375 30.403645833333332 9.326603265341873 12.43547102045583
