0 64.306640625 60.677083333333336 13.175679409742983 17.567572546323976
0 48.6328125 83.65885416666666 15.470937323775116 20.627916431700154
0 22.900390625 63.606770833333336 13.49001227130148 17.986683028401973
0 18.5546875 67.83854166666666 13.931533460099278 18.575377946799033
0 6.103515625 63.932291666666664 13.52448718637716 18.032649581836214
0 15.33203125 63.0859375 13.434668397860802 17.912891197147736
0 29.833984375 37.890625 10.411817693623036 13.88242359149738
0 35.888671875 38.73697916666667 10.527458685705774 14.036611580941033
0 32.8125 38.93229166666667 10.553965128046011 14.07195350406135
0 61.71875 35.67708333333333 10.103116062772735 13.470821417030313
0 67.138671875 40.625 10.780958088779109 14.374610785038813
0 62.01171875 43.68489583333333 11.179601491707887 14.906135322277184
0 75.244140625 47.33072916666667 11.63676511531837 15.515686820424493
0 86.1328125 41.9921875 10.960867307170393 14.614489742893857
0 87.060546875 52.473958333333336 12.25272210686324 16.336962809150986
0 93.84765625 56.0546875 12.663875684354508 16.885167579139345
0 92.431640625 44.07552083333333 11.229473567489073 14.972631423318763
0 89.892578125 34.24479166666667 9.898238977189243 13.197651969585658
0 78.955078125 30.989583333333332 9.416045300623482 12.554727067497975
0 89.6484375 39.0625 10.57159916729051 14.095465556387346
0 43.603515625 35.48177083333333 10.075423595714831 13.433898127619774
0 76.26953125 28.776041666666668 9.073528288158268 12.098037717544358
0 96.435546875 38.73697916666667 10.527458685705774 14.036611580941033
0 96.6796875 49.54427083333333 11.905767335895483 15.874356447860643
0 96.044921875 66.14583333333334 13.756625573223443 18.342167430964594
0 41.30859375 72.98177083333334 14.450000734560199 19.26666764608026
0 37.841796875 62.044270833333336 13.323290986903732 17.76438798253831
0 90.13671875 57.2265625 12.795565974875872 17.06075463316783
0 40.91796875 39.58333333333333 10.641843123878598 14.189124165171464
0 20.21484375 37.890625 10.411817693623036 13.88242359149738
0 11.71875 34.44010416666667 9.926425761285763 13.235234348381017
0 3.90625 29.4921875 9.185740321833748 12.247653762444997
0 2.490234375 47.65625 11.676712933171991 15.568950577562655
0 79.19921875 49.86979166666667 11.944815546130936 15.92642072817458
0 57.2265625 42.31770833333333 11.00326927326657 14.671025697688759
0 60.05859375 53.3203125 12.351139126494179 16.468185501992238
0 56.982421875 31.901041666666668 9.55351308746248 12.738017449949975
0 71.240234375 32.74739583333333 9.679413773897526 12.905885031863368
0 74.853515625 38.73697916666667 10.527458685705774 14.036611580941033
0 87.451171875 30.6640625 9.366460725843998 12.48861430112533
0 45.41015625 31.380208333333332 9.475204282385269 12.633605709847027
0 8.251953125 53.3203125 12.351139126494179 16.468185501992238
0 40.283203125 30.338541666666668 9.316612257369233 12.42214967649231
0 91.943359375 30.143229166666668 9.286574740419274 12.382099653892366
0 13.134765625 28.971354166666668 9.104268731797058 12.139024975729411
