0 88.525390625 90.95052083333334 16.131073347659314 21.508097796879085
0 4.833984375 69.85677083333334 14.13724953845272 18.849666051270294
0 34.27734375 63.736979166666664 13.503812798973136 18.00508373196418
0 22.607421875 49.08854166666667 11.850883690763915 15.801178254351885
0 66.89453125 61.067708333333336 13.218022355778636 17.624029807704847
0 86.328125 63.28125 13.455449026518924 17.94059870202523
0 96.240234375 67.1875 13.864522328613948 18.486029771485267
0 80.56640625 55.403645833333336 12.590119228965008 16.78682563862001
0 89.74609375 51.497395833333336 12.138172486176355 16.184229981568475
0 50.634765625 47.33072916666667 11.63676511531837 15.515686820424493
0 65.0390625 42.70833333333333 11.053936936202902 14.738582581603868
0 79.541015625 39.6484375 10.650591044076627 14.200788058768838
0 99.755859375 40.88541666666667 10.81545724284018 14.42060965712024
0 93.212890625 46.875 11.580606665655687 15.440808887540916
0 51.5625 40.10416666666667 10.711626449453275 14.282168599271033
0 34.5703125 43.29427083333333 11.129505937994672 14.839341250659563
0 47.509765625 37.04427083333333 10.29487780360901 13.726503738145347
0 31.0546875 35.3515625 10.056919588186085 13.409226117581447
0 12.890625 38.41145833333333 10.483132346995646 13.977509795994195
0 4.833984375 58.723958333333336 12.9618900034151 17.28252000455347
0 4.541015625 31.705729166666668 9.524222738236839 12.698963650982451
0 19.04296875 29.361979166666668 9.16544031840894 12.220587091211922
0 31.0546875 29.361979166666668 9.16544031840894 12.220587091211922
0 45.41015625 31.901041666666668 9.55351308746248 12.738017449949975
0 56.884765625 29.752604166666668 9.22620633412535 12.301608445500468
0 61.474609375 37.3046875 10.331000292853245 13.77466705713766
0 72.021484375 33.13802083333333 9.736972737758677 12.982630317011571
0 85.05859375 35.61197916666667 10.093893681970965 13.458524909294619
0 60.546875 29.752604166666668 9.22620633412535 12.301608445500468
0 50.830078125 28.385416666666668 9.011732824849489 12.015643766465985
0 41.650390625 24.609375 8.39094670707246 11.187928942763282
0 9.9609375 28.3203125 9.001392336274797 12.001856448366395
0 5.46875 18.684895833333336 7.311492035346033 9.748656047128044
0 90.185546875 33.85416666666667 9.841623227903504 13.122164303871338
0 82.666015625 31.510416666666668 9.494842032534208 12.659789376712277
0 74.51171875 28.125 8.970299351012615 11.960399134683486
0 59.08203125 24.088541666666664 8.301678777304348 11.068905036405797
0 67.431640625 23.697916666666664 8.234092750996119 10.978790334661493
0 54.1015625 23.567708333333336 8.211440458419013 10.948587277892017
0 44.482421875 14.388020833333334 6.415953381844678 8.554604509126236
0 8.30078125 17.1875 7.012405574387241 9.349874099182989
0 7.373046875 23.567708333333336 8.211440458419013 10.948587277892017
0 10.15625 22.8515625 8.085718566584333 10.780958088779109
0 19.677734375 21.354166666666664 7.816313766397521 10.421751688530028
0 12.6953125 19.270833333333336 7.425247229367944 9.900329639157258
0 26.025390625 19.661458333333336 7.500125566067204 10.00016742142294
0 30.908203125 20.377604166666664 7.635495607419925 10.180660809893233
0 13.623046875 15.755208333333334 6.7138671875 8.951822916666668
0 14.990234375 15.625 6.686066375795484 8.914755167727312
0 9.86328125 16.2109375 6.810276368536802 9.080368491382403
0 11.42578125 17.317708333333336 7.038917599286375 9.385223465715166
0 16.845703125 13.541666666666666 6.224389054678692 8.299185406238257
0 17.7734375 17.96875 7.170007400189656 9.56000986691954
0 19.970703125 17.708333333333336 7.117861199762329 9.490481599683106
0 18.84765625 15.885416666666666 6.741553355216833 8.988737806955777
0 21.142578125 15.494791666666666 6.658149484030587 8.877532645374115
0 23.828125 16.731770833333336 6.9188135063199665 9.225084675093289
0 23.92578125 13.541666666666666 6.224389054678692 8.299185406238257
0 25.927734375 15.104166666666666 6.573687508709111 8.764916678278816
0 25.09765625 12.174479166666668 5.901818727360142 7.8690916364801895
0 28.955078125 15.104166666666666 6.573687508709111 8.764916678278816
0 28.125 17.578125 7.091644310682526 9.455525747576702
0 32.373046875 13.802083333333334 6.283953943473511 8.378605257964681
0 89.35546875 26.041666666666668 8.631674575031099 11.508899433374797
0 78.7109375 27.34375 8.84483443981289 11.793112586417188
0 92.96875 29.817708333333332 9.236295135755345 12.315060181007127
0 80.908203125 24.283854166666664 8.33526628646708 11.113688381956106
0 72.55859375 22.4609375 8.016311973000304 10.688415964000404
0 59.716796875 19.791666666666664 7.524919437217989 10.033225916290652
0 86.62109375 22.591145833333336 8.039514082226251 10.719352109635
0 97.998046875 29.557291666666668 9.195873518871684 12.261164691828911
0 77.783203125 21.354166666666664 7.816313766397521 10.421751688530028
0 99.462890625 31.510416666666668 9.494842032534208 12.659789376712277
0 75.146484375 18.815104166666664 7.336923388776433 9.782564518368577
0 67.724609375 19.140625 7.400119417103358 9.866825889471144
0 49.072265625 21.875 7.911060422861158 10.548080563814876
0 63.28125 16.2109375 6.810276368536802 9.080368491382403
0 50.244140625 19.401041666666664 7.450290292806215 9.933720390408286
0 54.296875 17.578125 7.091644310682526 9.455525747576702
0 50.732421875 17.447916666666664 7.065330140863174 9.420440187817565
0 42.822265625 18.684895833333336 7.311492035346033 9.748656047128044
0 40.33203125 19.270833333333336 7.425247229367944 9.900329639157258
0 40.8203125 16.341145833333336 6.837572174807153 9.116762899742872
0 36.1328125 18.684895833333336 7.311492035346033 9.748656047128044
0 36.474609375 16.471354166666664 6.864759447755123 9.15301259700683
0 37.40234375 15.104166666666666 6.573687508709111 8.764916678278816
0 35.205078125 14.518229166666666 6.444919458600731 8.593225944800976
0 38.330078125 13.932291666666666 6.313525654778199 8.418034206370931
0 39.599609375 14.127604166666666 6.3576253222655215 8.476833763020695
0 41.064453125 13.671875 6.254242410864013 8.338989881152017
0 47.119140625 14.908854166666666 6.531046923532928 8.708062564710572
0 58.69140625 13.541666666666666 6.224389054678692 8.299185406238257
0 55.859375 15.234375 6.60196156395994 8.802615418613254
0 56.591796875 13.020833333333334 6.103515625 8.138020833333332
0 64.111328125 13.411458333333334 6.194391824397107 8.259189099196142
0 72.216796875 13.28125 6.16424861960576 8.218998159474348
0 61.71875 13.020833333333334 6.103515625 8.138020833333332
0 71.09375 17.447916666666664 7.065330140863174 9.420440187817565
0 61.376953125 18.1640625 7.208869513560617 9.611826018080823
0 80.078125 16.341145833333336 6.837572174807153 9.116762899742872
0 69.3359375 13.020833333333334 6.103515625 8.138020833333332
0 70.361328125 14.518229166666666 6.444919458600731 8.593225944800976
0 67.138671875 14.778645833333334 6.502464524127966 8.669952698837287
0 77.34375 13.28125 6.16424861960576 8.218998159474348
0 87.646484375 15.625 6.686066375795484 8.914755167727312
0 77.34375 17.317708333333336 7.038917599286375 9.385223465715166
0 76.513671875 15.234375 6.60196156395994 8.802615418613254
0 84.130859375 20.247395833333336 7.611061958825638 10.148082611767517
0 82.373046875 22.721354166666664 8.062649422377262 10.75019922983635
0 82.763671875 18.424479166666664 7.2603620931215325 9.680482790828709
0 81.93359375 16.080729166666664 6.782870718656271 9.043827624875028
0 87.98828125 19.270833333333336 7.425247229367944 9.900329639157258
0 92.138671875 20.052083333333336 7.574263699945591 10.099018266594122
0 91.650390625 23.697916666666664 8.234092750996119 10.978790334661493
0 90.8203125 17.578125 7.091644310682526 9.455525747576702
0 99.0234375 20.052083333333336 7.574263699945591 10.099018266594122
0 86.23046875 17.1875 7.012405574387241 9.349874099182989
0 99.267578125 22.721354166666664 8.062649422377262 10.75019922983635
0 84.9609375 15.625 6.686066375795484 8.914755167727312
0 99.853515625 25.651041666666668 8.566692411876344 11.422256549168457
0 94.43359375 21.744791666666664 7.887480458569388 10.51664061142585
0 93.9453125 18.424479166666664 7.2603620931215325 9.680482790828709
0 95.166015625 17.96875 7.170007400189656 9.56000986691954
0 97.0703125 20.247395833333336 7.611061958825638 10.148082611767517
