0 7.91015625 80.14322916666666 15.142378210516696 20.189837614022263
0 20.166015625 51.497395833333336 12.138172486176355 16.184229981568475
0 32.8125 47.65625 11.676712933171991 15.568950577562655
0 38.0859375 56.770833333333336 12.74451478138495 16.992686375179932
0 49.12109375 63.606770833333336 13.49001227130148 17.986683028401973
0 64.453125 57.096354166666664 12.781000727155718 17.04133430287429
0 75.0 51.822916666666664 12.176475429235841 16.235300572314458
0 85.400390625 72.20052083333334 14.372450975728293 19.163267967637722
0 96.337890625 82.74739583333334 15.386429035590249 20.515238714120333
0 87.109375 58.723958333333336 12.9618900034151 17.28252000455347
0 91.2109375 49.93489583333333 11.952609880106287 15.936813173475048
0 78.02734375 37.43489583333333 10.349014256477766 13.798685675303688
0 64.55078125 43.42447916666667 11.146229472503464 14.861639296671287
0 45.166015625 36.39322916666667 10.204012144348443 13.605349525797925
0 31.73828125 32.87760416666667 9.698638050580264 12.931517400773687
0 16.6015625 38.99739583333333 10.562785827561513 14.083714436748682
0 6.298828125 40.625 10.780958088779109 14.374610785038813
0 24.21875 28.125 8.970299351012615 11.960399134683486
0 18.408203125 30.598958333333332 9.35651227829339 12.475349704391189
0 3.515625 30.924479166666668 9.406149296522488 12.541532395363317
0 11.328125 19.856770833333336 7.537285788103314 10.049714384137753
0 27.9296875 22.135416666666664 7.958010748538389 10.610680998051187
0 37.01171875 23.697916666666664 8.234092750996119 10.978790334661493
0 60.205078125 31.8359375 9.543759625922785 12.725012834563712
0 74.31640625 30.924479166666668 9.406149296522488 12.541532395363317
0 67.48046875 21.2890625 7.804389558437758 10.405852744583676
0 60.595703125 22.135416666666664 7.958010748538389 10.610680998051187
0 80.6640625 25.846354166666668 8.59924487524742 11.465659833663226
0 86.572265625 34.765625 9.973226707988399 13.297635610651199
0 97.65625 37.109375 10.30392029793343 13.738560397244573
0 89.990234375 26.5625 8.717563999686098 11.62341866624813
0 42.431640625 23.697916666666664 8.234092750996119 10.978790334661493
0 48.2421875 21.419270833333336 7.828219811023351 10.437626414697803
0 53.759765625 23.567708333333336 8.211440458419013 10.948587277892017
0 49.560546875 49.93489583333333 11.952609880106287 15.936813173475048
0 36.767578125 44.27083333333333 11.254326730093856 15.005768973458474
