0 90.4296875 84.9609375 15.590868865289064 20.787825153718753
0 67.236328125 59.635416666666664 13.062093847065857 17.416125129421143
0 88.037109375 61.71875 13.288294102219997 17.717725469626664
0 78.173828125 52.734375 12.283088255308904 16.377451007078538
0 51.611328125 48.11197916666667 11.732411368860527 15.643215158480702
0 37.890625 61.263020833333336 13.239143044118567 17.652190725491423
0 21.2890625 49.21875 11.866590634291736 15.822120845722315
0 38.623046875 41.9921875 10.960867307170393 14.614489742893857
0 31.298828125 35.9375 10.139921707663666 13.51989561021822
0 62.3046875 34.63541666666667 9.954532733337459 13.272710311116612
0 49.072265625 37.23958333333333 10.321981521782082 13.762642029042777
0 1.46484375 44.7265625 11.312105098175438 15.082806797567253
0 3.02734375 59.830729166666664 13.083466253800058 17.444621671733408
0 19.140625 27.278645833333332 8.83429859993294 11.779064799910586
0 6.640625 29.361979166666668 9.16544031840894 12.220587091211922
0 74.8046875 41.40625 10.884127502518925 14.512170003358568
0 89.208984375 34.83072916666667 9.982560567502519 13.310080756670025
0 80.078125 25.0 8.457279333832409 11.276372445109878
0 60.009765625 24.21875 8.324085508414218 11.098780677885625
0 47.021484375 28.255208333333332 8.991039955234518 11.988053273646026
0 32.12890625 28.7109375 9.063258303782652 12.084344405043536
0 3.173828125 30.794270833333332 9.386325988299376 12.515101317732501
0 23.486328125 25.325520833333332 8.512161670520847 11.349548894027794
0 27.9296875 22.916666666666664 8.097228492078614 10.796304656104818
0 6.298828125 24.088541666666664 8.301678777304348 11.068905036405797
0 11.328125 19.7265625 7.512532730158185 10.01671030687758
0 42.96875 24.544270833333336 8.379840220792225 11.173120294389632
0 74.560546875 27.9296875 8.939098215256843 11.918797620342456
0 65.91796875 41.86197916666667 10.943860520654974 14.591814027539964
0 72.021484375 30.989583333333332 9.416045300623482 12.554727067497975
0 61.572265625 29.817708333333332 9.236295135755345 12.315060181007127
0 92.96875 29.361979166666668 9.16544031840894 12.220587091211922
0 41.6015625 20.703125 7.6962403643301345 10.261653819106845
0 31.54296875 20.833333333333336 7.720404443770458 10.293872591693944
0 19.970703125 20.052083333333336 7.574263699945591 10.099018266594122
0 7.470703125 19.7265625 7.512532730158185 10.01671030687758
0 25.29296875 18.9453125 7.3622668956389274 9.816355860851903
0 61.9140625 21.158854166666664 7.780486318348366 10.373981757797822
0 49.4140625 19.401041666666664 7.450290292806215 9.933720390408286
0 98.095703125 27.083333333333332 8.802615418613255 11.736820558151006
0 84.521484375 20.052083333333336 7.574263699945591 10.099018266594122
0 95.458984375 19.596354166666664 7.487697843252746 9.983597124336994
0 80.56640625 19.596354166666664 7.487697843252746 9.983597124336994
0 91.40625 51.497395833333336 12.138172486176355 16.184229981568475
0 71.09375 22.135416666666664 7.958010748538389 10.610680998051187
0 47.65625 22.65625 8.051090062422436 10.734786749896582
