0 0.634765625 56.705729166666664 12.737205050481693 16.982940067308924
0 2.880859375 30.989583333333332 9.416045300623482 12.554727067497975
0 10.3515625 27.1484375 8.81318913463968 11.750918846186241
0 5.46875 23.828125 8.256682897014576 11.008910529352768
0 16.162109375 38.73697916666667 10.527458685705774 14.036611580941033
0 20.751953125 49.28385416666667 11.874436314907054 15.832581753209407
0 34.033203125 57.486979166666664 12.824646844147154 17.099529125529536
0 45.068359375 68.5546875 14.004875373027058 18.673167164036077
0 33.203125 41.2109375 10.85842704752026 14.477902730027015
0 32.03125 33.65885416666667 9.813192865486773 13.084257153982362
0 16.6015625 30.338541666666668 9.316612257369233 12.42214967649231
0 48.486328125 48.37239583333333 11.764120646604239 15.68549419547232
0 65.087890625 57.161458333333336 12.788285424656348 17.05104723287513
0 86.62109375 72.33072916666666 14.385404967520355 19.180539956693806
0 85.205078125 61.458333333333336 13.260230091797137 17.68030678906285
0 75.732421875 51.497395833333336 12.138172486176355 16.184229981568475
0 89.501953125 51.953125 12.191762912254749 16.25568388300633
0 78.22265625 44.07552083333333 11.229473567489073 14.972631423318763
0 67.08984375 41.53645833333333 10.901227477717134 14.53496997028951
0 93.994140625 44.40104166666667 11.270865058971795 15.027820078629059
0 79.296875 37.43489583333333 10.349014256477766 13.798685675303688
0 52.734375 38.0859375 10.438617783500408 13.918157044667211
0 47.55859375 34.765625 9.973226707988399 13.297635610651199
0 42.08984375 27.473958333333332 8.865868558553435 11.821158078071248
0 50.732421875 28.255208333333332 8.991039955234518 11.988053273646026
0 31.787109375 27.34375 8.84483443981289 11.793112586417188
0 20.166015625 24.934895833333336 8.446260072691679 11.26168009692224
0 13.8671875 19.270833333333336 7.425247229367944 9.900329639157258
0 9.9609375 19.401041666666664 7.450290292806215 9.933720390408286
0 2.392578125 16.276041666666664 6.823937919616058 9.09858389282141
0 4.98046875 15.0390625 6.559504779115197 8.746006372153596
0 0.830078125 16.6015625 6.891839471823862 9.189119295765149
0 18.75 11.5234375 5.74184805976159 7.6557974130154545
0 11.376953125 14.84375 6.516771394062079 8.689028525416106
0 19.580078125 19.401041666666664 7.450290292806215 9.933720390408286
0 14.013671875 12.955729166666666 6.088237714617921 8.117650286157229
0 9.130859375 15.299479166666666 6.61605328023645 8.821404373648601
0 6.787109375 17.057291666666664 6.985792933508055 9.31439057801074
0 4.98046875 19.596354166666664 7.487697843252746 9.983597124336994
0 20.166015625 15.0390625 6.559504779115197 8.746006372153596
0 24.21875 18.815104166666664 7.336923388776433 9.782564518368577
0 27.490234375 22.721354166666664 8.062649422377262 10.75019922983635
0 35.791015625 21.484375 7.840107775064166 10.453477033418888
0 48.486328125 21.484375 7.840107775064166 10.453477033418888
0 59.86328125 34.89583333333333 9.991885707852113 13.322514277136149
0 85.3515625 36.00260416666667 10.149102263376399 13.53213635116853
0 72.55859375 32.2265625 9.60213178866716 12.802842384889546
0 62.353515625 30.013020833333332 9.266495636406846 12.35532751520913
0 41.6015625 20.5078125 7.659851317145468 10.21313508952729
0 35.546875 16.276041666666664 6.823937919616058 9.09858389282141
0 41.845703125 17.513020833333336 7.0784994535786145 9.437999271438152
0 31.884765625 19.596354166666664 7.487697843252746 9.983597124336994
0 23.73046875 13.0859375 6.118755388111396 8.15834051748186
0 26.220703125 15.0390625 6.559504779115197 8.746006372153596
0 29.541015625 17.1875 7.012405574387241 9.349874099182989
0 27.63671875 13.606770833333334 6.2393335877260965 8.319111450301463
0 30.126953125 13.28125 6.16424861960576 8.218998159474348
0 33.203125 14.84375 6.516771394062079 8.689028525416106
0 31.0546875 13.736979166666666 6.269115778861736 8.358821038482315
0 37.59765625 14.192708333333334 6.372257390692475 8.496343187589966
0 40.673828125 14.713541666666666 6.488126106405426 8.650834808540568
0 41.748046875 14.0625 6.342959500374307 8.457279333832409
0 43.26171875 14.0625 6.342959500374307 8.457279333832409
0 44.82421875 14.713541666666666 6.488126106405426 8.650834808540568
0 46.728515625 13.411458333333334 6.194391824397107 8.259189099196142
0 47.998046875 13.932291666666666 6.313525654778199 8.418034206370931
0 49.658203125 17.708333333333336 7.117861199762329 9.490481599683106
0 52.880859375 11.197916666666668 5.660167538754702 7.546890051672936
0 55.126953125 13.736979166666666 6.269115778861736 8.358821038482315
0 56.298828125 15.299479166666666 6.61605328023645 8.821404373648601
0 57.373046875 18.1640625 7.208869513560617 9.611826018080823
0 57.71484375 23.372395833333336 8.177344364608315 10.903125819477753
0 60.546875 23.046875 8.120199399200482 10.82693253226731
0 66.845703125 22.916666666666664 8.097228492078614 10.796304656104818
0 73.388671875 27.34375 8.84483443981289 11.793112586417188
0 87.20703125 31.25 9.4555257475767 12.607367663435602
0 92.7734375 29.361979166666668 9.16544031840894 12.220587091211922
0 96.09375 39.97395833333333 10.694223308065938 14.258964410754585
0 71.728515625 21.158854166666664 7.780486318348366 10.373981757797822
0 99.658203125 36.5234375 10.22224989284926 13.629666523799013
0 98.583984375 28.90625 9.094033462982996 12.125377950643994
0 89.2578125 26.5625 8.717563999686098 11.62341866624813
0 83.447265625 24.674479166666664 8.402038511923953 11.202718015898604
0 67.7734375 20.052083333333336 7.574263699945591 10.099018266594122
0 79.296875 27.1484375 8.81318913463968 11.750918846186241
0 59.130859375 13.28125 6.16424861960576 8.218998159474348
0 61.181640625 11.71875 5.790303332827843 7.720404443770458
0 61.376953125 16.731770833333336 6.9188135063199665 9.225084675093289
0 63.427734375 15.950520833333334 6.755353888299149 9.0071385177322
0 63.18359375 12.825520833333334 6.057566296777102 8.076755062369468
0 64.35546875 11.5234375 5.74184805976159 7.6557974130154545
0 65.673828125 13.606770833333334 6.2393335877260965 8.319111450301463
0 66.162109375 15.299479166666666 6.61605328023645 8.821404373648601
0 68.505859375 13.932291666666666 6.313525654778199 8.418034206370931
0 69.3359375 12.630208333333334 6.011265748166568 8.015020997555423
0 71.240234375 16.276041666666664 6.823937919616058 9.09858389282141
0 72.55859375 12.630208333333334 6.011265748166568 8.015020997555423
0 74.21875 15.950520833333334 6.755353888299149 9.0071385177322
0 75.48828125 14.84375 6.516771394062079 8.689028525416106
0 78.22265625 20.833333333333336 7.720404443770458 10.293872591693944
0 81.54296875 20.377604166666664 7.635495607419925 10.180660809893233
0 87.20703125 20.5078125 7.659851317145468 10.21313508952729
0 84.619140625 19.596354166666664 7.487697843252746 9.983597124336994
0 82.373046875 17.513020833333336 7.0784994535786145 9.437999271438152
0 80.46875 16.731770833333336 6.9188135063199665 9.225084675093289
0 84.130859375 15.169270833333334 6.587839704871492 8.783786273161988
0 79.150390625 13.28125 6.16424861960576 8.218998159474348
0 78.22265625 15.625 6.686066375795484 8.914755167727312
0 82.861328125 15.950520833333334 6.755353888299149 9.0071385177322
0 89.013671875 19.270833333333336 7.425247229367944 9.900329639157258
0 88.76953125 24.674479166666664 8.402038511923953 11.202718015898604
0 90.771484375 24.153645833333336 8.312889692307273 11.083852923076364
0 91.015625 22.135416666666664 7.958010748538389 10.610680998051187
0 93.603515625 22.4609375 8.016311973000304 10.688415964000404
0 95.654296875 21.158854166666664 7.780486318348366 10.373981757797822
0 97.65625 17.708333333333336 7.117861199762329 9.490481599683106
0 98.73046875 18.033854166666664 7.182984799767957 9.577313066357275
0 90.673828125 16.40625 6.8511792970714245 9.134905729428567
0 91.845703125 17.3828125 7.052136235529384 9.40284831403918
0 93.505859375 18.1640625 7.208869513560617 9.611826018080823
0 95.99609375 18.033854166666664 7.182984799767957 9.577313066357275
0 86.03515625 17.057291666666664 6.985792933508055 9.31439057801074
0 99.31640625 20.5078125 7.659851317145468 10.21313508952729
