0 95.21484375 57.03125 12.773711875278535 17.031615833704713
0 89.404296875 59.830729166666664 13.083466253800058 17.444621671733408
0 98.974609375 35.3515625 10.056919588186085 13.409226117581447
0 88.818359375 43.81510416666667 11.196250200100184 14.928333600133579
0 97.412109375 31.0546875 9.425930915210266 12.567907886947022
0 95.3125 39.453125 10.624325674761481 14.165767566348642
0 84.375 38.93229166666667 10.553965128046011 14.07195350406135
0 96.435546875 27.734375 8.907787792557633 11.877050390076842
0 86.376953125 34.9609375 10.001202153426476 13.334936204568635
0 99.072265625 23.958333333333336 8.279211405182211 11.038948540242949
0 90.380859375 33.7890625 9.832155574699105 13.109540766265473
0 73.2421875 36.84895833333333 10.267702539831983 13.690270053109312
0 97.216796875 22.135416666666664 7.958010748538389 10.610680998051187
0 86.376953125 28.971354166666668 9.104268731797058 12.139024975729411
0 94.43359375 25.0 8.457279333832409 11.276372445109878
0 89.501953125 19.856770833333336 7.537285788103314 10.049714384137753
0 76.025390625 30.794270833333332 9.386325988299376 12.515101317732501
0 92.96875 21.158854166666664 7.780486318348366 10.373981757797822
0 75.830078125 51.041666666666664 12.084344405043538 16.112459206724715
0 95.41015625 22.526041666666664 8.027921409891299 10.703895213188398
0 74.21875 56.770833333333336 12.74451478138495 16.992686375179932
0 90.478515625 22.916666666666664 8.097228492078614 10.796304656104818
0 71.6796875 41.015625 10.832665618468535 14.443554157958047
0 89.892578125 25.0 8.457279333832409 11.276372445109878
0 60.25390625 53.385416666666664 12.358677204172722 16.478236272230294
0 86.572265625 23.046875 8.120199399200482 10.82693253226731
0 56.396484375 66.53645833333334 13.79718573664223 18.39624764885631
0 84.66796875 19.986979166666664 7.561957820656658 10.08261042754221
0 41.015625 84.89583333333334 15.584894207524053 20.779858943365404
0 82.6171875 18.5546875 7.28597191547444 9.714629220632586
0 44.873046875 69.53125 14.104272471058769 18.80569662807836
0 81.15234375 18.424479166666664 7.2603620931215325 9.680482790828709
0 79.150390625 26.953125 8.78142979122202 11.708573054962693
0 72.75390625 26.171875 8.653226854710587 11.537635806280782
0 78.759765625 18.815104166666664 7.336923388776433 9.782564518368577
0 58.88671875 45.1171875 11.361395549918386 15.148527399891181
0 80.46875 23.4375 8.188725503539269 10.918300671385692
0 76.025390625 25.260416666666668 8.501213548086012 11.334951397448016
0 43.798828125 56.901041666666664 12.75912167991142 17.012162239881892
0 76.806640625 16.9921875 6.972448522214271 9.296598029619028
0 57.177734375 34.30989583333333 9.907643481901811 13.210191309202415
0 75.927734375 15.690104166666666 6.699981201202437 8.933308268269917
0 60.546875 33.0078125 9.717824296930333 12.957099062573777
0 76.123046875 18.815104166666664 7.336923388776433 9.782564518368577
0 65.869140625 29.361979166666668 9.16544031840894 12.220587091211922
0 72.8515625 16.341145833333336 6.837572174807153 9.116762899742872
0 68.798828125 23.828125 8.256682897014576 11.008910529352768
0 59.1796875 27.083333333333332 8.802615418613255 11.736820558151006
0 70.01953125 19.596354166666664 7.487697843252746 9.983597124336994
0 63.37890625 22.005208333333336 7.9345703125 10.579427083333332
0 51.66015625 29.622395833333332 9.205995562132786 12.274660749510382
0 66.748046875 16.471354166666664 6.864759447755123 9.15301259700683
0 60.83984375 19.075520833333336 7.3875234600282 9.850031280037602
0 50.0 24.479166666666664 8.36871899463018 11.15829199284024
0 64.599609375 18.294270833333336 7.234661615679748 9.646215487572997
0 40.8203125 47.4609375 11.652760676291981 15.537014235055976
0 58.3984375 23.828125 8.256682897014576 11.008910529352768
0 52.05078125 19.466145833333336 7.462780310447684 9.950373747263578
0 58.7890625 20.377604166666664 7.635495607419925 10.180660809893233
0 24.072265625 57.161458333333336 12.788285424656348 17.05104723287513
0 56.396484375 20.768229166666664 7.708331872750909 10.277775830334546
0 24.267578125 38.80208333333333 10.536301575703167 14.048402100937555
0 59.27734375 17.122395833333336 6.9991119025755095 9.332149203434014
0 40.0390625 36.45833333333333 10.21313508952729 13.617513452703053
0 57.666015625 16.080729166666664 6.782870718656271 9.043827624875028
0 43.896484375 31.575520833333332 9.50464569238125 12.672860923174998
0 56.103515625 15.299479166666666 6.61605328023645 8.821404373648601
0 9.08203125 74.93489583333334 14.642078290887643 19.522771054516856
0 54.638671875 14.778645833333334 6.502464524127966 8.669952698837287
0 2.978515625 59.049479166666664 12.99776577090262 17.330354361203494
0 52.63671875 17.122395833333336 6.9991119025755095 9.332149203434014
0 17.1875 41.66666666666667 10.918300671385692 14.557734228514258
0 44.970703125 17.903645833333336 7.157006469457137 9.542675292609516
0 32.080078125 26.953125 8.78142979122202 11.708573054962693
0 48.046875 20.5078125 7.659851317145468 10.21313508952729
0 39.35546875 26.171875 8.653226854710587 11.537635806280782
0 46.044921875 24.479166666666664 8.36871899463018 11.15829199284024
0 38.37890625 21.158854166666664 7.780486318348366 10.373981757797822
0 26.171875 25.78125 8.588407763348565 11.451210351131419
0 42.724609375 22.65625 8.051090062422436 10.734786749896582
0 43.017578125 14.908854166666666 6.531046923532928 8.708062564710572
0 35.986328125 18.1640625 7.208869513560617 9.611826018080823
0 27.83203125 22.265625 7.981382342908947 10.641843123878598
0 41.2109375 16.731770833333336 6.9188135063199665 9.225084675093289
0 32.373046875 17.7734375 7.130933499479933 9.50791133263991
0 39.84375 16.731770833333336 6.9188135063199665 9.225084675093289
0 30.6640625 16.080729166666664 6.782870718656271 9.043827624875028
0 13.330078125 35.87239583333333 10.130732832457173 13.507643776609566
0 28.7109375 16.2109375 6.810276368536802 9.080368491382403
0 9.27734375 34.30989583333333 9.907643481901811 13.210191309202415
0 27.44140625 18.5546875 7.28597191547444 9.714629220632586
0 7.421875 31.184895833333332 9.445671106287941 12.594228141717254
0 29.8828125 18.684895833333336 7.311492035346033 9.748656047128044
0 25.244140625 21.419270833333336 7.828219811023351 10.437626414697803
0 15.91796875 24.739583333333336 8.413115693414442 11.217487591219255
0 3.662109375 26.5625 8.717563999686098 11.62341866624813
0 20.5078125 23.567708333333336 8.211440458419013 10.948587277892017
0 18.1640625 17.7734375 7.130933499479933 9.50791133263991
0 10.400390625 19.466145833333336 7.462780310447684 9.950373747263578
0 1.318359375 21.809895833333336 7.8992792392241125 10.532372318965482
0 6.640625 23.697916666666664 8.234092750996119 10.978790334661493
0 2.197265625 18.424479166666664 7.2603620931215325 9.680482790828709
0 6.93359375 22.135416666666664 7.958010748538389 10.610680998051187
0 11.669921875 18.033854166666664 7.182984799767957 9.577313066357275
0 4.052734375 19.466145833333336 7.462780310447684 9.950373747263578
0 11.865234375 17.903645833333336 7.157006469457137 9.542675292609516
0 7.03125 18.684895833333336 7.311492035346033 9.748656047128044
0 8.3984375 18.815104166666664 7.336923388776433 9.782564518368577
0 0.830078125 17.3828125 7.052136235529384 9.40284831403918
0 33.544921875 16.861979166666664 6.945682786096826 9.260910381462436
0 34.619140625 16.861979166666664 6.945682786096826 9.260910381462436
0 46.435546875 16.9921875 6.972448522214271 9.296598029619028
0 85.107421875 16.9921875 6.972448522214271 9.296598029619028
0 97.021484375 25.651041666666668 8.566692411876344 11.422256549168457
0 90.185546875 28.385416666666668 9.011732824849489 12.015643766465985
0 65.576171875 25.651041666666668 8.566692411876344 11.422256549168457
0 85.205078125 25.260416666666668 8.501213548086012 11.334951397448016
