0 91.11328125 23.307291666666664 8.165947363439729 10.88792981791964
0 73.681640625 16.40625 6.8511792970714245 9.134905729428567
0 11.9140625 19.661458333333336 7.500125566067204 10.00016742142294
0 79.4921875 18.815104166666664 7.336923388776433 9.782564518368577
0 4.541015625 17.1875 7.012405574387241 9.349874099182989
0 23.828125 15.169270833333334 6.587839704871492 8.783786273161988
0 84.66796875 18.815104166666664 7.336923388776433 9.782564518368577
0 82.51953125 17.578125 7.091644310682526 9.455525747576702
0 78.857421875 18.815104166666664 7.336923388776433 9.782564518368577
0 77.05078125 16.40625 6.8511792970714245 9.134905729428567
0 74.90234375 18.815104166666664 7.336923388776433 9.782564518368577
0 84.66796875 25.325520833333332 8.512161670520847 11.349548894027794
0 74.90234375 23.697916666666664 8.234092750996119 10.978790334661493
