0 2.685546875 19.466145833333336 7.462780310447684 9.950373747263578
0 9.814453125 16.471354166666664 6.864759447755123 9.15301259700683
0 9.130859375 17.317708333333336 7.038917599286375 9.385223465715166
0 5.908203125 21.223958333333336 7.792447103762027 10.389929471682702
0 7.421875 25.846354166666668 8.59924487524742 11.465659833663226
0 10.302734375 22.786458333333336 8.074192233473482 10.765589644631309
0 9.86328125 33.85416666666667 9.841623227903504 13.122164303871338
0 8.3984375 41.2109375 10.85842704752026 14.477902730027015
0 15.0390625 53.776041666666664 12.403809468323715 16.53841262443162
0 18.798828125 14.322916666666666 6.401421192444773 8.53522825659303
0 21.875 14.908854166666666 6.531046923532928 8.708062564710572
0 20.41015625 15.169270833333334 6.587839704871492 8.783786273161988
0 20.703125 17.838541666666664 7.143981879101334 9.525309172135112
0 16.015625 20.442708333333336 7.647683158045451 10.196910877393934
0 17.48046875 18.033854166666664 7.182984799767957 9.577313066357275
0 26.220703125 16.471354166666664 6.864759447755123 9.15301259700683
0 27.9296875 15.234375 6.60196156395994 8.802615418613254
0 26.26953125 20.377604166666664 7.635495607419925 10.180660809893233
0 26.220703125 23.697916666666664 8.234092750996119 10.978790334661493
0 29.345703125 30.338541666666668 9.316612257369233 12.42214967649231
0 31.8359375 49.08854166666667 11.850883690763915 15.801178254351885
0 47.412109375 41.796875 10.935347208965403 14.580462945287206
0 49.169921875 30.859375 9.396242870080965 12.52832382677462
0 57.763671875 53.125 12.32849723921152 16.437996318948695
0 52.9296875 65.95052083333334 13.73630057974475 18.315067439659668
0 88.427734375 50.78125 12.053477574543152 16.0713034327242
0 83.154296875 60.3515625 13.140289393073113 17.520385857430817
0 96.875 46.02864583333333 11.475583298927713 15.300777731903617
0 96.533203125 49.73958333333333 11.929211600153849 15.905615466871797
0 31.103515625 18.229166666666664 7.221777078979024 9.629036105305365
0 34.765625 16.9921875 6.972448522214271 9.296598029619028
0 39.306640625 16.731770833333336 6.9188135063199665 9.225084675093289
0 42.48046875 18.033854166666664 7.182984799767957 9.577313066357275
0 38.427734375 24.674479166666664 8.402038511923953 11.202718015898604
0 51.171875 11.71875 5.790303332827843 7.720404443770458
0 49.70703125 15.559895833333334 6.672122530845778 8.896163374461038
0 48.53515625 17.643229166666664 7.104764847914316 9.473019797219088
0 53.3203125 17.513020833333336 7.0784994535786145 9.437999271438152
0 51.953125 18.880208333333336 7.349606066157407 9.799474754876544
0 56.396484375 15.0390625 6.559504779115197 8.746006372153596
0 61.376953125 13.671875 6.254242410864013 8.338989881152017
0 62.255859375 16.080729166666664 6.782870718656271 9.043827624875028
0 61.03515625 17.838541666666664 7.143981879101334 9.525309172135112
0 60.595703125 25.390625 8.523095729839442 11.364127639785922
0 66.650390625 16.341145833333336 6.837572174807153 9.116762899742872
0 70.3125 23.502604166666664 8.200090846279542 10.933454461706056
0 65.771484375 24.088541666666664 8.301678777304348 11.068905036405797
0 68.896484375 27.34375 8.84483443981289 11.793112586417188
0 70.01953125 34.04947916666667 9.869971697263324 13.159962263017766
0 75.048828125 19.3359375 7.437779301119349 9.917039068159132
0 71.435546875 19.075520833333336 7.3875234600282 9.850031280037602
0 74.4140625 22.981770833333336 8.108722079825698 10.811629439767596
0 76.708984375 21.419270833333336 7.828219811023351 10.437626414697803
0 77.978515625 18.684895833333336 7.311492035346033 9.748656047128044
0 80.712890625 27.1484375 8.81318913463968 11.750918846186241
0 80.322265625 33.85416666666667 9.841623227903504 13.122164303871338
0 86.62109375 27.083333333333332 8.802615418613255 11.736820558151006
0 87.646484375 30.859375 9.396242870080965 12.52832382677462
0 88.720703125 26.822916666666668 8.760192928715409 11.680257238287211
0 98.4375 22.721354166666664 8.062649422377262 10.75019922983635
0 99.51171875 25.1953125 8.490251308132054 11.320335077509403
0 90.72265625 22.786458333333336 8.074192233473482 10.765589644631309
0 0.732421875 21.549479166666664 7.85197774064246 10.469303654189947
0 3.3203125 23.828125 8.256682897014576 11.008910529352768
0 1.318359375 26.236979166666668 8.66398288975732 11.551977186343091
0 9.033203125 19.270833333333336 7.425247229367944 9.900329639157258
0 13.57421875 18.424479166666664 7.2603620931215325 9.680482790828709
0 14.501953125 18.294270833333336 7.234661615679748 9.646215487572997
0 11.572265625 18.619791666666664 7.298743129334349 9.731657505779133
0 19.43359375 16.861979166666664 6.945682786096826 9.260910381462436
0 18.603515625 19.791666666666664 7.524919437217989 10.033225916290652
0 14.208984375 24.348958333333336 8.346432086900233 11.128576115866979
0 17.041015625 28.580729166666668 9.042683343523592 12.056911124698123
0 21.97265625 27.9296875 8.939098215256843 11.918797620342456
0 22.998046875 16.861979166666664 6.945682786096826 9.260910381462436
0 24.4140625 18.880208333333336 7.349606066157407 9.799474754876544
0 27.734375 22.591145833333336 8.039514082226251 10.719352109635
0 30.029296875 16.536458333333336 6.878312786611722 9.171083715482297
0 31.005859375 21.744791666666664 7.887480458569388 10.51664061142585
0 32.470703125 23.4375 8.188725503539269 10.918300671385692
0 28.02734375 27.34375 8.84483443981289 11.793112586417188
0 35.15625 27.5390625 8.876366926421502 11.835155901895336
0 35.7421875 34.24479166666667 9.898238977189243 13.197651969585658
0 31.298828125 36.26302083333333 10.185741740892722 13.580988987856962
0 27.83203125 47.91666666666667 11.708573054962693 15.611430739950258
0 23.681640625 50.325520833333336 11.999269562583924 15.99902608344523
0 34.5703125 20.768229166666664 7.708331872750909 10.277775830334546
0 36.181640625 17.317708333333336 7.038917599286375 9.385223465715166
0 37.841796875 17.122395833333336 6.9991119025755095 9.332149203434014
0 37.3046875 20.8984375 7.732458166088822 10.309944221451763
0 46.142578125 17.838541666666664 7.143981879101334 9.525309172135112
0 40.52734375 17.1875 7.012405574387241 9.349874099182989
0 43.994140625 23.4375 8.188725503539269 10.918300671385692
0 51.3671875 16.276041666666664 6.823937919616058 9.09858389282141
0 56.54296875 19.270833333333336 7.425247229367944 9.900329639157258
0 55.56640625 17.838541666666664 7.143981879101334 9.525309172135112
0 54.248046875 19.270833333333336 7.425247229367944 9.900329639157258
0 58.59375 21.6796875 7.875664001809045 10.500885335745393
0 57.2265625 23.2421875 8.154534433525017 10.872712578033356
0 53.3203125 22.981770833333336 8.108722079825698 10.811629439767596
0 50.0 23.893229166666664 8.267954824306681 11.023939765742242
0 53.7109375 25.846354166666668 8.59924487524742 11.465659833663226
0 52.1484375 27.9296875 8.939098215256843 11.918797620342456
0 54.443359375 32.16145833333333 9.592427762147041 12.789903682862722
0 58.49609375 33.33333333333333 9.765625 13.020833333333334
0 61.767578125 39.32291666666667 10.606779295033428 14.142372393377903
0 45.263671875 38.41145833333333 10.483132346995646 13.977509795994195
0 49.169921875 54.622395833333336 12.501037077797877 16.668049437063836
0 62.01171875 49.67447916666667 11.92140196815467 15.895202624206226
0 64.453125 52.083333333333336 12.20703125 16.276041666666664
0 73.095703125 43.359375 11.137870844051916 14.850494458735888
0 69.873046875 41.015625 10.832665618468535 14.443554157958047
0 68.75 44.40104166666667 11.270865058971795 15.027820078629059
0 66.748046875 46.35416666666667 11.516090249092533 15.354786998790045
0 68.75 52.669270833333336 12.275503760448466 16.36733834726462
0 73.583984375 27.34375 8.84483443981289 11.793112586417188
0 77.783203125 29.296875 9.1552734375 12.20703125
0 75.5859375 31.640625 9.51443925056146 12.685919000748614
0 76.904296875 37.36979166666667 10.340011197569225 13.786681596758967
0 80.712890625 42.25260416666667 10.994801962067763 14.659735949423682
0 79.638671875 48.11197916666667 11.732411368860527 15.643215158480702
0 82.861328125 46.15885416666667 11.491803212745808 15.322404283661076
0 85.3515625 40.16927083333333 10.720317425689878 14.293756567586504
0 90.380859375 38.41145833333333 10.483132346995646 13.977509795994195
0 90.234375 41.40625 10.884127502518925 14.512170003358568
0 87.646484375 45.1171875 11.361395549918386 15.148527399891181
0 92.919921875 49.73958333333333 11.929211600153849 15.905615466871797
0 98.33984375 42.05729166666667 10.969360812751116 14.62581441700149
0 98.974609375 30.338541666666668 9.316612257369233 12.42214967649231
0 100.146484375 31.184895833333332 9.445671106287941 12.594228141717254
0 98.33984375 35.9375 10.139921707663666 13.51989561021822
0 89.208984375 24.088541666666664 8.301678777304348 11.068905036405797
0 91.357421875 25.846354166666668 8.59924487524742 11.465659833663226
0 93.310546875 27.34375 8.84483443981289 11.793112586417188
0 94.384765625 28.385416666666668 9.011732824849489 12.015643766465985
0 95.8984375 29.427083333333332 9.175595934065496 12.234127912087327
0 90.869140625 31.901041666666668 9.55351308746248 12.738017449949975
0 95.556640625 23.177083333333336 8.143105507889608 10.857474010519478
0 96.38671875 23.177083333333336 8.143105507889608 10.857474010519478
0 97.55859375 25.651041666666668 8.566692411876344 11.422256549168457
0 95.21484375 25.130208333333332 8.479274895904423 11.305699861205897
0 85.595703125 22.8515625 8.085718566584333 10.780958088779109
0 83.3984375 24.348958333333336 8.346432086900233 11.128576115866979
0 82.275390625 21.744791666666664 7.887480458569388 10.51664061142585
0 80.95703125 23.6328125 8.222774405094897 10.963699206793196
0 78.857421875 21.484375 7.840107775064166 10.453477033418888
0 78.955078125 24.0234375 8.290452702152177 11.053936936202902
0 72.4609375 21.875 7.911060422861158 10.548080563814876
0 64.453125 18.229166666666664 7.221777078979024 9.629036105305365
0 62.646484375 18.880208333333336 7.349606066157407 9.799474754876544
0 62.01171875 20.833333333333336 7.720404443770458 10.293872591693944
0 66.552734375 19.466145833333336 7.462780310447684 9.950373747263578
0 65.33203125 21.223958333333336 7.792447103762027 10.389929471682702
0 66.796875 21.875 7.911060422861158 10.548080563814876
0 63.818359375 24.088541666666664 8.301678777304348 11.068905036405797
0 64.501953125 27.473958333333332 8.865868558553435 11.821158078071248
0 53.80859375 15.234375 6.60196156395994 8.802615418613254
0 44.53125 16.015625 6.7691262856502785 9.025501714200372
0 35.986328125 15.169270833333334 6.587839704871492 8.783786273161988
0 76.513671875 16.341145833333336 6.837572174807153 9.116762899742872
0 78.466796875 16.2109375 6.810276368536802 9.080368491382403
0 76.5625 17.643229166666664 7.104764847914316 9.473019797219088
0 80.712890625 16.2109375 6.810276368536802 9.080368491382403
0 81.73828125 17.643229166666664 7.104764847914316 9.473019797219088
0 91.2109375 17.7734375 7.130933499479933 9.50791133263991
0 96.240234375 20.442708333333336 7.647683158045451 10.196910877393934
0 98.92578125 20.833333333333336 7.720404443770458 10.293872591693944
0 87.109375 20.1171875 7.586549618320344 10.115399491093791
0 84.619140625 21.2890625 7.804389558437758 10.405852744583676
