0 92.041015625 74.609375 14.610240727033478 19.48032096937797
0 99.755859375 58.0078125 12.882611645022848 17.17681552669713
0 99.90234375 44.01041666666667 11.221176947540428 14.961569263387236
0 99.755859375 34.44010416666667 9.926425761285763 13.235234348381017
0 87.3046875 33.07291666666667 9.727403229070575 12.9698709720941
0 70.80078125 32.03125 9.572990198582838 12.763986931443785
0 63.76953125 47.72135416666667 11.684686107834867 15.579581477113155
0 89.74609375 30.794270833333332 9.386325988299376 12.515101317732501
0 81.4453125 26.171875 8.653226854710587 11.537635806280782
0 68.75 22.4609375 8.016311973000304 10.688415964000404
0 96.19140625 28.776041666666668 9.073528288158268 12.098037717544358
0 89.0625 24.153645833333336 8.312889692307273 11.083852923076364
0 48.53515625 23.2421875 8.154534433525017 10.872712578033356
0 25.244140625 25.065104166666668 8.468284256293707 11.291045675058275
0 10.693359375 32.6171875 9.660151239834237 12.880201653112316
0 11.279296875 21.09375 7.768507117527988 10.358009490037318
0 34.228515625 21.549479166666664 7.85197774064246 10.469303654189947
0 46.337890625 18.75 7.32421875 9.765625
0 56.0546875 21.354166666666664 7.816313766397521 10.421751688530028
0 67.822265625 16.276041666666664 6.823937919616058 9.09858389282141
0 78.662109375 18.489583333333336 7.273178276253042 9.697571035004056
0 90.4296875 21.875 7.911060422861158 10.548080563814876
0 1.3671875 20.638020833333336 7.684129829110212 10.245506438813615
0 9.08203125 18.1640625 7.208869513560617 9.611826018080823
0 36.083984375 16.471354166666664 6.864759447755123 9.15301259700683
0 56.73828125 13.0859375 6.118755388111396 8.15834051748186
0 27.197265625 20.638020833333336 7.684129829110212 10.245506438813615
0 33.30078125 14.778645833333334 6.502464524127966 8.669952698837287
0 80.859375 14.908854166666666 6.531046923532928 8.708062564710572
0 23.291015625 19.856770833333336 7.537285788103314 10.049714384137753
0 16.015625 18.619791666666664 7.298743129334349 9.731657505779133
0 5.517578125 18.294270833333336 7.234661615679748 9.646215487572997
0 22.4609375 16.471354166666664 6.864759447755123 9.15301259700683
0 25.927734375 16.015625 6.7691262856502785 9.025501714200372
0 45.3125 16.471354166666664 6.864759447755123 9.15301259700683
0 47.8515625 15.559895833333334 6.672122530845778 8.896163374461038
0 73.2421875 17.513020833333336 7.0784994535786145 9.437999271438152
