0 97.8515625 46.484375 11.532253190729483 15.376337587639311
0 87.744140625 57.747395833333336 12.853661919343681 17.13821589245824
0 75.78125 51.302083333333336 12.115132593554204 16.153510124738936
0 65.673828125 53.776041666666664 12.403809468323715 16.53841262443162
0 51.025390625 80.53385416666666 15.179235980768906 20.238981307691876
0 53.22265625 43.22916666666667 11.121134740166381 14.828179653555177
0 38.57421875 36.78385416666667 10.258628121320564 13.678170828427419
0 20.80078125 50.260416666666664 11.991505556877746 15.988674075836995
0 6.54296875 73.95833333333334 14.546356552506085 19.395142070008113
0 7.8125 36.1328125 10.167438506443897 13.556584675258529
0 32.32421875 30.208333333333332 9.296598029619028 12.395464039492039
0 49.072265625 34.5703125 9.945172568847854 13.26023009179714
0 58.30078125 31.640625 9.51443925056146 12.685919000748614
0 65.673828125 40.625 10.780958088779109 14.374610785038813
0 79.78515625 36.65364583333333 10.240455160865794 13.653940214487726
0 86.962890625 39.0625 10.57159916729051 14.095465556387346
0 99.267578125 40.234375 10.72900136184506 14.305335149126746
0 72.16796875 30.598958333333332 9.35651227829339 12.475349704391189
0 88.8671875 34.5703125 9.945172568847854 13.26023009179714
0 86.962890625 65.16927083333334 13.65469807201971 18.20626409602628
0 65.52734375 60.15625 13.119009558230394 17.492012744307193
0 65.13671875 59.309895833333336 13.02639524561343 17.368526994151242
0 53.466796875 49.609375 11.913587216762167 15.884782955682889
0 43.212890625 88.34635416666666 15.898457370155159 21.19794316020688
0 17.1875 29.361979166666668 9.16544031840894 12.220587091211922
0 25.341796875 29.231770833333332 9.145095253766906 12.193460338355873
0 7.568359375 28.7109375 9.063258303782652 12.084344405043536
0 3.662109375 21.744791666666664 7.887480458569388 10.51664061142585
0 16.259765625 20.8984375 7.732458166088822 10.309944221451763
0 21.435546875 22.265625 7.981382342908947 10.641843123878598
0 26.3671875 21.744791666666664 7.887480458569388 10.51664061142585
0 31.93359375 20.8984375 7.732458166088822 10.309944221451763
0 38.57421875 26.7578125 8.749555167743805 11.66607355699174
0 44.775390625 33.0078125 9.717824296930333 12.957099062573777
0 50.634765625 27.1484375 8.81318913463968 11.750918846186241
0 72.55859375 24.21875 8.324085508414218 11.098780677885625
