0 95.3125 71.22395833333334 14.274921342195434 19.033228456260577
0 76.46484375 56.380208333333336 12.700593290212897 16.93412438695053
0 44.82421875 67.64322916666666 13.91146401372251 18.548618684963348
0 42.08984375 84.70052083333334 15.566956475655333 20.755941967540444
0 6.787109375 72.8515625 14.437104702776942 19.249472937035925
0 23.046875 57.8125 12.860905460025315 17.14787394670042
0 16.259765625 47.265625 11.628759084019562 15.505012112026082
0 23.2421875 38.8671875 10.545137050275265 14.060182733700355
0 40.8203125 35.67708333333333 10.103116062772735 13.470821417030313
0 40.673828125 45.5078125 11.410473080956981 15.213964107942642
0 60.3515625 41.9921875 10.960867307170393 14.614489742893857
0 54.541015625 34.89583333333333 9.991885707852113 13.322514277136149
0 30.37109375 28.90625 9.094033462982996 12.125377950643994
0 12.939453125 36.97916666666667 10.285827359834423 13.714436479779232
0 57.275390625 24.479166666666664 8.36871899463018 11.15829199284024
0 69.921875 40.4296875 10.755011100284483 14.340014800379311
0 75.146484375 29.8828125 9.24637292940864 12.32849723921152
0 71.58203125 36.65364583333333 10.240455160865794 13.653940214487726
0 90.673828125 42.96875 11.087586745962493 14.783448994616657
0 96.240234375 54.947916666666664 12.538231557723472 16.71764207696463
0 83.69140625 38.21614583333333 10.456446349494515 13.941928465992687
0 75.87890625 23.372395833333336 8.177344364608315 10.903125819477753
0 88.330078125 36.328125 10.194881035455362 13.593174713940485
0 64.74609375 25.455729166666668 8.53401578009617 11.378687706794894
0 86.767578125 32.55208333333333 9.650505554713073 12.86734073961743
0 66.50390625 30.143229166666668 9.286574740419274 12.382099653892366
0 95.3125 38.73697916666667 10.527458685705774 14.036611580941033
0 59.619140625 32.87760416666667 9.698638050580264 12.931517400773687
0 51.708984375 28.90625 9.094033462982996 12.125377950643994
0 44.140625 31.119791666666668 9.4358061729372 12.5810748972496
0 38.18359375 25.911458333333332 8.610068346964042 11.480091129285388
0 52.05078125 18.294270833333336 7.234661615679748 9.646215487572997
0 30.859375 22.916666666666664 8.097228492078614 10.796304656104818
0 20.654296875 23.046875 8.120199399200482 10.82693253226731
0 9.765625 24.348958333333336 8.346432086900233 11.128576115866979
0 21.728515625 29.361979166666668 9.16544031840894 12.220587091211922
0 10.693359375 33.33333333333333 9.765625 13.020833333333334
0 46.484375 55.46875 12.597514306976498 16.796685742635333
0 79.541015625 26.3671875 8.685454999241765 11.580606665655687
0 91.50390625 23.828125 8.256682897014576 11.008910529352768
0 98.974609375 33.203125 9.746532850751532 12.995377134335376
0 69.921875 19.7265625 7.512532730158185 10.01671030687758
0 62.841796875 12.955729166666666 6.088237714617921 8.117650286157229
0 56.54296875 15.169270833333334 6.587839704871492 8.783786273161988
0 39.2578125 21.809895833333336 7.8992792392241125 10.532372318965482
0 30.37109375 18.1640625 7.208869513560617 9.611826018080823
0 18.896484375 18.619791666666664 7.298743129334349 9.731657505779133
0 7.12890625 18.489583333333336 7.273178276253042 9.697571035004056
0 78.955078125 18.1640625 7.208869513560617 9.611826018080823
0 46.826171875 24.0234375 8.290452702152177 11.053936936202902
0 52.5390625 15.0390625 6.559504779115197 8.746006372153596
0 45.751953125 17.3828125 7.052136235529384 9.40284831403918
0 36.083984375 17.513020833333336 7.0784994535786145 9.437999271438152
0 27.978515625 23.046875 8.120199399200482 10.82693253226731
0 24.21875 16.276041666666664 6.823937919616058 9.09858389282141
0 15.91796875 15.494791666666666 6.658149484030587 8.877532645374115
0 25.634765625 19.401041666666664 7.450290292806215 9.933720390408286
0 13.427734375 16.40625 6.8511792970714245 9.134905729428567
0 41.50390625 15.950520833333334 6.755353888299149 9.0071385177322
0 56.787109375 18.9453125 7.3622668956389274 9.816355860851903
0 38.76953125 18.815104166666664 7.336923388776433 9.782564518368577
0 73.876953125 16.145833333333336 6.796587356970242 9.062116475960323
0 88.18359375 21.158854166666664 7.780486318348366 10.373981757797822
0 97.412109375 23.2421875 8.154534433525017 10.872712578033356
0 91.748046875 28.125 8.970299351012615 11.960399134683486
0 43.505859375 17.057291666666664 6.985792933508055 9.31439057801074
0 90.673828125 31.25 9.4555257475767 12.607367663435602
0 13.0859375 25.5859375 8.555814067917595 11.407752090556793
0 4.19921875 27.799479166666668 8.918236814088415 11.890982418784553
0 16.162109375 22.265625 7.981382342908947 10.641843123878598
0 3.7109375 22.591145833333336 8.039514082226251 10.719352109635
0 13.525390625 19.7265625 7.512532730158185 10.01671030687758
0 32.763671875 17.3828125 7.052136235529384 9.40284831403918
0 54.78515625 14.713541666666666 6.488126106405426 8.650834808540568
0 67.48046875 15.8203125 6.72772451325946 8.970299351012613
0 27.978515625 17.838541666666664 7.143981879101334 9.525309172135112
0 21.728515625 18.489583333333336 7.273178276253042 9.697571035004056
0 10.009765625 18.294270833333336 7.234661615679748 9.646215487572997
0 0.9765625 20.377604166666664 7.635495607419925 10.180660809893233
0 80.37109375 51.3671875 12.122817423120853 16.16375656416114
0 78.466796875 21.809895833333336 7.8992792392241125 10.532372318965482
0 90.91796875 20.5078125 7.659851317145468 10.21313508952729
0 65.8203125 19.921875 7.549631882844837 10.066175843793117
0 59.423828125 16.145833333333336 6.796587356970242 9.062116475960323
0 49.072265625 20.5078125 7.659851317145468 10.21313508952729
0 85.595703125 19.921875 7.549631882844837 10.066175843793117
0 76.806640625 16.927083333333336 6.959078522333606 9.278771363111476
0 84.86328125 21.354166666666664 7.816313766397521 10.421751688530028
0 54.052734375 18.619791666666664 7.298743129334349 9.731657505779133
0 4.052734375 18.619791666666664 7.298743129334349 9.731657505779133
0 8.59375 28.580729166666668 9.042683343523592 12.056911124698123
