0 85.009765625 65.69010416666666 13.709153714121216 18.278871618828287
0 96.240234375 54.166666666666664 12.448778109357384 16.598370812476514
0 98.974609375 41.40625 10.884127502518925 14.512170003358568
0 78.955078125 52.799479166666664 12.290668069825603 16.38755742643414
0 69.3359375 59.765625 13.076345999529144 17.43512799937219
0 45.41015625 83.59375 15.464916332177644 20.619888442903527
0 34.814453125 63.0859375 13.434668397860802 17.912891197147736
0 23.53515625 50.1953125 11.983736521039955 15.978315361386604
0 2.197265625 58.984375 12.990598543574682 17.320798058099577
0 11.71875 40.75520833333333 10.79822144345345 14.397628591271266
0 4.1015625 31.575520833333332 9.50464569238125 12.672860923174998
0 9.765625 28.580729166666668 9.042683343523592 12.056911124698123
0 4.00390625 24.609375 8.39094670707246 11.187928942763282
0 5.17578125 16.796875 6.932261164306974 9.243014885742634
0 13.037109375 19.921875 7.549631882844837 10.066175843793117
0 20.849609375 26.236979166666668 8.66398288975732 11.551977186343091
0 11.42578125 17.1875 7.012405574387241 9.349874099182989
0 16.943359375 31.966145833333332 9.56325660155786 12.751008802077147
0 20.1171875 21.419270833333336 7.828219811023351 10.437626414697803
0 30.224609375 34.70052083333333 9.963884104806219 13.28517880640829
0 33.056640625 42.12239583333333 10.977847746951262 14.63713032926835
0 31.54296875 29.4921875 9.185740321833748 12.247653762444997
0 28.369140625 23.893229166666664 8.267954824306681 11.023939765742242
0 27.44140625 13.802083333333334 6.283953943473511 8.378605257964681
0 40.576171875 32.29166666666667 9.611826018080825 12.815768024107768
0 31.34765625 21.614583333333336 7.863829789260941 10.485106385681254
0 41.796875 25.0 8.457279333832409 11.276372445109878
0 30.224609375 19.140625 7.400119417103358 9.866825889471144
0 37.5 14.0625 6.342959500374307 8.457279333832409
0 27.24609375 18.424479166666664 7.2603620931215325 9.680482790828709
0 18.06640625 20.377604166666664 7.635495607419925 10.180660809893233
0 41.50390625 20.052083333333336 7.574263699945591 10.099018266594122
0 18.701171875 15.690104166666666 6.699981201202437 8.933308268269917
0 22.314453125 18.1640625 7.208869513560617 9.611826018080823
0 30.810546875 15.0390625 6.559504779115197 8.746006372153596
0 42.08984375 15.0390625 6.559504779115197 8.746006372153596
0 46.630859375 36.06770833333333 10.158274522151634 13.544366029535512
0 48.388671875 27.864583333333332 8.928673607377803 11.904898143170405
0 51.26953125 47.59114583333333 11.66873431048899 15.55831241398532
0 47.265625 22.65625 8.051090062422436 10.734786749896582
0 56.298828125 15.950520833333334 6.755353888299149 9.0071385177322
0 49.072265625 18.815104166666664 7.336923388776433 9.782564518368577
0 58.837890625 25.5859375 8.555814067917595 11.407752090556793
0 52.197265625 17.317708333333336 7.038917599286375 9.385223465715166
0 61.9140625 30.598958333333332 9.35651227829339 12.475349704391189
0 54.736328125 14.713541666666666 6.488126106405426 8.650834808540568
0 60.986328125 20.5078125 7.659851317145468 10.21313508952729
0 59.86328125 35.02604166666667 10.010509928501419 13.347346571335224
0 64.0625 17.447916666666664 7.065330140863174 9.420440187817565
0 63.37890625 41.27604166666667 10.867000619363317 14.489334159151088
0 78.369140625 37.76041666666667 10.393912576859377 13.85855010247917
0 74.365234375 32.68229166666667 9.669787303317175 12.893049737756234
0 67.041015625 23.502604166666664 8.200090846279542 10.933454461706056
0 80.078125 16.927083333333336 6.959078522333606 9.278771363111476
0 85.546875 35.67708333333333 10.103116062772735 13.470821417030313
0 74.0234375 27.994791666666668 8.94951068030712 11.932680907076158
0 67.1875 18.684895833333336 7.311492035346033 9.748656047128044
0 80.810546875 28.7109375 9.063258303782652 12.084344405043536
0 70.654296875 21.744791666666664 7.887480458569388 10.51664061142585
0 79.6875 24.739583333333336 8.413115693414442 11.217487591219255
0 88.525390625 33.33333333333333 9.765625 13.020833333333334
0 70.947265625 18.5546875 7.28597191547444 9.714629220632586
0 81.93359375 22.395833333333336 8.00468569861084 10.672914264814453
0 90.13671875 24.609375 8.39094670707246 11.187928942763282
0 90.478515625 29.6875 9.216106488367615 12.288141984490153
0 93.9453125 22.981770833333336 8.108722079825698 10.811629439767596
0 86.865234375 21.875 7.911060422861158 10.548080563814876
0 61.42578125 13.346354166666666 6.179338602086361 8.239118136115147
0 86.865234375 16.666666666666664 6.905339660024879 9.207119546699838
0 96.09375 20.638020833333336 7.684129829110212 10.245506438813615
0 95.41015625 94.66145833333334 16.456871048233353 21.942494730977806
0 61.328125 18.033854166666664 7.182984799767957 9.577313066357275
0 75.68359375 20.768229166666664 7.708331872750909 10.277775830334546
