0 97.900390625 55.403645833333336 12.590119228965008 16.78682563862001
0 83.740234375 41.27604166666667 10.867000619363317 14.489334159151088
0 74.8046875 49.4140625 11.89011214525034 15.853482860333786
0 70.556640625 62.174479166666664 13.33726402796152 17.783018703948695
0 62.109375 47.4609375 11.652760676291981 15.537014235055976
0 52.783203125 48.37239583333333 11.764120646604239 15.68549419547232
0 42.578125 47.52604166666667 11.660750228602783 15.547666971470377
0 37.79296875 40.625 10.780958088779109 14.374610785038813
0 24.70703125 37.82552083333333 10.40286898746296 13.870491983283944
0 5.517578125 48.69791666666667 11.803637454720285 15.738183272960379
0 5.908203125 39.84375 10.676791799643494 14.235722399524658
0 10.986328125 33.13802083333333 9.736972737758677 12.982630317011571
0 7.080078125 26.627604166666668 8.728240750778255 11.637654334371007
0 17.724609375 23.4375 8.188725503539269 10.918300671385692
0 22.900390625 23.958333333333336 8.279211405182211 11.038948540242949
0 37.744140625 24.153645833333336 8.312889692307273 11.083852923076364
0 45.947265625 30.403645833333332 9.326603265341873 12.43547102045583
0 40.966796875 32.09635416666667 9.58271390875707 12.77695187834276
0 30.224609375 31.770833333333332 9.53399618640949 12.711994915212655
0 41.11328125 64.38802083333334 13.572604954795583 18.09680660639411
0 62.40234375 37.109375 10.30392029793343 13.738560397244573
0 71.044921875 32.48697916666667 9.640850219074288 12.854466958765718
0 55.2734375 31.119791666666668 9.4358061729372 12.5810748972496
0 53.173828125 25.911458333333332 8.610068346964042 11.480091129285388
0 57.32421875 22.330729166666664 7.993042513249997 10.657390017666662
0 66.162109375 23.177083333333336 8.143105507889608 10.857474010519478
0 65.234375 30.2734375 9.306610523667546 12.408814031556727
0 49.267578125 27.669270833333332 8.897326499702912 11.863101999603883
0 45.1171875 24.739583333333336 8.413115693414442 11.217487591219255
0 41.89453125 21.09375 7.768507117527988 10.358009490037318
0 40.33203125 15.755208333333334 6.7138671875 8.951822916666668
