0 89.892578125 30.143229166666668 9.286574740419274 12.382099653892366
0 88.4765625 65.8203125 13.722733859812692 18.296978479750255
0 68.505859375 59.440104166666664 13.04068641309906 17.38758188413208
0 24.560546875 53.580729166666664 12.381263900818356 16.508351867757806
0 5.46875 59.309895833333336 13.02639524561343 17.368526994151242
0 4.541015625 47.59114583333333 11.66873431048899 15.55831241398532
0 1.953125 33.0078125 9.717824296930333 12.957099062573777
0 1.611328125 23.307291666666664 8.165947363439729 10.88792981791964
0 2.734375 30.143229166666668 9.286574740419274 12.382099653892366
0 24.90234375 33.91927083333333 9.851081781963485 13.134775709284646
0 28.3203125 33.65885416666667 9.813192865486773 13.084257153982362
0 31.25 48.50260416666667 11.779943277355214 15.706591036473618
0 35.888671875 42.12239583333333 10.977847746951262 14.63713032926835
0 29.19921875 44.921875 11.336777112430854 15.11570281657447
0 88.96484375 42.96875 11.087586745962493 14.783448994616657
0 71.77734375 34.11458333333333 9.87940311049722 13.17253748066296
0 66.2109375 33.65885416666667 9.813192865486773 13.084257153982362
0 72.55859375 21.354166666666664 7.816313766397521 10.421751688530028
0 69.482421875 24.088541666666664 8.301678777304348 11.068905036405797
0 63.818359375 25.520833333333332 8.544921875 11.393229166666668
0 69.873046875 31.0546875 9.425930915210266 12.567907886947022
0 86.474609375 23.502604166666664 8.200090846279542 10.933454461706056
0 48.291015625 22.916666666666664 8.097228492078614 10.796304656104818
0 29.833984375 24.544270833333336 8.379840220792225 11.173120294389632
0 31.640625 20.833333333333336 7.720404443770458 10.293872591693944
0 12.5 20.638020833333336 7.684129829110212 10.245506438813615
0 7.470703125 20.052083333333336 7.574263699945591 10.099018266594122
0 58.642578125 22.265625 7.981382342908947 10.641843123878598
0 49.51171875 19.401041666666664 7.450290292806215 9.933720390408286
0 44.82421875 20.963541666666664 7.7444931277157725 10.325990836954363
0 37.060546875 16.145833333333336 6.796587356970242 9.062116475960323
0 63.232421875 14.453125 6.430452730012657 8.57393697335021
0 54.296875 14.518229166666666 6.444919458600731 8.593225944800976
0 87.40234375 27.604166666666668 8.886852892188134 11.849137189584178
0 87.98828125 20.442708333333336 7.647683158045451 10.196910877393934
0 94.82421875 19.401041666666664 7.450290292806215 9.933720390408286
0 97.705078125 28.776041666666668 9.073528288158268 12.098037717544358
0 56.0546875 13.28125 6.16424861960576 8.218998159474348
0 13.8671875 19.140625 7.400119417103358 9.866825889471144
0 8.740234375 17.838541666666664 7.143981879101334 9.525309172135112
0 3.369140625 19.856770833333336 7.537285788103314 10.049714384137753
0 29.345703125 15.494791666666666 6.658149484030587 8.877532645374115
0 86.328125 17.513020833333336 7.0784994535786145 9.437999271438152
0 93.75 23.567708333333336 8.211440458419013 10.948587277892017
0 65.234375 14.778645833333334 6.502464524127966 8.669952698837287
0 32.568359375 16.145833333333336 6.796587356970242 9.062116475960323
0 36.083984375 18.424479166666664 7.2603620931215325 9.680482790828709
0 63.671875 36.328125 10.194881035455362 13.593174713940485
0 39.599609375 23.4375 8.188725503539269 10.918300671385692
0 75.439453125 17.1875 7.012405574387241 9.349874099182989
0 95.1171875 53.841145833333336 12.411315556434788 16.54842074191305
0 90.869140625 44.921875 11.336777112430854 15.11570281657447
0 85.25390625 21.614583333333336 7.863829789260941 10.485106385681254
0 24.951171875 15.494791666666666 6.658149484030587 8.877532645374115
0 73.53515625 26.5625 8.717563999686098 11.62341866624813
0 64.84375 30.729166666666668 9.376398618003673 12.501864824004896
0 52.783203125 27.34375 8.84483443981289 11.793112586417188
0 90.13671875 14.778645833333334 6.502464524127966 8.669952698837287
0 92.08984375 20.182291666666664 7.598815672600545 10.13175423013406
0 92.08984375 31.0546875 9.425930915210266 12.567907886947022
0 91.162109375 38.4765625 10.492012596234792 13.989350128313058
0 82.71484375 38.99739583333333 10.562785827561513 14.083714436748682
0 92.48046875 48.2421875 11.748276705883885 15.664368941178514
0 89.990234375 55.46875 12.597514306976498 16.796685742635333
0 94.53125 68.29427083333334 13.978250110594223 18.63766681412563
0 87.841796875 92.7734375 16.2919284851552 21.722571313540264
0 43.212890625 72.98177083333334 14.450000734560199 19.26666764608026
0 39.404296875 63.411458333333336 13.469284967476753 17.959046623302335
0 3.466796875 76.7578125 14.81910466574583 19.75880622099444
0 1.123046875 65.10416666666666 13.647875839232116 18.19716778564282
0 2.783203125 56.380208333333336 12.700593290212897 16.93412438695053
0 1.3671875 42.90364583333333 11.079183874921476 14.772245166561968
0 13.76953125 37.56510416666667 10.366996918617573 13.822662558156765
0 20.8984375 48.95833333333333 11.835155901895336 15.780207869193779
0 39.35546875 43.61979166666667 11.171267833082963 14.895023777443953
0 43.701171875 35.87239583333333 10.130732832457173 13.507643776609566
0 60.05859375 57.096354166666664 12.781000727155718 17.04133430287429
0 75.537109375 50.9765625 12.076635093633655 16.10218012484487
0 88.232421875 39.32291666666667 10.606779295033428 14.142372393377903
0 89.94140625 25.1953125 8.490251308132054 11.320335077509403
0 81.494140625 25.520833333333332 8.544921875 11.393229166666668
0 77.294921875 29.622395833333332 9.205995562132786 12.274660749510382
0 66.162109375 40.69010416666667 10.789593218788873 14.386124291718497
0 60.546875 32.03125 9.572990198582838 12.763986931443785
0 47.705078125 30.013020833333332 9.266495636406846 12.35532751520913
0 36.572265625 26.302083333333332 8.674725588105405 11.56630078414054
0 13.232421875 28.125 8.970299351012615 11.960399134683486
0 5.810546875 28.971354166666668 9.104268731797058 12.139024975729411
0 5.419921875 22.721354166666664 8.062649422377262 10.75019922983635
0 0.87890625 17.903645833333336 7.157006469457137 9.542675292609516
0 4.052734375 16.40625 6.8511792970714245 9.134905729428567
0 10.25390625 19.205729166666664 7.412693970636669 9.883591960848893
0 13.330078125 15.494791666666666 6.658149484030587 8.877532645374115
0 19.873046875 17.057291666666664 6.985792933508055 9.31439057801074
0 23.6328125 29.752604166666668 9.22620633412535 12.301608445500468
0 18.9453125 27.34375 8.84483443981289 11.793112586417188
0 26.708984375 16.666666666666664 6.905339660024879 9.207119546699838
0 39.501953125 19.791666666666664 7.524919437217989 10.033225916290652
0 42.7734375 22.200520833333336 7.969705113037473 10.626273484049964
0 44.677734375 25.846354166666668 8.59924487524742 11.465659833663226
0 48.14453125 15.169270833333334 6.587839704871492 8.783786273161988
0 42.67578125 18.1640625 7.208869513560617 9.611826018080823
0 39.404296875 16.145833333333336 6.796587356970242 9.062116475960323
0 58.203125 13.28125 6.16424861960576 8.218998159474348
0 56.73828125 17.643229166666664 7.104764847914316 9.473019797219088
0 54.296875 10.7421875 5.543793372981247 7.391724497308329
0 62.20703125 18.619791666666664 7.298743129334349 9.731657505779133
0 60.546875 23.2421875 8.154534433525017 10.872712578033356
0 51.5625 29.296875 9.1552734375 12.20703125
0 51.3671875 22.395833333333336 8.00468569861084 10.672914264814453
0 77.685546875 21.2890625 7.804389558437758 10.405852744583676
0 67.578125 20.963541666666664 7.7444931277157725 10.325990836954363
0 66.845703125 16.40625 6.8511792970714245 9.134905729428567
0 62.451171875 11.328125 5.692980379082528 7.590640505443372
0 60.107421875 15.8203125 6.72772451325946 8.970299351012613
0 46.533203125 14.778645833333334 6.502464524127966 8.669952698837287
0 51.318359375 15.8203125 6.72772451325946 8.970299351012613
0 64.94140625 11.1328125 5.6436895779134915 7.524919437217989
0 45.361328125 13.8671875 6.298757153488249 8.398342871317666
0 40.771484375 13.8671875 6.298757153488249 8.398342871317666
0 34.716796875 15.169270833333334 6.587839704871492 8.783786273161988
0 31.73828125 13.736979166666666 6.269115778861736 8.358821038482315
0 27.5390625 20.833333333333336 7.720404443770458 10.293872591693944
0 21.875 23.4375 8.188725503539269 10.918300671385692
0 19.62890625 20.5078125 7.659851317145468 10.21313508952729
0 81.884765625 21.2890625 7.804389558437758 10.405852744583676
0 80.029296875 16.9921875 6.972448522214271 9.296598029619028
0 85.888671875 14.2578125 6.386855937639267 8.515807916852356
0 88.18359375 17.578125 7.091644310682526 9.455525747576702
0 91.796875 18.1640625 7.208869513560617 9.611826018080823
0 89.013671875 23.567708333333336 8.211440458419013 10.948587277892017
0 92.041015625 22.721354166666664 8.062649422377262 10.75019922983635
0 96.630859375 17.903645833333336 7.157006469457137 9.542675292609516
0 98.291015625 23.958333333333336 8.279211405182211 11.038948540242949
0 71.77734375 16.861979166666664 6.945682786096826 9.260910381462436
0 69.091796875 20.1171875 7.586549618320344 10.115399491093791
0 69.775390625 13.216145833333334 6.149121606326259 8.198828808435012
0 81.884765625 14.778645833333334 6.502464524127966 8.669952698837287
0 85.498046875 19.791666666666664 7.524919437217989 10.033225916290652
0 90.91796875 16.927083333333336 6.959078522333606 9.278771363111476
0 98.779296875 18.1640625 7.208869513560617 9.611826018080823
0 99.51171875 28.255208333333332 8.991039955234518 11.988053273646026
0 43.603515625 13.8671875 6.298757153488249 8.398342871317666
0 37.59765625 13.606770833333334 6.2393335877260965 8.319111450301463
0 19.7265625 12.825520833333334 6.057566296777102 8.076755062369468
0 7.2265625 15.0390625 6.559504779115197 8.746006372153596
0 10.7421875 15.364583333333334 6.6301150458985685 8.840153394531425
0 22.509765625 13.802083333333334 6.283953943473511 8.378605257964681
0 26.513671875 12.044270833333332 5.870173358664351 7.826897811552468
0 33.251953125 13.346354166666666 6.179338602086361 8.239118136115147
0 44.873046875 12.6953125 6.026738787271576 8.0356517163621
0 42.08984375 12.5 5.980199567341744 7.973599423122326
0 29.8828125 12.955729166666666 6.088237714617921 8.117650286157229
0 23.291015625 16.40625 6.8511792970714245 9.134905729428567
0 14.794921875 14.518229166666666 6.444919458600731 8.593225944800976
0 16.162109375 15.104166666666666 6.573687508709111 8.764916678278816
0 2.294921875 15.755208333333334 6.7138671875 8.951822916666668
0 36.083984375 13.736979166666666 6.269115778861736 8.358821038482315
0 67.28515625 13.606770833333334 6.2393335877260965 8.319111450301463
0 64.111328125 12.5 5.980199567341744 7.973599423122326
0 76.318359375 12.6953125 6.026738787271576 8.0356517163621
0 80.76171875 13.802083333333334 6.283953943473511 8.378605257964681
0 78.3203125 17.838541666666664 7.143981879101334 9.525309172135112
0 93.896484375 17.708333333333336 7.117861199762329 9.490481599683106
0 89.6484375 20.182291666666664 7.598815672600545 10.13175423013406
0 68.26171875 11.9140625 5.838356466585996 7.784475288781327
0 60.595703125 12.5 5.980199567341744 7.973599423122326
0 56.34765625 11.71875 5.790303332827843 7.720404443770458
0 77.978515625 13.8671875 6.298757153488249 8.398342871317666
0 93.75 15.494791666666666 6.658149484030587 8.877532645374115
0 83.3984375 16.6015625 6.891839471823862 9.189119295765149
0 23.92578125 12.044270833333332 5.870173358664351 7.826897811552468
0 25.732421875 14.192708333333334 6.372257390692475 8.496343187589966
0 18.115234375 16.145833333333336 6.796587356970242 9.062116475960323
0 18.310546875 12.3046875 5.933295317145868 7.911060422861158
0 29.8828125 17.96875 7.170007400189656 9.56000986691954
0 61.5234375 14.583333333333334 6.459353786778786 8.612471715705048
0 57.470703125 20.5078125 7.659851317145468 10.21313508952729
0 75.634765625 23.046875 8.120199399200482 10.82693253226731
0 71.630859375 12.5 5.980199567341744 7.973599423122326
0 78.90625 13.932291666666666 6.313525654778199 8.418034206370931
0 83.88671875 14.518229166666666 6.444919458600731 8.593225944800976
0 97.265625 20.638020833333336 7.684129829110212 10.245506438813615
0 75.537109375 14.583333333333334 6.459353786778786 8.612471715705048
0 50.9765625 18.815104166666664 7.336923388776433 9.782564518368577
0 82.91015625 18.9453125 7.3622668956389274 9.816355860851903
0 73.046875 13.346354166666666 6.179338602086361 8.239118136115147
0 94.091796875 27.734375 8.907787792557633 11.877050390076842
0 87.79296875 15.625 6.686066375795484 8.914755167727312
0 77.978515625 24.609375 8.39094670707246 11.187928942763282
0 11.23046875 31.119791666666668 9.4358061729372 12.5810748972496
0 6.34765625 17.903645833333336 7.157006469457137 9.542675292609516
0 11.767578125 14.778645833333334 6.502464524127966 8.669952698837287
