0 44.04296875 52.34375 12.237510776222791 16.31668103496372
0 51.806640625 50.911458333333336 12.06892085771801 16.091894476957346
0 66.064453125 58.0078125 12.882611645022848 17.17681552669713
0 44.140625 74.54427083333334 14.603864885260498 19.471819847013997
0 37.109375 61.588541666666664 13.274269513508024 17.6990260180107
0 23.583984375 80.72916666666666 15.19763134520109 20.26350846026812
0 23.33984375 51.3671875 12.122817423120853 16.16375656416114
0 1.708984375 61.067708333333336 13.218022355778636 17.624029807704847
0 6.689453125 46.02864583333333 11.475583298927713 15.300777731903617
0 7.421875 34.30989583333333 9.907643481901811 13.210191309202415
0 1.46484375 36.58854166666667 10.231356576074347 13.641808768099132
0 2.44140625 27.669270833333332 8.897326499702912 11.863101999603883
0 4.58984375 20.572916666666664 7.672000176987631 10.229333569316841
0 16.650390625 30.924479166666668 9.406149296522488 12.541532395363317
0 19.921875 24.739583333333336 8.413115693414442 11.217487591219255
0 9.375 26.3671875 8.685454999241765 11.580606665655687
0 7.421875 18.098958333333336 7.195938795502683 9.594585060670244
0 14.697265625 22.005208333333336 7.9345703125 10.579427083333332
0 25.048828125 13.0859375 6.118755388111396 8.15834051748186
0 27.734375 23.307291666666664 8.165947363439729 10.88792981791964
0 22.8515625 27.5390625 8.876366926421502 11.835155901895336
0 33.203125 35.28645833333333 10.047654805392046 13.39687307385606
0 32.958984375 44.20572916666667 11.24604844524431 14.994731260325747
0 48.779296875 38.21614583333333 10.456446349494515 13.941928465992687
0 43.65234375 31.575520833333332 9.50464569238125 12.672860923174998
0 35.64453125 29.166666666666668 9.134905729428569 12.17987430590476
0 30.029296875 26.236979166666668 8.66398288975732 11.551977186343091
0 36.865234375 18.424479166666664 7.2603620931215325 9.680482790828709
0 42.919921875 25.5859375 8.555814067917595 11.407752090556793
0 51.07421875 23.958333333333336 8.279211405182211 11.038948540242949
0 59.86328125 34.83072916666667 9.982560567502519 13.310080756670025
0 77.34375 53.450520833333336 12.366210686862065 16.488280915816087
0 85.7421875 62.369791666666664 13.358196184228083 17.810928245637445
0 92.578125 52.018229166666664 12.199399469791677 16.265865959722237
0 94.140625 42.12239583333333 10.977847746951262 14.63713032926835
0 87.841796875 43.75 11.187928942763282 14.917238590351042
0 86.865234375 34.9609375 10.001202153426476 13.334936204568635
0 76.611328125 36.45833333333333 10.21313508952729 13.617513452703053
0 73.2421875 27.34375 8.84483443981289 11.793112586417188
0 82.470703125 26.5625 8.717563999686098 11.62341866624813
0 62.98828125 15.494791666666666 6.658149484030587 8.877532645374115
0 63.623046875 26.041666666666668 8.631674575031099 11.508899433374797
0 64.111328125 33.203125 9.746532850751532 12.995377134335376
0 73.828125 31.770833333333332 9.53399618640949 12.711994915212655
0 80.029296875 23.6328125 8.222774405094897 10.963699206793196
0 68.84765625 11.979166666666668 5.854286527481347 7.805715369975129
0 72.119140625 20.247395833333336 7.611061958825638 10.148082611767517
0 11.767578125 18.424479166666664 7.2603620931215325 9.680482790828709
0 21.533203125 13.736979166666666 6.269115778861736 8.358821038482315
0 33.30078125 14.192708333333334 6.372257390692475 8.496343187589966
0 30.419921875 21.223958333333336 7.792447103762027 10.389929471682702
0 42.1875 20.703125 7.6962403643301345 10.261653819106845
0 49.0234375 16.471354166666664 6.864759447755123 9.15301259700683
0 59.619140625 15.364583333333334 6.6301150458985685 8.840153394531425
0 59.619140625 23.307291666666664 8.165947363439729 10.88792981791964
0 10.9375 14.713541666666666 6.488126106405426 8.650834808540568
0 2.44140625 18.294270833333336 7.234661615679748 9.646215487572997
0 87.6953125 20.8984375 7.732458166088822 10.309944221451763
0 89.501953125 29.166666666666668 9.134905729428569 12.17987430590476
0 98.14453125 35.15625 10.029099563693228 13.372132751590971
0 99.267578125 25.911458333333332 8.610068346964042 11.480091129285388
0 95.60546875 16.666666666666664 6.905339660024879 9.207119546699838
0 96.19140625 26.5625 8.717563999686098 11.62341866624813
0 81.8359375 17.96875 7.170007400189656 9.56000986691954
0 68.115234375 16.145833333333336 6.796587356970242 9.062116475960323
0 55.46875 13.28125 6.16424861960576 8.218998159474348
0 78.22265625 17.317708333333336 7.038917599286375 9.385223465715166
0 51.806640625 18.098958333333336 7.195938795502683 9.594585060670244
0 37.20703125 14.84375 6.516771394062079 8.689028525416106
0 13.623046875 14.84375 6.516771394062079 8.689028525416106
0 65.91796875 43.22916666666667 11.121134740166381 14.828179653555177
0 67.724609375 22.200520833333336 7.969705113037473 10.626273484049964
0 92.67578125 28.971354166666668 9.104268731797058 12.139024975729411
0 84.423828125 16.015625 6.7691262856502785 9.025501714200372
0 26.3671875 17.122395833333336 6.9991119025755095 9.332149203434014
0 41.455078125 17.447916666666664 7.065330140863174 9.420440187817565
0 71.630859375 13.411458333333334 6.194391824397107 8.259189099196142
0 78.7109375 28.3203125 9.001392336274797 12.001856448366395
0 45.01953125 13.8671875 6.298757153488249 8.398342871317666
