0 55.615234375 64.97395833333334 13.634221132622484 18.17896151016331
0 95.8984375 68.42447916666666 13.991569075131407 18.655425433508544
0 93.1640625 54.036458333333336 12.433806632973244 16.578408843964322
0 76.171875 51.3671875 12.122817423120853 16.16375656416114
0 61.181640625 55.143229166666664 12.560495377964282 16.74732717061904
0 45.8984375 56.966145833333336 12.766418861909113 17.021891815878817
0 42.822265625 65.625 13.702358594142853 18.269811458857134
0 37.109375 85.61197916666666 15.650489996286726 20.86731999504897
0 22.021484375 55.6640625 12.619673540121662 16.826231386828884
0 1.66015625 75.52083333333334 14.699212132314814 19.598949509753087
0 77.1484375 61.979166666666664 13.316298968061174 17.75506529074823
0 86.474609375 42.7734375 11.062358984614171 14.74981197948556
0 95.60546875 41.66666666666667 10.918300671385692 14.557734228514258
0 82.275390625 37.17447916666667 10.31295486371814 13.75060648495752
0 69.384765625 41.92708333333333 10.952367214920875 14.603156286561166
0 59.912109375 41.92708333333333 10.952367214920875 14.603156286561166
0 51.513671875 37.6953125 10.38494844187839 13.84659792250452
0 59.08203125 32.35677083333333 9.621510480001493 12.828680640001991
0 65.234375 30.208333333333332 9.296598029619028 12.395464039492039
0 69.482421875 32.35677083333333 9.621510480001493 12.828680640001991
0 75.29296875 27.864583333333332 8.928673607377803 11.904898143170405
0 69.82421875 36.5234375 10.22224989284926 13.629666523799013
0 84.86328125 35.22135416666667 10.038381471800859 13.384508629067811
0 88.818359375 36.45833333333333 10.21313508952729 13.617513452703053
0 89.55078125 31.705729166666668 9.524222738236839 12.698963650982451
0 86.083984375 28.450520833333332 9.02206146184966 12.029415282466214
0 79.98046875 26.627604166666668 8.728240750778255 11.637654334371007
0 91.552734375 29.231770833333332 9.145095253766906 12.193460338355873
0 97.36328125 30.338541666666668 9.316612257369233 12.42214967649231
0 80.029296875 23.307291666666664 8.165947363439729 10.88792981791964
0 39.0625 25.78125 8.588407763348565 11.451210351131419
0 42.431640625 30.403645833333332 9.326603265341873 12.43547102045583
0 39.208984375 37.82552083333333 10.40286898746296 13.870491983283944
0 30.419921875 35.02604166666667 10.010509928501419 13.347346571335224
0 21.533203125 35.87239583333333 10.130732832457173 13.507643776609566
0 5.6640625 37.3046875 10.331000292853245 13.77466705713766
0 10.9375 33.984375 9.860531263063667 13.147375017418222
0 7.958984375 30.208333333333332 9.296598029619028 12.395464039492039
0 8.0078125 23.2421875 8.154534433525017 10.872712578033356
0 12.79296875 25.130208333333332 8.479274895904423 11.305699861205897
0 20.8984375 29.6875 9.216106488367615 12.288141984490153
0 18.5546875 23.763020833333336 8.245395560367612 10.993860747156816
0 25.9765625 23.6328125 8.222774405094897 10.963699206793196
0 30.56640625 23.307291666666664 8.165947363439729 10.88792981791964
0 38.8671875 21.2890625 7.804389558437758 10.405852744583676
0 45.703125 22.981770833333336 8.108722079825698 10.811629439767596
0 49.267578125 25.260416666666668 8.501213548086012 11.334951397448016
0 50.537109375 30.403645833333332 9.326603265341873 12.43547102045583
0 57.470703125 24.934895833333336 8.446260072691679 11.26168009692224
0 56.0546875 20.638020833333336 7.684129829110212 10.245506438813615
0 50.537109375 17.838541666666664 7.143981879101334 9.525309172135112
0 46.142578125 19.140625 7.400119417103358 9.866825889471144
0 41.2109375 16.2109375 6.810276368536802 9.080368491382403
0 64.892578125 20.833333333333336 7.720404443770458 10.293872591693944
0 65.869140625 26.3671875 8.685454999241765 11.580606665655687
0 69.62890625 23.893229166666664 8.267954824306681 11.023939765742242
0 62.890625 23.958333333333336 8.279211405182211 11.038948540242949
0 60.693359375 19.010416666666664 7.37490598974278 9.833207986323707
0 65.234375 16.861979166666664 6.945682786096826 9.260910381462436
0 75.78125 23.763020833333336 8.245395560367612 10.993860747156816
0 94.140625 24.479166666666664 8.36871899463018 11.15829199284024
0 88.330078125 26.041666666666668 8.631674575031099 11.508899433374797
0 86.962890625 21.158854166666664 7.780486318348366 10.373981757797822
0 73.095703125 16.861979166666664 6.945682786096826 9.260910381462436
0 33.30078125 15.625 6.686066375795484 8.914755167727312
0 16.30859375 15.364583333333334 6.6301150458985685 8.840153394531425
0 2.63671875 20.963541666666664 7.7444931277157725 10.325990836954363
0 0.390625 54.361979166666664 12.47120162457431 16.628268832765748
0 95.1171875 59.114583333333336 13.004929048255931 17.339905397674574
0 21.484375 61.002604166666664 13.210974622749855 17.61463283033314
0 0.830078125 60.677083333333336 13.175679409742983 17.567572546323976
0 41.845703125 48.69791666666667 11.803637454720285 15.738183272960379
0 60.44921875 46.74479166666667 11.564511304624277 15.419348406165703
0 92.3828125 58.0078125 12.882611645022848 17.17681552669713
0 39.501953125 48.11197916666667 11.732411368860527 15.643215158480702
0 88.037109375 45.8984375 11.459340426952263 15.279120569269683
0 22.8515625 42.12239583333333 10.977847746951262 14.63713032926835
0 26.3671875 26.3671875 8.685454999241765 11.580606665655687
0 21.728515625 40.95052083333333 10.824064850444458 14.432086467259278
0 3.515625 28.190104166666668 8.980675640601907 11.974234187469209
0 56.93359375 27.408854166666668 8.855357744474432 11.807143659299243
0 74.90234375 32.03125 9.572990198582838 12.763986931443785
0 94.62890625 26.888020833333332 8.770817787597604 11.694423716796805
0 38.720703125 27.9296875 8.939098215256843 11.918797620342456
0 46.6796875 26.432291666666668 8.696171172348027 11.594894896464037
0 2.294921875 28.059895833333332 8.959911044862793 11.946548059817056
0 50.29296875 20.3125 7.62328857226367 10.164384763018226
0 51.3671875 20.5078125 7.659851317145468 10.21313508952729
0 70.60546875 19.921875 7.549631882844837 10.066175843793117
0 77.5390625 21.744791666666664 7.887480458569388 10.51664061142585
0 98.2421875 23.893229166666664 8.267954824306681 11.023939765742242
0 98.14453125 33.52864583333333 9.794193442310311 13.05892458974708
0 87.109375 24.283854166666664 8.33526628646708 11.113688381956106
0 97.8515625 25.716145833333332 8.57755695956738 11.436742612756506
0 99.365234375 36.328125 10.194881035455362 13.593174713940485
0 86.42578125 31.380208333333332 9.475204282385269 12.633605709847027
0 99.609375 26.106770833333332 8.642457433170346 11.52327657756046
0 95.41015625 21.940104166666664 7.92282408798045 10.5637654506406
0 80.2734375 20.1171875 7.586549618320344 10.115399491093791
0 76.7578125 17.513020833333336 7.0784994535786145 9.437999271438152
0 67.3828125 18.294270833333336 7.234661615679748 9.646215487572997
0 59.1796875 15.625 6.686066375795484 8.914755167727312
0 43.408203125 16.796875 6.932261164306974 9.243014885742634
0 52.001953125 16.341145833333336 6.837572174807153 9.116762899742872
0 56.34765625 15.0390625 6.559504779115197 8.746006372153596
0 61.5234375 15.494791666666666 6.658149484030587 8.877532645374115
0 29.541015625 31.184895833333332 9.445671106287941 12.594228141717254
0 16.40625 20.963541666666664 7.7444931277157725 10.325990836954363
0 10.3515625 21.484375 7.840107775064166 10.453477033418888
0 2.05078125 24.8046875 8.424178309229896 11.23223774563986
0 5.517578125 19.791666666666664 7.524919437217989 10.033225916290652
0 14.453125 17.513020833333336 7.0784994535786145 9.437999271438152
0 0.439453125 21.158854166666664 7.780486318348366 10.373981757797822
0 30.17578125 18.489583333333336 7.273178276253042 9.697571035004056
0 36.03515625 20.1171875 7.586549618320344 10.115399491093791
0 32.51953125 18.9453125 7.3622668956389274 9.816355860851903
0 27.05078125 15.364583333333334 6.6301150458985685 8.840153394531425
0 22.265625 17.122395833333336 6.9991119025755095 9.332149203434014
0 27.44140625 17.513020833333336 7.0784994535786145 9.437999271438152
0 37.646484375 17.122395833333336 6.9991119025755095 9.332149203434014
0 45.8984375 17.317708333333336 7.038917599286375 9.385223465715166
0 57.71484375 16.471354166666664 6.864759447755123 9.15301259700683
0 41.69921875 19.986979166666664 7.561957820656658 10.08261042754221
0 48.14453125 21.419270833333336 7.828219811023351 10.437626414697803
0 25.0 17.513020833333336 7.0784994535786145 9.437999271438152
0 18.798828125 18.359375 7.247523246483103 9.663364328644137
0 9.9609375 19.270833333333336 7.425247229367944 9.900329639157258
0 73.4375 19.921875 7.549631882844837 10.066175843793117
0 54.98046875 14.713541666666666 6.488126106405426 8.650834808540568
0 35.888671875 16.536458333333336 6.878312786611722 9.171083715482297
0 22.8515625 20.442708333333336 7.647683158045451 10.196910877393934
0 28.076171875 21.614583333333336 7.863829789260941 10.485106385681254
0 84.619140625 24.283854166666664 8.33526628646708 11.113688381956106
0 91.50390625 22.0703125 7.946299173761924 10.595065565015899
0 7.763671875 17.513020833333336 7.0784994535786145 9.437999271438152
0 0.830078125 18.033854166666664 7.182984799767957 9.577313066357275
0 13.18359375 19.596354166666664 7.487697843252746 9.983597124336994
0 33.88671875 17.96875 7.170007400189656 9.56000986691954
0 78.515625 18.619791666666664 7.298743129334349 9.731657505779133
0 93.65234375 20.768229166666664 7.708331872750909 10.277775830334546
0 29.541015625 16.2109375 6.810276368536802 9.080368491382403
0 21.337890625 19.010416666666664 7.37490598974278 9.833207986323707
0 17.626953125 16.9921875 6.972448522214271 9.296598029619028
0 8.740234375 18.359375 7.247523246483103 9.663364328644137
0 71.97265625 15.8203125 6.72772451325946 8.970299351012613
0 80.2734375 17.838541666666664 7.143981879101334 9.525309172135112
0 89.94140625 22.265625 7.981382342908947 10.641843123878598
0 85.693359375 22.0703125 7.946299173761924 10.595065565015899
0 58.056640625 22.135416666666664 7.958010748538389 10.610680998051187
0 96.533203125 23.307291666666664 8.165947363439729 10.88792981791964
0 19.62890625 17.1875 7.012405574387241 9.349874099182989
0 44.287109375 18.294270833333336 7.234661615679748 9.646215487572997
