0 99.31640625 30.729166666666668 9.376398618003673 12.501864824004896
0 95.41015625 24.479166666666664 8.36871899463018 11.15829199284024
0 85.693359375 22.0703125 7.946299173761924 10.595065565015899
0 78.466796875 32.35677083333333 9.621510480001493 12.828680640001991
0 76.5625 20.182291666666664 7.598815672600545 10.13175423013406
0 65.8203125 19.791666666666664 7.524919437217989 10.033225916290652
0 60.791015625 21.940104166666664 7.92282408798045 10.5637654506406
0 60.009765625 14.0625 6.342959500374307 8.457279333832409
0 68.505859375 14.973958333333334 6.545291317604741 8.727055090139656
0 64.404296875 16.015625 6.7691262856502785 9.025501714200372
0 66.69921875 16.015625 6.7691262856502785 9.025501714200372
0 47.75390625 15.885416666666666 6.741553355216833 8.988737806955777
0 39.208984375 17.513020833333336 7.0784994535786145 9.437999271438152
0 25.0 16.080729166666664 6.782870718656271 9.043827624875028
0 15.0390625 14.583333333333334 6.459353786778786 8.612471715705048
0 9.033203125 19.270833333333336 7.425247229367944 9.900329639157258
0 21.2890625 15.755208333333334 6.7138671875 8.951822916666668
0 74.853515625 15.625 6.686066375795484 8.914755167727312
