0 100.09765625 36.78385416666667 10.258628121320564 13.678170828427419
0 96.630859375 41.27604166666667 10.867000619363317 14.489334159151088
0 93.06640625 46.2890625 11.508000265481447 15.344000353975263
0 89.794921875 52.669270833333336 12.275503760448466 16.36733834726462
0 82.03125 61.5234375 13.267251659719333 17.689668879625778
0 74.90234375 52.669270833333336 12.275503760448466 16.36733834726462
0 71.435546875 73.69791666666666 14.520724186243065 19.360965581657418
0 66.552734375 58.723958333333336 12.9618900034151 17.28252000455347
0 69.3359375 13.151041666666666 6.133957288281793 8.178609717709058
0 75.09765625 14.322916666666666 6.401421192444773 8.53522825659303
0 84.619140625 15.234375 6.60196156395994 8.802615418613254
0 77.978515625 14.713541666666666 6.488126106405426 8.650834808540568
0 70.654296875 17.513020833333336 7.0784994535786145 9.437999271438152
0 80.95703125 15.104166666666666 6.573687508709111 8.764916678278816
0 94.62890625 21.484375 7.840107775064166 10.453477033418888
0 97.509765625 27.408854166666668 8.855357744474432 11.807143659299243
0 91.650390625 22.135416666666664 7.958010748538389 10.610680998051187
0 84.716796875 25.716145833333332 8.57755695956738 11.436742612756506
0 87.890625 31.770833333333332 9.53399618640949 12.711994915212655
0 89.306640625 25.520833333333332 8.544921875 11.393229166666668
0 81.640625 20.1171875 7.586549618320344 10.115399491093791
0 74.0234375 27.1484375 8.81318913463968 11.750918846186241
0 80.76171875 27.669270833333332 8.897326499702912 11.863101999603883
0 78.955078125 37.82552083333333 10.40286898746296 13.870491983283944
0 70.654296875 42.51302083333333 11.02863220189981 14.704842935866417
0 64.404296875 41.66666666666667 10.918300671385692 14.557734228514258
0 49.0234375 48.56770833333333 11.787846628312968 15.717128837750623
0 32.666015625 59.5703125 13.054961936161765 17.406615914882355
0 19.43359375 49.21875 11.866590634291736 15.822120845722315
0 10.546875 40.234375 10.72900136184506 14.305335149126746
0 7.958984375 27.278645833333332 8.83429859993294 11.779064799910586
0 21.923828125 28.7109375 9.063258303782652 12.084344405043536
0 30.46875 27.1484375 8.81318913463968 11.750918846186241
0 31.54296875 34.30989583333333 9.907643481901811 13.210191309202415
0 34.326171875 42.3828125 11.01173007365034 14.682306764867118
0 47.509765625 36.65364583333333 10.240455160865794 13.653940214487726
0 42.578125 31.640625 9.51443925056146 12.685919000748614
0 49.90234375 25.846354166666668 8.59924487524742 11.465659833663226
0 54.58984375 22.526041666666664 8.027921409891299 10.703895213188398
0 60.7421875 24.348958333333336 8.346432086900233 11.128576115866979
0 62.109375 30.46875 9.336583582018038 12.448778109357384
0 60.9375 12.044270833333332 5.870173358664351 7.826897811552468
0 59.619140625 35.22135416666667 10.038381471800859 13.384508629067811
0 68.359375 25.846354166666668 8.59924487524742 11.465659833663226
0 72.216796875 21.484375 7.840107775064166 10.453477033418888
0 67.578125 14.322916666666666 6.401421192444773 8.53522825659303
0 60.205078125 20.1171875 7.586549618320344 10.115399491093791
0 65.576171875 14.0625 6.342959500374307 8.457279333832409
0 40.869140625 14.973958333333334 6.545291317604741 8.727055090139656
0 50.0 17.643229166666664 7.104764847914316 9.473019797219088
0 35.302734375 19.596354166666664 7.487697843252746 9.983597124336994
0 32.763671875 14.453125 6.430452730012657 8.57393697335021
0 25.390625 14.84375 6.516771394062079 8.689028525416106
0 29.98046875 13.28125 6.16424861960576 8.218998159474348
0 19.43359375 18.815104166666664 7.336923388776433 9.782564518368577
0 28.857421875 15.104166666666666 6.573687508709111 8.764916678278816
0 6.4453125 18.9453125 7.3622668956389274 9.816355860851903
0 13.18359375 15.364583333333334 6.6301150458985685 8.840153394531425
0 0.78125 23.828125 8.256682897014576 11.008910529352768
0 11.328125 17.903645833333336 7.157006469457137 9.542675292609516
0 21.044921875 14.453125 6.430452730012657 8.57393697335021
0 10.64453125 22.265625 7.981382342908947 10.641843123878598
0 4.78515625 24.609375 8.39094670707246 11.187928942763282
0 36.9140625 15.625 6.686066375795484 8.914755167727312
0 62.5 15.755208333333334 6.7138671875 8.951822916666668
0 80.37109375 23.567708333333336 8.211440458419013 10.948587277892017
0 76.904296875 18.1640625 7.208869513560617 9.611826018080823
0 79.150390625 19.986979166666664 7.561957820656658 10.08261042754221
0 74.609375 18.9453125 7.3622668956389274 9.816355860851903
0 77.490234375 21.614583333333336 7.863829789260941 10.485106385681254
0 67.48046875 19.986979166666664 7.561957820656658 10.08261042754221
0 47.705078125 21.158854166666664 7.780486318348366 10.373981757797822
0 41.796875 18.815104166666664 7.336923388776433 9.782564518368577
0 42.48046875 24.479166666666664 8.36871899463018 11.15829199284024
0 41.064453125 21.2890625 7.804389558437758 10.405852744583676
0 27.001953125 23.307291666666664 8.165947363439729 10.88792981791964
0 27.783203125 17.643229166666664 7.104764847914316 9.473019797219088
0 30.76171875 20.1171875 7.586549618320344 10.115399491093791
0 2.099609375 31.380208333333332 9.475204282385269 12.633605709847027
0 92.87109375 30.598958333333332 9.35651227829339 12.475349704391189
0 73.2421875 31.510416666666668 9.494842032534208 12.659789376712277
0 88.818359375 18.9453125 7.3622668956389274 9.816355860851903
0 45.947265625 70.5078125 14.202973972436642 18.93729862991552
0 17.08984375 12.955729166666666 6.088237714617921 8.117650286157229
0 27.197265625 13.802083333333334 6.283953943473511 8.378605257964681
0 17.28515625 16.666666666666664 6.905339660024879 9.207119546699838
0 9.228515625 16.796875 6.932261164306974 9.243014885742634
0 2.880859375 19.986979166666664 7.561957820656658 10.08261042754221
