0 93.65234375 51.822916666666664 12.176475429235841 16.235300572314458
0 85.693359375 61.393229166666664 13.253204803838173 17.670939738450897
0 75.29296875 53.580729166666664 12.381263900818356 16.508351867757806
0 65.283203125 58.3984375 12.925914663420027 17.234552884560035
0 65.380859375 42.51302083333333 11.02863220189981 14.704842935866417
0 51.513671875 45.96354166666667 11.467464738803672 15.289952985071562
0 48.4375 79.16666666666666 15.049838874435977 20.066451832581304
0 91.30859375 93.29427083333334 16.337596208891814 21.78346161185575
0 39.74609375 60.872395833333336 13.196867865258577 17.59582382034477
0 23.6328125 58.528645833333336 12.940316801217158 17.25375573495621
0 6.298828125 74.28385416666666 14.578333633418197 19.43777817789093
0 1.46484375 60.416666666666664 13.147375017418222 17.52983335655763
0 21.77734375 52.083333333333336 12.20703125 16.276041666666664
0 33.88671875 43.88020833333333 11.2045652775182 14.939420370024267
0 31.93359375 33.3984375 9.775157091093119 13.033542788124159
0 18.310546875 31.184895833333332 9.445671106287941 12.594228141717254
0 7.2265625 37.3046875 10.331000292853245 13.77466705713766
0 3.3203125 32.03125 9.572990198582838 12.763986931443785
0 9.27734375 28.971354166666668 9.104268731797058 12.139024975729411
0 20.1171875 28.190104166666668 8.980675640601907 11.974234187469209
0 6.982421875 24.21875 8.324085508414218 11.098780677885625
0 31.93359375 29.296875 9.1552734375 12.20703125
0 27.5390625 24.21875 8.324085508414218 11.098780677885625
0 36.767578125 21.223958333333336 7.792447103762027 10.389929471682702
0 43.505859375 29.6875 9.216106488367615 12.288141984490153
0 48.974609375 38.8671875 10.545137050275265 14.060182733700355
0 49.462890625 29.427083333333332 9.175595934065496 12.234127912087327
0 59.521484375 34.5703125 9.945172568847854 13.26023009179714
0 64.453125 31.315104166666668 9.465370128949479 12.62049350526597
0 52.44140625 29.1015625 9.124704826492952 12.166273101990603
0 48.53515625 22.395833333333336 8.00468569861084 10.672914264814453
