0 91.11328125 54.752604166666664 12.515928133795093 16.687904178393456
0 84.765625 65.36458333333334 13.675144349614307 18.233525799485744
0 67.3828125 56.705729166666664 12.737205050481693 16.982940067308924
0 42.08984375 58.3984375 12.925914663420027 17.234552884560035
0 52.001953125 50.390625 12.007028547916262 16.00937139722168
0 35.009765625 41.47135416666667 10.892680845687712 14.523574460916949
0 25.9765625 50.911458333333336 12.06892085771801 16.091894476957346
0 31.201171875 30.143229166666668 9.286574740419274 12.382099653892366
0 14.74609375 33.52864583333333 9.794193442310311 13.05892458974708
0 6.787109375 35.9375 10.139921707663666 13.51989561021822
0 0.830078125 54.4921875 12.486128262621328 16.648171016828435
0 3.369140625 31.575520833333332 9.50464569238125 12.672860923174998
0 9.326171875 27.734375 8.907787792557633 11.877050390076842
0 17.626953125 31.380208333333332 9.475204282385269 12.633605709847027
0 21.240234375 24.869791666666664 8.435226416678011 11.246968555570682
0 26.708984375 22.65625 8.051090062422436 10.734786749896582
0 34.27734375 22.200520833333336 7.969705113037473 10.626273484049964
0 37.744140625 30.143229166666668 9.286574740419274 12.382099653892366
