0 56.396484375 55.533854166666664 12.604905046425404 16.80654006190054
0 75.390625 50.9765625 12.076635093633655 16.10218012484487
0 88.134765625 64.71354166666666 13.60687061133298 18.142494148443973
0 97.55859375 54.4921875 12.486128262621328 16.648171016828435
0 92.529296875 39.38802083333333 10.615556110184379 14.154074813579173
0 16.064453125 46.22395833333333 11.499904590708478 15.33320612094464
0 14.306640625 34.70052083333333 9.963884104806219 13.28517880640829
0 22.65625 33.85416666666667 9.841623227903504 13.122164303871338
0 39.208984375 41.14583333333333 10.849846700824694 14.466462267766259
0 58.984375 35.28645833333333 10.047654805392046 13.39687307385606
0 49.12109375 32.421875 9.631185203893738 12.84158027185832
0 40.72265625 31.4453125 9.485028239697298 12.646704319596397
0 32.861328125 33.85416666666667 9.841623227903504 13.122164303871338
0 27.83203125 29.8828125 9.24637292940864 12.32849723921152
0 9.814453125 32.29166666666667 9.611826018080825 12.815768024107768
0 0.439453125 41.34114583333333 10.87556743237638 14.500756576501841
0 74.31640625 40.16927083333333 10.720317425689878 14.293756567586504
0 80.078125 37.82552083333333 10.40286898746296 13.870491983283944
0 79.6875 31.640625 9.51443925056146 12.685919000748614
0 87.060546875 33.07291666666667 9.727403229070575 12.9698709720941
0 90.13671875 25.455729166666668 8.53401578009617 11.378687706794894
0 75.5859375 24.934895833333336 8.446260072691679 11.26168009692224
0 63.623046875 38.34635416666667 10.474244568927316 13.965659425236424
0 66.845703125 31.119791666666668 9.4358061729372 12.5810748972496
0 62.060546875 30.533854166666668 9.346553241646458 12.462070988861944
0 47.900390625 26.953125 8.78142979122202 11.708573054962693
0 52.05078125 25.260416666666668 8.501213548086012 11.334951397448016
0 58.30078125 22.591145833333336 8.039514082226251 10.719352109635
0 68.798828125 21.484375 7.840107775064166 10.453477033418888
0 65.234375 21.809895833333336 7.8992792392241125 10.532372318965482
0 61.181640625 19.7265625 7.512532730158185 10.01671030687758
0 48.828125 18.5546875 7.28597191547444 9.714629220632586
0 38.818359375 23.2421875 8.154534433525017 10.872712578033356
0 32.6171875 24.934895833333336 8.446260072691679 11.26168009692224
0 28.564453125 21.809895833333336 7.8992792392241125 10.532372318965482
0 81.494140625 23.046875 8.120199399200482 10.82693253226731
0 93.06640625 29.4921875 9.185740321833748 12.247653762444997
0 98.828125 34.04947916666667 9.869971697263324 13.159962263017766
0 98.876953125 25.651041666666668 8.566692411876344 11.422256549168457
0 12.6953125 19.856770833333336 7.537285788103314 10.049714384137753
0 26.85546875 19.53125 7.475249459177179 9.966999278902906
0 20.166015625 26.627604166666668 8.728240750778255 11.637654334371007
0 8.349609375 25.78125 8.588407763348565 11.451210351131419
0 3.466796875 23.567708333333336 8.211440458419013 10.948587277892017
0 2.197265625 18.359375 7.247523246483103 9.663364328644137
0 1.611328125 15.690104166666666 6.699981201202437 8.933308268269917
0 0.5859375 16.796875 6.932261164306974 9.243014885742634
0 9.86328125 17.578125 7.091644310682526 9.455525747576702
0 22.0703125 16.276041666666664 6.823937919616058 9.09858389282141
0 17.626953125 22.8515625 8.085718566584333 10.780958088779109
0 17.48046875 20.247395833333336 7.611061958825638 10.148082611767517
0 34.033203125 19.466145833333336 7.462780310447684 9.950373747263578
0 43.017578125 22.8515625 8.085718566584333 10.780958088779109
0 51.904296875 19.075520833333336 7.3875234600282 9.850031280037602
0 71.09375 18.684895833333336 7.311492035346033 9.748656047128044
0 82.763671875 27.213541666666668 8.823750179932228 11.765000239909636
0 79.39453125 27.734375 8.907787792557633 11.877050390076842
0 93.408203125 23.6328125 8.222774405094897 10.963699206793196
0 89.74609375 20.638020833333336 7.684129829110212 10.245506438813615
0 83.69140625 21.6796875 7.875664001809045 10.500885335745393
0 77.05078125 19.140625 7.400119417103358 9.866825889471144
0 67.529296875 16.145833333333336 6.796587356970242 9.062116475960323
0 56.93359375 13.802083333333334 6.283953943473511 8.378605257964681
0 55.76171875 12.565104166666666 5.995752778438873 7.9943370379184975
0 58.59375 12.825520833333334 6.057566296777102 8.076755062369468
0 62.109375 13.346354166666666 6.179338602086361 8.239118136115147
0 61.083984375 12.760416666666666 6.042172202521769 8.056229603362357
0 62.98828125 16.6015625 6.891839471823862 9.189119295765149
0 58.10546875 16.276041666666664 6.823937919616058 9.09858389282141
0 64.35546875 12.955729166666666 6.088237714617921 8.117650286157229
0 66.40625 14.583333333333334 6.459353786778786 8.612471715705048
0 67.67578125 13.151041666666666 6.133957288281793 8.178609717709058
0 69.04296875 13.346354166666666 6.179338602086361 8.239118136115147
0 71.2890625 13.736979166666666 6.269115778861736 8.358821038482315
0 74.951171875 13.997395833333334 6.328259690346595 8.437679587128793
0 75.146484375 16.731770833333336 6.9188135063199665 9.225084675093289
0 73.4375 14.322916666666666 6.401421192444773 8.53522825659303
0 76.7578125 14.908854166666666 6.531046923532928 8.708062564710572
0 78.61328125 16.6015625 6.891839471823862 9.189119295765149
0 78.02734375 13.802083333333334 6.283953943473511 8.378605257964681
0 80.078125 15.364583333333334 6.6301150458985685 8.840153394531425
0 82.666015625 16.796875 6.932261164306974 9.243014885742634
0 81.494140625 15.690104166666666 6.699981201202437 8.933308268269917
0 94.62890625 20.8984375 7.732458166088822 10.309944221451763
0 6.640625 19.270833333333336 7.425247229367944 9.900329639157258
0 5.419921875 17.3828125 7.052136235529384 9.40284831403918
0 15.13671875 15.950520833333334 6.755353888299149 9.0071385177322
0 19.43359375 13.802083333333334 6.283953943473511 8.378605257964681
0 25.09765625 14.388020833333334 6.415953381844678 8.554604509126236
0 31.201171875 19.466145833333336 7.462780310447684 9.950373747263578
0 25.68359375 17.122395833333336 6.9991119025755095 9.332149203434014
0 33.740234375 15.559895833333334 6.672122530845778 8.896163374461038
0 36.71875 18.359375 7.247523246483103 9.663364328644137
0 40.72265625 14.778645833333334 6.502464524127966 8.669952698837287
0 45.556640625 14.973958333333334 6.545291317604741 8.727055090139656
0 45.849609375 13.151041666666666 6.133957288281793 8.178609717709058
0 46.875 13.151041666666666 6.133957288281793 8.178609717709058
0 51.904296875 12.955729166666666 6.088237714617921 8.117650286157229
0 48.388671875 13.997395833333334 6.328259690346595 8.437679587128793
0 49.951171875 12.174479166666668 5.901818727360142 7.8690916364801895
0 47.4609375 16.536458333333336 6.878312786611722 9.171083715482297
0 45.3125 19.53125 7.475249459177179 9.966999278902906
0 44.53125 14.518229166666666 6.444919458600731 8.593225944800976
0 42.48046875 13.606770833333334 6.2393335877260965 8.319111450301463
0 36.1328125 13.802083333333334 6.283953943473511 8.378605257964681
0 35.05859375 14.518229166666666 6.444919458600731 8.593225944800976
0 38.623046875 13.802083333333334 6.283953943473511 8.378605257964681
0 31.0546875 14.583333333333334 6.459353786778786 8.612471715705048
0 32.12890625 13.932291666666666 6.313525654778199 8.418034206370931
0 29.736328125 13.802083333333334 6.283953943473511 8.378605257964681
0 28.173828125 16.080729166666664 6.782870718656271 9.043827624875028
0 26.708984375 13.997395833333334 6.328259690346595 8.437679587128793
0 23.583984375 14.192708333333334 6.372257390692475 8.496343187589966
0 22.802734375 14.127604166666666 6.3576253222655215 8.476833763020695
0 20.751953125 14.713541666666666 6.488126106405426 8.650834808540568
0 14.404296875 14.908854166666666 6.531046923532928 8.708062564710572
0 11.1328125 14.518229166666666 6.444919458600731 8.593225944800976
0 52.24609375 16.927083333333336 6.959078522333606 9.278771363111476
0 60.595703125 15.755208333333334 6.7138671875 8.951822916666668
0 84.375 17.7734375 7.130933499479933 9.50791133263991
0 85.400390625 20.1171875 7.586549618320344 10.115399491093791
0 95.21484375 33.07291666666667 9.727403229070575 12.9698709720941
0 97.119140625 23.2421875 8.154534433525017 10.872712578033356
0 90.625 19.466145833333336 7.462780310447684 9.950373747263578
0 84.814453125 15.950520833333334 6.755353888299149 9.0071385177322
0 93.701171875 18.880208333333336 7.349606066157407 9.799474754876544
0 86.42578125 16.6015625 6.891839471823862 9.189119295765149
0 95.80078125 21.223958333333336 7.792447103762027 10.389929471682702
0 88.818359375 17.708333333333336 7.117861199762329 9.490481599683106
0 96.337890625 19.7265625 7.512532730158185 10.01671030687758
0 98.291015625 20.703125 7.6962403643301345 10.261653819106845
0 94.482421875 18.1640625 7.208869513560617 9.611826018080823
