0 76.46484375 52.278645833333336 12.229898016060718 16.306530688080954
0 77.587890625 32.09635416666667 9.58271390875707 12.77695187834276
0 68.701171875 24.739583333333336 8.413115693414442 11.217487591219255
0 50.1953125 21.09375 7.768507117527988 10.358009490037318
0 25.0 27.473958333333332 8.865868558553435 11.821158078071248
0 17.28515625 21.549479166666664 7.85197774064246 10.469303654189947
0 7.373046875 20.377604166666664 7.635495607419925 10.180660809893233
0 2.63671875 21.875 7.911060422861158 10.548080563814876
0 13.57421875 18.489583333333336 7.273178276253042 9.697571035004056
0 12.060546875 20.8984375 7.732458166088822 10.309944221451763
0 1.46484375 37.36979166666667 10.340011197569225 13.786681596758967
0 24.12109375 16.40625 6.8511792970714245 9.134905729428567
0 38.525390625 15.755208333333334 6.7138671875 8.951822916666668
0 52.24609375 14.6484375 6.473755931273323 8.631674575031097
0 46.142578125 17.252604166666664 7.025674092542321 9.367565456723094
0 64.111328125 15.625 6.686066375795484 8.914755167727312
0 50.1953125 12.239583333333332 5.917577950947668 7.8901039345968895
0 44.775390625 16.40625 6.8511792970714245 9.134905729428567
0 40.33203125 17.252604166666664 7.025674092542321 9.367565456723094
0 30.37109375 18.033854166666664 7.182984799767957 9.577313066357275
0 34.619140625 15.625 6.686066375795484 8.914755167727312
0 71.533203125 19.140625 7.400119417103358 9.866825889471144
0 79.931640625 25.520833333333332 8.544921875 11.393229166666668
0 78.515625 19.140625 7.400119417103358 9.866825889471144
0 77.05078125 18.1640625 7.208869513560617 9.611826018080823
0 54.8828125 28.90625 9.094033462982996 12.125377950643994
0 93.26171875 32.16145833333333 9.592427762147041 12.789903682862722
0 87.79296875 25.1953125 8.490251308132054 11.320335077509403
0 98.876953125 51.041666666666664 12.084344405043538 16.112459206724715
0 99.267578125 22.200520833333336 7.969705113037473 10.626273484049964
0 81.54296875 18.619791666666664 7.298743129334349 9.731657505779133
0 61.03515625 38.0859375 10.438617783500408 13.918157044667211
0 56.005859375 38.60677083333333 10.509750584547465 14.01300077939662
0 51.953125 34.63541666666667 9.954532733337459 13.272710311116612
0 27.197265625 52.1484375 12.214658261834412 16.286211015779216
0 6.103515625 51.627604166666664 12.153508149255297 16.204677532340394
0 50.87890625 74.93489583333334 14.642078290887643 19.522771054516856
0 63.427734375 90.29947916666666 16.0732349637008 21.430979951601064
0 68.06640625 78.64583333333334 15.000251132134409 20.00033484284588
0 81.4453125 72.265625 14.378929430407405 19.171905907209876
0 86.71875 67.90364583333334 13.938216853844281 18.58428913845904
0 92.7734375 69.79166666666666 14.130660281726348 18.84088037563513
0 98.53515625 42.70833333333333 11.053936936202902 14.738582581603868
0 94.091796875 27.604166666666668 8.886852892188134 11.849137189584178
0 96.6796875 26.497395833333332 8.706874156303165 11.609165541737553
0 92.3828125 24.348958333333336 8.346432086900233 11.128576115866979
0 46.58203125 23.502604166666664 8.200090846279542 10.933454461706056
0 44.384765625 21.875 7.911060422861158 10.548080563814876
0 42.626953125 19.791666666666664 7.524919437217989 10.033225916290652
0 41.30859375 20.052083333333336 7.574263699945591 10.099018266594122
0 18.212890625 27.278645833333332 8.83429859993294 11.779064799910586
0 26.5625 21.419270833333336 7.828219811023351 10.437626414697803
0 20.8984375 25.455729166666668 8.53401578009617 11.378687706794894
0 15.380859375 27.278645833333332 8.83429859993294 11.779064799910586
0 8.88671875 26.171875 8.653226854710587 11.537635806280782
0 3.22265625 31.705729166666668 9.524222738236839 12.698963650982451
0 23.14453125 20.052083333333336 7.574263699945591 10.099018266594122
0 32.861328125 20.052083333333336 7.574263699945591 10.099018266594122
0 53.076171875 22.526041666666664 8.027921409891299 10.703895213188398
0 60.595703125 23.828125 8.256682897014576 11.008910529352768
0 65.72265625 20.247395833333336 7.611061958825638 10.148082611767517
0 80.078125 21.354166666666664 7.816313766397521 10.421751688530028
0 76.806640625 24.674479166666664 8.402038511923953 11.202718015898604
0 61.669921875 13.541666666666666 6.224389054678692 8.299185406238257
0 56.005859375 14.6484375 6.473755931273323 8.631674575031097
0 57.12890625 20.572916666666664 7.672000176987631 10.229333569316841
0 20.703125 19.7265625 7.512532730158185 10.01671030687758
0 75.1953125 16.471354166666664 6.864759447755123 9.15301259700683
0 89.208984375 18.424479166666664 7.2603620931215325 9.680482790828709
