0 89.16015625 70.44270833333334 14.196415221695565 18.92855362892742
0 85.25390625 59.830729166666664 13.083466253800058 17.444621671733408
0 91.796875 50.716145833333336 12.045748508295013 16.06099801106002
0 99.365234375 40.36458333333333 10.746348182164922 14.328464242886563
0 99.755859375 30.6640625 9.366460725843998 12.48861430112533
0 75.29296875 52.278645833333336 12.229898016060718 16.306530688080954
0 64.794921875 59.830729166666664 13.083466253800058 17.444621671733408
0 54.296875 47.00520833333333 11.5966796875 15.462239583333334
0 40.234375 49.86979166666667 11.944815546130936 15.92642072817458
0 11.083984375 78.97135416666666 15.031262641631777 20.041683522175703
0 1.220703125 59.049479166666664 12.99776577090262 17.330354361203494
0 8.49609375 39.453125 10.624325674761481 14.165767566348642
0 0.927734375 33.91927083333333 9.851081781963485 13.134775709284646
0 2.44140625 27.34375 8.84483443981289 11.793112586417188
0 4.1015625 21.09375 7.768507117527988 10.358009490037318
0 31.494140625 33.0078125 9.717824296930333 12.957099062573777
0 33.447265625 40.88541666666667 10.81545724284018 14.42060965712024
0 22.36328125 52.799479166666664 12.290668069825603 16.38755742643414
0 18.5546875 34.04947916666667 9.869971697263324 13.159962263017766
0 21.6796875 24.479166666666664 8.36871899463018 11.15829199284024
0 31.298828125 19.401041666666664 7.450290292806215 9.933720390408286
0 27.001953125 23.177083333333336 8.143105507889608 10.857474010519478
0 44.482421875 26.302083333333332 8.674725588105405 11.56630078414054
0 40.33203125 32.74739583333333 9.679413773897526 12.905885031863368
0 50.732421875 26.822916666666668 8.760192928715409 11.680257238287211
0 47.021484375 22.395833333333336 8.00468569861084 10.672914264814453
0 40.52734375 19.921875 7.549631882844837 10.066175843793117
0 41.30859375 13.736979166666666 6.269115778861736 8.358821038482315
0 49.365234375 20.572916666666664 7.672000176987631 10.229333569316841
0 61.376953125 20.833333333333336 7.720404443770458 10.293872591693944
0 58.59375 26.822916666666668 8.760192928715409 11.680257238287211
0 60.302734375 32.87760416666667 9.698638050580264 12.931517400773687
0 62.744140625 27.083333333333332 8.802615418613255 11.736820558151006
0 73.6328125 26.041666666666668 8.631674575031099 11.508899433374797
0 78.662109375 33.7890625 9.832155574699105 13.109540766265473
0 77.880859375 42.31770833333333 11.00326927326657 14.671025697688759
0 84.130859375 41.53645833333333 10.901227477717134 14.53496997028951
0 73.92578125 30.2734375 9.306610523667546 12.408814031556727
0 86.9140625 34.44010416666667 9.926425761285763 13.235234348381017
0 89.2578125 26.302083333333332 8.674725588105405 11.56630078414054
0 93.701171875 29.8828125 9.24637292940864 12.32849723921152
0 95.947265625 21.484375 7.840107775064166 10.453477033418888
0 80.126953125 22.395833333333336 8.00468569861084 10.672914264814453
0 89.94140625 22.526041666666664 8.027921409891299 10.703895213188398
0 81.396484375 28.7109375 9.063258303782652 12.084344405043536
0 34.326171875 14.2578125 6.386855937639267 8.515807916852356
0 24.21875 14.388020833333334 6.415953381844678 8.554604509126236
0 11.279296875 16.2109375 6.810276368536802 9.080368491382403
0 18.017578125 19.661458333333336 7.500125566067204 10.00016742142294
0 25.9765625 17.838541666666664 7.143981879101334 9.525309172135112
0 32.666015625 26.171875 8.653226854710587 11.537635806280782
0 47.607421875 33.65885416666667 9.813192865486773 13.084257153982362
0 64.306640625 40.75520833333333 10.79822144345345 14.397628591271266
0 95.361328125 18.489583333333336 7.273178276253042 9.697571035004056
0 86.42578125 17.1875 7.012405574387241 9.349874099182989
0 54.78515625 11.9140625 5.838356466585996 7.784475288781327
0 61.865234375 10.7421875 5.543793372981247 7.391724497308329
0 56.34765625 14.518229166666666 6.444919458600731 8.593225944800976
0 45.166015625 13.4765625 6.209408553886659 8.279211405182211
0 37.40234375 14.6484375 6.473755931273323 8.631674575031097
0 7.03125 16.927083333333336 6.959078522333606 9.278771363111476
0 10.15625 29.231770833333332 9.145095253766906 12.193460338355873
0 6.34765625 20.3125 7.62328857226367 10.164384763018226
0 13.330078125 15.690104166666666 6.699981201202437 8.933308268269917
0 21.97265625 14.388020833333334 6.415953381844678 8.554604509126236
0 28.173828125 16.6015625 6.891839471823862 9.189119295765149
0 69.7265625 12.955729166666666 6.088237714617921 8.117650286157229
0 98.486328125 20.182291666666664 7.598815672600545 10.13175423013406
0 66.943359375 21.09375 7.768507117527988 10.358009490037318
0 82.958984375 20.833333333333336 7.720404443770458 10.293872591693944
0 99.853515625 24.479166666666664 8.36871899463018 11.15829199284024
0 19.43359375 13.606770833333334 6.2393335877260965 8.319111450301463
0 49.658203125 15.0390625 6.559504779115197 8.746006372153596
0 69.53125 17.317708333333336 7.038917599286375 9.385223465715166
0 72.16796875 19.921875 7.549631882844837 10.066175843793117
0 3.125 15.8203125 6.72772451325946 8.970299351012613
0 31.005859375 13.0859375 6.118755388111396 8.15834051748186
0 58.49609375 12.044270833333332 5.870173358664351 7.826897811552468
0 78.662109375 15.299479166666666 6.61605328023645 8.821404373648601
0 73.14453125 13.346354166666666 6.179338602086361 8.239118136115147
0 83.056640625 16.341145833333336 6.837572174807153 9.116762899742872
0 66.357421875 14.2578125 6.386855937639267 8.515807916852356
0 90.0390625 33.26822916666667 9.756083595670033 13.008111460893376
0 85.546875 15.8203125 6.72772451325946 8.970299351012613
0 35.25390625 13.346354166666666 6.179338602086361 8.239118136115147
0 28.662109375 13.216145833333334 6.149121606326259 8.198828808435012
0 87.79296875 16.341145833333336 6.837572174807153 9.116762899742872
0 27.685546875 13.8671875 6.298757153488249 8.398342871317666
0 92.7734375 22.395833333333336 8.00468569861084 10.672914264814453
0 43.505859375 13.736979166666666 6.269115778861736 8.358821038482315
0 15.087890625 16.6015625 6.891839471823862 9.189119295765149
0 99.560546875 20.182291666666664 7.598815672600545 10.13175423013406
0 1.220703125 16.080729166666664 6.782870718656271 9.043827624875028
0 12.451171875 22.916666666666664 8.097228492078614 10.796304656104818
0 32.470703125 14.2578125 6.386855937639267 8.515807916852356
0 39.35546875 14.127604166666666 6.3576253222655215 8.476833763020695
0 71.484375 15.0390625 6.559504779115197 8.746006372153596
0 89.2578125 19.010416666666664 7.37490598974278 9.833207986323707
0 98.681640625 35.7421875 10.11233003282525 13.483106710433667
0 86.62109375 20.3125 7.62328857226367 10.164384763018226
0 75.9765625 13.736979166666666 6.269115778861736 8.358821038482315
0 0.537109375 45.3125 11.385960758165057 15.181281010886744
0 94.189453125 25.130208333333332 8.479274895904423 11.305699861205897
0 62.548828125 15.690104166666666 6.699981201202437 8.933308268269917
0 58.59375 16.471354166666664 6.864759447755123 9.15301259700683
0 76.26953125 16.2109375 6.810276368536802 9.080368491382403
0 60.693359375 17.96875 7.170007400189656 9.56000986691954
0 5.37109375 15.559895833333334 6.672122530845778 8.896163374461038
0 46.923828125 13.997395833333334 6.328259690346595 8.437679587128793
0 93.26171875 17.1875 7.012405574387241 9.349874099182989
0 63.232421875 12.565104166666666 5.995752778438873 7.9943370379184975
