0 84.66796875 86.00260416666666 15.686153901240719 20.914871868320958
0 85.888671875 63.802083333333336 13.510707776598299 18.0142770354644
0 69.140625 59.1796875 13.012088382158108 17.34945117621081
0 36.1328125 60.807291666666664 13.18980882871967 17.586411771626228
0 23.046875 50.0 11.960399134683488 15.947198846244651
0 1.416015625 59.505208333333336 13.047826126972625 17.397101502630168
0 1.513671875 44.140625 11.237764062208234 14.983685416277645
0 13.037109375 36.19791666666667 10.17659423860661 13.568792318142146
0 16.650390625 41.14583333333333 10.849846700824694 14.466462267766259
0 22.509765625 29.361979166666668 9.16544031840894 12.220587091211922
0 15.771484375 29.4921875 9.185740321833748 12.247653762444997
0 32.03125 35.67708333333333 10.103116062772735 13.470821417030313
0 35.888671875 42.1875 10.986328125 14.6484375
0 47.65625 36.97916666666667 10.285827359834423 13.714436479779232
0 52.294921875 49.67447916666667 11.92140196815467 15.895202624206226
0 67.041015625 42.31770833333333 11.00326927326657 14.671025697688759
0 75.0 52.473958333333336 12.25272210686324 16.336962809150986
0 74.0234375 38.80208333333333 10.536301575703167 14.048402100937555
0 90.625 50.9765625 12.076635093633655 16.10218012484487
0 45.5078125 27.864583333333332 8.928673607377803 11.904898143170405
0 51.513671875 30.46875 9.336583582018038 12.448778109357384
0 61.669921875 35.3515625 10.056919588186085 13.409226117581447
0 80.126953125 39.19270833333333 10.589203840879804 14.118938454506406
0 91.89453125 45.83333333333333 11.45121035113142 15.268280468175227
0 88.76953125 35.48177083333333 10.075423595714831 13.433898127619774
0 73.388671875 27.018229166666668 8.792028986137655 11.722705314850208
0 61.669921875 30.338541666666668 9.316612257369233 12.42214967649231
0 42.28515625 24.153645833333336 8.312889692307273 11.083852923076364
0 32.421875 28.190104166666668 8.980675640601907 11.974234187469209
0 2.783203125 31.510416666666668 9.494842032534208 12.659789376712277
0 9.130859375 27.864583333333332 8.928673607377803 11.904898143170405
