0 86.23046875 71.484375 14.300994279614235 19.067992372818978
0 98.828125 65.4296875 13.68195298551019 18.242603980680254
0 97.412109375 53.059895833333336 12.320940697135223 16.427920929513633
0 78.173828125 46.80989583333333 11.572561783360925 15.430082377814566
0 94.873046875 41.66666666666667 10.918300671385692 14.557734228514258
0 62.79296875 50.1953125 11.983736521039955 15.978315361386604
0 44.140625 82.09635416666666 15.32578067564663 20.434374234195506
0 37.060546875 66.53645833333334 13.79718573664223 18.39624764885631
0 44.287109375 58.854166666666664 12.976252212810852 17.301669617081135
0 24.21875 54.361979166666664 12.47120162457431 16.628268832765748
0 2.34375 68.61979166666666 14.011523783262936 18.682031711017245
0 0.537109375 56.119791666666664 12.67122771730145 16.894970289735266
0 44.62890625 44.921875 11.336777112430854 15.11570281657447
0 59.765625 40.10416666666667 10.711626449453275 14.282168599271033
0 69.873046875 39.12760416666667 10.580405165624827 14.107206887499771
0 42.08984375 33.85416666666667 9.841623227903504 13.122164303871338
0 23.2421875 33.07291666666667 9.727403229070575 12.9698709720941
0 5.46875 37.36979166666667 10.340011197569225 13.786681596758967
0 3.173828125 28.385416666666668 9.011732824849489 12.015643766465985
0 10.986328125 33.85416666666667 9.841623227903504 13.122164303871338
0 22.265625 28.255208333333332 8.991039955234518 11.988053273646026
0 8.447265625 28.255208333333332 8.991039955234518 11.988053273646026
0 14.84375 24.544270833333336 8.379840220792225 11.173120294389632
0 29.1015625 28.255208333333332 8.991039955234518 11.988053273646026
0 34.765625 26.953125 8.78142979122202 11.708573054962693
0 43.65234375 30.794270833333332 9.386325988299376 12.515101317732501
0 52.5390625 34.30989583333333 9.907643481901811 13.210191309202415
0 60.595703125 32.421875 9.631185203893738 12.84158027185832
0 71.533203125 33.07291666666667 9.727403229070575 12.9698709720941
0 80.810546875 32.87760416666667 9.698638050580264 12.931517400773687
0 90.673828125 31.119791666666668 9.4358061729372 12.5810748972496
0 75.78125 27.734375 8.907787792557633 11.877050390076842
0 86.328125 33.203125 9.746532850751532 12.995377134335376
0 99.21875 30.989583333333332 9.416045300623482 12.554727067497975
0 94.873046875 25.0 8.457279333832409 11.276372445109878
0 86.572265625 26.302083333333332 8.674725588105405 11.56630078414054
0 78.662109375 25.0 8.457279333832409 11.276372445109878
0 65.283203125 26.627604166666668 8.728240750778255 11.637654334371007
0 55.224609375 25.0 8.457279333832409 11.276372445109878
0 43.896484375 25.325520833333332 8.512161670520847 11.349548894027794
0 50.048828125 25.520833333333332 8.544921875 11.393229166666668
0 68.06640625 23.567708333333336 8.211440458419013 10.948587277892017
0 58.447265625 21.354166666666664 7.816313766397521 10.421751688530028
0 46.6796875 23.2421875 8.154534433525017 10.872712578033356
0 37.060546875 24.739583333333336 8.413115693414442 11.217487591219255
0 29.833984375 22.330729166666664 7.993042513249997 10.657390017666662
0 24.560546875 23.763020833333336 8.245395560367612 10.993860747156816
0 18.06640625 21.6796875 7.875664001809045 10.500885335745393
0 11.81640625 22.135416666666664 7.958010748538389 10.610680998051187
0 3.90625 22.330729166666664 7.993042513249997 10.657390017666662
0 54.98046875 18.9453125 7.3622668956389274 9.816355860851903
0 48.33984375 19.921875 7.549631882844837 10.066175843793117
0 40.4296875 18.619791666666664 7.298743129334349 9.731657505779133
0 34.912109375 18.619791666666664 7.298743129334349 9.731657505779133
0 20.361328125 17.513020833333336 7.0784994535786145 9.437999271438152
0 8.349609375 19.270833333333336 7.425247229367944 9.900329639157258
0 59.27734375 16.2109375 6.810276368536802 9.080368491382403
0 50.048828125 16.9921875 6.972448522214271 9.296598029619028
0 82.373046875 22.916666666666664 8.097228492078614 10.796304656104818
0 89.599609375 25.651041666666668 8.566692411876344 11.422256549168457
0 98.486328125 23.893229166666664 8.267954824306681 11.023939765742242
0 88.37890625 22.135416666666664 7.958010748538389 10.610680998051187
0 81.15234375 19.596354166666664 7.487697843252746 9.983597124336994
0 73.73046875 16.666666666666664 6.905339660024879 9.207119546699838
0 68.310546875 16.2109375 6.810276368536802 9.080368491382403
0 63.134765625 16.861979166666664 6.945682786096826 9.260910381462436
0 57.470703125 17.1875 7.012405574387241 9.349874099182989
0 52.197265625 17.513020833333336 7.0784994535786145 9.437999271438152
0 46.77734375 16.666666666666664 6.905339660024879 9.207119546699838
0 53.271484375 16.40625 6.8511792970714245 9.134905729428567
0 60.83984375 17.838541666666664 7.143981879101334 9.525309172135112
0 55.46875 15.104166666666666 6.573687508709111 8.764916678278816
0 64.697265625 15.885416666666666 6.741553355216833 8.988737806955777
0 66.162109375 17.513020833333336 7.0784994535786145 9.437999271438152
0 42.333984375 17.317708333333336 7.038917599286375 9.385223465715166
0 36.9140625 16.2109375 6.810276368536802 9.080368491382403
0 40.283203125 15.104166666666666 6.573687508709111 8.764916678278816
0 44.04296875 17.513020833333336 7.0784994535786145 9.437999271438152
0 45.849609375 14.778645833333334 6.502464524127966 8.669952698837287
0 32.470703125 17.317708333333336 7.038917599286375 9.385223465715166
0 31.54296875 20.703125 7.6962403643301345 10.261653819106845
0 30.56640625 17.317708333333336 7.038917599286375 9.385223465715166
0 31.54296875 16.080729166666664 6.782870718656271 9.043827624875028
0 28.02734375 20.377604166666664 7.635495607419925 10.180660809893233
0 25.78125 19.075520833333336 7.3875234600282 9.850031280037602
0 27.5390625 15.885416666666666 6.741553355216833 8.988737806955777
0 28.90625 16.080729166666664 6.782870718656271 9.043827624875028
0 21.19140625 18.9453125 7.3622668956389274 9.816355860851903
0 21.09375 16.2109375 6.810276368536802 9.080368491382403
0 18.65234375 17.1875 7.012405574387241 9.349874099182989
0 17.822265625 15.559895833333334 6.672122530845778 8.896163374461038
0 15.185546875 20.377604166666664 7.635495607419925 10.180660809893233
0 12.548828125 18.1640625 7.208869513560617 9.611826018080823
0 14.208984375 17.1875 7.012405574387241 9.349874099182989
0 10.15625 20.247395833333336 7.611061958825638 10.148082611767517
0 6.298828125 20.247395833333336 7.611061958825638 10.148082611767517
0 4.98046875 19.075520833333336 7.3875234600282 9.850031280037602
0 2.9296875 19.401041666666664 7.450290292806215 9.933720390408286
0 0.78125 20.247395833333336 7.611061958825638 10.148082611767517
0 6.787109375 16.536458333333336 6.878312786611722 9.171083715482297
0 75.634765625 15.755208333333334 6.7138671875 8.951822916666668
0 83.10546875 18.489583333333336 7.273178276253042 9.697571035004056
0 84.521484375 18.9453125 7.3622668956389274 9.816355860851903
0 78.662109375 18.1640625 7.208869513560617 9.611826018080823
0 90.283203125 21.484375 7.840107775064166 10.453477033418888
0 86.572265625 18.9453125 7.3622668956389274 9.816355860851903
0 93.5546875 21.484375 7.840107775064166 10.453477033418888
0 96.77734375 21.6796875 7.875664001809045 10.500885335745393
0 99.21875 22.330729166666664 7.993042513249997 10.657390017666662
0 91.6015625 24.088541666666664 8.301678777304348 11.068905036405797
0 92.08984375 28.580729166666668 9.042683343523592 12.056911124698123
0 99.658203125 57.421875 12.8173828125 17.08984375
0 89.35546875 46.02864583333333 11.475583298927713 15.300777731903617
0 80.322265625 52.408854166666664 12.245118803551563 16.32682507140208
0 85.009765625 44.07552083333333 11.229473567489073 14.972631423318763
0 74.658203125 50.325520833333336 11.999269562583924 15.99902608344523
0 65.283203125 54.166666666666664 12.448778109357384 16.598370812476514
0 62.158203125 44.07552083333333 11.229473567489073 14.972631423318763
0 60.3515625 24.21875 8.324085508414218 11.098780677885625
0 39.94140625 37.04427083333333 10.29487780360901 13.726503738145347
0 46.533203125 33.52864583333333 9.794193442310311 13.05892458974708
0 58.10546875 34.83072916666667 9.982560567502519 13.310080756670025
0 40.771484375 45.83333333333333 11.45121035113142 15.268280468175227
0 25.048828125 38.671875 10.518608361580863 14.024811148774482
0 38.37890625 46.80989583333333 11.572561783360925 15.430082377814566
0 22.8515625 38.4765625 10.492012596234792 13.989350128313058
0 20.1171875 59.309895833333336 13.02639524561343 17.368526994151242
0 27.44140625 60.7421875 13.18274601224071 17.57699468298761
0 49.31640625 86.9140625 15.76905600923317 21.025408012310894
0 6.15234375 77.40885416666666 14.881818042281017 19.84242405637469
0 6.298828125 73.11197916666666 14.462885267422834 19.283847023230447
0 3.02734375 58.984375 12.990598543574682 17.320798058099577
0 5.46875 26.302083333333332 8.674725588105405 11.56630078414054
0 25.9765625 26.627604166666668 8.728240750778255 11.637654334371007
0 41.162109375 26.171875 8.653226854710587 11.537635806280782
0 27.197265625 24.739583333333336 8.413115693414442 11.217487591219255
0 39.453125 21.809895833333336 7.8992792392241125 10.532372318965482
0 57.861328125 24.21875 8.324085508414218 11.098780677885625
0 63.4765625 30.46875 9.336583582018038 12.448778109357384
0 36.81640625 20.703125 7.6962403643301345 10.261653819106845
0 50.9765625 19.596354166666664 7.487697843252746 9.983597124336994
0 53.271484375 19.270833333333336 7.425247229367944 9.900329639157258
0 57.12890625 26.822916666666668 8.760192928715409 11.680257238287211
0 79.248046875 20.833333333333336 7.720404443770458 10.293872591693944
0 70.361328125 27.604166666666668 8.886852892188134 11.849137189584178
0 80.908203125 25.1953125 8.490251308132054 11.320335077509403
0 97.16796875 26.171875 8.653226854710587 11.537635806280782
0 85.3515625 20.703125 7.6962403643301345 10.261653819106845
0 86.572265625 21.028645833333336 7.756509415978292 10.342012554637723
