0 45.703125 83.7890625 15.48297228267312 20.643963043564163
0 9.521484375 74.08854166666666 14.559155812837602 19.412207750450136
0 2.5390625 55.46875 12.597514306976498 16.796685742635333
0 25.390625 55.338541666666664 12.582719804741396 16.776959739655194
0 70.166015625 69.01041666666666 14.051348185084642 18.735130913446188
0 77.34375 59.700520833333336 13.069221866066808 17.425629154755743
0 45.8984375 54.6875 12.508484821728025 16.677979762304034
0 62.060546875 53.059895833333336 12.320940697135223 16.427920929513633
0 77.1484375 49.609375 11.913587216762167 15.884782955682889
0 94.970703125 55.924479166666664 12.649158798866397 16.865545065155196
0 87.59765625 44.01041666666667 11.221176947540428 14.961569263387236
0 58.30078125 43.88020833333333 11.2045652775182 14.939420370024267
0 38.916015625 47.00520833333333 11.5966796875 15.462239583333334
0 27.63671875 43.48958333333333 11.154581837461587 14.872775783282115
0 19.970703125 43.61979166666667 11.171267833082963 14.895023777443953
0 10.64453125 33.203125 9.746532850751532 12.995377134335376
0 26.123046875 24.479166666666664 8.36871899463018 11.15829199284024
0 8.88671875 29.1015625 9.124704826492952 12.166273101990603
0 13.623046875 23.111979166666664 8.131660519088275 10.842214025451032
0 3.564453125 26.497395833333332 8.706874156303165 11.609165541737553
0 31.54296875 26.106770833333332 8.642457433170346 11.52327657756046
0 35.009765625 31.4453125 9.485028239697298 12.646704319596397
0 44.873046875 36.9140625 10.276768945607138 13.702358594142853
0 57.568359375 38.41145833333333 10.483132346995646 13.977509795994195
0 70.458984375 42.12239583333333 10.977847746951262 14.63713032926835
0 71.923828125 34.70052083333333 9.963884104806219 13.28517880640829
0 86.669921875 34.83072916666667 9.982560567502519 13.310080756670025
0 96.923828125 40.0390625 10.70292841598522 14.270571221313624
0 61.279296875 35.41666666666667 10.066175843793117 13.421567791724156
0 49.267578125 30.078125 9.276540621075844 12.368720828101127
0 37.40234375 26.497395833333332 8.706874156303165 11.609165541737553
0 47.412109375 24.348958333333336 8.346432086900233 11.128576115866979
0 54.78515625 26.692708333333332 8.738904457566134 11.651872610088178
0 17.822265625 22.721354166666664 8.062649422377262 10.75019922983635
0 16.064453125 17.7734375 7.130933499479933 9.50791133263991
0 16.259765625 15.169270833333334 6.587839704871492 8.783786273161988
0 19.873046875 15.0390625 6.559504779115197 8.746006372153596
0 20.8984375 16.796875 6.932261164306974 9.243014885742634
0 18.5546875 17.3828125 7.052136235529384 9.40284831403918
0 28.662109375 17.643229166666664 7.104764847914316 9.473019797219088
0 22.314453125 14.518229166666666 6.444919458600731 8.593225944800976
0 24.072265625 16.9921875 6.972448522214271 9.296598029619028
0 0.29296875 18.1640625 7.208869513560617 9.611826018080823
0 2.44140625 17.643229166666664 7.104764847914316 9.473019797219088
0 3.759765625 19.986979166666664 7.561957820656658 10.08261042754221
0 7.568359375 18.75 7.32421875 9.765625
0 9.326171875 19.140625 7.400119417103358 9.866825889471144
0 6.0546875 22.4609375 8.016311973000304 10.688415964000404
0 15.966796875 20.8984375 7.732458166088822 10.309944221451763
0 31.0546875 16.40625 6.8511792970714245 9.134905729428567
0 33.3984375 15.625 6.686066375795484 8.914755167727312
0 31.4453125 18.75 7.32421875 9.765625
0 36.962890625 15.625 6.686066375795484 8.914755167727312
0 34.423828125 19.140625 7.400119417103358 9.866825889471144
0 35.3515625 16.9921875 6.972448522214271 9.296598029619028
0 36.03515625 19.010416666666664 7.37490598974278 9.833207986323707
0 36.865234375 22.005208333333336 7.9345703125 10.579427083333332
0 37.98828125 19.7265625 7.512532730158185 10.01671030687758
0 39.84375 20.638020833333336 7.684129829110212 10.245506438813615
0 40.771484375 16.9921875 6.972448522214271 9.296598029619028
0 29.78515625 22.721354166666664 8.062649422377262 10.75019922983635
0 24.365234375 19.7265625 7.512532730158185 10.01671030687758
0 27.734375 21.614583333333336 7.863829789260941 10.485106385681254
0 25.390625 21.223958333333336 7.792447103762027 10.389929471682702
0 44.23828125 18.359375 7.247523246483103 9.663364328644137
0 43.5546875 23.828125 8.256682897014576 11.008910529352768
0 43.5546875 33.07291666666667 9.727403229070575 12.9698709720941
0 48.779296875 19.53125 7.475249459177179 9.966999278902906
0 47.119140625 20.1171875 7.586549618320344 10.115399491093791
0 53.466796875 18.880208333333336 7.349606066157407 9.799474754876544
0 51.318359375 15.625 6.686066375795484 8.914755167727312
0 55.224609375 14.127604166666666 6.3576253222655215 8.476833763020695
0 58.984375 14.6484375 6.473755931273323 8.631674575031097
0 57.080078125 15.0390625 6.559504779115197 8.746006372153596
0 58.59375 17.643229166666664 7.104764847914316 9.473019797219088
0 60.009765625 19.7265625 7.512532730158185 10.01671030687758
0 55.419921875 21.614583333333336 7.863829789260941 10.485106385681254
0 58.49609375 22.135416666666664 7.958010748538389 10.610680998051187
0 59.912109375 25.130208333333332 8.479274895904423 11.305699861205897
0 66.69921875 29.817708333333332 9.236295135755345 12.315060181007127
0 65.234375 26.3671875 8.685454999241765 11.580606665655687
0 75.927734375 30.598958333333332 9.35651227829339 12.475349704391189
0 68.408203125 24.739583333333336 8.413115693414442 11.217487591219255
0 64.94140625 16.276041666666664 6.823937919616058 9.09858389282141
0 68.5546875 21.09375 7.768507117527988 10.358009490037318
0 64.111328125 22.005208333333336 7.9345703125 10.579427083333332
0 79.19921875 30.338541666666668 9.316612257369233 12.42214967649231
0 90.966796875 33.07291666666667 9.727403229070575 12.9698709720941
0 97.412109375 30.338541666666668 9.316612257369233 12.42214967649231
0 88.720703125 16.9921875 6.972448522214271 9.296598029619028
0 85.009765625 17.643229166666664 7.104764847914316 9.473019797219088
0 77.978515625 15.625 6.686066375795484 8.914755167727312
0 73.6328125 16.145833333333336 6.796587356970242 9.062116475960323
0 70.60546875 15.625 6.686066375795484 8.914755167727312
0 77.63671875 19.7265625 7.512532730158185 10.01671030687758
0 76.708984375 23.372395833333336 8.177344364608315 10.903125819477753
0 79.19921875 24.348958333333336 8.346432086900233 11.128576115866979
0 84.521484375 29.817708333333332 9.236295135755345 12.315060181007127
0 89.35546875 27.604166666666668 8.886852892188134 11.849137189584178
0 97.607421875 24.21875 8.324085508414218 11.098780677885625
0 85.25390625 21.354166666666664 7.816313766397521 10.421751688530028
0 93.115234375 20.247395833333336 7.611061958825638 10.148082611767517
0 90.0390625 19.856770833333336 7.537285788103314 10.049714384137753
0 91.259765625 27.213541666666668 8.823750179932228 11.765000239909636
0 70.99609375 19.401041666666664 7.450290292806215 9.933720390408286
0 75.5859375 18.489583333333336 7.273178276253042 9.697571035004056
0 99.365234375 20.5078125 7.659851317145468 10.21313508952729
0 94.23828125 25.716145833333332 8.57755695956738 11.436742612756506
0 86.962890625 23.2421875 8.154534433525017 10.872712578033356
0 80.908203125 24.739583333333336 8.413115693414442 11.217487591219255
0 82.080078125 20.638020833333336 7.684129829110212 10.245506438813615
0 80.712890625 23.111979166666664 8.131660519088275 10.842214025451032
0 97.119140625 33.33333333333333 9.765625 13.020833333333334
