0 66.357421875 34.63541666666667 9.954532733337459 13.272710311116612
0 60.3515625 27.34375 8.84483443981289 11.793112586417188
0 75.87890625 23.502604166666664 8.200090846279542 10.933454461706056
0 64.74609375 18.5546875 7.28597191547444 9.714629220632586
0 3.515625 19.596354166666664 7.487697843252746 9.983597124336994
0 90.8203125 19.3359375 7.437779301119349 9.917039068159132
0 82.373046875 21.028645833333336 7.756509415978292 10.342012554637723
0 0.048828125 17.903645833333336 7.157006469457137 9.542675292609516
0 99.169921875 30.2734375 9.306610523667546 12.408814031556727
0 88.8671875 17.7734375 7.130933499479933 9.50791133263991
0 74.12109375 15.755208333333334 6.7138671875 8.951822916666668
0 85.25390625 16.666666666666664 6.905339660024879 9.207119546699838
0 67.626953125 15.755208333333334 6.7138671875 8.951822916666668
0 56.15234375 15.4296875 6.644147051109997 8.858862734813329
0 63.720703125 14.84375 6.516771394062079 8.689028525416106
