0 98.828125 23.2421875 8.154534433525017 10.872712578033356
0 90.771484375 23.697916666666664 8.234092750996119 10.978790334661493
0 83.447265625 21.809895833333336 7.8992792392241125 10.532372318965482
0 42.431640625 22.265625 7.981382342908947 10.641843123878598
0 92.67578125 24.934895833333336 8.446260072691679 11.26168009692224
0 86.376953125 24.0234375 8.290452702152177 11.053936936202902
0 92.919921875 20.703125 7.6962403643301345 10.261653819106845
0 81.884765625 16.40625 6.8511792970714245 9.134905729428567
0 70.654296875 20.833333333333336 7.720404443770458 10.293872591693944
0 85.9375 18.619791666666664 7.298743129334349 9.731657505779133
0 65.087890625 16.927083333333336 6.959078522333606 9.278771363111476
0 55.810546875 14.713541666666666 6.488126106405426 8.650834808540568
0 21.58203125 24.348958333333336 8.346432086900233 11.128576115866979
0 8.69140625 23.046875 8.120199399200482 10.82693253226731
0 21.923828125 21.809895833333336 7.8992792392241125 10.532372318965482
0 5.615234375 18.489583333333336 7.273178276253042 9.697571035004056
0 20.751953125 19.921875 7.549631882844837 10.066175843793117
0 58.88671875 15.169270833333334 6.587839704871492 8.783786273161988
0 77.490234375 19.401041666666664 7.450290292806215 9.933720390408286
0 99.31640625 21.354166666666664 7.816313766397521 10.421751688530028
0 83.69140625 17.708333333333336 7.117861199762329 9.490481599683106
