0 91.943359375 92.25260416666666 16.246132390388386 21.66150985385118
0 46.875 87.04427083333334 15.780863615536983 21.041151487382646
0 56.201171875 75.0 14.6484375 19.53125
0 39.84375 66.796875 13.824159732551422 18.43221297673523
0 29.1015625 50.9765625 12.076635093633655 16.10218012484487
0 22.705078125 49.15364583333333 11.85873976301602 15.811653017354693
0 17.87109375 11.653645833333332 5.7741967555006415 7.698929007334189
0 6.103515625 16.341145833333336 6.837572174807153 9.116762899742872
0 11.962890625 15.950520833333334 6.755353888299149 9.0071385177322
0 7.71484375 16.861979166666664 6.945682786096826 9.260910381462436
0 2.9296875 16.731770833333336 6.9188135063199665 9.225084675093289
0 14.2578125 17.643229166666664 7.104764847914316 9.473019797219088
0 3.3203125 19.661458333333336 7.500125566067204 10.00016742142294
0 8.935546875 20.768229166666664 7.708331872750909 10.277775830334546
0 1.220703125 17.96875 7.170007400189656 9.56000986691954
0 11.5234375 22.786458333333336 8.074192233473482 10.765589644631309
0 7.6171875 19.010416666666664 7.37490598974278 9.833207986323707
0 5.908203125 24.479166666666664 8.36871899463018 11.15829199284024
0 10.25390625 28.385416666666668 9.011732824849489 12.015643766465985
0 5.908203125 31.315104166666668 9.465370128949479 12.62049350526597
0 13.525390625 39.51822916666667 10.633088006704314 14.177450675605751
0 1.806640625 58.203125 12.904281318277572 17.205708424370094
0 3.125 69.46614583333334 14.097667800843624 18.796890401124834
0 1.07421875 38.15104166666667 10.447535869521296 13.930047826028394
0 18.06640625 33.984375 9.860531263063667 13.147375017418222
0 27.099609375 35.87239583333333 10.130732832457173 13.507643776609566
0 33.935546875 44.20572916666667 11.24604844524431 14.994731260325747
0 52.783203125 49.93489583333333 11.952609880106287 15.936813173475048
0 71.38671875 60.9375 13.203923127919884 17.60523083722651
0 32.71484375 27.734375 8.907787792557633 11.877050390076842
0 22.265625 27.018229166666668 8.792028986137655 11.722705314850208
0 18.26171875 16.2109375 6.810276368536802 9.080368491382403
0 22.900390625 19.270833333333336 7.425247229367944 9.900329639157258
0 28.3203125 24.088541666666664 8.301678777304348 11.068905036405797
0 22.55859375 14.973958333333334 6.545291317604741 8.727055090139656
0 30.908203125 19.401041666666664 7.450290292806215 9.933720390408286
0 20.556640625 17.252604166666664 7.025674092542321 9.367565456723094
0 28.22265625 20.182291666666664 7.598815672600545 10.13175423013406
0 36.62109375 19.53125 7.475249459177179 9.966999278902906
0 27.294921875 18.359375 7.247523246483103 9.663364328644137
0 35.9375 17.513020833333336 7.0784994535786145 9.437999271438152
0 43.1640625 14.453125 6.430452730012657 8.57393697335021
0 37.353515625 14.973958333333334 6.545291317604741 8.727055090139656
0 32.421875 16.471354166666664 6.864759447755123 9.15301259700683
0 25.9765625 15.950520833333334 6.755353888299149 9.0071385177322
0 35.25390625 15.234375 6.60196156395994 8.802615418613254
0 30.517578125 15.950520833333334 6.755353888299149 9.0071385177322
0 23.974609375 15.690104166666666 6.699981201202437 8.933308268269917
0 40.478515625 17.122395833333336 6.9991119025755095 9.332149203434014
0 45.556640625 16.731770833333336 6.9188135063199665 9.225084675093289
0 38.330078125 20.8984375 7.732458166088822 10.309944221451763
0 43.45703125 24.869791666666664 8.435226416678011 11.246968555570682
0 41.455078125 32.68229166666667 9.669787303317175 12.893049737756234
0 50.48828125 38.15104166666667 10.447535869521296 13.930047826028394
0 49.8046875 26.7578125 8.749555167743805 11.66607355699174
0 53.80859375 12.174479166666668 5.901818727360142 7.8690916364801895
0 47.4609375 15.494791666666666 6.658149484030587 8.877532645374115
0 51.318359375 17.96875 7.170007400189656 9.56000986691954
0 47.0703125 21.419270833333336 7.828219811023351 10.437626414697803
0 60.44921875 18.229166666666664 7.221777078979024 9.629036105305365
0 49.70703125 19.921875 7.549631882844837 10.066175843793117
0 60.009765625 13.151041666666666 6.133957288281793 8.178609717709058
0 71.58203125 13.541666666666666 6.224389054678692 8.299185406238257
0 63.037109375 14.84375 6.516771394062079 8.689028525416106
0 56.93359375 15.559895833333334 6.672122530845778 8.896163374461038
0 67.3828125 24.088541666666664 8.301678777304348 11.068905036405797
0 64.6484375 13.411458333333334 6.194391824397107 8.259189099196142
0 61.03515625 21.6796875 7.875664001809045 10.500885335745393
0 50.0 22.200520833333336 7.969705113037473 10.626273484049964
0 63.330078125 29.427083333333332 9.175595934065496 12.234127912087327
0 59.033203125 25.1953125 8.490251308132054 11.320335077509403
0 73.681640625 27.864583333333332 8.928673607377803 11.904898143170405
0 60.44921875 33.72395833333333 9.82267879603948 13.096905061385971
0 65.673828125 40.8203125 10.806842779312605 14.40912370575014
0 78.22265625 53.125 12.32849723921152 16.437996318948695
0 92.041015625 20.182291666666664 7.598815672600545 10.13175423013406
0 86.5234375 22.330729166666664 7.993042513249997 10.657390017666662
0 81.103515625 22.65625 8.051090062422436 10.734786749896582
0 75.48828125 21.028645833333336 7.756509415978292 10.342012554637723
0 69.580078125 18.359375 7.247523246483103 9.663364328644137
0 79.736328125 25.9765625 8.620878229873984 11.494504306498644
0 72.36328125 22.0703125 7.946299173761924 10.595065565015899
0 75.68359375 14.713541666666666 6.488126106405426 8.650834808540568
0 89.35546875 20.182291666666664 7.598815672600545 10.13175423013406
0 79.00390625 15.8203125 6.72772451325946 8.970299351012613
0 78.41796875 18.619791666666664 7.298743129334349 9.731657505779133
0 87.158203125 27.1484375 8.81318913463968 11.750918846186241
0 89.16015625 34.11458333333333 9.87940311049722 13.17253748066296
0 81.54296875 36.39322916666667 10.204012144348443 13.605349525797925
0 73.779296875 31.705729166666668 9.524222738236839 12.698963650982451
0 82.32421875 51.171875 12.099748291991583 16.132997722655443
0 98.486328125 53.255208333333336 12.343596445408132 16.45812859387751
0 87.841796875 64.77864583333334 13.613713393063637 18.15161785741818
0 98.388671875 39.19270833333333 10.589203840879804 14.118938454506406
0 90.966796875 30.403645833333332 9.326603265341873 12.43547102045583
0 98.193359375 30.403645833333332 9.326603265341873 12.43547102045583
0 90.771484375 24.21875 8.324085508414218 11.098780677885625
0 81.73828125 18.75 7.32421875 9.765625
