0 87.646484375 92.44791666666666 16.26332103817655 21.684428050902063
0 69.677734375 69.01041666666666 14.051348185084642 18.735130913446188
0 43.017578125 76.43229166666666 14.787648241681783 19.71686432224238
0 32.568359375 64.32291666666666 13.565741437312543 18.087655249750057
0 5.224609375 75.52083333333334 14.699212132314814 19.598949509753087
0 4.248046875 58.138020833333336 12.897062139352686 17.196082852470248
0 20.60546875 50.846354166666664 12.061201687847598 16.081602250463465
0 37.060546875 43.09895833333333 11.10437341226822 14.805831216357626
0 51.318359375 50.065104166666664 11.968183319780016 15.957577759706687
0 85.888671875 64.12760416666666 13.545130017805265 18.060173357073687
0 76.171875 52.278645833333336 12.229898016060718 16.306530688080954
0 95.263671875 53.255208333333336 12.343596445408132 16.45812859387751
0 66.455078125 42.1875 10.986328125 14.6484375
0 48.193359375 36.97916666666667 10.285827359834423 13.714436479779232
0 42.626953125 32.09635416666667 9.58271390875707 12.77695187834276
0 32.2265625 35.22135416666667 10.038381471800859 13.384508629067811
0 12.646484375 39.97395833333333 10.694223308065938 14.258964410754585
0 19.189453125 29.231770833333332 9.145095253766906 12.193460338355873
0 31.396484375 29.231770833333332 9.145095253766906 12.193460338355873
0 61.62109375 35.22135416666667 10.038381471800859 13.384508629067811
0 49.853515625 28.776041666666668 9.073528288158268 12.098037717544358
0 61.62109375 30.338541666666668 9.316612257369233 12.42214967649231
0 79.58984375 39.51822916666667 10.633088006704314 14.177450675605751
0 73.583984375 33.33333333333333 9.765625 13.020833333333334
0 85.791015625 37.63020833333333 10.3759765625 13.834635416666666
0 74.853515625 29.231770833333332 9.145095253766906 12.193460338355873
0 88.37890625 33.7890625 9.832155574699105 13.109540766265473
0 79.39453125 24.479166666666664 8.36871899463018 11.15829199284024
0 98.828125 42.31770833333333 11.00326927326657 14.671025697688759
0 99.169921875 30.989583333333332 9.416045300623482 12.554727067497975
0 89.208984375 27.9296875 8.939098215256843 11.918797620342456
0 4.248046875 31.4453125 9.485028239697298 12.646704319596397
0 23.33984375 26.5625 8.717563999686098 11.62341866624813
0 5.078125 24.674479166666664 8.402038511923953 11.202718015898604
0 19.677734375 21.028645833333336 7.756509415978292 10.342012554637723
0 9.5703125 28.90625 9.094033462982996 12.125377950643994
0 27.587890625 24.0234375 8.290452702152177 11.053936936202902
0 35.546875 21.028645833333336 7.756509415978292 10.342012554637723
0 25.68359375 18.9453125 7.3622668956389274 9.816355860851903
0 12.890625 21.614583333333336 7.863829789260941 10.485106385681254
0 59.375 24.934895833333336 8.446260072691679 11.26168009692224
0 42.1875 24.934895833333336 8.446260072691679 11.26168009692224
0 66.6015625 24.153645833333336 8.312889692307273 11.083852923076364
0 59.9609375 20.833333333333336 7.720404443770458 10.293872591693944
0 40.283203125 22.916666666666664 8.097228492078614 10.796304656104818
0 47.8515625 22.4609375 8.016311973000304 10.688415964000404
0 41.455078125 20.247395833333336 7.611061958825638 10.148082611767517
0 33.642578125 13.411458333333334 6.194391824397107 8.259189099196142
0 11.1328125 18.294270833333336 7.234661615679748 9.646215487572997
0 25.5859375 15.299479166666666 6.61605328023645 8.821404373648601
0 50.0 19.7265625 7.512532730158185 10.01671030687758
0 64.794921875 59.700520833333336 13.069221866066808 17.425629154755743
0 71.435546875 18.1640625 7.208869513560617 9.611826018080823
0 51.07421875 17.057291666666664 6.985792933508055 9.31439057801074
0 92.28515625 24.479166666666664 8.36871899463018 11.15829199284024
0 77.734375 21.614583333333336 7.863829789260941 10.485106385681254
0 91.357421875 18.1640625 7.208869513560617 9.611826018080823
0 79.98046875 16.145833333333336 6.796587356970242 9.062116475960323
0 57.32421875 15.8203125 6.72772451325946 8.970299351012613
0 81.25 18.815104166666664 7.336923388776433 9.782564518368577
0 9.375 15.625 6.686066375795484 8.914755167727312
0 31.25 14.388020833333334 6.415953381844678 8.554604509126236
0 43.84765625 16.276041666666664 6.823937919616058 9.09858389282141
0 30.6640625 21.158854166666664 7.780486318348366 10.373981757797822
0 86.474609375 22.265625 7.981382342908947 10.641843123878598
0 96.435546875 23.2421875 8.154534433525017 10.872712578033356
