0 56.787109375 15.559895833333334 6.672122530845778 8.896163374461038
0 62.451171875 15.0390625 6.559504779115197 8.746006372153596
0 58.740234375 15.169270833333334 6.587839704871492 8.783786273161988
0 65.185546875 15.950520833333334 6.755353888299149 9.0071385177322
0 69.775390625 15.169270833333334 6.587839704871492 8.783786273161988
0 77.197265625 17.578125 7.091644310682526 9.455525747576702
0 93.84765625 22.0703125 7.946299173761924 10.595065565015899
0 75.78125 15.755208333333334 6.7138671875 8.951822916666668
0 67.08984375 16.2109375 6.810276368536802 9.080368491382403
0 72.94921875 15.755208333333334 6.7138671875 8.951822916666668
0 68.65234375 15.0390625 6.559504779115197 8.746006372153596
