0 62.060546875 31.8359375 9.543759625922785 12.725012834563712
0 67.919921875 25.390625 8.523095729839442 11.364127639785922
0 42.138671875 22.786458333333336 8.074192233473482 10.765589644631309
0 23.4375 22.4609375 8.016311973000304 10.688415964000404
0 10.400390625 26.627604166666668 8.728240750778255 11.637654334371007
0 3.61328125 24.869791666666664 8.435226416678011 11.246968555570682
0 10.009765625 18.294270833333336 7.234661615679748 9.646215487572997
0 30.029296875 15.494791666666666 6.658149484030587 8.877532645374115
0 39.794921875 16.2109375 6.810276368536802 9.080368491382403
0 58.69140625 22.4609375 8.016311973000304 10.688415964000404
0 53.466796875 14.6484375 6.473755931273323 8.631674575031097
0 63.623046875 18.489583333333336 7.273178276253042 9.697571035004056
0 76.513671875 22.786458333333336 8.074192233473482 10.765589644631309
0 93.84765625 28.7109375 9.063258303782652 12.084344405043536
0 98.779296875 22.786458333333336 8.074192233473482 10.765589644631309
0 85.888671875 21.09375 7.768507117527988 10.358009490037318
0 83.544921875 21.419270833333336 7.828219811023351 10.437626414697803
0 81.201171875 19.856770833333336 7.537285788103314 10.049714384137753
0 78.857421875 17.7734375 7.130933499479933 9.50791133263991
0 57.373046875 17.578125 7.091644310682526 9.455525747576702
0 45.947265625 15.494791666666666 6.658149484030587 8.877532645374115
0 2.83203125 18.294270833333336 7.234661615679748 9.646215487572997
0 75.634765625 15.364583333333334 6.6301150458985685 8.840153394531425
0 65.33203125 15.169270833333334 6.587839704871492 8.783786273161988
0 83.154296875 16.2109375 6.810276368536802 9.080368491382403
0 71.435546875 14.322916666666666 6.401421192444773 8.53522825659303
0 67.529296875 14.6484375 6.473755931273323 8.631674575031097
0 62.060546875 15.690104166666666 6.699981201202437 8.933308268269917
0 47.607421875 15.169270833333334 6.587839704871492 8.783786273161988
0 44.62890625 20.377604166666664 7.635495607419925 10.180660809893233
