0 87.890625 67.64322916666666 13.91146401372251 18.548618684963348
0 99.560546875 54.622395833333336 12.501037077797877 16.668049437063836
0 99.560546875 42.05729166666667 10.969360812751116 14.62581441700149
0 79.345703125 54.166666666666664 12.448778109357384 16.598370812476514
0 65.52734375 63.0859375 13.434668397860802 17.912891197147736
0 45.3125 82.8125 15.392480728660269 20.52330763821369
0 37.158203125 67.96875 13.944897044428542 18.593196059238057
0 22.265625 51.497395833333336 12.138172486176355 16.184229981568475
0 2.5390625 59.049479166666664 12.99776577090262 17.330354361203494
0 34.86328125 44.66145833333333 11.303869126862875 15.071825502483835
0 51.806640625 49.67447916666667 11.92140196815467 15.895202624206226
0 65.625 42.51302083333333 11.02863220189981 14.704842935866417
0 82.32421875 40.88541666666667 10.81545724284018 14.42060965712024
0 87.3046875 39.0625 10.57159916729051 14.095465556387346
0 86.865234375 32.421875 9.631185203893738 12.84158027185832
0 73.681640625 33.0078125 9.717824296930333 12.957099062573777
0 60.302734375 36.65364583333333 10.240455160865794 13.653940214487726
0 49.072265625 37.6953125 10.38494844187839 13.84659792250452
0 40.91796875 33.33333333333333 9.765625 13.020833333333334
0 32.373046875 36.78385416666667 10.258628121320564 13.678170828427419
0 23.6328125 33.7890625 9.832155574699105 13.109540766265473
0 18.65234375 33.33333333333333 9.765625 13.020833333333334
0 18.65234375 33.33333333333333 9.765625 13.020833333333334
0 9.5703125 29.231770833333332 9.145095253766906 12.193460338355873
0 2.783203125 31.966145833333332 9.56325660155786 12.751008802077147
0 20.263671875 26.497395833333332 8.706874156303165 11.609165541737553
0 32.6171875 29.6875 9.216106488367615 12.288141984490153
0 51.46484375 29.1015625 9.124704826492952 12.166273101990603
0 62.109375 30.729166666666668 9.376398618003673 12.501864824004896
0 58.349609375 26.041666666666668 8.631674575031099 11.508899433374797
0 74.365234375 27.5390625 8.876366926421502 11.835155901895336
0 98.53515625 31.770833333333332 9.53399618640949 12.711994915212655
0 99.462890625 22.591145833333336 8.039514082226251 10.719352109635
0 94.775390625 21.223958333333336 7.792447103762027 10.389929471682702
0 89.55078125 23.958333333333336 8.279211405182211 11.038948540242949
0 90.91796875 31.184895833333332 9.445671106287941 12.594228141717254
0 92.96875 21.940104166666664 7.92282408798045 10.5637654506406
0 79.345703125 23.502604166666664 8.200090846279542 10.933454461706056
0 86.181640625 17.903645833333336 7.157006469457137 9.542675292609516
0 81.201171875 15.169270833333334 6.587839704871492 8.783786273161988
0 72.314453125 18.619791666666664 7.298743129334349 9.731657505779133
0 79.4921875 19.856770833333336 7.537285788103314 10.049714384137753
0 66.2109375 14.973958333333334 6.545291317604741 8.727055090139656
0 53.955078125 14.388020833333334 6.415953381844678 8.554604509126236
0 47.021484375 13.671875 6.254242410864013 8.338989881152017
0 41.357421875 15.625 6.686066375795484 8.914755167727312
0 40.771484375 26.627604166666668 8.728240750778255 11.637654334371007
0 31.689453125 21.223958333333336 7.792447103762027 10.389929471682702
0 27.05078125 24.674479166666664 8.402038511923953 11.202718015898604
0 20.1171875 19.7265625 7.512532730158185 10.01671030687758
0 11.71875 22.395833333333336 8.00468569861084 10.672914264814453
0 4.6875 26.041666666666668 8.631674575031099 11.508899433374797
0 5.517578125 16.080729166666664 6.782870718656271 9.043827624875028
0 15.380859375 16.080729166666664 6.782870718656271 9.043827624875028
0 36.23046875 15.4296875 6.644147051109997 8.858862734813329
0 30.56640625 16.666666666666664 6.905339660024879 9.207119546699838
0 60.205078125 17.903645833333336 7.157006469457137 9.542675292609516
0 44.53125 15.625 6.686066375795484 8.914755167727312
0 34.08203125 15.169270833333334 6.587839704871492 8.783786273161988
0 10.9375 16.796875 6.932261164306974 9.243014885742634
0 31.15234375 13.802083333333334 6.283953943473511 8.378605257964681
0 25.341796875 15.755208333333334 6.7138671875 8.951822916666668
0 4.6875 18.619791666666664 7.298743129334349 9.731657505779133
0 47.94921875 23.307291666666664 8.165947363439729 10.88792981791964
0 39.6484375 22.591145833333336 8.039514082226251 10.719352109635
0 71.2890625 23.046875 8.120199399200482 10.82693253226731
0 65.185546875 24.088541666666664 8.301678777304348 11.068905036405797
0 50.09765625 20.1171875 7.586549618320344 10.115399491093791
0 77.783203125 16.080729166666664 6.782870718656271 9.043827624875028
0 50.87890625 17.578125 7.091644310682526 9.455525747576702
0 88.427734375 29.231770833333332 9.145095253766906 12.193460338355873
0 48.291015625 18.359375 7.247523246483103 9.663364328644137
0 40.087890625 19.53125 7.475249459177179 9.966999278902906
0 83.10546875 19.270833333333336 7.425247229367944 9.900329639157258
