0 68.9453125 25.5859375 8.555814067917595 11.407752090556793
0 65.478515625 19.856770833333336 7.537285788103314 10.049714384137753
0 47.119140625 15.299479166666666 6.61605328023645 8.821404373648601
0 39.111328125 19.466145833333336 7.462780310447684 9.950373747263578
0 68.06640625 18.033854166666664 7.182984799767957 9.577313066357275
0 96.728515625 29.036458333333332 9.114492506755418 12.15265667567389
0 90.8203125 18.75 7.32421875 9.765625
0 69.873046875 15.4296875 6.644147051109997 8.858862734813329
0 99.609375 32.74739583333333 9.679413773897526 12.905885031863368
0 57.568359375 14.908854166666666 6.531046923532928 8.708062564710572
