0 3.369140625 18.424479166666664 7.2603620931215325 9.680482790828709
0 5.078125 24.283854166666664 8.33526628646708 11.113688381956106
0 2.490234375 21.614583333333336 7.863829789260941 10.485106385681254
0 1.3671875 45.703125 11.434932858395506 15.24657714452734
0 6.73828125 16.796875 6.932261164306974 9.243014885742634
0 7.470703125 15.8203125 6.72772451325946 8.970299351012613
0 2.978515625 19.921875 7.549631882844837 10.066175843793117
0 1.123046875 16.471354166666664 6.864759447755123 9.15301259700683
0 3.61328125 29.752604166666668 9.22620633412535 12.301608445500468
0 10.44921875 26.432291666666668 8.696171172348027 11.594894896464037
0 18.310546875 47.52604166666667 11.660750228602783 15.547666971470377
0 11.572265625 16.927083333333336 6.959078522333606 9.278771363111476
0 9.814453125 21.809895833333336 7.8992792392241125 10.532372318965482
0 13.57421875 21.2890625 7.804389558437758 10.405852744583676
0 14.55078125 16.471354166666664 6.864759447755123 9.15301259700683
0 18.1640625 18.294270833333336 7.234661615679748 9.646215487572997
0 20.3125 15.4296875 6.644147051109997 8.858862734813329
0 21.435546875 20.963541666666664 7.7444931277157725 10.325990836954363
0 22.412109375 25.911458333333332 8.610068346964042 11.480091129285388
0 35.009765625 40.4296875 10.755011100284483 14.340014800379311
0 27.783203125 23.4375 8.188725503539269 10.918300671385692
0 31.884765625 35.09114583333333 10.019809057239993 13.359745409653323
0 16.69921875 26.236979166666668 8.66398288975732 11.551977186343091
0 31.298828125 28.776041666666668 9.073528288158268 12.098037717544358
0 26.171875 18.619791666666664 7.298743129334349 9.731657505779133
0 25.146484375 15.104166666666666 6.573687508709111 8.764916678278816
0 27.5390625 12.825520833333334 6.057566296777102 8.076755062369468
0 28.271484375 14.322916666666666 6.401421192444773 8.53522825659303
0 29.150390625 18.9453125 7.3622668956389274 9.816355860851903
0 32.12890625 20.768229166666664 7.708331872750909 10.277775830334546
0 32.666015625 16.796875 6.932261164306974 9.243014885742634
0 32.763671875 13.28125 6.16424861960576 8.218998159474348
0 36.279296875 15.299479166666666 6.61605328023645 8.821404373648601
0 41.748046875 19.140625 7.400119417103358 9.866825889471144
0 39.892578125 14.6484375 6.473755931273323 8.631674575031097
0 41.357421875 17.122395833333336 6.9991119025755095 9.332149203434014
0 42.138671875 24.609375 8.39094670707246 11.187928942763282
0 43.994140625 31.119791666666668 9.4358061729372 12.5810748972496
0 48.33984375 36.06770833333333 10.158274522151634 13.544366029535512
0 50.341796875 27.278645833333332 8.83429859993294 11.779064799910586
0 46.97265625 20.442708333333336 7.647683158045451 10.196910877393934
0 44.140625 14.6484375 6.473755931273323 8.631674575031097
0 47.998046875 13.997395833333334 6.328259690346595 8.437679587128793
0 52.734375 11.653645833333332 5.7741967555006415 7.698929007334189
0 50.5859375 16.145833333333336 6.796587356970242 9.062116475960323
0 55.224609375 13.606770833333334 6.2393335877260965 8.319111450301463
0 56.103515625 15.625 6.686066375795484 8.914755167727312
0 57.470703125 13.802083333333334 6.283953943473511 8.378605257964681
0 59.9609375 13.151041666666666 6.133957288281793 8.178609717709058
0 62.59765625 17.122395833333336 6.9991119025755095 9.332149203434014
0 60.693359375 17.643229166666664 7.104764847914316 9.473019797219088
0 59.326171875 18.9453125 7.3622668956389274 9.816355860851903
0 59.08203125 20.768229166666664 7.708331872750909 10.277775830334546
0 59.814453125 24.283854166666664 8.33526628646708 11.113688381956106
0 61.572265625 29.427083333333332 9.175595934065496 12.234127912087327
0 61.81640625 34.89583333333333 9.991885707852113 13.322514277136149
0 66.2109375 38.93229166666667 10.553965128046011 14.07195350406135
0 63.96484375 14.127604166666666 6.3576253222655215 8.476833763020695
0 68.06640625 14.127604166666666 6.3576253222655215 8.476833763020695
0 66.69921875 15.104166666666666 6.573687508709111 8.764916678278816
0 71.533203125 18.294270833333336 7.234661615679748 9.646215487572997
0 68.5546875 20.442708333333336 7.647683158045451 10.196910877393934
0 66.796875 23.4375 8.188725503539269 10.918300671385692
0 74.8046875 26.953125 8.78142979122202 11.708573054962693
0 73.779296875 31.575520833333332 9.50464569238125 12.672860923174998
0 80.17578125 37.56510416666667 10.366996918617573 13.822662558156765
0 72.94921875 15.625 6.686066375795484 8.914755167727312
0 77.294921875 21.614583333333336 7.863829789260941 10.485106385681254
0 80.76171875 24.283854166666664 8.33526628646708 11.113688381956106
0 96.484375 22.265625 7.981382342908947 10.641843123878598
0 77.9296875 16.6015625 6.891839471823862 9.189119295765149
0 82.275390625 16.145833333333336 6.796587356970242 9.062116475960323
0 79.638671875 19.921875 7.549631882844837 10.066175843793117
0 82.91015625 26.236979166666668 8.66398288975732 11.551977186343091
0 83.642578125 20.768229166666664 7.708331872750909 10.277775830334546
0 86.376953125 20.768229166666664 7.708331872750909 10.277775830334546
0 89.892578125 33.26822916666667 9.756083595670033 13.008111460893376
0 89.892578125 27.408854166666668 8.855357744474432 11.807143659299243
0 93.115234375 23.111979166666664 8.131660519088275 10.842214025451032
