0 89.6484375 45.83333333333333 11.45121035113142 15.268280468175227
0 86.865234375 44.7265625 11.312105098175438 15.082806797567253
0 3.22265625 58.203125 12.904281318277572 17.205708424370094
0 25.341796875 60.872395833333336 13.196867865258577 17.59582382034477
0 44.04296875 33.3984375 9.775157091093119 13.033542788124159
0 40.33203125 27.864583333333332 8.928673607377803 11.904898143170405
0 91.943359375 34.70052083333333 9.963884104806219 13.28517880640829
0 4.98046875 24.544270833333336 8.379840220792225 11.173120294389632
0 10.986328125 20.768229166666664 7.708331872750909 10.277775830334546
0 5.712890625 19.856770833333336 7.537285788103314 10.049714384137753
0 3.22265625 19.53125 7.475249459177179 9.966999278902906
0 1.66015625 20.182291666666664 7.598815672600545 10.13175423013406
0 7.958984375 29.427083333333332 9.175595934065496 12.234127912087327
0 11.81640625 32.48697916666667 9.640850219074288 12.854466958765718
0 5.126953125 40.625 10.780958088779109 14.374610785038813
0 0.48828125 54.427083333333336 12.478667175452193 16.638222900602926
0 3.7109375 71.875 14.340014800379311 19.12001973383908
0 13.037109375 24.283854166666664 8.33526628646708 11.113688381956106
0 15.380859375 25.065104166666668 8.468284256293707 11.291045675058275
0 19.677734375 22.200520833333336 7.969705113037473 10.626273484049964
0 16.2109375 19.3359375 7.437779301119349 9.917039068159132
0 19.677734375 17.317708333333336 7.038917599286375 9.385223465715166
0 17.87109375 17.513020833333336 7.0784994535786145 9.437999271438152
0 20.60546875 28.3203125 9.001392336274797 12.001856448366395
0 21.630859375 37.36979166666667 10.340011197569225 13.786681596758967
0 22.119140625 46.61458333333333 11.548393511001283 15.397858014668378
0 24.169921875 56.4453125 12.707924080601204 16.94389877413494
0 34.228515625 61.783854166666664 13.29530084887205 17.727067798496066
0 43.310546875 57.421875 12.8173828125 17.08984375
0 44.580078125 69.7265625 14.124067950935224 18.832090601246964
0 43.5546875 83.52864583333334 15.458892995500415 20.611857327333887
0 83.3984375 76.62760416666666 14.8065301156106 19.742040154147467
0 93.701171875 53.7109375 12.396298835198914 16.528398446931885
0 24.12109375 41.92708333333333 10.952367214920875 14.603156286561166
0 71.240234375 57.356770833333336 12.810114661752536 17.080152882336716
0 76.416015625 50.78125 12.053477574543152 16.0713034327242
0 70.068359375 40.69010416666667 10.789593218788873 14.386124291718497
0 72.55859375 36.06770833333333 10.158274522151634 13.544366029535512
0 59.521484375 40.69010416666667 10.789593218788873 14.386124291718497
0 60.546875 52.34375 12.237510776222791 16.31668103496372
0 41.89453125 43.68489583333333 11.179601491707887 14.906135322277184
0 41.796875 36.1328125 10.167438506443897 13.556584675258529
0 43.1640625 30.143229166666668 9.286574740419274 12.382099653892366
0 52.978515625 30.598958333333332 9.35651227829339 12.475349704391189
0 58.447265625 34.30989583333333 9.907643481901811 13.210191309202415
0 59.619140625 31.0546875 9.425930915210266 12.567907886947022
0 65.33203125 30.143229166666668 9.286574740419274 12.382099653892366
0 57.373046875 25.390625 8.523095729839442 11.364127639785922
0 30.419921875 29.4921875 9.185740321833748 12.247653762444997
0 27.34375 23.502604166666664 8.200090846279542 10.933454461706056
0 22.94921875 19.53125 7.475249459177179 9.966999278902906
0 25.341796875 18.5546875 7.28597191547444 9.714629220632586
0 27.9296875 19.856770833333336 7.537285788103314 10.049714384137753
0 30.908203125 23.828125 8.256682897014576 11.008910529352768
0 29.833984375 15.4296875 6.644147051109997 8.858862734813329
0 30.17578125 17.96875 7.170007400189656 9.56000986691954
0 32.91015625 19.7265625 7.512532730158185 10.01671030687758
0 37.5 21.744791666666664 7.887480458569388 10.51664061142585
0 39.306640625 27.278645833333332 8.83429859993294 11.779064799910586
0 40.72265625 19.7265625 7.512532730158185 10.01671030687758
0 46.38671875 22.721354166666664 8.062649422377262 10.75019922983635
0 43.310546875 15.885416666666666 6.741553355216833 8.988737806955777
0 44.62890625 16.080729166666664 6.782870718656271 9.043827624875028
0 46.533203125 17.122395833333336 6.9991119025755095 9.332149203434014
0 48.14453125 21.09375 7.768507117527988 10.358009490037318
0 51.220703125 17.643229166666664 7.104764847914316 9.473019797219088
0 52.880859375 14.973958333333334 6.545291317604741 8.727055090139656
0 53.515625 18.294270833333336 7.234661615679748 9.646215487572997
0 56.591796875 19.7265625 7.512532730158185 10.01671030687758
0 57.958984375 22.721354166666664 8.062649422377262 10.75019922983635
0 65.33203125 24.544270833333336 8.379840220792225 11.173120294389632
0 70.5078125 24.088541666666664 8.301678777304348 11.068905036405797
0 75.244140625 28.971354166666668 9.104268731797058 12.139024975729411
0 79.541015625 25.716145833333332 8.57755695956738 11.436742612756506
0 68.408203125 36.06770833333333 10.158274522151634 13.544366029535512
0 83.30078125 39.84375 10.676791799643494 14.235722399524658
0 87.20703125 36.06770833333333 10.158274522151634 13.544366029535512
0 89.453125 41.796875 10.935347208965403 14.580462945287206
0 95.458984375 39.84375 10.676791799643494 14.235722399524658
0 98.193359375 35.28645833333333 10.047654805392046 13.39687307385606
0 97.94921875 29.427083333333332 9.175595934065496 12.234127912087327
0 90.185546875 31.705729166666668 9.524222738236839 12.698963650982451
0 89.111328125 27.604166666666668 8.886852892188134 11.849137189584178
0 80.712890625 23.177083333333336 8.143105507889608 10.857474010519478
0 86.376953125 27.734375 8.907787792557633 11.877050390076842
0 76.416015625 24.088541666666664 8.301678777304348 11.068905036405797
0 76.7578125 19.075520833333336 7.3875234600282 9.850031280037602
0 78.3203125 20.833333333333336 7.720404443770458 10.293872591693944
0 80.322265625 19.856770833333336 7.537285788103314 10.049714384137753
0 65.33203125 20.5078125 7.659851317145468 10.21313508952729
0 59.9609375 16.40625 6.8511792970714245 9.134905729428567
0 56.4453125 14.778645833333334 6.502464524127966 8.669952698837287
0 61.181640625 14.322916666666666 6.401421192444773 8.53522825659303
0 63.671875 15.234375 6.60196156395994 8.802615418613254
0 67.7734375 18.098958333333336 7.195938795502683 9.594585060670244
0 71.09375 19.401041666666664 7.450290292806215 9.933720390408286
0 74.8046875 16.731770833333336 6.9188135063199665 9.225084675093289
0 76.904296875 16.861979166666664 6.945682786096826 9.260910381462436
0 83.3984375 16.731770833333336 6.9188135063199665 9.225084675093289
0 87.109375 22.330729166666664 7.993042513249997 10.657390017666662
0 91.11328125 22.0703125 7.946299173761924 10.595065565015899
0 93.798828125 21.549479166666664 7.85197774064246 10.469303654189947
0 94.43359375 25.1953125 8.490251308132054 11.320335077509403
0 98.681640625 25.520833333333332 8.544921875 11.393229166666668
0 84.47265625 23.763020833333336 8.245395560367612 10.993860747156816
0 86.03515625 31.184895833333332 9.445671106287941 12.594228141717254
0 88.4765625 31.184895833333332 9.445671106287941 12.594228141717254
0 73.828125 19.661458333333336 7.500125566067204 10.00016742142294
