0 75.390625 68.88020833333334 14.0380859375 18.717447916666664
0 63.916015625 40.36458333333333 10.746348182164922 14.328464242886563
0 85.888671875 32.03125 9.572990198582838 12.763986931443785
0 59.423828125 33.07291666666667 9.727403229070575 12.9698709720941
0 42.3828125 23.2421875 8.154534433525017 10.872712578033356
0 37.548828125 32.03125 9.572990198582838 12.763986931443785
0 25.9765625 25.390625 8.523095729839442 11.364127639785922
0 9.912109375 34.375 9.91703906815913 13.222718757545508
0 57.861328125 17.3828125 7.052136235529384 9.40284831403918
0 77.5390625 16.9921875 6.972448522214271 9.296598029619028
0 88.330078125 29.557291666666668 9.195873518871684 12.261164691828911
0 36.181640625 16.2109375 6.810276368536802 9.080368491382403
0 27.24609375 14.518229166666666 6.444919458600731 8.593225944800976
0 18.45703125 15.0390625 6.559504779115197 8.746006372153596
0 12.158203125 17.643229166666664 7.104764847914316 9.473019797219088
0 5.322265625 19.075520833333336 7.3875234600282 9.850031280037602
0 46.77734375 18.9453125 7.3622668956389274 9.816355860851903
0 72.0703125 13.736979166666666 6.269115778861736 8.358821038482315
0 88.330078125 24.544270833333336 8.379840220792225 11.173120294389632
0 80.224609375 22.330729166666664 7.993042513249997 10.657390017666662
0 99.31640625 20.5078125 7.659851317145468 10.21313508952729
0 89.892578125 17.7734375 7.130933499479933 9.50791133263991
0 49.8046875 15.299479166666666 6.61605328023645 8.821404373648601
0 44.62890625 14.2578125 6.386855937639267 8.515807916852356
0 37.939453125 14.6484375 6.473755931273323 8.631674575031097
0 26.7578125 20.5078125 7.659851317145468 10.21313508952729
0 18.26171875 20.638020833333336 7.684129829110212 10.245506438813615
0 8.251953125 17.7734375 7.130933499479933 9.50791133263991
0 46.6796875 14.518229166666666 6.444919458600731 8.593225944800976
0 56.591796875 14.388020833333334 6.415953381844678 8.554604509126236
0 79.833984375 25.651041666666668 8.566692411876344 11.422256549168457
