0 95.3125 23.6328125 8.222774405094897 10.963699206793196
0 17.529296875 14.778645833333334 6.502464524127966 8.669952698837287
0 47.509765625 16.080729166666664 6.782870718656271 9.043827624875028
0 34.27734375 16.731770833333336 6.9188135063199665 9.225084675093289
0 42.919921875 16.731770833333336 6.9188135063199665 9.225084675093289
0 31.982421875 16.861979166666664 6.945682786096826 9.260910381462436
0 11.03515625 18.033854166666664 7.182984799767957 9.577313066357275
0 60.64453125 14.973958333333334 6.545291317604741 8.727055090139656
0 59.1796875 15.299479166666666 6.61605328023645 8.821404373648601
0 82.763671875 21.354166666666664 7.816313766397521 10.421751688530028
0 55.078125 14.973958333333334 6.545291317604741 8.727055090139656
0 88.330078125 21.354166666666664 7.816313766397521 10.421751688530028
0 28.7109375 17.1875 7.012405574387241 9.349874099182989
0 28.466796875 16.536458333333336 6.878312786611722 9.171083715482297
0 12.939453125 18.619791666666664 7.298743129334349 9.731657505779133
0 5.95703125 18.9453125 7.3622668956389274 9.816355860851903
0 3.076171875 19.466145833333336 7.462780310447684 9.950373747263578
0 1.416015625 17.513020833333336 7.0784994535786145 9.437999271438152
0 0.927734375 20.1171875 7.586549618320344 10.115399491093791
0 7.51953125 19.270833333333336 7.425247229367944 9.900329639157258
0 8.88671875 19.791666666666664 7.524919437217989 10.033225916290652
0 25.244140625 16.536458333333336 6.878312786611722 9.171083715482297
0 73.53515625 16.731770833333336 6.9188135063199665 9.225084675093289
0 90.234375 19.791666666666664 7.524919437217989 10.033225916290652
0 76.26953125 16.536458333333336 6.878312786611722 9.171083715482297
0 75.09765625 18.359375 7.247523246483103 9.663364328644137
0 77.978515625 15.299479166666666 6.61605328023645 8.821404373648601
0 78.3203125 18.359375 7.247523246483103 9.663364328644137
0 81.103515625 19.140625 7.400119417103358 9.866825889471144
0 83.251953125 17.513020833333336 7.0784994535786145 9.437999271438152
0 86.767578125 18.815104166666664 7.336923388776433 9.782564518368577
0 85.302734375 18.619791666666664 7.298743129334349 9.731657505779133
