0 69.921875 77.40885416666666 14.881818042281017 19.84242405637469
0 76.318359375 64.6484375 13.600024386692622 18.133365848923496
0 75.390625 51.692708333333336 12.161168728742233 16.214891638322978
0 62.40234375 56.640625 12.729891122201057 16.97318816293474
0 44.873046875 81.38020833333334 15.2587890625 20.345052083333336
0 21.6796875 84.30989583333334 15.53101885986264 20.708025146483518
0 5.56640625 73.89322916666666 14.539952697230952 19.386603596307936
0 45.8984375 69.66145833333334 14.117472541772921 18.823296722363896
0 43.408203125 57.877604166666664 12.868144923283701 17.157526564378266
0 99.21875 81.38020833333334 15.2587890625 20.345052083333336
0 97.55859375 69.20572916666666 14.071218119382939 18.761624159177252
0 95.556640625 57.096354166666664 12.781000727155718 17.04133430287429
0 88.232421875 41.47135416666667 10.892680845687712 14.523574460916949
0 93.603515625 39.58333333333333 10.641843123878598 14.189124165171464
0 89.208984375 35.61197916666667 10.093893681970965 13.458524909294619
0 84.5703125 39.90885416666667 10.685511108405517 14.24734814454069
0 68.896484375 41.92708333333333 10.952367214920875 14.603156286561166
0 59.423828125 42.51302083333333 11.02863220189981 14.704842935866417
0 57.32421875 47.72135416666667 11.684686107834867 15.579581477113155
0 50.830078125 40.49479166666667 10.763667046233154 14.351556061644205
0 40.52734375 44.20572916666667 11.24604844524431 14.994731260325747
0 25.1953125 57.291666666666664 12.802842384889546 17.07045651318606
0 22.802734375 48.89322916666667 11.82728416447516 15.76971221930021
0 2.099609375 55.794270833333336 12.634424770803498 16.845899694404665
0 5.6640625 39.19270833333333 10.589203840879804 14.118938454506406
0 15.52734375 42.64322916666667 11.045508466097326 14.7273446214631
0 11.03515625 35.15625 10.029099563693228 13.372132751590971
0 22.705078125 37.5 10.358009490037318 13.810679320049758
0 19.482421875 32.09635416666667 9.58271390875707 12.77695187834276
0 31.25 37.3046875 10.331000292853245 13.77466705713766
0 41.015625 36.26302083333333 10.185741740892722 13.580988987856962
0 51.7578125 30.338541666666668 9.316612257369233 12.42214967649231
0 43.84765625 31.184895833333332 9.445671106287941 12.594228141717254
0 60.05859375 32.87760416666667 9.698638050580264 12.931517400773687
0 67.724609375 37.04427083333333 10.29487780360901 13.726503738145347
0 73.681640625 35.22135416666667 10.038381471800859 13.384508629067811
0 75.48828125 29.557291666666668 9.195873518871684 12.261164691828911
0 65.13671875 28.90625 9.094033462982996 12.125377950643994
0 86.474609375 33.65885416666667 9.813192865486773 13.084257153982362
0 88.18359375 27.864583333333332 8.928673607377803 11.904898143170405
0 99.51171875 37.76041666666667 10.393912576859377 13.85855010247917
0 98.6328125 32.6171875 9.660151239834237 12.880201653112316
0 94.873046875 26.3671875 8.685454999241765 11.580606665655687
0 56.982421875 25.846354166666668 8.59924487524742 11.465659833663226
0 46.6796875 25.846354166666668 8.59924487524742 11.465659833663226
0 39.306640625 26.692708333333332 8.738904457566134 11.651872610088178
0 32.666015625 28.450520833333332 9.02206146184966 12.029415282466214
0 26.708984375 25.130208333333332 8.479274895904423 11.305699861205897
0 38.96484375 23.177083333333336 8.143105507889608 10.857474010519478
0 8.984375 28.515625 9.03237828793258 12.043171050576774
0 3.61328125 27.278645833333332 8.83429859993294 11.779064799910586
0 97.216796875 30.143229166666668 9.286574740419274 12.382099653892366
0 1.806640625 21.744791666666664 7.887480458569388 10.51664061142585
0 11.865234375 23.763020833333336 8.245395560367612 10.993860747156816
0 32.51953125 20.703125 7.6962403643301345 10.261653819106845
0 47.75390625 20.703125 7.6962403643301345 10.261653819106845
0 52.685546875 15.690104166666666 6.699981201202437 8.933308268269917
0 46.484375 19.140625 7.400119417103358 9.866825889471144
0 56.298828125 20.1171875 7.586549618320344 10.115399491093791
0 61.42578125 18.294270833333336 7.234661615679748 9.646215487572997
0 53.466796875 19.010416666666664 7.37490598974278 9.833207986323707
0 71.2890625 20.052083333333336 7.574263699945591 10.099018266594122
0 66.259765625 21.2890625 7.804389558437758 10.405852744583676
0 74.951171875 26.3671875 8.685454999241765 11.580606665655687
0 78.61328125 29.361979166666668 9.16544031840894 12.220587091211922
0 66.845703125 24.934895833333336 8.446260072691679 11.26168009692224
0 80.078125 24.0234375 8.290452702152177 11.053936936202902
0 71.09375 24.479166666666664 8.36871899463018 11.15829199284024
0 87.646484375 23.4375 8.188725503539269 10.918300671385692
0 73.2421875 16.6015625 6.891839471823862 9.189119295765149
0 66.40625 15.0390625 6.559504779115197 8.746006372153596
0 57.2265625 16.015625 6.7691262856502785 9.025501714200372
0 40.673828125 17.1875 7.012405574387241 9.349874099182989
0 47.412109375 15.559895833333334 6.672122530845778 8.896163374461038
0 22.216796875 23.567708333333336 8.211440458419013 10.948587277892017
0 18.26171875 25.455729166666668 8.53401578009617 11.378687706794894
0 3.857421875 19.140625 7.400119417103358 9.866825889471144
0 10.693359375 20.442708333333336 7.647683158045451 10.196910877393934
0 17.236328125 15.494791666666666 6.658149484030587 8.877532645374115
0 22.607421875 16.861979166666664 6.945682786096826 9.260910381462436
0 18.5546875 18.684895833333336 7.311492035346033 9.748656047128044
0 13.18359375 17.317708333333336 7.038917599286375 9.385223465715166
0 8.642578125 19.010416666666664 7.37490598974278 9.833207986323707
0 36.279296875 16.861979166666664 6.945682786096826 9.260910381462436
0 41.9921875 16.731770833333336 6.9188135063199665 9.225084675093289
0 99.560546875 30.338541666666668 9.316612257369233 12.42214967649231
0 50.5859375 20.1171875 7.586549618320344 10.115399491093791
0 55.17578125 15.234375 6.60196156395994 8.802615418613254
0 94.384765625 21.809895833333336 7.8992792392241125 10.532372318965482
0 99.21875 23.307291666666664 8.165947363439729 10.88792981791964
0 84.912109375 19.466145833333336 7.462780310447684 9.950373747263578
0 77.44140625 16.276041666666664 6.823937919616058 9.09858389282141
0 65.576171875 19.010416666666664 7.37490598974278 9.833207986323707
0 71.38671875 15.559895833333334 6.672122530845778 8.896163374461038
0 27.9296875 20.247395833333336 7.611061958825638 10.148082611767517
0 4.8828125 22.8515625 8.085718566584333 10.780958088779109
0 19.970703125 17.643229166666664 7.104764847914316 9.473019797219088
0 30.46875 17.057291666666664 6.985792933508055 9.31439057801074
0 37.646484375 18.098958333333336 7.195938795502683 9.594585060670244
0 44.62890625 18.098958333333336 7.195938795502683 9.594585060670244
0 28.271484375 15.8203125 6.72772451325946 8.970299351012613
0 43.310546875 16.276041666666664 6.823937919616058 9.09858389282141
0 14.208984375 20.377604166666664 7.635495607419925 10.180660809893233
0 46.142578125 16.861979166666664 6.945682786096826 9.260910381462436
0 32.666015625 19.205729166666664 7.412693970636669 9.883591960848893
0 78.271484375 19.466145833333336 7.462780310447684 9.950373747263578
0 84.1796875 24.088541666666664 8.301678777304348 11.068905036405797
0 76.123046875 21.744791666666664 7.887480458569388 10.51664061142585
0 2.34375 18.229166666666664 7.221777078979024 9.629036105305365
0 34.033203125 18.294270833333336 7.234661615679748 9.646215487572997
0 0.48828125 19.596354166666664 7.487697843252746 9.983597124336994
0 91.748046875 20.8984375 7.732458166088822 10.309944221451763
0 97.265625 22.721354166666664 8.062649422377262 10.75019922983635
0 89.453125 20.1171875 7.586549618320344 10.115399491093791
0 74.0234375 19.596354166666664 7.487697843252746 9.983597124336994
0 75.732421875 18.229166666666664 7.221777078979024 9.629036105305365
0 79.638671875 18.75 7.32421875 9.765625
0 64.55078125 16.6015625 6.891839471823862 9.189119295765149
0 60.205078125 16.731770833333336 6.9188135063199665 9.225084675093289
0 25.537109375 16.276041666666664 6.823937919616058 9.09858389282141
0 14.453125 17.317708333333336 7.038917599286375 9.385223465715166
0 7.275390625 19.140625 7.400119417103358 9.866825889471144
0 67.96875 15.234375 6.60196156395994 8.802615418613254
0 81.15234375 18.684895833333336 7.311492035346033 9.748656047128044
0 17.236328125 21.614583333333336 7.863829789260941 10.485106385681254
0 25.87890625 19.3359375 7.437779301119349 9.917039068159132
0 37.3046875 20.8984375 7.732458166088822 10.309944221451763
