0 67.578125 74.21875 14.57194383094888 19.429258441265173
0 84.375 60.026041666666664 13.104803804677667 17.473071739570223
0 91.69921875 51.822916666666664 12.176475429235841 16.235300572314458
0 79.00390625 52.669270833333336 12.275503760448466 16.36733834726462
0 67.48046875 54.166666666666664 12.448778109357384 16.598370812476514
0 53.076171875 49.08854166666667 11.850883690763915 15.801178254351885
0 38.8671875 64.453125 13.579465003226924 18.105953337635896
0 21.6796875 48.89322916666667 11.82728416447516 15.76971221930021
0 1.318359375 59.505208333333336 13.047826126972625 17.397101502630168
0 0.390625 45.96354166666667 11.467464738803672 15.289952985071562
0 4.1015625 36.78385416666667 10.258628121320564 13.678170828427419
0 15.0390625 31.119791666666668 9.4358061729372 12.5810748972496
0 31.8359375 43.42447916666667 11.146229472503464 14.861639296671287
0 21.044921875 32.8125 9.689030680168178 12.918707573557572
0 47.8515625 35.22135416666667 10.038381471800859 13.384508629067811
0 64.501953125 41.2109375 10.85842704752026 14.477902730027015
0 80.810546875 38.99739583333333 10.562785827561513 14.083714436748682
0 94.23828125 44.59635416666667 11.295627150464934 15.060836200619912
0 71.044921875 37.43489583333333 10.349014256477766 13.798685675303688
0 98.6328125 40.88541666666667 10.81545724284018 14.42060965712024
0 85.9375 35.02604166666667 10.010509928501419 13.347346571335224
0 61.328125 34.50520833333333 9.935803586486637 13.247738115315515
0 50.390625 29.036458333333332 9.114492506755418 12.15265667567389
0 43.212890625 30.078125 9.276540621075844 12.368720828101127
0 32.080078125 34.04947916666667 9.869971697263324 13.159962263017766
0 9.765625 26.171875 8.653226854710587 11.537635806280782
0 21.6796875 26.302083333333332 8.674725588105405 11.56630078414054
0 3.759765625 29.557291666666668 9.195873518871684 12.261164691828911
0 33.59375 24.609375 8.39094670707246 11.187928942763282
0 63.8671875 30.924479166666668 9.406149296522488 12.541532395363317
0 74.12109375 30.794270833333332 9.386325988299376 12.515101317732501
