0 70.263671875 50.390625 12.007028547916262 16.00937139722168
0 88.818359375 59.9609375 13.097695150070152 17.46359353342687
0 94.384765625 31.575520833333332 9.50464569238125 12.672860923174998
0 75.634765625 36.9140625 10.276768945607138 13.702358594142853
0 56.787109375 36.9140625 10.276768945607138 13.702358594142853
0 48.779296875 34.9609375 10.001202153426476 13.334936204568635
0 59.033203125 34.5703125 9.945172568847854 13.26023009179714
0 54.6875 34.5703125 9.945172568847854 13.26023009179714
0 50.78125 35.9375 10.139921707663666 13.51989561021822
0 52.783203125 27.408854166666668 8.855357744474432 11.807143659299243
0 42.041015625 25.5859375 8.555814067917595 11.407752090556793
0 35.595703125 36.1328125 10.167438506443897 13.556584675258529
0 46.97265625 32.16145833333333 9.592427762147041 12.789903682862722
0 66.162109375 31.315104166666668 9.465370128949479 12.62049350526597
0 71.09375 24.869791666666664 8.435226416678011 11.246968555570682
0 46.77734375 30.46875 9.336583582018038 12.448778109357384
0 21.630859375 49.609375 11.913587216762167 15.884782955682889
0 46.337890625 90.88541666666666 16.125298844754525 21.5003984596727
0 65.234375 74.54427083333334 14.603864885260498 19.471819847013997
0 90.380859375 54.8828125 12.530801493925663 16.707735325234218
0 97.216796875 32.03125 9.572990198582838 12.763986931443785
0 84.619140625 25.716145833333332 8.57755695956738 11.436742612756506
0 78.173828125 23.6328125 8.222774405094897 10.963699206793196
0 60.3515625 22.330729166666664 7.993042513249997 10.657390017666662
0 55.615234375 21.354166666666664 7.816313766397521 10.421751688530028
0 46.484375 25.455729166666668 8.53401578009617 11.378687706794894
0 27.001953125 32.03125 9.572990198582838 12.763986931443785
0 15.625 28.645833333333332 9.052976668817948 12.07063555842393
0 7.8125 26.432291666666668 8.696171172348027 11.594894896464037
0 48.046875 20.963541666666664 7.7444931277157725 10.325990836954363
0 39.599609375 20.1171875 7.586549618320344 10.115399491093791
0 87.646484375 33.46354166666667 9.784679896167846 13.046239861557126
0 81.005859375 29.8828125 9.24637292940864 12.32849723921152
0 75.634765625 31.0546875 9.425930915210266 12.567907886947022
0 71.97265625 36.78385416666667 10.258628121320564 13.678170828427419
0 65.966796875 35.9375 10.139921707663666 13.51989561021822
0 64.892578125 44.27083333333333 11.254326730093856 15.005768973458474
0 60.400390625 46.22395833333333 11.499904590708478 15.33320612094464
0 65.33203125 61.783854166666664 13.29530084887205 17.727067798496066
0 53.662109375 80.20833333333334 15.148527399891181 20.198036533188244
0 42.7734375 68.42447916666666 13.991569075131407 18.655425433508544
0 18.017578125 68.81510416666666 14.031450113003721 18.70860015067163
0 10.888671875 59.5703125 13.054961936161765 17.406615914882355
0 2.5390625 85.09114583333334 15.602811317339132 20.803748423118844
0 96.38671875 56.315104166666664 12.693258266043348 16.924344354724465
0 99.560546875 48.89322916666667 11.82728416447516 15.76971221930021
0 90.087890625 43.29427083333333 11.129505937994672 14.839341250659563
0 86.5234375 40.88541666666667 10.81545724284018 14.42060965712024
0 90.8203125 30.46875 9.336583582018038 12.448778109357384
0 95.849609375 27.213541666666668 8.823750179932228 11.765000239909636
0 98.92578125 31.901041666666668 9.55351308746248 12.738017449949975
0 81.15234375 18.815104166666664 7.336923388776433 9.782564518368577
0 75.634765625 15.755208333333334 6.7138671875 8.951822916666668
0 68.994140625 22.200520833333336 7.969705113037473 10.626273484049964
0 58.349609375 30.598958333333332 9.35651227829339 12.475349704391189
0 57.12890625 24.283854166666664 8.33526628646708 11.113688381956106
0 66.796875 26.822916666666668 8.760192928715409 11.680257238287211
0 66.50390625 17.252604166666664 7.025674092542321 9.367565456723094
0 57.32421875 15.4296875 6.644147051109997 8.858862734813329
0 60.791015625 17.838541666666664 7.143981879101334 9.525309172135112
0 52.24609375 14.583333333333334 6.459353786778786 8.612471715705048
0 29.638671875 24.544270833333336 8.379840220792225 11.173120294389632
0 25.09765625 25.390625 8.523095729839442 11.364127639785922
0 38.232421875 31.315104166666668 9.465370128949479 12.62049350526597
0 36.962890625 26.236979166666668 8.66398288975732 11.551977186343091
0 31.494140625 21.940104166666664 7.92282408798045 10.5637654506406
0 38.76953125 16.9921875 6.972448522214271 9.296598029619028
0 46.875 18.5546875 7.28597191547444 9.714629220632586
0 9.08203125 39.77864583333333 10.668065364348472 14.224087152464628
0 12.255859375 28.059895833333332 8.959911044862793 11.946548059817056
0 18.26171875 21.744791666666664 7.887480458569388 10.51664061142585
0 22.119140625 26.5625 8.717563999686098 11.62341866624813
0 7.373046875 18.815104166666664 7.336923388776433 9.782564518368577
0 2.44140625 19.401041666666664 7.450290292806215 9.933720390408286
0 17.08984375 16.536458333333336 6.878312786611722 9.171083715482297
0 26.123046875 17.708333333333336 7.117861199762329 9.490481599683106
0 49.853515625 18.815104166666664 7.336923388776433 9.782564518368577
0 35.7421875 19.53125 7.475249459177179 9.966999278902906
0 63.8671875 17.252604166666664 7.025674092542321 9.367565456723094
0 78.80859375 18.098958333333336 7.195938795502683 9.594585060670244
0 91.9921875 20.247395833333336 7.611061958825638 10.148082611767517
0 99.21875 20.768229166666664 7.708331872750909 10.277775830334546
0 91.748046875 25.390625 8.523095729839442 11.364127639785922
