0 90.869140625 93.5546875 16.360382267676037 21.81384302356805
0 82.91015625 71.54947916666666 14.307505090003714 19.076673453338287
0 96.240234375 61.393229166666664 13.253204803838173 17.670939738450897
0 45.654296875 68.5546875 14.004875373027058 18.673167164036077
0 10.05859375 77.9296875 14.931799100006184 19.909065466674914
0 10.546875 59.114583333333336 13.004929048255931 17.339905397674574
0 20.068359375 44.46614583333333 11.279125129746294 15.038833506328391
0 24.267578125 31.705729166666668 9.524222738236839 12.698963650982451
0 17.333984375 27.9296875 8.939098215256843 11.918797620342456
0 1.66015625 28.059895833333332 8.959911044862793 11.946548059817056
0 40.771484375 35.80729166666667 10.121535615098267 13.495380820131023
0 49.267578125 33.85416666666667 9.841623227903504 13.122164303871338
0 58.935546875 30.338541666666668 9.316612257369233 12.42214967649231
0 68.84765625 41.08072916666667 10.841259563190683 14.45501275092091
0 70.3125 56.119791666666664 12.67122771730145 16.894970289735266
0 76.123046875 34.765625 9.973226707988399 13.297635610651199
0 98.73046875 47.78645833333333 11.69265384562257 15.590205127496759
0 88.720703125 29.622395833333332 9.205995562132786 12.274660749510382
0 77.1484375 20.833333333333336 7.720404443770458 10.293872591693944
0 86.23046875 36.1328125 10.167438506443897 13.556584675258529
0 72.4609375 24.4140625 8.357582969744357 11.143443959659143
0 97.4609375 41.08072916666667 10.841259563190683 14.45501275092091
0 80.76171875 50.9765625 12.076635093633655 16.10218012484487
0 65.869140625 27.799479166666668 8.918236814088415 11.890982418784553
0 51.5625 25.1953125 8.490251308132054 11.320335077509403
0 64.0625 20.377604166666664 7.635495607419925 10.180660809893233
0 32.03125 24.4140625 8.357582969744357 11.143443959659143
0 23.486328125 22.005208333333336 7.9345703125 10.579427083333332
0 11.083984375 20.377604166666664 7.635495607419925 10.180660809893233
0 37.59765625 26.106770833333332 8.642457433170346 11.52327657756046
0 10.64453125 27.799479166666668 8.918236814088415 11.890982418784553
0 92.919921875 71.41927083333334 14.29448050369918 19.059307338265576
0 93.26171875 49.4140625 11.89011214525034 15.853482860333786
0 81.005859375 55.078125 12.553078491945271 16.73743798926036
0 61.767578125 61.393229166666664 13.253204803838173 17.670939738450897
0 60.205078125 46.2890625 11.508000265481447 15.344000353975263
0 54.052734375 46.74479166666667 11.564511304624277 15.419348406165703
0 66.11328125 35.22135416666667 10.038381471800859 13.384508629067811
0 9.716796875 39.58333333333333 10.641843123878598 14.189124165171464
0 73.2421875 31.119791666666668 9.4358061729372 12.5810748972496
0 60.400390625 36.71875 10.24954566879069 13.66606089172092
0 77.783203125 28.971354166666668 9.104268731797058 12.139024975729411
0 59.033203125 24.4140625 8.357582969744357 11.143443959659143
0 69.384765625 32.6171875 9.660151239834237 12.880201653112316
0 95.8984375 25.065104166666668 8.468284256293707 11.291045675058275
0 91.30859375 31.25 9.4555257475767 12.607367663435602
0 94.873046875 29.296875 9.1552734375 12.20703125
0 90.625 24.283854166666664 8.33526628646708 11.113688381956106
0 36.328125 16.40625 6.8511792970714245 9.134905729428567
0 22.705078125 50.325520833333336 11.999269562583924 15.99902608344523
0 4.39453125 55.078125 12.553078491945271 16.73743798926036
0 16.650390625 16.276041666666664 6.823937919616058 9.09858389282141
0 10.205078125 16.9921875 6.972448522214271 9.296598029619028
0 20.99609375 18.098958333333336 7.195938795502683 9.594585060670244
0 18.1640625 19.596354166666664 7.487697843252746 9.983597124336994
0 27.685546875 21.09375 7.768507117527988 10.358009490037318
0 29.98046875 20.182291666666664 7.598815672600545 10.13175423013406
0 33.056640625 17.447916666666664 7.065330140863174 9.420440187817565
0 40.4296875 17.1875 7.012405574387241 9.349874099182989
0 42.67578125 19.466145833333336 7.462780310447684 9.950373747263578
0 44.04296875 28.841145833333332 9.083786661460703 12.11171554861427
0 48.388671875 25.520833333333332 8.544921875 11.393229166666668
0 43.26171875 33.07291666666667 9.727403229070575 12.9698709720941
0 59.033203125 20.052083333333336 7.574263699945591 10.099018266594122
0 57.03125 17.447916666666664 7.065330140863174 9.420440187817565
0 61.9140625 18.815104166666664 7.336923388776433 9.782564518368577
0 67.333984375 18.5546875 7.28597191547444 9.714629220632586
0 71.6796875 20.182291666666664 7.598815672600545 10.13175423013406
0 80.517578125 22.330729166666664 7.993042513249997 10.657390017666662
0 83.056640625 20.638020833333336 7.684129829110212 10.245506438813615
0 91.552734375 26.236979166666668 8.66398288975732 11.551977186343091
0 93.701171875 25.1953125 8.490251308132054 11.320335077509403
0 88.96484375 40.49479166666667 10.763667046233154 14.351556061644205
0 86.9140625 20.833333333333336 7.720404443770458 10.293872591693944
0 91.9921875 19.140625 7.400119417103358 9.866825889471144
0 61.328125 23.697916666666664 8.234092750996119 10.978790334661493
0 7.91015625 20.963541666666664 7.7444931277157725 10.325990836954363
0 6.005859375 23.567708333333336 8.211440458419013 10.948587277892017
0 3.271484375 23.2421875 8.154534433525017 10.872712578033356
0 0.9765625 23.958333333333336 8.279211405182211 11.038948540242949
0 30.419921875 17.447916666666664 7.065330140863174 9.420440187817565
0 25.9765625 17.643229166666664 7.104764847914316 9.473019797219088
0 79.638671875 19.010416666666664 7.37490598974278 9.833207986323707
0 34.619140625 34.5703125 9.945172568847854 13.26023009179714
0 46.435546875 20.052083333333336 7.574263699945591 10.099018266594122
0 49.609375 17.903645833333336 7.157006469457137 9.542675292609516
0 36.083984375 19.921875 7.549631882844837 10.066175843793117
0 1.318359375 17.7734375 7.130933499479933 9.50791133263991
0 6.4453125 17.643229166666664 7.104764847914316 9.473019797219088
0 4.833984375 16.731770833333336 6.9188135063199665 9.225084675093289
