0 97.412109375 68.03385416666666 13.951574036453199 18.60209871527093
0 96.142578125 55.2734375 12.575316026633615 16.767088035511488
0 96.435546875 41.86197916666667 10.943860520654974 14.591814027539964
0 95.3125 35.48177083333333 10.075423595714831 13.433898127619774
0 98.4375 35.3515625 10.056919588186085 13.409226117581447
0 97.94921875 32.87760416666667 9.698638050580264 12.931517400773687
0 98.2421875 29.817708333333332 9.236295135755345 12.315060181007127
0 96.826171875 26.3671875 8.685454999241765 11.580606665655687
0 99.755859375 21.484375 7.840107775064166 10.453477033418888
0 95.3125 21.354166666666664 7.816313766397521 10.421751688530028
0 93.84765625 24.348958333333336 8.346432086900233 11.128576115866979
0 93.26171875 20.572916666666664 7.672000176987631 10.229333569316841
0 91.845703125 24.21875 8.324085508414218 11.098780677885625
0 90.72265625 20.833333333333336 7.720404443770458 10.293872591693944
0 89.111328125 25.846354166666668 8.59924487524742 11.465659833663226
0 88.0859375 20.833333333333336 7.720404443770458 10.293872591693944
0 86.1328125 25.325520833333332 8.512161670520847 11.349548894027794
0 89.208984375 24.088541666666664 8.301678777304348 11.068905036405797
0 91.40625 20.442708333333336 7.647683158045451 10.196910877393934
0 85.7421875 19.466145833333336 7.462780310447684 9.950373747263578
0 84.716796875 22.591145833333336 8.039514082226251 10.719352109635
0 84.912109375 18.424479166666664 7.2603620931215325 9.680482790828709
0 81.640625 23.567708333333336 8.211440458419013 10.948587277892017
0 83.3984375 18.815104166666664 7.336923388776433 9.782564518368577
0 80.37109375 19.661458333333336 7.500125566067204 10.00016742142294
0 80.76171875 17.057291666666664 6.985792933508055 9.31439057801074
0 78.90625 18.098958333333336 7.195938795502683 9.594585060670244
0 78.90625 24.21875 8.324085508414218 11.098780677885625
0 76.46484375 22.4609375 8.016311973000304 10.688415964000404
0 76.3671875 18.424479166666664 7.2603620931215325 9.680482790828709
0 75.5859375 15.950520833333334 6.755353888299149 9.0071385177322
0 75.09765625 18.5546875 7.28597191547444 9.714629220632586
0 76.708984375 26.953125 8.78142979122202 11.708573054962693
0 73.92578125 29.622395833333332 9.205995562132786 12.274660749510382
0 72.021484375 33.203125 9.746532850751532 12.995377134335376
0 69.287109375 38.15104166666667 10.447535869521296 13.930047826028394
0 71.2890625 22.981770833333336 8.108722079825698 10.811629439767596
0 70.99609375 15.4296875 6.644147051109997 8.858862734813329
0 68.1640625 14.583333333333334 6.459353786778786 8.612471715705048
0 67.7734375 16.080729166666664 6.782870718656271 9.043827624875028
0 66.30859375 16.6015625 6.891839471823862 9.189119295765149
0 65.33203125 18.424479166666664 7.2603620931215325 9.680482790828709
0 68.06640625 24.348958333333336 8.346432086900233 11.128576115866979
0 65.4296875 25.325520833333332 8.512161670520847 11.349548894027794
0 61.669921875 25.325520833333332 8.512161670520847 11.349548894027794
0 58.49609375 22.0703125 7.946299173761924 10.595065565015899
0 60.7421875 18.684895833333336 7.311492035346033 9.748656047128044
0 61.962890625 17.317708333333336 7.038917599286375 9.385223465715166
0 64.404296875 16.927083333333336 6.959078522333606 9.278771363111476
0 63.57421875 15.169270833333334 6.587839704871492 8.783786273161988
0 61.5234375 15.299479166666666 6.61605328023645 8.821404373648601
0 59.912109375 15.690104166666666 6.699981201202437 8.933308268269917
0 57.080078125 19.466145833333336 7.462780310447684 9.950373747263578
0 58.203125 15.950520833333334 6.755353888299149 9.0071385177322
0 52.9296875 17.317708333333336 7.038917599286375 9.385223465715166
0 55.56640625 14.84375 6.516771394062079 8.689028525416106
0 52.197265625 19.075520833333336 7.3875234600282 9.850031280037602
0 49.951171875 17.838541666666664 7.143981879101334 9.525309172135112
0 46.728515625 15.4296875 6.644147051109997 8.858862734813329
0 45.068359375 16.796875 6.932261164306974 9.243014885742634
0 43.359375 18.229166666666664 7.221777078979024 9.629036105305365
0 45.654296875 21.6796875 7.875664001809045 10.500885335745393
0 46.58203125 17.578125 7.091644310682526 9.455525747576702
0 43.5546875 15.4296875 6.644147051109997 8.858862734813329
0 48.2421875 20.703125 7.6962403643301345 10.261653819106845
0 42.626953125 17.057291666666664 6.985792933508055 9.31439057801074
0 40.8203125 20.052083333333336 7.574263699945591 10.099018266594122
0 41.30859375 15.4296875 6.644147051109997 8.858862734813329
0 39.990234375 17.057291666666664 6.985792933508055 9.31439057801074
0 38.37890625 17.057291666666664 6.985792933508055 9.31439057801074
0 38.28125 19.3359375 7.437779301119349 9.917039068159132
0 38.57421875 23.958333333333336 8.279211405182211 11.038948540242949
0 39.404296875 15.8203125 6.72772451325946 8.970299351012613
0 36.962890625 14.192708333333334 6.372257390692475 8.496343187589966
0 37.060546875 17.317708333333336 7.038917599286375 9.385223465715166
0 34.375 19.205729166666664 7.412693970636669 9.883591960848893
0 34.521484375 16.796875 6.932261164306974 9.243014885742634
0 32.373046875 17.708333333333336 7.117861199762329 9.490481599683106
0 30.322265625 21.2890625 7.804389558437758 10.405852744583676
0 34.521484375 15.559895833333334 6.672122530845778 8.896163374461038
0 32.373046875 15.690104166666666 6.699981201202437 8.933308268269917
0 29.4921875 18.424479166666664 7.2603620931215325 9.680482790828709
0 29.4921875 15.299479166666666 6.61605328023645 8.821404373648601
0 31.25 14.583333333333334 6.459353786778786 8.612471715705048
0 31.4453125 26.5625 8.717563999686098 11.62341866624813
0 27.587890625 19.075520833333336 7.3875234600282 9.850031280037602
0 28.41796875 16.2109375 6.810276368536802 9.080368491382403
0 27.197265625 16.2109375 6.810276368536802 9.080368491382403
0 24.951171875 17.447916666666664 7.065330140863174 9.420440187817565
0 23.53515625 18.424479166666664 7.2603620931215325 9.680482790828709
0 25.87890625 23.307291666666664 8.165947363439729 10.88792981791964
0 24.853515625 16.796875 6.932261164306974 9.243014885742634
0 22.216796875 16.080729166666664 6.782870718656271 9.043827624875028
0 19.873046875 17.317708333333336 7.038917599286375 9.385223465715166
0 17.431640625 15.690104166666666 6.699981201202437 8.933308268269917
0 18.75 21.6796875 7.875664001809045 10.500885335745393
0 17.333984375 19.7265625 7.512532730158185 10.01671030687758
0 14.404296875 18.684895833333336 7.311492035346033 9.748656047128044
0 15.771484375 16.927083333333336 6.959078522333606 9.278771363111476
0 13.96484375 18.229166666666664 7.221777078979024 9.629036105305365
0 21.09375 15.8203125 6.72772451325946 8.970299351012613
0 10.302734375 18.5546875 7.28597191547444 9.714629220632586
0 12.060546875 18.098958333333336 7.195938795502683 9.594585060670244
0 12.109375 22.4609375 8.016311973000304 10.688415964000404
0 6.93359375 27.604166666666668 8.886852892188134 11.849137189584178
0 7.373046875 16.471354166666664 6.864759447755123 9.15301259700683
0 5.95703125 20.3125 7.62328857226367 10.164384763018226
0 3.173828125 25.5859375 8.555814067917595 11.407752090556793
0 3.61328125 19.856770833333336 7.537285788103314 10.049714384137753
0 1.46484375 19.466145833333336 7.462780310447684 9.950373747263578
0 1.26953125 57.552083333333336 12.831906763689355 17.10920901825247
0 2.685546875 70.18229166666666 14.170149861137574 18.89353314818343
0 22.021484375 28.841145833333332 9.083786661460703 12.11171554861427
0 22.216796875 36.71875 10.24954566879069 13.66606089172092
0 22.509765625 45.76822916666667 11.443074499055587 15.25743266540745
0 23.92578125 56.380208333333336 12.700593290212897 16.93412438695053
0 28.515625 65.0390625 13.641050194474493 18.18806692596599
0 41.6015625 88.8671875 15.945252047867593 21.260336063823456
0 24.560546875 94.46614583333334 16.439884767035682 21.919846356047575
0 46.09375 57.682291666666664 12.846414294341546 17.128552392455397
0 42.333984375 44.53125 11.287379155826983 15.049838874435977
0 41.845703125 35.09114583333333 10.019809057239993 13.359745409653323
0 49.658203125 26.3671875 8.685454999241765 11.580606665655687
0 51.7578125 35.61197916666667 10.093893681970965 13.458524909294619
0 59.814453125 32.2265625 9.60213178866716 12.802842384889546
0 59.619140625 39.97395833333333 10.694223308065938 14.258964410754585
0 61.5234375 53.90625 12.418817107773318 16.558422810364423
0 76.171875 50.130208333333336 11.975962445281118 15.967949927041488
0 83.10546875 64.19270833333334 13.552003974105538 18.06933863214072
0 91.552734375 43.75 11.187928942763282 14.917238590351042
0 89.111328125 43.03385416666667 11.095983253599758 14.794644338133011
0 89.208984375 32.74739583333333 9.679413773897526 12.905885031863368
0 97.021484375 21.484375 7.840107775064166 10.453477033418888
0 63.37890625 26.692708333333332 8.738904457566134 11.651872610088178
0 56.54296875 26.953125 8.78142979122202 11.708573054962693
0 54.052734375 26.822916666666668 8.760192928715409 11.680257238287211
0 46.826171875 25.9765625 8.620878229873984 11.494504306498644
0 35.205078125 18.684895833333336 7.311492035346033 9.748656047128044
0 11.03515625 27.734375 8.907787792557633 11.877050390076842
0 14.0625 42.3828125 11.01173007365034 14.682306764867118
0 43.359375 30.013020833333332 9.266495636406846 12.35532751520913
0 3.61328125 57.552083333333336 12.831906763689355 17.10920901825247
0 4.4921875 22.916666666666664 8.097228492078614 10.796304656104818
0 27.978515625 26.692708333333332 8.738904457566134 11.651872610088178
0 57.2265625 35.22135416666667 10.038381471800859 13.384508629067811
