0 30.37109375 85.41666666666666 15.632627532795041 20.843503377060056
0 55.615234375 63.736979166666664 13.503812798973136 18.00508373196418
0 37.3046875 60.807291666666664 13.18980882871967 17.586411771626228
0 74.609375 79.8828125 15.117756441041058 20.157008588054744
0 88.57421875 79.03645833333334 15.03745726898794 20.04994302531725
0 87.6953125 64.90885416666666 13.627388648538883 18.169851531385177
0 92.041015625 51.432291666666664 12.130497384247919 16.17399651233056
0 77.294921875 53.580729166666664 12.381263900818356 16.508351867757806
0 66.89453125 60.416666666666664 13.147375017418222 17.52983335655763
0 52.490234375 48.56770833333333 11.787846628312968 15.717128837750623
0 20.41015625 50.0 11.960399134683488 15.947198846244651
0 1.85546875 58.7890625 12.969073096237658 17.29209746165021
0 7.91015625 34.24479166666667 9.898238977189243 13.197651969585658
0 18.45703125 36.84895833333333 10.267702539831983 13.690270053109312
0 35.009765625 41.34114583333333 10.87556743237638 14.500756576501841
0 48.14453125 36.97916666666667 10.285827359834423 13.714436479779232
0 61.474609375 35.546875 10.084662867345157 13.44621715646021
0 63.96484375 42.51302083333333 11.02863220189981 14.704842935866417
0 79.8828125 39.58333333333333 10.641843123878598 14.189124165171464
0 93.45703125 42.31770833333333 11.00326927326657 14.671025697688759
0 86.5234375 33.984375 9.860531263063667 13.147375017418222
0 92.578125 31.966145833333332 9.56325660155786 12.751008802077147
0 74.90234375 29.166666666666668 9.134905729428569 12.17987430590476
0 61.572265625 30.794270833333332 9.386325988299376 12.515101317732501
0 52.490234375 27.864583333333332 8.928673607377803 11.904898143170405
0 44.23828125 29.4921875 9.185740321833748 12.247653762444997
0 33.203125 35.546875 10.084662867345157 13.44621715646021
0 32.958984375 28.450520833333332 9.02206146184966 12.029415282466214
0 19.970703125 30.078125 9.276540621075844 12.368720828101127
0 9.66796875 27.1484375 8.81318913463968 11.750918846186241
0 4.443359375 32.09635416666667 9.58271390875707 12.77695187834276
0 10.64453125 14.453125 6.430452730012657 8.57393697335021
0 25.146484375 12.3046875 5.933295317145868 7.911060422861158
0 2.294921875 15.885416666666666 6.741553355216833 8.988737806955777
0 34.5703125 12.6953125 6.026738787271576 8.0356517163621
0 41.748046875 13.8671875 6.298757153488249 8.398342871317666
0 47.802734375 13.411458333333334 6.194391824397107 8.259189099196142
0 41.11328125 22.8515625 8.085718566584333 10.780958088779109
0 62.451171875 24.4140625 8.357582969744357 11.143443959659143
0 71.77734375 21.549479166666664 7.85197774064246 10.469303654189947
0 61.572265625 10.546875 5.4931640625 7.32421875
0 70.166015625 15.885416666666666 6.741553355216833 8.988737806955777
0 75.439453125 11.588541666666668 5.758045124546267 7.677393499395023
0 20.41015625 20.5078125 7.659851317145468 10.21313508952729
0 27.44140625 22.8515625 8.085718566584333 10.780958088779109
0 21.6796875 26.041666666666668 8.631674575031099 11.508899433374797
0 5.419921875 24.283854166666664 8.33526628646708 11.113688381956106
0 36.328125 17.903645833333336 7.157006469457137 9.542675292609516
0 25.68359375 17.643229166666664 7.104764847914316 9.473019797219088
0 18.994140625 15.4296875 6.644147051109997 8.858862734813329
0 5.126953125 16.471354166666664 6.864759447755123 9.15301259700683
0 48.33984375 27.604166666666668 8.886852892188134 11.849137189584178
0 50.0 18.9453125 7.3622668956389274 9.816355860851903
0 45.849609375 23.567708333333336 8.211440458419013 10.948587277892017
0 57.91015625 18.619791666666664 7.298743129334349 9.731657505779133
0 32.51953125 21.419270833333336 7.828219811023351 10.437626414697803
0 22.36328125 16.471354166666664 6.864759447755123 9.15301259700683
0 17.578125 18.489583333333336 7.273178276253042 9.697571035004056
0 8.154296875 16.015625 6.7691262856502785 9.025501714200372
0 82.6171875 18.229166666666664 7.221777078979024 9.629036105305365
0 79.58984375 25.130208333333332 8.479274895904423 11.305699861205897
0 89.55078125 26.432291666666668 8.696171172348027 11.594894896464037
0 94.970703125 22.526041666666664 8.027921409891299 10.703895213188398
0 88.232421875 15.4296875 6.644147051109997 8.858862734813329
0 81.54296875 14.583333333333334 6.459353786778786 8.612471715705048
0 72.216796875 12.109375 5.886017310176364 7.848023080235151
0 63.623046875 11.002604166666668 5.610588473770214 7.480784631693618
0 44.677734375 14.322916666666666 6.401421192444773 8.53522825659303
0 38.28125 13.736979166666666 6.269115778861736 8.358821038482315
0 28.515625 13.606770833333334 6.2393335877260965 8.319111450301463
0 98.193359375 20.5078125 7.659851317145468 10.21313508952729
0 52.24609375 17.057291666666664 6.985792933508055 9.31439057801074
0 57.12890625 15.169270833333334 6.587839704871492 8.783786273161988
0 57.470703125 11.71875 5.790303332827843 7.720404443770458
0 68.603515625 13.736979166666666 6.269115778861736 8.358821038482315
0 14.892578125 15.4296875 6.644147051109997 8.858862734813329
0 3.076171875 19.791666666666664 7.524919437217989 10.033225916290652
0 99.169921875 42.64322916666667 11.045508466097326 14.7273446214631
0 99.4140625 25.846354166666668 8.59924487524742 11.465659833663226
0 67.96875 25.0 8.457279333832409 11.276372445109878
0 57.8125 24.739583333333336 8.413115693414442 11.217487591219255
0 83.59375 14.453125 6.430452730012657 8.57393697335021
0 78.271484375 14.908854166666666 6.531046923532928 8.708062564710572
0 92.67578125 21.419270833333336 7.828219811023351 10.437626414697803
0 78.7109375 19.661458333333336 7.500125566067204 10.00016742142294
0 87.158203125 24.153645833333336 8.312889692307273 11.083852923076364
0 60.15625 18.229166666666664 7.221777078979024 9.629036105305365
0 28.759765625 18.359375 7.247523246483103 9.663364328644137
