0 85.009765625 66.14583333333334 13.756625573223443 18.342167430964594
0 66.064453125 62.825520833333336 13.406910788872556 17.875881051830074
0 52.197265625 51.497395833333336 12.138172486176355 16.184229981568475
0 73.486328125 33.0078125 9.717824296930333 12.957099062573777
0 50.341796875 51.497395833333336 12.138172486176355 16.184229981568475
0 1.3671875 62.174479166666664 13.33726402796152 17.783018703948695
0 61.1328125 36.1328125 10.167438506443897 13.556584675258529
0 32.275390625 21.940104166666664 7.92282408798045 10.5637654506406
0 25.5859375 19.661458333333336 7.500125566067204 10.00016742142294
0 67.529296875 24.739583333333336 8.413115693414442 11.217487591219255
0 79.931640625 24.739583333333336 8.413115693414442 11.217487591219255
0 66.064453125 24.088541666666664 8.301678777304348 11.068905036405797
0 58.642578125 25.065104166666668 8.468284256293707 11.291045675058275
0 93.896484375 77.34375 14.875558602238698 19.834078136318265
0 85.986328125 63.020833333333336 13.427734375 17.903645833333336
0 74.365234375 52.799479166666664 12.290668069825603 16.38755742643414
0 66.455078125 59.049479166666664 12.99776577090262 17.330354361203494
0 36.865234375 61.848958333333336 13.302303904848248 17.73640520646433
0 34.765625 39.0625 10.57159916729051 14.095465556387346
0 21.38671875 50.9765625 12.076635093633655 16.10218012484487
0 26.708984375 78.515625 14.98782856177817 19.983771415704226
0 42.578125 31.315104166666668 9.465370128949479 12.62049350526597
0 57.12890625 39.0625 10.57159916729051 14.095465556387346
0 75.439453125 40.75520833333333 10.79822144345345 14.397628591271266
0 74.70703125 29.036458333333332 9.114492506755418 12.15265667567389
0 60.3515625 32.68229166666667 9.669787303317175 12.893049737756234
0 50.09765625 29.361979166666668 9.16544031840894 12.220587091211922
0 32.421875 33.33333333333333 9.765625 13.020833333333334
0 19.921875 30.989583333333332 9.416045300623482 12.554727067497975
0 21.630859375 16.341145833333336 6.837572174807153 9.116762899742872
