0 94.23828125 46.74479166666667 11.564511304624277 15.419348406165703
0 94.140625 33.46354166666667 9.784679896167846 13.046239861557126
0 63.720703125 41.2109375 10.85842704752026 14.477902730027015
0 45.947265625 20.377604166666664 7.635495607419925 10.180660809893233
0 20.947265625 21.940104166666664 7.92282408798045 10.5637654506406
0 0.68359375 21.158854166666664 7.780486318348366 10.373981757797822
0 80.810546875 48.046875 11.724470649596281 15.632627532795041
0 78.662109375 36.39322916666667 10.204012144348443 13.605349525797925
0 87.79296875 37.76041666666667 10.393912576859377 13.85855010247917
0 98.583984375 31.0546875 9.425930915210266 12.567907886947022
0 88.720703125 31.315104166666668 9.465370128949479 12.62049350526597
0 73.974609375 27.864583333333332 8.928673607377803 11.904898143170405
0 77.783203125 23.828125 8.256682897014576 11.008910529352768
0 87.890625 27.734375 8.907787792557633 11.877050390076842
0 70.751953125 30.013020833333332 9.266495636406846 12.35532751520913
0 65.72265625 30.013020833333332 9.266495636406846 12.35532751520913
0 64.599609375 21.809895833333336 7.8992792392241125 10.532372318965482
0 57.080078125 33.72395833333333 9.82267879603948 13.096905061385971
0 58.10546875 20.247395833333336 7.611061958825638 10.148082611767517
0 49.853515625 21.158854166666664 7.780486318348366 10.373981757797822
0 36.62109375 20.8984375 7.732458166088822 10.309944221451763
0 30.908203125 23.307291666666664 8.165947363439729 10.88792981791964
0 33.59375 18.229166666666664 7.221777078979024 9.629036105305365
0 27.880859375 19.140625 7.400119417103358 9.866825889471144
0 19.62890625 16.731770833333336 6.9188135063199665 9.225084675093289
0 24.365234375 20.052083333333336 7.574263699945591 10.099018266594122
0 11.23046875 20.377604166666664 7.635495607419925 10.180660809893233
0 6.494140625 21.809895833333336 7.8992792392241125 10.532372318965482
0 12.79296875 19.140625 7.400119417103358 9.866825889471144
0 7.71484375 17.96875 7.170007400189656 9.56000986691954
0 2.880859375 21.2890625 7.804389558437758 10.405852744583676
0 29.39453125 17.252604166666664 7.025674092542321 9.367565456723094
0 35.791015625 17.252604166666664 7.025674092542321 9.367565456723094
0 31.005859375 17.643229166666664 7.104764847914316 9.473019797219088
0 37.5 16.861979166666664 6.945682786096826 9.260910381462436
0 25.5859375 15.8203125 6.72772451325946 8.970299351012613
0 39.404296875 16.080729166666664 6.782870718656271 9.043827624875028
0 48.046875 18.880208333333336 7.349606066157407 9.799474754876544
0 40.91796875 16.6015625 6.891839471823862 9.189119295765149
0 48.4375 16.080729166666664 6.782870718656271 9.043827624875028
0 59.619140625 15.494791666666666 6.658149484030587 8.877532645374115
0 66.748046875 15.690104166666666 6.699981201202437 8.933308268269917
0 57.6171875 15.559895833333334 6.672122530845778 8.896163374461038
0 64.84375 16.471354166666664 6.864759447755123 9.15301259700683
0 69.921875 15.234375 6.60196156395994 8.802615418613254
0 91.40625 21.419270833333336 7.828219811023351 10.437626414697803
0 83.69140625 17.643229166666664 7.104764847914316 9.473019797219088
0 81.298828125 20.768229166666664 7.708331872750909 10.277775830334546
0 77.1484375 17.3828125 7.052136235529384 9.40284831403918
0 95.947265625 25.0 8.457279333832409 11.276372445109878
0 80.908203125 16.731770833333336 6.9188135063199665 9.225084675093289
0 98.974609375 22.65625 8.051090062422436 10.734786749896582
0 75.146484375 15.494791666666666 6.658149484030587 8.877532645374115
0 93.212890625 20.768229166666664 7.708331872750909 10.277775830334546
0 72.8515625 15.494791666666666 6.658149484030587 8.877532645374115
0 95.166015625 21.2890625 7.804389558437758 10.405852744583676
