0 48.14453125 22.916666666666664 8.097228492078614 10.796304656104818
0 10.7421875 30.078125 9.276540621075844 12.368720828101127
0 38.232421875 23.046875 8.120199399200482 10.82693253226731
0 28.80859375 27.9296875 8.939098215256843 11.918797620342456
0 78.80859375 22.005208333333336 7.9345703125 10.579427083333332
0 83.154296875 22.005208333333336 7.9345703125 10.579427083333332
0 85.25390625 20.247395833333336 7.611061958825638 10.148082611767517
0 57.958984375 20.5078125 7.659851317145468 10.21313508952729
0 71.875 30.208333333333332 9.296598029619028 12.395464039492039
0 84.86328125 30.338541666666668 9.316612257369233 12.42214967649231
0 88.232421875 29.4921875 9.185740321833748 12.247653762444997
0 94.580078125 21.614583333333336 7.863829789260941 10.485106385681254
0 89.794921875 23.958333333333336 8.279211405182211 11.038948540242949
0 71.2890625 25.0 8.457279333832409 11.276372445109878
0 25.244140625 18.294270833333336 7.234661615679748 9.646215487572997
0 3.90625 22.005208333333336 7.9345703125 10.579427083333332
0 18.603515625 23.958333333333336 8.279211405182211 11.038948540242949
0 50.048828125 18.684895833333336 7.311492035346033 9.748656047128044
0 39.404296875 15.625 6.686066375795484 8.914755167727312
0 22.55859375 16.40625 6.8511792970714245 9.134905729428567
0 8.544921875 19.205729166666664 7.412693970636669 9.883591960848893
0 4.98046875 19.466145833333336 7.462780310447684 9.950373747263578
0 2.197265625 18.815104166666664 7.336923388776433 9.782564518368577
0 47.4609375 36.65364583333333 10.240455160865794 13.653940214487726
0 47.0703125 32.55208333333333 9.650505554713073 12.86734073961743
0 88.720703125 18.033854166666664 7.182984799767957 9.577313066357275
0 76.708984375 17.3828125 7.052136235529384 9.40284831403918
0 81.494140625 18.294270833333336 7.234661615679748 9.646215487572997
0 95.361328125 22.786458333333336 8.074192233473482 10.765589644631309
0 29.98046875 56.25 12.685919000748614 16.914558667664817
0 86.42578125 18.424479166666664 7.2603620931215325 9.680482790828709
