0 79.58984375 38.73697916666667 10.527458685705774 14.036611580941033
0 87.548828125 34.70052083333333 9.963884104806219 13.28517880640829
0 88.330078125 22.591145833333336 8.039514082226251 10.719352109635
0 98.14453125 22.65625 8.051090062422436 10.734786749896582
0 62.109375 10.3515625 5.442063751259463 7.256085001679284
0 21.728515625 15.885416666666666 6.741553355216833 8.988737806955777
0 11.474609375 25.130208333333332 8.479274895904423 11.305699861205897
0 10.498046875 34.9609375 10.001202153426476 13.334936204568635
0 42.919921875 17.7734375 7.130933499479933 9.50791133263991
0 57.12890625 18.294270833333336 7.234661615679748 9.646215487572997
0 74.267578125 17.96875 7.170007400189656 9.56000986691954
0 83.7890625 14.518229166666666 6.444919458600731 8.593225944800976
0 80.615234375 22.265625 7.981382342908947 10.641843123878598
0 48.92578125 13.541666666666666 6.224389054678692 8.299185406238257
0 35.107421875 17.447916666666664 7.065330140863174 9.420440187817565
0 5.908203125 23.958333333333336 8.279211405182211 11.038948540242949
0 1.806640625 32.421875 9.631185203893738 12.84158027185832
0 7.177734375 46.02864583333333 11.475583298927713 15.300777731903617
0 5.517578125 58.7890625 12.969073096237658 17.29209746165021
0 7.666015625 71.02864583333334 14.2553353443929 19.007113792523867
0 26.66015625 50.390625 12.007028547916262 16.00937139722168
0 38.8671875 59.505208333333336 13.047826126972625 17.397101502630168
0 30.56640625 29.166666666666668 9.134905729428569 12.17987430590476
0 36.572265625 27.213541666666668 8.823750179932228 11.765000239909636
0 34.08203125 32.35677083333333 9.621510480001493 12.828680640001991
0 48.193359375 43.48958333333333 11.154581837461587 14.872775783282115
0 50.439453125 32.03125 9.572990198582838 12.763986931443785
0 62.353515625 56.25 12.685919000748614 16.914558667664817
0 43.1640625 32.421875 9.631185203893738 12.84158027185832
0 43.26171875 23.958333333333336 8.279211405182211 11.038948540242949
0 59.08203125 29.557291666666668 9.195873518871684 12.261164691828911
0 67.7734375 43.48958333333333 11.154581837461587 14.872775783282115
0 54.4921875 49.08854166666667 11.850883690763915 15.801178254351885
0 64.35546875 56.25 12.685919000748614 16.914558667664817
0 41.6015625 60.9375 13.203923127919884 17.60523083722651
0 56.640625 48.69791666666667 11.803637454720285 15.738183272960379
0 88.4765625 65.49479166666666 13.688758234866825 18.2516776464891
0 95.99609375 56.4453125 12.707924080601204 16.94389877413494
0 90.087890625 46.02864583333333 11.475583298927713 15.300777731903617
0 23.095703125 54.947916666666664 12.538231557723472 16.71764207696463
0 1.171875 48.2421875 11.748276705883885 15.664368941178514
0 24.072265625 27.734375 8.907787792557633 11.877050390076842
0 31.787109375 21.809895833333336 7.8992792392241125 10.532372318965482
0 12.59765625 32.94270833333333 9.708235913444133 12.944314551258843
0 28.41796875 24.674479166666664 8.402038511923953 11.202718015898604
0 34.5703125 34.5703125 9.945172568847854 13.26023009179714
0 52.490234375 29.036458333333332 9.114492506755418 12.15265667567389
0 63.8671875 30.533854166666668 9.346553241646458 12.462070988861944
0 71.044921875 30.078125 9.276540621075844 12.368720828101127
0 79.19921875 30.078125 9.276540621075844 12.368720828101127
0 75.68359375 30.403645833333332 9.326603265341873 12.43547102045583
0 73.681640625 24.8046875 8.424178309229896 11.23223774563986
0 61.962890625 29.8828125 9.24637292940864 12.32849723921152
0 44.189453125 18.098958333333336 7.195938795502683 9.594585060670244
0 52.63671875 22.65625 8.051090062422436 10.734786749896582
0 31.201171875 18.9453125 7.3622668956389274 9.816355860851903
0 6.34765625 17.7734375 7.130933499479933 9.50791133263991
0 15.771484375 13.932291666666666 6.313525654778199 8.418034206370931
0 31.201171875 12.565104166666666 5.995752778438873 7.9943370379184975
0 39.208984375 11.9140625 5.838356466585996 7.784475288781327
0 64.453125 15.104166666666666 6.573687508709111 8.764916678278816
0 75.29296875 17.057291666666664 6.985792933508055 9.31439057801074
0 89.84375 22.591145833333336 8.039514082226251 10.719352109635
0 81.25 28.90625 9.094033462982996 12.125377950643994
0 46.6796875 24.283854166666664 8.33526628646708 11.113688381956106
0 15.0390625 32.87760416666667 9.698638050580264 12.931517400773687
0 5.419921875 49.0234375 11.843022407185213 15.790696542913619
0 17.822265625 60.286458333333336 13.133199945892343 17.51093326118979
0 37.5 57.096354166666664 12.781000727155718 17.04133430287429
0 26.3671875 69.7265625 14.124067950935224 18.832090601246964
0 39.990234375 62.630208333333336 13.386054809241521 17.848073078988694
0 77.099609375 52.213541666666664 12.222280514221671 16.29637401896223
