0 85.595703125 26.236979166666668 8.66398288975732 11.551977186343091
0 66.89453125 24.0234375 8.290452702152177 11.053936936202902
0 57.666015625 15.0390625 6.559504779115197 8.746006372153596
0 12.353515625 17.3828125 7.052136235529384 9.40284831403918
0 2.05078125 25.0 8.457279333832409 11.276372445109878
0 7.373046875 19.791666666666664 7.524919437217989 10.033225916290652
0 1.123046875 17.7734375 7.130933499479933 9.50791133263991
0 61.962890625 16.536458333333336 6.878312786611722 9.171083715482297
0 42.87109375 15.8203125 6.72772451325946 8.970299351012613
0 75.78125 24.283854166666664 8.33526628646708 11.113688381956106
0 81.298828125 18.5546875 7.28597191547444 9.714629220632586
0 4.4921875 18.684895833333336 7.311492035346033 9.748656047128044
0 45.80078125 16.145833333333336 6.796587356970242 9.062116475960323
0 38.4765625 16.145833333333336 6.796587356970242 9.062116475960323
0 65.869140625 16.276041666666664 6.823937919616058 9.09858389282141
0 78.662109375 18.424479166666664 7.2603620931215325 9.680482790828709
0 91.845703125 18.424479166666664 7.2603620931215325 9.680482790828709
0 85.498046875 18.880208333333336 7.349606066157407 9.799474754876544
0 72.802734375 18.424479166666664 7.2603620931215325 9.680482790828709
0 34.375 16.666666666666664 6.905339660024879 9.207119546699838
0 83.056640625 16.927083333333336 6.959078522333606 9.278771363111476
0 41.11328125 17.057291666666664 6.985792933508055 9.31439057801074
0 93.359375 21.549479166666664 7.85197774064246 10.469303654189947
0 87.451171875 20.638020833333336 7.684129829110212 10.245506438813615
0 99.4140625 21.549479166666664 7.85197774064246 10.469303654189947
