0 62.744140625 39.71354166666667 10.65933178501769 14.212442380023585
0 70.80078125 32.03125 9.572990198582838 12.763986931443785
0 80.810546875 25.390625 8.523095729839442 11.364127639785922
0 90.087890625 30.078125 9.276540621075844 12.368720828101127
0 80.908203125 80.859375 15.2098825614955 20.279843415327335
0 6.494140625 28.841145833333332 9.083786661460703 12.11171554861427
0 29.296875 21.744791666666664 7.887480458569388 10.51664061142585
0 20.99609375 19.140625 7.400119417103358 9.866825889471144
0 8.837890625 23.372395833333336 8.177344364608315 10.903125819477753
0 1.123046875 21.2890625 7.804389558437758 10.405852744583676
0 10.986328125 17.7734375 7.130933499479933 9.50791133263991
0 19.384765625 17.1875 7.012405574387241 9.349874099182989
0 27.685546875 15.559895833333334 6.672122530845778 8.896163374461038
0 37.109375 16.731770833333336 6.9188135063199665 9.225084675093289
0 45.068359375 20.5078125 7.659851317145468 10.21313508952729
0 53.564453125 17.513020833333336 7.0784994535786145 9.437999271438152
0 49.609375 21.419270833333336 7.828219811023351 10.437626414697803
0 60.498046875 22.4609375 8.016311973000304 10.688415964000404
0 66.69921875 23.2421875 8.154534433525017 10.872712578033356
0 78.857421875 20.703125 7.6962403643301345 10.261653819106845
0 73.73046875 15.234375 6.60196156395994 8.802615418613254
0 70.458984375 20.703125 7.6962403643301345 10.261653819106845
0 31.982421875 17.643229166666664 7.104764847914316 9.473019797219088
0 3.759765625 19.466145833333336 7.462780310447684 9.950373747263578
0 88.18359375 26.302083333333332 8.674725588105405 11.56630078414054
0 96.6796875 28.385416666666668 9.011732824849489 12.015643766465985
0 87.59765625 20.833333333333336 7.720404443770458 10.293872591693944
0 76.806640625 17.317708333333336 7.038917599286375 9.385223465715166
0 50.048828125 16.276041666666664 6.823937919616058 9.09858389282141
0 93.84765625 23.828125 8.256682897014576 11.008910529352768
0 41.9921875 16.927083333333336 6.959078522333606 9.278771363111476
0 5.810546875 19.140625 7.400119417103358 9.866825889471144
0 35.05859375 16.6015625 6.891839471823862 9.189119295765149
0 46.728515625 15.690104166666666 6.699981201202437 8.933308268269917
0 83.984375 21.2890625 7.804389558437758 10.405852744583676
0 90.087890625 20.377604166666664 7.635495607419925 10.180660809893233
0 79.98046875 17.513020833333336 7.0784994535786145 9.437999271438152
0 93.603515625 20.963541666666664 7.7444931277157725 10.325990836954363
0 66.6015625 17.643229166666664 7.104764847914316 9.473019797219088
0 56.8359375 15.690104166666666 6.699981201202437 8.933308268269917
0 43.5546875 16.015625 6.7691262856502785 9.025501714200372
0 28.80859375 17.057291666666664 6.985792933508055 9.31439057801074
0 7.6171875 19.3359375 7.437779301119349 9.917039068159132
0 24.609375 16.276041666666664 6.823937919616058 9.09858389282141
0 84.08203125 17.1875 7.012405574387241 9.349874099182989
0 99.4140625 29.427083333333332 9.175595934065496 12.234127912087327
0 81.591796875 20.377604166666664 7.635495607419925 10.180660809893233
0 13.525390625 18.424479166666664 7.2603620931215325 9.680482790828709
0 97.021484375 21.158854166666664 7.780486318348366 10.373981757797822
0 46.2890625 19.140625 7.400119417103358 9.866825889471144
0 97.216796875 24.153645833333336 8.312889692307273 11.083852923076364
0 67.28515625 15.364583333333334 6.6301150458985685 8.840153394531425
0 99.169921875 24.283854166666664 8.33526628646708 11.113688381956106
