0 76.5625 33.91927083333333 9.851081781963485 13.134775709284646
0 83.59375 29.296875 9.1552734375 12.20703125
0 88.76953125 29.036458333333332 9.114492506755418 12.15265667567389
0 99.21875 43.22916666666667 11.121134740166381 14.828179653555177
0 97.36328125 31.770833333333332 9.53399618640949 12.711994915212655
0 96.09375 25.455729166666668 8.53401578009617 11.378687706794894
0 98.779296875 24.739583333333336 8.413115693414442 11.217487591219255
0 89.599609375 23.567708333333336 8.211440458419013 10.948587277892017
0 97.0703125 22.005208333333336 7.9345703125 10.579427083333332
0 87.451171875 20.703125 7.6962403643301345 10.261653819106845
0 93.9453125 22.526041666666664 8.027921409891299 10.703895213188398
0 84.130859375 18.359375 7.247523246483103 9.663364328644137
0 92.87109375 20.247395833333336 7.611061958825638 10.148082611767517
0 83.056640625 22.526041666666664 8.027921409891299 10.703895213188398
0 90.91796875 21.6796875 7.875664001809045 10.500885335745393
0 77.978515625 20.963541666666664 7.7444931277157725 10.325990836954363
0 67.96875 18.359375 7.247523246483103 9.663364328644137
0 81.103515625 19.401041666666664 7.450290292806215 9.933720390408286
0 73.2421875 15.8203125 6.72772451325946 8.970299351012613
0 82.177734375 17.96875 7.170007400189656 9.56000986691954
0 69.775390625 16.080729166666664 6.782870718656271 9.043827624875028
0 62.353515625 18.684895833333336 7.311492035346033 9.748656047128044
0 50.29296875 13.0859375 6.118755388111396 8.15834051748186
0 59.033203125 19.53125 7.475249459177179 9.966999278902906
0 73.4375 22.135416666666664 7.958010748538389 10.610680998051187
0 41.552734375 25.130208333333332 8.479274895904423 11.305699861205897
0 43.408203125 17.643229166666664 7.104764847914316 9.473019797219088
0 40.8203125 19.856770833333336 7.537285788103314 10.049714384137753
0 35.546875 19.53125 7.475249459177179 9.966999278902906
0 23.583984375 24.739583333333336 8.413115693414442 11.217487591219255
0 28.759765625 15.690104166666666 6.699981201202437 8.933308268269917
0 13.525390625 24.0234375 8.290452702152177 11.053936936202902
0 20.3125 15.234375 6.60196156395994 8.802615418613254
0 9.5703125 21.6796875 7.875664001809045 10.500885335745393
0 1.025390625 21.419270833333336 7.828219811023351 10.437626414697803
0 13.134765625 18.5546875 7.28597191547444 9.714629220632586
0 6.34765625 19.53125 7.475249459177179 9.966999278902906
0 29.58984375 19.856770833333336 7.537285788103314 10.049714384137753
0 1.46484375 18.815104166666664 7.336923388776433 9.782564518368577
0 37.451171875 17.252604166666664 7.025674092542321 9.367565456723094
0 3.076171875 19.270833333333336 7.425247229367944 9.900329639157258
0 34.5703125 15.690104166666666 6.699981201202437 8.933308268269917
0 0.1953125 18.098958333333336 7.195938795502683 9.594585060670244
0 36.279296875 15.364583333333334 6.6301150458985685 8.840153394531425
0 15.72265625 17.122395833333336 6.9991119025755095 9.332149203434014
0 22.705078125 18.815104166666664 7.336923388776433 9.782564518368577
0 17.87109375 16.080729166666664 6.782870718656271 9.043827624875028
0 21.533203125 23.4375 8.188725503539269 10.918300671385692
0 15.72265625 21.6796875 7.875664001809045 10.500885335745393
0 25.09765625 22.395833333333336 8.00468569861084 10.672914264814453
0 23.974609375 15.8203125 6.72772451325946 8.970299351012613
0 26.46484375 16.080729166666664 6.782870718656271 9.043827624875028
0 25.29296875 19.401041666666664 7.450290292806215 9.933720390408286
0 45.3125 16.2109375 6.810276368536802 9.080368491382403
0 41.015625 16.666666666666664 6.905339660024879 9.207119546699838
