0 98.92578125 20.052083333333336 7.574263699945591 10.099018266594122
0 95.41015625 22.65625 8.051090062422436 10.734786749896582
0 97.705078125 28.190104166666668 8.980675640601907 11.974234187469209
0 95.80078125 18.619791666666664 7.298743129334349 9.731657505779133
0 93.017578125 22.981770833333336 8.108722079825698 10.811629439767596
0 97.75390625 37.890625 10.411817693623036 13.88242359149738
0 91.89453125 25.260416666666668 8.501213548086012 11.334951397448016
0 87.548828125 31.8359375 9.543759625922785 12.725012834563712
0 87.060546875 19.140625 7.400119417103358 9.866825889471144
0 88.96484375 25.390625 8.523095729839442 11.364127639785922
0 84.47265625 15.950520833333334 6.755353888299149 9.0071385177322
0 82.177734375 21.549479166666664 7.85197774064246 10.469303654189947
0 78.564453125 25.065104166666668 8.468284256293707 11.291045675058275
0 77.24609375 33.203125 9.746532850751532 12.995377134335376
0 75.341796875 26.106770833333332 8.642457433170346 11.52327657756046
0 69.970703125 20.8984375 7.732458166088822 10.309944221451763
0 76.123046875 20.052083333333336 7.574263699945591 10.099018266594122
0 85.595703125 18.294270833333336 7.234661615679748 9.646215487572997
0 92.138671875 20.052083333333336 7.574263699945591 10.099018266594122
0 78.955078125 18.619791666666664 7.298743129334349 9.731657505779133
0 89.892578125 16.731770833333336 6.9188135063199665 9.225084675093289
0 80.810546875 15.690104166666666 6.699981201202437 8.933308268269917
0 75.830078125 14.388020833333334 6.415953381844678 8.554604509126236
0 79.248046875 16.341145833333336 6.837572174807153 9.116762899742872
0 75.830078125 17.903645833333336 7.157006469457137 9.542675292609516
0 68.408203125 19.010416666666664 7.37490598974278 9.833207986323707
0 71.142578125 13.736979166666666 6.269115778861736 8.358821038482315
0 66.064453125 15.4296875 6.644147051109997 8.858862734813329
0 61.572265625 27.473958333333332 8.865868558553435 11.821158078071248
0 74.4140625 13.411458333333334 6.194391824397107 8.259189099196142
0 59.228515625 13.0859375 6.118755388111396 8.15834051748186
0 78.02734375 14.778645833333334 6.502464524127966 8.669952698837287
0 60.83984375 15.625 6.686066375795484 8.914755167727312
0 79.19921875 14.583333333333334 6.459353786778786 8.612471715705048
0 73.2421875 13.411458333333334 6.194391824397107 8.259189099196142
0 66.552734375 17.057291666666664 6.985792933508055 9.31439057801074
0 59.27734375 17.513020833333336 7.0784994535786145 9.437999271438152
0 55.908203125 16.536458333333336 6.878312786611722 9.171083715482297
0 53.41796875 21.419270833333336 7.828219811023351 10.437626414697803
0 60.15625 19.3359375 7.437779301119349 9.917039068159132
0 56.640625 27.1484375 8.81318913463968 11.750918846186241
0 60.205078125 21.940104166666664 7.92282408798045 10.5637654506406
0 49.072265625 30.729166666666668 9.376398618003673 12.501864824004896
0 72.4609375 32.87760416666667 9.698638050580264 12.931517400773687
0 71.875 26.302083333333332 8.674725588105405 11.56630078414054
0 67.48046875 24.674479166666664 8.402038511923953 11.202718015898604
0 57.275390625 12.5 5.980199567341744 7.973599423122326
0 51.953125 15.494791666666666 6.658149484030587 8.877532645374115
0 56.005859375 13.411458333333334 6.194391824397107 8.259189099196142
0 48.974609375 14.0625 6.342959500374307 8.457279333832409
0 50.390625 19.466145833333336 7.462780310447684 9.950373747263578
0 43.84765625 26.302083333333332 8.674725588105405 11.56630078414054
0 48.14453125 23.111979166666664 8.131660519088275 10.842214025451032
0 46.77734375 14.778645833333334 6.502464524127966 8.669952698837287
0 40.478515625 26.627604166666668 8.728240750778255 11.637654334371007
0 41.650390625 20.182291666666664 7.598815672600545 10.13175423013406
0 47.75390625 18.489583333333336 7.273178276253042 9.697571035004056
0 43.75 14.388020833333334 6.415953381844678 8.554604509126236
0 40.576171875 16.9921875 6.972448522214271 9.296598029619028
0 37.841796875 21.223958333333336 7.792447103762027 10.389929471682702
0 37.060546875 15.690104166666666 6.699981201202437 8.933308268269917
0 45.3125 13.736979166666666 6.269115778861736 8.358821038482315
0 53.61328125 13.736979166666666 6.269115778861736 8.358821038482315
0 39.0625 15.169270833333334 6.587839704871492 8.783786273161988
0 34.619140625 20.182291666666664 7.598815672600545 10.13175423013406
0 31.25 29.557291666666668 9.195873518871684 12.261164691828911
0 35.546875 35.67708333333333 10.103116062772735 13.470821417030313
0 42.96875 42.578125 11.037073559585647 14.716098079447528
0 18.701171875 11.783854166666668 5.806365231457656 7.741820308610207
0 21.2890625 17.7734375 7.130933499479933 9.50791133263991
0 24.560546875 18.75 7.32421875 9.765625
0 31.34765625 16.666666666666664 6.905339660024879 9.207119546699838
0 27.685546875 16.731770833333336 6.9188135063199665 9.225084675093289
0 16.89453125 19.270833333333336 7.425247229367944 9.900329639157258
0 28.90625 15.299479166666666 6.61605328023645 8.821404373648601
0 23.53515625 14.0625 6.342959500374307 8.457279333832409
0 29.4921875 13.8671875 6.298757153488249 8.398342871317666
0 21.728515625 15.4296875 6.644147051109997 8.858862734813329
0 35.400390625 14.453125 6.430452730012657 8.57393697335021
0 31.640625 19.53125 7.475249459177179 9.966999278902906
0 27.978515625 19.986979166666664 7.561957820656658 10.08261042754221
0 27.5390625 26.302083333333332 8.674725588105405 11.56630078414054
0 22.36328125 26.106770833333332 8.642457433170346 11.52327657756046
0 18.84765625 16.471354166666664 6.864759447755123 9.15301259700683
0 14.16015625 15.299479166666666 6.61605328023645 8.821404373648601
0 14.111328125 20.572916666666664 7.672000176987631 10.229333569316841
0 20.166015625 14.2578125 6.386855937639267 8.515807916852356
0 11.23046875 18.619791666666664 7.298743129334349 9.731657505779133
0 4.736328125 17.3828125 7.052136235529384 9.40284831403918
0 11.62109375 15.169270833333334 6.587839704871492 8.783786273161988
0 6.689453125 21.940104166666664 7.92282408798045 10.5637654506406
0 9.86328125 15.950520833333334 6.755353888299149 9.0071385177322
0 2.294921875 17.578125 7.091644310682526 9.455525747576702
0 3.7109375 26.236979166666668 8.66398288975732 11.551977186343091
0 2.294921875 21.354166666666664 7.816313766397521 10.421751688530028
0 11.62109375 25.78125 8.588407763348565 11.451210351131419
0 11.669921875 34.11458333333333 9.87940311049722 13.17253748066296
0 16.6015625 33.3984375 9.775157091093119 13.033542788124159
0 21.142578125 42.25260416666667 10.994801962067763 14.659735949423682
0 25.48828125 38.80208333333333 10.536301575703167 14.048402100937555
0 3.466796875 49.08854166666667 11.850883690763915 15.801178254351885
0 3.173828125 39.84375 10.676791799643494 14.235722399524658
0 6.591796875 17.903645833333336 7.157006469457137 9.542675292609516
0 0.537109375 18.75 7.32421875 9.765625
0 17.7734375 13.736979166666666 6.269115778861736 8.358821038482315
0 2.294921875 15.625 6.686066375795484 8.914755167727312
0 49.755859375 53.580729166666664 12.381263900818356 16.508351867757806
0 42.041015625 76.3671875 14.78134892372111 19.708465231628146
0 18.45703125 72.00520833333334 14.352998066778378 19.137330755704504
0 51.708984375 36.00260416666667 10.149102263376399 13.53213635116853
0 46.58203125 42.25260416666667 10.994801962067763 14.659735949423682
0 64.501953125 45.05208333333333 11.353195335533615 15.137593780711486
0 72.55859375 57.552083333333336 12.831906763689355 17.10920901825247
0 81.787109375 54.947916666666664 12.538231557723472 16.71764207696463
0 87.548828125 47.8515625 11.700616157642099 15.600821543522796
0 86.9140625 77.9296875 14.931799100006184 19.909065466674914
0 99.267578125 62.630208333333336 13.386054809241521 17.848073078988694
0 18.017578125 26.236979166666668 8.66398288975732 11.551977186343091
0 26.611328125 13.0859375 6.118755388111396 8.15834051748186
0 19.384765625 23.111979166666664 8.131660519088275 10.842214025451032
0 37.98828125 13.932291666666666 6.313525654778199 8.418034206370931
0 42.96875 17.057291666666664 6.985792933508055 9.31439057801074
0 62.548828125 13.541666666666666 6.224389054678692 8.299185406238257
