0 95.263671875 53.450520833333336 12.366210686862065 16.488280915816087
0 81.34765625 47.72135416666667 11.684686107834867 15.579581477113155
0 94.82421875 42.578125 11.037073559585647 14.716098079447528
0 79.638671875 43.29427083333333 11.129505937994672 14.839341250659563
0 88.28125 37.95572916666667 10.420758715187912 13.894344953583882
0 82.666015625 37.95572916666667 10.420758715187912 13.894344953583882
0 94.82421875 37.5 10.358009490037318 13.810679320049758
0 86.767578125 32.35677083333333 9.621510480001493 12.828680640001991
0 99.0234375 31.640625 9.51443925056146 12.685919000748614
0 91.064453125 32.35677083333333 9.621510480001493 12.828680640001991
0 43.212890625 81.18489583333334 15.240467516093473 20.320623354791298
0 15.4296875 85.546875 15.644538107881223 20.85938414384163
0 3.90625 68.09895833333334 13.95824783450839 18.61099711267785
0 0.244140625 53.776041666666664 12.403809468323715 16.53841262443162
0 19.82421875 52.473958333333336 12.25272210686324 16.336962809150986
0 42.333984375 66.40625 13.783678943647724 18.378238591530298
0 44.384765625 57.6171875 12.83916257810219 17.118883437469588
0 62.3046875 48.046875 11.724470649596281 15.632627532795041
0 60.888671875 40.8203125 10.806842779312605 14.40912370575014
0 41.259765625 42.83854166666667 11.070774625986973 14.761032834649296
0 26.07421875 43.88020833333333 11.2045652775182 14.939420370024267
0 22.119140625 35.3515625 10.056919588186085 13.409226117581447
0 8.740234375 33.91927083333333 9.851081781963485 13.134775709284646
0 4.00390625 25.0 8.457279333832409 11.276372445109878
0 14.013671875 23.893229166666664 8.267954824306681 11.023939765742242
0 7.666015625 28.645833333333332 9.052976668817948 12.07063555842393
0 20.60546875 28.90625 9.094033462982996 12.125377950643994
0 30.615234375 30.598958333333332 9.35651227829339 12.475349704391189
0 40.72265625 34.765625 9.973226707988399 13.297635610651199
0 49.90234375 28.190104166666668 8.980675640601907 11.974234187469209
0 56.884765625 35.22135416666667 10.038381471800859 13.384508629067811
0 70.8984375 38.80208333333333 10.536301575703167 14.048402100937555
0 97.75390625 24.479166666666664 8.36871899463018 11.15829199284024
0 91.259765625 21.549479166666664 7.85197774064246 10.469303654189947
0 85.009765625 22.8515625 8.085718566584333 10.780958088779109
0 78.369140625 25.5859375 8.555814067917595 11.407752090556793
0 71.875 34.24479166666667 9.898238977189243 13.197651969585658
0 59.716796875 31.184895833333332 9.445671106287941 12.594228141717254
0 43.115234375 30.598958333333332 9.35651227829339 12.475349704391189
0 30.517578125 21.744791666666664 7.887480458569388 10.51664061142585
0 19.384765625 22.591145833333336 8.039514082226251 10.719352109635
0 10.15625 19.401041666666664 7.450290292806215 9.933720390408286
0 3.369140625 20.442708333333336 7.647683158045451 10.196910877393934
0 25.537109375 23.046875 8.120199399200482 10.82693253226731
0 39.6484375 24.479166666666664 8.36871899463018 11.15829199284024
0 46.240234375 22.8515625 8.085718566584333 10.780958088779109
0 57.666015625 24.283854166666664 8.33526628646708 11.113688381956106
0 65.33203125 27.34375 8.84483443981289 11.793112586417188
0 74.90234375 29.166666666666668 9.134905729428569 12.17987430590476
0 87.939453125 28.3203125 9.001392336274797 12.001856448366395
0 97.8515625 21.875 7.911060422861158 10.548080563814876
0 86.42578125 22.005208333333336 7.9345703125 10.579427083333332
0 80.712890625 22.4609375 8.016311973000304 10.688415964000404
0 70.8984375 23.046875 8.120199399200482 10.82693253226731
0 91.69921875 29.166666666666668 9.134905729428569 12.17987430590476
0 6.25 20.703125 7.6962403643301345 10.261653819106845
0 0.9765625 21.744791666666664 7.887480458569388 10.51664061142585
0 7.421875 18.880208333333336 7.349606066157407 9.799474754876544
0 17.138671875 21.028645833333336 7.756509415978292 10.342012554637723
0 5.17578125 17.96875 7.170007400189656 9.56000986691954
0 15.087890625 18.5546875 7.28597191547444 9.714629220632586
0 1.85546875 19.986979166666664 7.561957820656658 10.08261042754221
0 13.57421875 18.424479166666664 7.2603620931215325 9.680482790828709
0 23.193359375 18.5546875 7.28597191547444 9.714629220632586
0 11.5234375 18.5546875 7.28597191547444 9.714629220632586
0 21.6796875 16.40625 6.8511792970714245 9.134905729428567
0 33.544921875 18.424479166666664 7.2603620931215325 9.680482790828709
0 18.115234375 17.578125 7.091644310682526 9.455525747576702
0 27.490234375 19.596354166666664 7.487697843252746 9.983597124336994
0 17.48046875 15.8203125 6.72772451325946 8.970299351012613
0 25.341796875 16.276041666666664 6.823937919616058 9.09858389282141
0 30.419921875 17.578125 7.091644310682526 9.455525747576702
0 38.037109375 20.833333333333336 7.720404443770458 10.293872591693944
0 48.828125 20.3125 7.62328857226367 10.164384763018226
0 58.203125 20.572916666666664 7.672000176987631 10.229333569316841
0 67.578125 24.153645833333336 8.312889692307273 11.083852923076364
0 76.513671875 23.4375 8.188725503539269 10.918300671385692
0 85.986328125 25.911458333333332 8.610068346964042 11.480091129285388
0 93.45703125 21.875 7.911060422861158 10.548080563814876
0 88.37890625 25.325520833333332 8.512161670520847 11.349548894027794
0 95.263671875 22.135416666666664 7.958010748538389 10.610680998051187
0 84.716796875 19.856770833333336 7.537285788103314 10.049714384137753
0 99.462890625 23.567708333333336 8.211440458419013 10.948587277892017
0 80.95703125 19.270833333333336 7.425247229367944 9.900329639157258
0 71.6796875 17.96875 7.170007400189656 9.56000986691954
0 65.4296875 20.442708333333336 7.647683158045451 10.196910877393934
0 51.318359375 17.96875 7.170007400189656 9.56000986691954
0 41.50390625 21.028645833333336 7.756509415978292 10.342012554637723
0 34.814453125 17.838541666666664 7.143981879101334 9.525309172135112
0 27.05078125 16.861979166666664 6.945682786096826 9.260910381462436
0 33.203125 15.690104166666666 6.699981201202437 8.933308268269917
0 43.84765625 17.122395833333336 6.9991119025755095 9.332149203434014
0 37.744140625 16.666666666666664 6.905339660024879 9.207119546699838
0 49.70703125 14.973958333333334 6.545291317604741 8.727055090139656
0 39.013671875 16.536458333333336 6.878312786611722 9.171083715482297
0 46.58203125 18.684895833333336 7.311492035346033 9.748656047128044
0 53.22265625 17.122395833333336 6.9991119025755095 9.332149203434014
0 61.5234375 17.96875 7.170007400189656 9.56000986691954
0 76.416015625 17.838541666666664 7.143981879101334 9.525309172135112
0 82.763671875 22.8515625 8.085718566584333 10.780958088779109
0 77.490234375 20.3125 7.62328857226367 10.164384763018226
0 87.3046875 20.833333333333336 7.720404443770458 10.293872591693944
0 65.087890625 16.861979166666664 6.945682786096826 9.260910381462436
0 59.375 16.276041666666664 6.823937919616058 9.09858389282141
0 41.50390625 16.666666666666664 6.905339660024879 9.207119546699838
0 55.95703125 15.559895833333334 6.672122530845778 8.896163374461038
0 72.8515625 16.145833333333336 6.796587356970242 9.062116475960323
0 78.466796875 17.838541666666664 7.143981879101334 9.525309172135112
0 82.03125 18.098958333333336 7.195938795502683 9.594585060670244
0 96.58203125 21.549479166666664 7.85197774064246 10.469303654189947
0 10.009765625 24.869791666666664 8.435226416678011 11.246968555570682
0 91.69921875 56.0546875 12.663875684354508 16.885167579139345
0 78.125 49.73958333333333 11.929211600153849 15.905615466871797
0 78.759765625 47.72135416666667 11.684686107834867 15.579581477113155
0 75.78125 49.0234375 11.843022407185213 15.790696542913619
0 58.837890625 52.34375 12.237510776222791 16.31668103496372
0 24.267578125 57.6171875 12.83916257810219 17.118883437469588
0 22.75390625 61.067708333333336 13.218022355778636 17.624029807704847
0 2.1484375 56.901041666666664 12.75912167991142 17.012162239881892
0 8.642578125 74.28385416666666 14.578333633418197 19.43777817789093
0 1.85546875 27.734375 8.907787792557633 11.877050390076842
0 41.162109375 26.888020833333332 8.770817787597604 11.694423716796805
0 45.166015625 33.65885416666667 9.813192865486773 13.084257153982362
0 39.208984375 47.59114583333333 11.66873431048899 15.55831241398532
0 89.013671875 45.3125 11.385960758165057 15.181281010886744
0 85.888671875 43.29427083333333 11.129505937994672 14.839341250659563
0 97.216796875 34.04947916666667 9.869971697263324 13.159962263017766
0 88.818359375 33.07291666666667 9.727403229070575 12.9698709720941
0 79.833984375 28.190104166666668 8.980675640601907 11.974234187469209
0 85.15625 28.645833333333332 9.052976668817948 12.07063555842393
0 90.185546875 25.0 8.457279333832409 11.276372445109878
0 92.919921875 25.5859375 8.555814067917595 11.407752090556793
0 55.615234375 21.549479166666664 7.85197774064246 10.469303654189947
0 82.32421875 25.325520833333332 8.512161670520847 11.349548894027794
0 55.419921875 32.6171875 9.660151239834237 12.880201653112316
