0 43.798828125 81.38020833333334 15.2587890625 20.345052083333336
0 38.57421875 60.026041666666664 13.104803804677667 17.473071739570223
0 50.68359375 40.8203125 10.806842779312605 14.40912370575014
0 53.076171875 49.67447916666667 11.92140196815467 15.895202624206226
0 24.609375 48.30729166666667 11.756201345372451 15.674935127163266
0 8.349609375 44.921875 11.336777112430854 15.11570281657447
0 2.734375 56.640625 12.729891122201057 16.97318816293474
0 9.9609375 38.28125 10.46534924284805 13.953798990464069
0 6.4453125 30.338541666666668 9.316612257369233 12.42214967649231
0 20.80078125 34.04947916666667 9.869971697263324 13.159962263017766
0 10.7421875 29.6875 9.216106488367615 12.288141984490153
0 18.505859375 21.6796875 7.875664001809045 10.500885335745393
0 29.6875 32.2265625 9.60213178866716 12.802842384889546
0 45.068359375 33.3984375 9.775157091093119 13.033542788124159
0 51.171875 34.765625 9.973226707988399 13.297635610651199
0 36.9140625 41.66666666666667 10.918300671385692 14.557734228514258
0 68.603515625 54.8828125 12.530801493925663 16.707735325234218
0 77.978515625 45.76822916666667 11.443074499055587 15.25743266540745
0 83.447265625 51.171875 12.099748291991583 16.132997722655443
0 87.79296875 65.95052083333334 13.73630057974475 18.315067439659668
0 97.16796875 50.846354166666664 12.061201687847598 16.081602250463465
0 91.9921875 41.53645833333333 10.901227477717134 14.53496997028951
0 88.037109375 34.5703125 9.945172568847854 13.26023009179714
0 77.880859375 36.58854166666667 10.231356576074347 13.641808768099132
0 72.65625 39.84375 10.676791799643494 14.235722399524658
0 62.744140625 34.5703125 9.945172568847854 13.26023009179714
0 61.962890625 26.432291666666668 8.696171172348027 11.594894896464037
0 79.541015625 26.627604166666668 8.728240750778255 11.637654334371007
0 74.072265625 28.645833333333332 9.052976668817948 12.07063555842393
0 67.431640625 25.260416666666668 8.501213548086012 11.334951397448016
0 90.4296875 25.065104166666668 8.468284256293707 11.291045675058275
0 37.3046875 19.986979166666664 7.561957820656658 10.08261042754221
0 91.357421875 19.661458333333336 7.500125566067204 10.00016742142294
0 98.4375 26.432291666666668 8.696171172348027 11.594894896464037
0 78.515625 18.815104166666664 7.336923388776433 9.782564518368577
0 69.482421875 17.643229166666664 7.104764847914316 9.473019797219088
0 59.9609375 17.643229166666664 7.104764847914316 9.473019797219088
0 44.43359375 15.950520833333334 6.755353888299149 9.0071385177322
0 62.5 15.4296875 6.644147051109997 8.858862734813329
0 41.50390625 21.549479166666664 7.85197774064246 10.469303654189947
0 65.673828125 15.755208333333334 6.7138671875 8.951822916666668
0 42.041015625 25.455729166666668 8.53401578009617 11.378687706794894
0 67.333984375 14.713541666666666 6.488126106405426 8.650834808540568
0 74.560546875 14.2578125 6.386855937639267 8.515807916852356
0 46.19140625 22.526041666666664 8.027921409891299 10.703895213188398
0 77.880859375 15.4296875 6.644147051109997 8.858862734813329
0 50.927734375 20.182291666666664 7.598815672600545 10.13175423013406
0 83.984375 20.3125 7.62328857226367 10.164384763018226
0 62.98828125 39.84375 10.676791799643494 14.235722399524658
0 89.306640625 31.184895833333332 9.445671106287941 12.594228141717254
0 49.12109375 28.125 8.970299351012615 11.960399134683486
0 53.466796875 30.338541666666668 9.316612257369233 12.42214967649231
0 33.349609375 29.4921875 9.185740321833748 12.247653762444997
0 20.263671875 27.604166666666668 8.886852892188134 11.849137189584178
0 34.375 24.934895833333336 8.446260072691679 11.26168009692224
0 13.525390625 20.703125 7.6962403643301345 10.261653819106845
0 29.6875 25.065104166666668 8.468284256293707 11.291045675058275
0 2.880859375 25.5859375 8.555814067917595 11.407752090556793
0 30.810546875 22.721354166666664 8.062649422377262 10.75019922983635
0 33.740234375 16.276041666666664 6.823937919616058 9.09858389282141
0 20.166015625 17.122395833333336 6.9991119025755095 9.332149203434014
0 28.662109375 21.028645833333336 7.756509415978292 10.342012554637723
0 10.595703125 19.010416666666664 7.37490598974278 9.833207986323707
0 29.931640625 17.447916666666664 7.065330140863174 9.420440187817565
0 7.080078125 22.005208333333336 7.9345703125 10.579427083333332
0 26.904296875 19.3359375 7.437779301119349 9.917039068159132
0 40.869140625 17.122395833333336 6.9991119025755095 9.332149203434014
0 5.517578125 18.489583333333336 7.273178276253042 9.697571035004056
0 37.20703125 17.317708333333336 7.038917599286375 9.385223465715166
0 18.603515625 12.890625 6.072921369058959 8.097228492078614
0 27.783203125 14.583333333333334 6.459353786778786 8.612471715705048
0 16.9921875 17.96875 7.170007400189656 9.56000986691954
0 48.486328125 17.317708333333336 7.038917599286375 9.385223465715166
0 3.759765625 18.294270833333336 7.234661615679748 9.646215487572997
0 53.857421875 15.234375 6.60196156395994 8.802615418613254
0 22.0703125 14.908854166666666 6.531046923532928 8.708062564710572
0 56.884765625 16.6015625 6.891839471823862 9.189119295765149
0 24.462890625 15.950520833333334 6.755353888299149 9.0071385177322
0 58.544921875 15.104166666666666 6.573687508709111 8.764916678278816
0 59.1796875 25.065104166666668 8.468284256293707 11.291045675058275
