0 90.478515625 91.27604166666666 16.15991491073453 21.546553214312706
0 86.42578125 65.75520833333334 13.715945467678365 18.287927290237818
0 62.109375 30.338541666666668 9.316612257369233 12.42214967649231
0 47.265625 22.591145833333336 8.039514082226251 10.719352109635
0 50.1953125 28.7109375 9.063258303782652 12.084344405043536
0 59.08203125 24.088541666666664 8.301678777304348 11.068905036405797
0 50.927734375 24.674479166666664 8.402038511923953 11.202718015898604
0 55.029296875 21.484375 7.840107775064166 10.453477033418888
0 60.302734375 17.7734375 7.130933499479933 9.50791133263991
0 68.505859375 33.3984375 9.775157091093119 13.033542788124159
0 60.888671875 33.65885416666667 9.813192865486773 13.084257153982362
0 23.193359375 26.822916666666668 8.760192928715409 11.680257238287211
0 14.94140625 22.330729166666664 7.993042513249997 10.657390017666662
0 28.662109375 24.674479166666664 8.402038511923953 11.202718015898604
0 26.611328125 18.294270833333336 7.234661615679748 9.646215487572997
0 20.21484375 20.5078125 7.659851317145468 10.21313508952729
0 42.333984375 19.075520833333336 7.3875234600282 9.850031280037602
0 42.138671875 25.651041666666668 8.566692411876344 11.422256549168457
0 35.3515625 18.880208333333336 7.349606066157407 9.799474754876544
0 41.357421875 21.6796875 7.875664001809045 10.500885335745393
0 30.224609375 29.231770833333332 9.145095253766906 12.193460338355873
0 9.130859375 16.536458333333336 6.878312786611722 9.171083715482297
0 4.1015625 24.869791666666664 8.435226416678011 11.246968555570682
0 11.181640625 28.059895833333332 8.959911044862793 11.946548059817056
0 11.9140625 18.294270833333336 7.234661615679748 9.646215487572997
0 18.017578125 33.0078125 9.717824296930333 12.957099062573777
0 18.26171875 45.1171875 11.361395549918386 15.148527399891181
0 22.509765625 51.041666666666664 12.084344405043538 16.112459206724715
0 2.001953125 46.35416666666667 11.516090249092533 15.354786998790045
0 0.68359375 58.59375 12.947511862546646 17.263349150062194
0 4.052734375 74.609375 14.610240727033478 19.48032096937797
0 45.263671875 80.53385416666666 15.179235980768906 20.238981307691876
0 38.525390625 65.49479166666666 13.688758234866825 18.2516776464891
0 52.978515625 48.89322916666667 11.82728416447516 15.76971221930021
0 34.521484375 42.83854166666667 11.070774625986973 14.761032834649296
0 32.861328125 34.9609375 10.001202153426476 13.334936204568635
0 41.89453125 32.87760416666667 9.698638050580264 12.931517400773687
0 33.349609375 28.90625 9.094033462982996 12.125377950643994
0 48.14453125 36.84895833333333 10.267702539831983 13.690270053109312
0 60.546875 42.70833333333333 11.053936936202902 14.738582581603868
0 68.26171875 60.9375 13.203923127919884 17.60523083722651
0 78.564453125 54.036458333333336 12.433806632973244 16.578408843964322
0 71.484375 48.76302083333333 11.811524951393816 15.748699935191754
0 66.650390625 42.05729166666667 10.969360812751116 14.62581441700149
0 97.36328125 51.3671875 12.122817423120853 16.16375656416114
0 98.92578125 41.73177083333333 10.926827264384862 14.569103019179815
0 79.8828125 39.2578125 10.597995211294762 14.130660281726351
0 73.53515625 32.74739583333333 9.679413773897526 12.905885031863368
0 75.0 27.278645833333332 8.83429859993294 11.779064799910586
0 87.890625 33.52864583333333 9.794193442310311 13.05892458974708
0 88.916015625 25.455729166666668 8.53401578009617 11.378687706794894
0 95.703125 18.229166666666664 7.221777078979024 9.629036105305365
0 88.671875 27.9296875 8.939098215256843 11.918797620342456
0 78.955078125 23.893229166666664 8.267954824306681 11.023939765742242
0 70.99609375 17.643229166666664 7.104764847914316 9.473019797219088
0 66.552734375 23.763020833333336 8.245395560367612 10.993860747156816
0 71.337890625 21.158854166666664 7.780486318348366 10.373981757797822
0 81.982421875 22.330729166666664 7.993042513249997 10.657390017666662
0 77.734375 19.270833333333336 7.425247229367944 9.900329639157258
0 91.357421875 17.1875 7.012405574387241 9.349874099182989
0 94.3359375 23.697916666666664 8.234092750996119 10.978790334661493
0 92.1875 30.598958333333332 9.35651227829339 12.475349704391189
0 82.2265625 18.424479166666664 7.2603620931215325 9.680482790828709
0 88.818359375 19.856770833333336 7.537285788103314 10.049714384137753
0 86.03515625 17.7734375 7.130933499479933 9.50791133263991
0 99.0234375 20.703125 7.6962403643301345 10.261653819106845
0 62.451171875 16.9921875 6.972448522214271 9.296598029619028
0 51.171875 14.127604166666666 6.3576253222655215 8.476833763020695
0 50.439453125 20.3125 7.62328857226367 10.164384763018226
0 45.1171875 16.015625 6.7691262856502785 9.025501714200372
0 35.83984375 13.802083333333334 6.283953943473511 8.378605257964681
0 40.33203125 17.1875 7.012405574387241 9.349874099182989
0 18.65234375 16.145833333333336 6.796587356970242 9.062116475960323
