0 83.251953125 64.58333333333334 13.593174713940485 18.124232951920646
0 93.896484375 53.515625 12.37373958295489 16.498319443939856
0 94.873046875 42.31770833333333 11.00326927326657 14.671025697688759
0 75.634765625 47.72135416666667 11.684686107834867 15.579581477113155
0 61.962890625 50.325520833333336 11.999269562583924 15.99902608344523
0 61.962890625 65.75520833333334 13.715945467678365 18.287927290237818
0 46.875 59.049479166666664 12.99776577090262 17.330354361203494
0 60.400390625 52.864583333333336 12.298243212652517 16.397657616870024
0 44.287109375 79.296875 15.06221030182259 20.082947069096786
0 36.865234375 62.6953125 13.393010411066705 17.857347214755606
0 47.265625 44.66145833333333 11.303869126862875 15.071825502483835
0 18.603515625 53.776041666666664 12.403809468323715 16.53841262443162
0 3.466796875 70.5078125 14.202973972436642 18.93729862991552
0 0.439453125 50.5859375 12.03027547877626 16.040367305035012
0 12.98828125 41.47135416666667 10.892680845687712 14.523574460916949
0 15.234375 34.11458333333333 9.87940311049722 13.17253748066296
0 7.71484375 29.1015625 9.124704826492952 12.166273101990603
0 2.783203125 24.739583333333336 8.413115693414442 11.217487591219255
0 8.447265625 21.614583333333336 7.863829789260941 10.485106385681254
0 13.0859375 23.958333333333336 8.279211405182211 11.038948540242949
0 6.4453125 18.033854166666664 7.182984799767957 9.577313066357275
0 2.294921875 19.53125 7.475249459177179 9.966999278902906
0 18.408203125 21.614583333333336 7.863829789260941 10.485106385681254
0 41.2109375 34.765625 9.973226707988399 13.297635610651199
0 40.625 42.70833333333333 11.053936936202902 14.738582581603868
0 43.896484375 46.61458333333333 11.548393511001283 15.397858014668378
0 54.98046875 37.82552083333333 10.40286898746296 13.870491983283944
0 57.8125 30.403645833333332 9.326603265341873 12.43547102045583
0 60.595703125 39.12760416666667 10.580405165624827 14.107206887499771
0 66.845703125 38.99739583333333 10.562785827561513 14.083714436748682
0 72.36328125 33.07291666666667 9.727403229070575 12.9698709720941
