0 91.69921875 19.53125 7.475249459177179 9.966999278902906
0 73.73046875 19.205729166666664 7.412693970636669 9.883591960848893
0 60.15625 17.252604166666664 7.025674092542321 9.367565456723094
0 77.1484375 17.838541666666664 7.143981879101334 9.525309172135112
0 61.083984375 14.6484375 6.473755931273323 8.631674575031097
0 73.828125 14.973958333333334 6.545291317604741 8.727055090139656
0 66.6015625 16.2109375 6.810276368536802 9.080368491382403
0 78.61328125 19.3359375 7.437779301119349 9.917039068159132
0 57.91015625 16.2109375 6.810276368536802 9.080368491382403
0 79.052734375 16.2109375 6.810276368536802 9.080368491382403
0 56.298828125 13.346354166666666 6.179338602086361 8.239118136115147
0 80.859375 19.921875 7.549631882844837 10.066175843793117
0 54.931640625 14.6484375 6.473755931273323 8.631674575031097
0 81.982421875 17.513020833333336 7.0784994535786145 9.437999271438152
0 45.654296875 15.4296875 6.644147051109997 8.858862734813329
0 83.447265625 17.057291666666664 6.985792933508055 9.31439057801074
0 43.408203125 15.885416666666666 6.741553355216833 8.988737806955777
0 84.912109375 19.3359375 7.437779301119349 9.917039068159132
0 29.931640625 15.755208333333334 6.7138671875 8.951822916666668
0 86.42578125 17.838541666666664 7.143981879101334 9.525309172135112
0 12.060546875 17.057291666666664 6.985792933508055 9.31439057801074
0 89.697265625 20.703125 7.6962403643301345 10.261653819106845
0 0.78125 17.838541666666664 7.143981879101334 9.525309172135112
0 9.033203125 17.708333333333336 7.117861199762329 9.490481599683106
0 3.466796875 18.1640625 7.208869513560617 9.611826018080823
0 2.1484375 19.075520833333336 7.3875234600282 9.850031280037602
0 5.517578125 18.1640625 7.208869513560617 9.611826018080823
0 8.251953125 19.3359375 7.437779301119349 9.917039068159132
0 98.974609375 21.744791666666664 7.887480458569388 10.51664061142585
