0 85.107421875 67.51302083333334 13.89806828214807 18.53075770953076
0 67.1875 63.0859375 13.434668397860802 17.912891197147736
0 50.68359375 51.497395833333336 12.138172486176355 16.184229981568475
0 72.607421875 50.5859375 12.03027547877626 16.040367305035012
0 53.02734375 51.822916666666664 12.176475429235841 16.235300572314458
0 60.693359375 36.71875 10.24954566879069 13.66606089172092
0 73.095703125 33.91927083333333 9.851081781963485 13.134775709284646
0 59.228515625 37.23958333333333 10.321981521782082 13.762642029042777
0 68.115234375 23.828125 8.256682897014576 11.008910529352768
0 71.533203125 33.59375 9.803697756475225 13.071597008633635
0 67.138671875 25.846354166666668 8.59924487524742 11.465659833663226
0 89.697265625 33.59375 9.803697756475225 13.071597008633635
0 95.80078125 32.87760416666667 9.698638050580264 12.931517400773687
0 90.673828125 82.6171875 15.374318503186032 20.499091337581376
0 91.9921875 51.497395833333336 12.138172486176355 16.184229981568475
0 85.205078125 62.369791666666664 13.358196184228083 17.810928245637445
0 66.2109375 57.486979166666664 12.824646844147154 17.099529125529536
0 77.294921875 52.5390625 12.260320694946696 16.347094259928927
0 98.046875 43.42447916666667 11.146229472503464 14.861639296671287
0 80.224609375 38.671875 10.518608361580863 14.024811148774482
0 88.232421875 30.598958333333332 9.35651227829339 12.475349704391189
0 82.6171875 28.776041666666668 9.073528288158268 12.098037717544358
0 80.224609375 22.265625 7.981382342908947 10.641843123878598
0 75.48828125 22.786458333333336 8.074192233473482 10.765589644631309
0 73.486328125 31.0546875 9.425930915210266 12.567907886947022
0 60.9375 34.24479166666667 9.898238977189243 13.197651969585658
0 61.1328125 23.893229166666664 8.267954824306681 11.023939765742242
0 67.28515625 21.028645833333336 7.756509415978292 10.342012554637723
0 60.83984375 17.317708333333336 7.038917599286375 9.385223465715166
0 51.07421875 37.04427083333333 10.29487780360901 13.726503738145347
0 51.904296875 47.4609375 11.652760676291981 15.537014235055976
0 38.96484375 72.4609375 14.398347304791809 19.197796406389077
0 37.59765625 57.291666666666664 12.802842384889546 17.07045651318606
0 35.498046875 37.23958333333333 10.321981521782082 13.762642029042777
0 23.095703125 53.971354166666664 12.426314130555623 16.568418840740833
0 5.322265625 58.138020833333336 12.897062139352686 17.196082852470248
0 3.7109375 37.95572916666667 10.420758715187912 13.894344953583882
0 4.150390625 31.4453125 9.485028239697298 12.646704319596397
0 17.041015625 33.07291666666667 9.727403229070575 12.9698709720941
0 9.423828125 29.296875 9.1552734375 12.20703125
0 5.17578125 22.8515625 8.085718566584333 10.780958088779109
0 22.314453125 26.3671875 8.685454999241765 11.580606665655687
0 30.2734375 21.744791666666664 7.887480458569388 10.51664061142585
0 20.60546875 18.033854166666664 7.182984799767957 9.577313066357275
0 44.3359375 28.3203125 9.001392336274797 12.001856448366395
0 38.18359375 25.260416666666668 8.501213548086012 11.334951397448016
0 33.251953125 31.966145833333332 9.56325660155786 12.751008802077147
0 43.26171875 26.041666666666668 8.631674575031099 11.508899433374797
0 41.6015625 19.270833333333336 7.425247229367944 9.900329639157258
0 36.181640625 19.075520833333336 7.3875234600282 9.850031280037602
0 4.1015625 19.661458333333336 7.500125566067204 10.00016742142294
0 8.642578125 18.5546875 7.28597191547444 9.714629220632586
0 13.623046875 16.861979166666664 6.945682786096826 9.260910381462436
0 15.087890625 16.145833333333336 6.796587356970242 9.062116475960323
0 17.578125 15.625 6.686066375795484 8.914755167727312
0 19.82421875 15.559895833333334 6.672122530845778 8.896163374461038
0 20.751953125 15.4296875 6.644147051109997 8.858862734813329
0 12.451171875 16.536458333333336 6.878312786611722 9.171083715482297
0 26.904296875 14.192708333333334 6.372257390692475 8.496343187589966
0 28.271484375 14.778645833333334 6.502464524127966 8.669952698837287
0 29.052734375 15.0390625 6.559504779115197 8.746006372153596
0 34.1796875 15.104166666666666 6.573687508709111 8.764916678278816
0 34.814453125 15.625 6.686066375795484 8.914755167727312
0 35.64453125 16.276041666666664 6.823937919616058 9.09858389282141
0 24.169921875 13.997395833333334 6.328259690346595 8.437679587128793
0 56.103515625 13.020833333333334 6.103515625 8.138020833333332
0 50.390625 17.1875 7.012405574387241 9.349874099182989
0 45.80078125 14.192708333333334 6.372257390692475 8.496343187589966
0 40.13671875 15.625 6.686066375795484 8.914755167727312
0 38.818359375 15.4296875 6.644147051109997 8.858862734813329
0 68.65234375 20.052083333333336 7.574263699945591 10.099018266594122
0 65.185546875 14.192708333333334 6.372257390692475 8.496343187589966
0 68.06640625 15.755208333333334 6.7138671875 8.951822916666668
0 81.93359375 21.223958333333336 7.792447103762027 10.389929471682702
0 94.04296875 28.776041666666668 9.073528288158268 12.098037717544358
0 90.380859375 24.21875 8.324085508414218 11.098780677885625
0 98.14453125 20.833333333333336 7.720404443770458 10.293872591693944
0 97.216796875 26.888020833333332 8.770817787597604 11.694423716796805
0 3.3203125 18.033854166666664 7.182984799767957 9.577313066357275
0 9.814453125 18.033854166666664 7.182984799767957 9.577313066357275
0 75.341796875 15.950520833333334 6.755353888299149 9.0071385177322
0 70.068359375 14.713541666666666 6.488126106405426 8.650834808540568
0 81.396484375 15.559895833333334 6.672122530845778 8.896163374461038
0 89.0625 19.856770833333336 7.537285788103314 10.049714384137753
0 95.5078125 20.377604166666664 7.635495607419925 10.180660809893233
0 89.501953125 18.294270833333336 7.234661615679748 9.646215487572997
0 84.27734375 15.0390625 6.559504779115197 8.746006372153596
0 74.560546875 12.630208333333334 6.011265748166568 8.015020997555423
0 71.630859375 21.2890625 7.804389558437758 10.405852744583676
0 92.333984375 19.466145833333336 7.462780310447684 9.950373747263578
0 44.189453125 15.4296875 6.644147051109997 8.858862734813329
