0 98.4375 67.7734375 13.924846858581342 18.566462478108456
0 95.263671875 56.25 12.685919000748614 16.914558667664817
0 79.19921875 53.580729166666664 12.381263900818356 16.508351867757806
0 75.927734375 94.85677083333334 16.473839814777563 21.965119753036753
0 74.658203125 50.78125 12.053477574543152 16.0713034327242
0 71.484375 41.86197916666667 10.943860520654974 14.591814027539964
0 76.07421875 32.03125 9.572990198582838 12.763986931443785
0 72.0703125 37.95572916666667 10.420758715187912 13.894344953583882
0 83.69140625 39.84375 10.676791799643494 14.235722399524658
0 88.818359375 45.44270833333333 11.402308161785525 15.203077549047366
0 94.43359375 41.2109375 10.85842704752026 14.477902730027015
0 85.546875 36.26302083333333 10.185741740892722 13.580988987856962
0 75.5859375 27.34375 8.84483443981289 11.793112586417188
0 88.818359375 23.111979166666664 8.131660519088275 10.842214025451032
0 86.1328125 30.924479166666668 9.406149296522488 12.541532395363317
0 97.607421875 31.575520833333332 9.50464569238125 12.672860923174998
0 87.3046875 18.5546875 7.28597191547444 9.714629220632586
0 97.607421875 21.875 7.911060422861158 10.548080563814876
0 71.240234375 25.0 8.457279333832409 11.276372445109878
0 89.306640625 31.25 9.4555257475767 12.607367663435602
0 81.201171875 23.2421875 8.154534433525017 10.872712578033356
0 92.08984375 34.04947916666667 9.869971697263324 13.159962263017766
0 98.779296875 34.1796875 9.888825528576445 13.185100704768596
0 90.72265625 25.0 8.457279333832409 11.276372445109878
0 99.12109375 37.04427083333333 10.29487780360901 13.726503738145347
0 99.12109375 29.036458333333332 9.114492506755418 12.15265667567389
0 81.201171875 17.96875 7.170007400189656 9.56000986691954
0 74.658203125 16.536458333333336 6.878312786611722 9.171083715482297
0 66.455078125 28.580729166666668 9.042683343523592 12.056911124698123
0 70.654296875 21.875 7.911060422861158 10.548080563814876
0 77.685546875 16.9921875 6.972448522214271 9.296598029619028
0 65.283203125 15.625 6.686066375795484 8.914755167727312
0 73.33984375 19.856770833333336 7.537285788103314 10.049714384137753
0 65.0390625 21.223958333333336 7.792447103762027 10.389929471682702
0 79.78515625 20.8984375 7.732458166088822 10.309944221451763
0 62.79296875 20.1171875 7.586549618320344 10.115399491093791
0 77.685546875 20.768229166666664 7.708331872750909 10.277775830334546
0 79.345703125 28.255208333333332 8.991039955234518 11.988053273646026
0 59.423828125 33.91927083333333 9.851081781963485 13.134775709284646
0 60.25390625 44.07552083333333 11.229473567489073 14.972631423318763
0 60.595703125 54.4921875 12.486128262621328 16.648171016828435
0 57.763671875 38.73697916666667 10.527458685705774 14.036611580941033
0 65.966796875 25.911458333333332 8.610068346964042 11.480091129285388
0 55.76171875 26.888020833333332 8.770817787597604 11.694423716796805
0 49.560546875 31.0546875 9.425930915210266 12.567907886947022
0 57.177734375 21.875 7.911060422861158 10.548080563814876
0 50.634765625 19.53125 7.475249459177179 9.966999278902906
0 44.873046875 25.455729166666668 8.53401578009617 11.378687706794894
0 58.69140625 17.96875 7.170007400189656 9.56000986691954
0 43.45703125 18.294270833333336 7.234661615679748 9.646215487572997
0 56.73828125 16.2109375 6.810276368536802 9.080368491382403
0 39.013671875 27.1484375 8.81318913463968 11.750918846186241
0 53.662109375 18.880208333333336 7.349606066157407 9.799474754876544
0 41.015625 37.5 10.358009490037318 13.810679320049758
0 58.10546875 23.763020833333336 8.245395560367612 10.993860747156816
0 40.52734375 22.981770833333336 8.108722079825698 10.811629439767596
0 46.2890625 19.986979166666664 7.561957820656658 10.08261042754221
0 35.400390625 39.38802083333333 10.615556110184379 14.154074813579173
0 42.08984375 46.09375 11.48369611952318 15.311594826030909
0 46.38671875 59.049479166666664 12.99776577090262 17.330354361203494
0 43.603515625 84.375 15.537014235055976 20.716018980074637
0 40.673828125 93.42447916666666 16.348993207982023 21.7986576106427
0 23.92578125 59.505208333333336 13.047826126972625 17.397101502630168
0 7.03125 73.89322916666666 14.539952697230952 19.386603596307936
0 4.443359375 54.361979166666664 12.47120162457431 16.628268832765748
0 23.095703125 47.65625 11.676712933171991 15.568950577562655
0 21.58203125 39.84375 10.676791799643494 14.235722399524658
0 10.64453125 34.9609375 10.001202153426476 13.334936204568635
0 31.15234375 34.375 9.91703906815913 13.222718757545508
0 18.06640625 25.5859375 8.555814067917595 11.407752090556793
0 24.951171875 26.236979166666668 8.66398288975732 11.551977186343091
0 30.126953125 29.361979166666668 9.16544031840894 12.220587091211922
0 17.333984375 15.4296875 6.644147051109997 8.858862734813329
0 11.62109375 21.223958333333336 7.792447103762027 10.389929471682702
0 4.6875 27.669270833333332 8.897326499702912 11.863101999603883
0 3.61328125 19.205729166666664 7.412693970636669 9.883591960848893
0 26.025390625 16.9921875 6.972448522214271 9.296598029619028
0 5.859375 18.880208333333336 7.349606066157407 9.799474754876544
0 23.779296875 19.856770833333336 7.537285788103314 10.049714384137753
0 2.685546875 22.4609375 8.016311973000304 10.688415964000404
0 12.646484375 19.856770833333336 7.537285788103314 10.049714384137753
0 30.56640625 16.731770833333336 6.9188135063199665 9.225084675093289
0 22.36328125 14.6484375 6.473755931273323 8.631674575031097
0 15.576171875 21.419270833333336 7.828219811023351 10.437626414697803
0 6.93359375 22.786458333333336 8.074192233473482 10.765589644631309
0 33.3984375 16.2109375 6.810276368536802 9.080368491382403
0 13.37890625 24.8046875 8.424178309229896 11.23223774563986
0 30.224609375 23.2421875 8.154534433525017 10.872712578033356
0 18.408203125 19.3359375 7.437779301119349 9.917039068159132
0 27.5390625 21.549479166666664 7.85197774064246 10.469303654189947
0 21.77734375 19.205729166666664 7.412693970636669 9.883591960848893
0 37.744140625 21.6796875 7.875664001809045 10.500885335745393
0 29.19921875 18.294270833333336 7.234661615679748 9.646215487572997
0 38.18359375 17.1875 7.012405574387241 9.349874099182989
0 40.771484375 18.880208333333336 7.349606066157407 9.799474754876544
0 35.400390625 16.9921875 6.972448522214271 9.296598029619028
0 53.41796875 14.973958333333334 6.545291317604741 8.727055090139656
0 35.498046875 20.638020833333336 7.684129829110212 10.245506438813615
0 33.056640625 18.880208333333336 7.349606066157407 9.799474754876544
0 11.1328125 30.143229166666668 9.286574740419274 12.382099653892366
