0 44.287109375 81.25 15.24657714452734 20.328769526036453
0 36.865234375 66.796875 13.824159732551422 18.43221297673523
0 2.734375 60.807291666666664 13.18980882871967 17.586411771626228
0 23.73046875 49.93489583333333 11.952609880106287 15.936813173475048
0 53.80859375 50.1953125 11.983736521039955 15.978315361386604
0 65.185546875 56.901041666666664 12.75912167991142 17.012162239881892
0 79.052734375 63.8671875 13.517599237274231 18.023465649698974
0 96.77734375 52.604166666666664 12.267914576563586 16.357219435418116
0 77.294921875 53.125 12.32849723921152 16.437996318948695
0 35.64453125 44.3359375 11.262598930203817 15.016798573605088
0 64.2578125 42.70833333333333 11.053936936202902 14.738582581603868
0 80.712890625 38.671875 10.518608361580863 14.024811148774482
0 96.77734375 43.61979166666667 11.171267833082963 14.895023777443953
0 89.16015625 33.984375 9.860531263063667 13.147375017418222
0 74.0234375 33.59375 9.803697756475225 13.071597008633635
0 60.83984375 34.9609375 10.001202153426476 13.334936204568635
0 59.86328125 30.533854166666668 9.346553241646458 12.462070988861944
0 48.388671875 37.5 10.358009490037318 13.810679320049758
0 31.8359375 36.65364583333333 10.240455160865794 13.653940214487726
0 42.96875 33.46354166666667 9.784679896167846 13.046239861557126
0 49.609375 29.166666666666668 9.134905729428569 12.17987430590476
0 58.544921875 25.9765625 8.620878229873984 11.494504306498644
0 31.93359375 29.557291666666668 9.195873518871684 12.261164691828911
0 18.1640625 32.94270833333333 9.708235913444133 12.944314551258843
0 3.80859375 30.794270833333332 9.386325988299376 12.515101317732501
0 9.033203125 28.385416666666668 9.011732824849489 12.015643766465985
0 3.41796875 25.455729166666668 8.53401578009617 11.378687706794894
0 22.314453125 26.3671875 8.685454999241765 11.580606665655687
0 29.00390625 24.088541666666664 8.301678777304348 11.068905036405797
0 42.3828125 25.325520833333332 8.512161670520847 11.349548894027794
0 30.517578125 21.028645833333336 7.756509415978292 10.342012554637723
0 40.380859375 21.809895833333336 7.8992792392241125 10.532372318965482
0 47.509765625 23.307291666666664 8.165947363439729 10.88792981791964
0 49.51171875 19.270833333333336 7.425247229367944 9.900329639157258
0 60.44921875 21.809895833333336 7.8992792392241125 10.532372318965482
0 66.064453125 25.716145833333332 8.57755695956738 11.436742612756506
0 71.484375 22.591145833333336 8.039514082226251 10.719352109635
0 75.29296875 29.036458333333332 9.114492506755418 12.15265667567389
0 79.00390625 25.1953125 8.490251308132054 11.320335077509403
0 76.806640625 21.549479166666664 7.85197774064246 10.469303654189947
0 82.03125 22.786458333333336 8.074192233473482 10.765589644631309
0 88.671875 25.1953125 8.490251308132054 11.320335077509403
0 91.162109375 30.6640625 9.366460725843998 12.48861430112533
0 96.6796875 29.427083333333332 9.175595934065496 12.234127912087327
0 88.18359375 28.125 8.970299351012615 11.960399134683486
0 19.384765625 21.158854166666664 7.780486318348366 10.373981757797822
0 12.744140625 21.940104166666664 7.92282408798045 10.5637654506406
0 67.67578125 21.549479166666664 7.85197774064246 10.469303654189947
0 91.162109375 23.567708333333336 8.211440458419013 10.948587277892017
0 94.970703125 23.828125 8.256682897014576 11.008910529352768
0 94.873046875 21.028645833333336 7.756509415978292 10.342012554637723
0 89.0625 20.5078125 7.659851317145468 10.21313508952729
0 89.16015625 18.098958333333336 7.195938795502683 9.594585060670244
0 85.64453125 21.940104166666664 7.92282408798045 10.5637654506406
0 19.775390625 17.3828125 7.052136235529384 9.40284831403918
0 7.51953125 20.8984375 7.732458166088822 10.309944221451763
0 11.962890625 18.619791666666664 7.298743129334349 9.731657505779133
0 14.794921875 17.3828125 7.052136235529384 9.40284831403918
0 7.6171875 16.731770833333336 6.9188135063199665 9.225084675093289
0 2.734375 16.861979166666664 6.945682786096826 9.260910381462436
0 4.345703125 17.643229166666664 7.104764847914316 9.473019797219088
0 25.732421875 19.53125 7.475249459177179 9.966999278902906
0 28.125 17.513020833333336 7.0784994535786145 9.437999271438152
0 36.474609375 16.6015625 6.891839471823862 9.189119295765149
0 40.869140625 16.861979166666664 6.945682786096826 9.260910381462436
0 45.41015625 16.080729166666664 6.782870718656271 9.043827624875028
0 51.708984375 16.6015625 6.891839471823862 9.189119295765149
0 57.03125 16.080729166666664 6.782870718656271 9.043827624875028
0 70.5078125 19.010416666666664 7.37490598974278 9.833207986323707
0 59.5703125 19.791666666666664 7.524919437217989 10.033225916290652
0 63.57421875 17.7734375 7.130933499479933 9.50791133263991
0 77.5390625 18.880208333333336 7.349606066157407 9.799474754876544
0 81.25 17.3828125 7.052136235529384 9.40284831403918
0 77.83203125 16.080729166666664 6.782870718656271 9.043827624875028
0 27.5390625 15.104166666666666 6.573687508709111 8.764916678278816
0 30.419921875 14.713541666666666 6.488126106405426 8.650834808540568
0 34.033203125 15.950520833333334 6.755353888299149 9.0071385177322
0 53.02734375 11.393229166666668 5.7093160808928545 7.612421441190473
0 2.197265625 20.182291666666664 7.598815672600545 10.13175423013406
0 89.892578125 85.41666666666666 15.632627532795041 20.843503377060056
