0 4.736328125 17.7734375 7.130933499479933 9.50791133263991
0 3.271484375 20.182291666666664 7.598815672600545 10.13175423013406
0 8.154296875 18.619791666666664 7.298743129334349 9.731657505779133
0 9.5703125 19.856770833333336 7.537285788103314 10.049714384137753
0 0.390625 18.9453125 7.3622668956389274 9.816355860851903
0 1.708984375 18.424479166666664 7.2603620931215325 9.680482790828709
0 42.919921875 16.145833333333336 6.796587356970242 9.062116475960323
0 38.96484375 17.057291666666664 6.985792933508055 9.31439057801074
0 60.693359375 15.104166666666666 6.573687508709111 8.764916678278816
0 69.677734375 14.778645833333334 6.502464524127966 8.669952698837287
0 73.73046875 16.015625 6.7691262856502785 9.025501714200372
0 73.2421875 18.098958333333336 7.195938795502683 9.594585060670244
0 78.125 17.578125 7.091644310682526 9.455525747576702
0 80.615234375 18.815104166666664 7.336923388776433 9.782564518368577
0 83.10546875 16.861979166666664 6.945682786096826 9.260910381462436
0 84.5703125 18.815104166666664 7.336923388776433 9.782564518368577
0 90.478515625 20.052083333333336 7.574263699945591 10.099018266594122
0 87.59765625 18.294270833333336 7.234661615679748 9.646215487572997
0 87.20703125 17.903645833333336 7.157006469457137 9.542675292609516
0 76.123046875 24.21875 8.324085508414218 11.098780677885625
