0 40.8203125 82.48697916666666 15.362198423648948 20.482931231531932
0 90.673828125 92.90364583333334 16.303357408682963 21.73780987824395
0 85.595703125 64.51822916666666 13.586321587861368 18.115095450481824
0 65.869140625 59.244791666666664 13.019243779114712 17.358991705486282
0 75.68359375 53.841145833333336 12.411315556434788 16.54842074191305
0 98.53515625 54.1015625 12.441294623193059 16.58839283092408
0 33.935546875 63.541666666666664 13.483106710433667 17.977475613911555
0 50.634765625 50.1953125 11.983736521039955 15.978315361386604
0 65.771484375 42.44791666666667 11.020184378215204 14.693579170953605
0 35.107421875 44.07552083333333 11.229473567489073 14.972631423318763
0 21.875 47.98177083333333 11.716524548616007 15.622032731488009
0 0.87890625 58.138020833333336 12.897062139352686 17.196082852470248
0 13.525390625 39.90885416666667 10.685511108405517 14.24734814454069
0 31.54296875 36.84895833333333 10.267702539831983 13.690270053109312
0 49.267578125 38.671875 10.518608361580863 14.024811148774482
0 59.08203125 35.7421875 10.11233003282525 13.483106710433667
0 80.908203125 39.38802083333333 10.615556110184379 14.154074813579173
0 99.12109375 43.09895833333333 11.10437341226822 14.805831216357626
0 90.087890625 33.7890625 9.832155574699105 13.109540766265473
0 73.92578125 32.68229166666667 9.669787303317175 12.893049737756234
0 92.138671875 30.729166666666668 9.376398618003673 12.501864824004896
0 65.33203125 27.213541666666668 8.823750179932228 11.765000239909636
0 50.9765625 29.427083333333332 9.175595934065496 12.234127912087327
0 41.9921875 33.07291666666667 9.727403229070575 12.9698709720941
0 62.3046875 30.013020833333332 9.266495636406846 12.35532751520913
0 31.982421875 28.841145833333332 9.083786661460703 12.11171554861427
0 19.970703125 32.87760416666667 9.698638050580264 12.931517400773687
0 5.46875 30.403645833333332 9.326603265341873 12.43547102045583
0 21.630859375 26.106770833333332 8.642457433170346 11.52327657756046
0 8.3984375 27.213541666666668 8.823750179932228 11.765000239909636
0 27.587890625 23.893229166666664 8.267954824306681 11.023939765742242
0 5.078125 25.130208333333332 8.479274895904423 11.305699861205897
0 32.177734375 21.484375 7.840107775064166 10.453477033418888
0 41.89453125 25.9765625 8.620878229873984 11.494504306498644
0 50.537109375 20.963541666666664 7.7444931277157725 10.325990836954363
0 42.08984375 21.744791666666664 7.887480458569388 10.51664061142585
0 60.7421875 21.354166666666664 7.816313766397521 10.421751688530028
0 46.6796875 22.721354166666664 8.062649422377262 10.75019922983635
0 13.623046875 22.4609375 8.016311973000304 10.688415964000404
0 58.349609375 25.520833333333332 8.544921875 11.393229166666668
0 67.138671875 23.697916666666664 8.234092750996119 10.978790334661493
0 88.720703125 28.3203125 9.001392336274797 12.001856448366395
0 74.4140625 28.450520833333332 9.02206146184966 12.029415282466214
0 70.458984375 18.75 7.32421875 9.765625
0 94.53125 18.033854166666664 7.182984799767957 9.577313066357275
0 79.833984375 24.283854166666664 8.33526628646708 11.113688381956106
0 71.728515625 22.916666666666664 8.097228492078614 10.796304656104818
0 41.455078125 19.270833333333336 7.425247229367944 9.900329639157258
0 2.1484375 16.471354166666664 6.864759447755123 9.15301259700683
0 24.462890625 15.8203125 6.72772451325946 8.970299351012613
0 3.90625 16.796875 6.932261164306974 9.243014885742634
0 6.73828125 16.6015625 6.891839471823862 9.189119295765149
0 8.30078125 20.638020833333336 7.684129829110212 10.245506438813615
0 13.818359375 19.270833333333336 7.425247229367944 9.900329639157258
0 17.67578125 18.880208333333336 7.349606066157407 9.799474754876544
0 14.16015625 17.1875 7.012405574387241 9.349874099182989
0 21.240234375 18.1640625 7.208869513560617 9.611826018080823
0 19.873046875 21.744791666666664 7.887480458569388 10.51664061142585
0 28.955078125 19.661458333333336 7.500125566067204 10.00016742142294
0 26.46484375 18.033854166666664 7.182984799767957 9.577313066357275
0 28.61328125 17.1875 7.012405574387241 9.349874099182989
0 27.685546875 15.234375 6.60196156395994 8.802615418613254
0 29.8828125 15.8203125 6.72772451325946 8.970299351012613
0 32.6171875 16.471354166666664 6.864759447755123 9.15301259700683
0 33.837890625 15.494791666666666 6.658149484030587 8.877532645374115
0 35.498046875 15.690104166666666 6.699981201202437 8.933308268269917
0 36.1328125 16.927083333333336 6.959078522333606 9.278771363111476
0 36.767578125 19.53125 7.475249459177179 9.966999278902906
0 37.5 15.8203125 6.72772451325946 8.970299351012613
0 39.990234375 17.1875 7.012405574387241 9.349874099182989
0 39.794921875 14.518229166666666 6.444919458600731 8.593225944800976
0 41.89453125 14.713541666666666 6.488126106405426 8.650834808540568
0 45.1171875 16.6015625 6.891839471823862 9.189119295765149
0 46.044921875 14.518229166666666 6.444919458600731 8.593225944800976
0 48.2421875 18.033854166666664 7.182984799767957 9.577313066357275
0 51.806640625 17.1875 7.012405574387241 9.349874099182989
0 56.494140625 15.690104166666666 6.699981201202437 8.933308268269917
0 57.32421875 19.010416666666664 7.37490598974278 9.833207986323707
0 61.376953125 18.1640625 7.208869513560617 9.611826018080823
0 64.013671875 17.903645833333336 7.157006469457137 9.542675292609516
0 70.166015625 14.127604166666666 6.3576253222655215 8.476833763020695
0 77.1484375 21.744791666666664 7.887480458569388 10.51664061142585
0 79.443359375 16.471354166666664 6.864759447755123 9.15301259700683
0 80.908203125 16.471354166666664 6.864759447755123 9.15301259700683
0 76.904296875 16.080729166666664 6.782870718656271 9.043827624875028
0 86.42578125 22.330729166666664 7.993042513249997 10.657390017666662
0 83.203125 18.75 7.32421875 9.765625
0 92.041015625 18.424479166666664 7.2603620931215325 9.680482790828709
0 95.41015625 20.247395833333336 7.611061958825638 10.148082611767517
0 99.365234375 28.580729166666668 9.042683343523592 12.056911124698123
0 89.74609375 16.927083333333336 6.959078522333606 9.278771363111476
