0 0.48828125 20.572916666666664 7.672000176987631 10.229333569316841
0 98.53515625 30.208333333333332 9.296598029619028 12.395464039492039
0 2.44140625 18.294270833333336 7.234661615679748 9.646215487572997
0 98.681640625 20.703125 7.6962403643301345 10.261653819106845
0 5.908203125 21.614583333333336 7.863829789260941 10.485106385681254
0 95.3125 23.828125 8.256682897014576 11.008910529352768
0 5.029296875 18.815104166666664 7.336923388776433 9.782564518368577
0 90.52734375 22.135416666666664 7.958010748538389 10.610680998051187
0 8.88671875 17.7734375 7.130933499479933 9.50791133263991
0 88.96484375 19.661458333333336 7.500125566067204 10.00016742142294
0 11.23046875 17.96875 7.170007400189656 9.56000986691954
0 87.40234375 21.940104166666664 7.92282408798045 10.5637654506406
0 13.28125 16.927083333333336 6.959078522333606 9.278771363111476
0 82.71484375 20.572916666666664 7.672000176987631 10.229333569316841
0 16.552734375 16.731770833333336 6.9188135063199665 9.225084675093289
0 85.595703125 19.010416666666664 7.37490598974278 9.833207986323707
0 20.41015625 14.84375 6.516771394062079 8.689028525416106
0 27.685546875 22.65625 8.051090062422436 10.734786749896582
0 82.32421875 17.7734375 7.130933499479933 9.50791133263991
0 67.1875 25.065104166666668 8.468284256293707 11.291045675058275
0 80.6640625 19.661458333333336 7.500125566067204 10.00016742142294
0 65.91796875 16.2109375 6.810276368536802 9.080368491382403
0 74.951171875 18.294270833333336 7.234661615679748 9.646215487572997
0 64.35546875 16.731770833333336 6.9188135063199665 9.225084675093289
0 56.4453125 13.28125 6.16424861960576 8.218998159474348
0 22.607421875 17.96875 7.170007400189656 9.56000986691954
0 31.201171875 15.0390625 6.559504779115197 8.746006372153596
0 23.388671875 22.265625 7.981382342908947 10.641843123878598
0 26.66015625 14.518229166666666 6.444919458600731 8.593225944800976
0 61.865234375 15.0390625 6.559504779115197 8.746006372153596
0 56.4453125 19.53125 7.475249459177179 9.966999278902906
0 24.951171875 16.40625 6.8511792970714245 9.134905729428567
0 37.01171875 19.53125 7.475249459177179 9.966999278902906
0 53.466796875 15.885416666666666 6.741553355216833 8.988737806955777
0 40.91796875 21.940104166666664 7.92282408798045 10.5637654506406
0 48.291015625 13.997395833333334 6.328259690346595 8.437679587128793
0 40.380859375 15.559895833333334 6.672122530845778 8.896163374461038
0 46.337890625 13.671875 6.254242410864013 8.338989881152017
0 78.7109375 16.927083333333336 6.959078522333606 9.278771363111476
0 41.796875 16.080729166666664 6.782870718656271 9.043827624875028
