0 4.98046875 37.43489583333333 10.349014256477766 13.798685675303688
0 1.318359375 46.74479166666667 11.564511304624277 15.419348406165703
0 6.396484375 55.794270833333336 12.634424770803498 16.845899694404665
0 10.302734375 79.4921875 15.080748413825484 20.107664551767314
0 40.576171875 67.3828125 13.884659626559234 18.51287950207898
0 48.974609375 82.16145833333334 15.331856307471279 20.442475076628373
0 95.703125 84.44010416666666 15.543007297664605 20.72400973021947
0 79.736328125 62.565104166666664 13.379095591298201 17.838794121730935
0 60.64453125 56.315104166666664 12.693258266043348 16.924344354724465
0 36.962890625 53.776041666666664 12.403809468323715 16.53841262443162
0 20.361328125 44.85677083333333 11.328559077923941 15.104745437231923
0 25.29296875 40.625 10.780958088779109 14.374610785038813
0 31.884765625 38.8671875 10.545137050275265 14.060182733700355
0 37.548828125 39.38802083333333 10.615556110184379 14.154074813579173
0 48.14453125 35.67708333333333 10.103116062772735 13.470821417030313
0 50.244140625 42.44791666666667 11.020184378215204 14.693579170953605
0 55.322265625 37.82552083333333 10.40286898746296 13.870491983283944
0 65.625 37.95572916666667 10.420758715187912 13.894344953583882
0 74.21875 49.28385416666667 11.874436314907054 15.832581753209407
0 82.12890625 51.822916666666664 12.176475429235841 16.235300572314458
0 87.01171875 43.5546875 11.162927952985768 14.883903937314358
0 98.583984375 58.463541666666664 12.93311773707098 17.244156982761304
0 89.794921875 39.38802083333333 10.615556110184379 14.154074813579173
0 20.166015625 32.74739583333333 9.679413773897526 12.905885031863368
0 12.40234375 32.09635416666667 9.58271390875707 12.77695187834276
0 4.00390625 28.645833333333332 9.052976668817948 12.07063555842393
0 17.96875 25.9765625 8.620878229873984 11.494504306498644
0 24.072265625 26.497395833333332 8.706874156303165 11.609165541737553
0 30.95703125 30.208333333333332 9.296598029619028 12.395464039492039
0 24.169921875 30.078125 9.276540621075844 12.368720828101127
0 30.95703125 25.5859375 8.555814067917595 11.407752090556793
0 41.162109375 28.515625 9.03237828793258 12.043171050576774
0 35.05859375 26.3671875 8.685454999241765 11.580606665655687
0 43.84765625 26.7578125 8.749555167743805 11.66607355699174
0 48.974609375 30.729166666666668 9.376398618003673 12.501864824004896
0 50.732421875 23.567708333333336 8.211440458419013 10.948587277892017
0 56.54296875 27.5390625 8.876366926421502 11.835155901895336
0 64.84375 32.87760416666667 9.698638050580264 12.931517400773687
0 76.025390625 37.56510416666667 10.366996918617573 13.822662558156765
0 62.451171875 27.278645833333332 8.83429859993294 11.779064799910586
0 61.23046875 20.5078125 7.659851317145468 10.21313508952729
0 83.935546875 36.58854166666667 10.231356576074347 13.641808768099132
0 75.634765625 29.166666666666668 9.134905729428569 12.17987430590476
0 71.044921875 30.208333333333332 9.296598029619028 12.395464039492039
0 89.990234375 32.74739583333333 9.679413773897526 12.905885031863368
0 87.20703125 25.716145833333332 8.57755695956738 11.436742612756506
0 93.994140625 22.200520833333336 7.969705113037473 10.626273484049964
0 87.6953125 22.526041666666664 8.027921409891299 10.703895213188398
0 99.12109375 42.578125 11.037073559585647 14.716098079447528
0 98.876953125 34.24479166666667 9.898238977189243 13.197651969585658
0 98.388671875 25.0 8.457279333832409 11.276372445109878
0 90.52734375 25.455729166666668 8.53401578009617 11.378687706794894
0 79.541015625 22.65625 8.051090062422436 10.734786749896582
0 72.119140625 22.65625 8.051090062422436 10.734786749896582
0 65.0390625 24.088541666666664 8.301678777304348 11.068905036405797
