0 88.28125 14.84375 6.516771394062079 8.689028525416106
0 90.087890625 92.51302083333334 16.2690465518333 21.692062069111063
0 96.826171875 54.8828125 12.530801493925663 16.707735325234218
0 86.279296875 66.08072916666666 13.749853913658217 18.33313855154429
0 75.927734375 53.90625 12.418817107773318 16.558422810364423
0 68.1640625 59.5703125 13.054961936161765 17.406615914882355
0 97.900390625 42.12239583333333 10.977847746951262 14.63713032926835
0 35.693359375 65.0390625 13.641050194474493 18.18806692596599
0 1.85546875 60.15625 13.119009558230394 17.492012744307193
0 0.927734375 45.96354166666667 11.467464738803672 15.289952985071562
0 22.265625 50.1953125 11.983736521039955 15.978315361386604
0 50.927734375 50.846354166666664 12.061201687847598 16.081602250463465
0 66.796875 43.75 11.187928942763282 14.917238590351042
0 49.267578125 37.63020833333333 10.3759765625 13.834635416666666
0 51.708984375 38.02083333333333 10.429692071920813 13.906256095894417
0 69.091796875 45.96354166666667 11.467464738803672 15.289952985071562
0 99.267578125 31.901041666666668 9.55351308746248 12.738017449949975
0 3.22265625 29.8828125 9.24637292940864 12.32849723921152
0 8.10546875 37.23958333333333 10.321981521782082 13.762642029042777
0 21.19140625 25.846354166666668 8.59924487524742 11.465659833663226
0 5.517578125 24.21875 8.324085508414218 11.098780677885625
0 26.85546875 24.4140625 8.357582969744357 11.143443959659143
0 41.30859375 31.315104166666668 9.465370128949479 12.62049350526597
0 60.205078125 28.450520833333332 9.02206146184966 12.029415282466214
0 72.705078125 32.55208333333333 9.650505554713073 12.86734073961743
0 61.42578125 36.00260416666667 10.149102263376399 13.53213635116853
0 49.70703125 29.4921875 9.185740321833748 12.247653762444997
0 40.576171875 24.8046875 8.424178309229896 11.23223774563986
0 33.10546875 26.822916666666668 8.760192928715409 11.680257238287211
0 33.984375 30.078125 9.276540621075844 12.368720828101127
0 36.279296875 41.66666666666667 10.918300671385692 14.557734228514258
0 37.841796875 44.53125 11.287379155826983 15.049838874435977
0 36.279296875 47.20052083333333 11.620747537023785 15.494330049365049
0 93.45703125 30.924479166666668 9.406149296522488 12.541532395363317
0 78.955078125 39.453125 10.624325674761481 14.165767566348642
0 89.35546875 34.1796875 9.888825528576445 13.185100704768596
0 73.6328125 27.473958333333332 8.865868558553435 11.821158078071248
0 59.326171875 25.1953125 8.490251308132054 11.320335077509403
0 37.353515625 13.606770833333334 6.2393335877260965 8.319111450301463
0 62.98828125 13.020833333333334 6.103515625 8.138020833333332
0 74.560546875 13.606770833333334 6.2393335877260965 8.319111450301463
0 90.4296875 16.861979166666664 6.945682786096826 9.260910381462436
0 41.015625 15.234375 6.60196156395994 8.802615418613254
0 60.693359375 20.963541666666664 7.7444931277157725 10.325990836954363
0 71.337890625 22.395833333333336 8.00468569861084 10.672914264814453
0 49.12109375 22.395833333333336 8.00468569861084 10.672914264814453
0 66.650390625 24.21875 8.324085508414218 11.098780677885625
0 58.3984375 19.3359375 7.437779301119349 9.917039068159132
0 70.458984375 18.75 7.32421875 9.765625
0 61.279296875 16.861979166666664 6.945682786096826 9.260910381462436
0 77.44140625 22.395833333333336 8.00468569861084 10.672914264814453
0 57.03125 16.080729166666664 6.782870718656271 9.043827624875028
0 80.517578125 25.0 8.457279333832409 11.276372445109878
0 55.37109375 14.2578125 6.386855937639267 8.515807916852356
0 64.501953125 15.0390625 6.559504779115197 8.746006372153596
0 82.32421875 22.591145833333336 8.039514082226251 10.719352109635
0 66.650390625 16.080729166666664 6.782870718656271 9.043827624875028
0 66.30859375 13.411458333333334 6.194391824397107 8.259189099196142
0 75.0 17.122395833333336 6.9991119025755095 9.332149203434014
0 86.62109375 22.200520833333336 7.969705113037473 10.626273484049964
0 49.70703125 18.294270833333336 7.234661615679748 9.646215487572997
0 42.3828125 21.354166666666664 7.816313766397521 10.421751688530028
0 31.73828125 20.3125 7.62328857226367 10.164384763018226
0 40.4296875 19.140625 7.400119417103358 9.866825889471144
0 34.765625 33.984375 9.860531263063667 13.147375017418222
0 18.603515625 32.35677083333333 9.621510480001493 12.828680640001991
0 10.05859375 27.473958333333332 8.865868558553435 11.821158078071248
0 10.986328125 20.3125 7.62328857226367 10.164384763018226
0 19.384765625 16.471354166666664 6.864759447755123 9.15301259700683
0 33.69140625 14.0625 6.342959500374307 8.457279333832409
0 46.97265625 14.84375 6.516771394062079 8.689028525416106
0 80.029296875 17.513020833333336 7.0784994535786145 9.437999271438152
0 83.251953125 18.9453125 7.3622668956389274 9.816355860851903
0 85.05859375 20.963541666666664 7.7444931277157725 10.325990836954363
0 86.62109375 17.708333333333336 7.117861199762329 9.490481599683106
0 88.427734375 19.53125 7.475249459177179 9.966999278902906
0 95.263671875 20.3125 7.62328857226367 10.164384763018226
0 88.8671875 28.450520833333332 9.02206146184966 12.029415282466214
0 91.015625 24.21875 8.324085508414218 11.098780677885625
0 92.529296875 23.372395833333336 8.177344364608315 10.903125819477753
0 91.650390625 20.3125 7.62328857226367 10.164384763018226
0 85.05859375 38.02083333333333 10.429692071920813 13.906256095894417
0 74.267578125 29.8828125 9.24637292940864 12.32849723921152
0 95.8984375 22.395833333333336 8.00468569861084 10.672914264814453
0 95.458984375 21.940104166666664 7.92282408798045 10.5637654506406
0 81.73828125 40.49479166666667 10.763667046233154 14.351556061644205
0 83.544921875 39.6484375 10.650591044076627 14.200788058768838
0 87.98828125 39.2578125 10.597995211294762 14.130660281726351
0 80.810546875 56.705729166666664 12.737205050481693 16.982940067308924
0 24.853515625 53.059895833333336 12.320940697135223 16.427920929513633
0 19.970703125 35.3515625 10.056919588186085 13.409226117581447
0 29.296875 25.78125 8.588407763348565 11.451210351131419
0 20.458984375 21.09375 7.768507117527988 10.358009490037318
0 21.6796875 17.057291666666664 6.985792933508055 9.31439057801074
0 31.103515625 13.020833333333334 6.103515625 8.138020833333332
0 25.341796875 13.020833333333334 6.103515625 8.138020833333332
0 39.0625 15.0390625 6.559504779115197 8.746006372153596
0 36.1328125 17.447916666666664 7.065330140863174 9.420440187817565
0 33.251953125 16.471354166666664 6.864759447755123 9.15301259700683
0 28.369140625 13.216145833333334 6.149121606326259 8.198828808435012
0 6.591796875 18.098958333333336 7.195938795502683 9.594585060670244
0 18.017578125 18.684895833333336 7.311492035346033 9.748656047128044
0 18.310546875 19.921875 7.549631882844837 10.066175843793117
0 20.3125 19.7265625 7.512532730158185 10.01671030687758
0 25.927734375 19.270833333333336 7.425247229367944 9.900329639157258
0 28.662109375 17.903645833333336 7.157006469457137 9.542675292609516
0 3.515625 20.5078125 7.659851317145468 10.21313508952729
0 1.5625 19.466145833333336 7.462780310447684 9.950373747263578
0 4.736328125 18.294270833333336 7.234661615679748 9.646215487572997
0 14.35546875 17.643229166666664 7.104764847914316 9.473019797219088
0 26.708984375 15.4296875 6.644147051109997 8.858862734813329
0 66.30859375 21.354166666666664 7.816313766397521 10.421751688530028
0 78.076171875 16.471354166666664 6.864759447755123 9.15301259700683
0 98.779296875 22.526041666666664 8.027921409891299 10.703895213188398
0 43.603515625 16.471354166666664 6.864759447755123 9.15301259700683
