0 98.681640625 73.37239583333334 14.48861995906887 19.318159945425162
0 73.974609375 68.42447916666666 13.991569075131407 18.655425433508544
0 56.982421875 85.9375 15.680215550128333 20.906954066837777
0 41.11328125 49.67447916666667 11.92140196815467 15.895202624206226
0 23.779296875 38.15104166666667 10.447535869521296 13.930047826028394
0 6.884765625 50.065104166666664 11.968183319780016 15.957577759706687
0 10.595703125 27.1484375 8.81318913463968 11.750918846186241
0 12.79296875 33.85416666666667 9.841623227903504 13.122164303871338
0 3.955078125 17.513020833333336 7.0784994535786145 9.437999271438152
0 7.470703125 22.591145833333336 8.039514082226251 10.719352109635
0 12.79296875 21.2890625 7.804389558437758 10.405852744583676
0 15.8203125 15.234375 6.60196156395994 8.802615418613254
0 16.845703125 20.8984375 7.732458166088822 10.309944221451763
0 24.072265625 23.177083333333336 8.143105507889608 10.857474010519478
0 25.48828125 30.143229166666668 9.286574740419274 12.382099653892366
0 40.625 21.809895833333336 7.8992792392241125 10.532372318965482
0 42.724609375 27.408854166666668 8.855357744474432 11.807143659299243
0 42.626953125 34.375 9.91703906815913 13.222718757545508
0 46.875 40.16927083333333 10.720317425689878 14.293756567586504
0 61.42578125 45.1171875 11.361395549918386 15.148527399891181
0 71.337890625 30.533854166666668 9.346553241646458 12.462070988861944
0 81.494140625 24.348958333333336 8.346432086900233 11.128576115866979
0 86.62109375 32.55208333333333 9.650505554713073 12.86734073961743
0 89.306640625 37.76041666666667 10.393912576859377 13.85855010247917
0 77.978515625 42.05729166666667 10.969360812751116 14.62581441700149
0 96.435546875 20.5078125 7.659851317145468 10.21313508952729
0 90.72265625 21.809895833333336 7.8992792392241125 10.532372318965482
0 94.43359375 21.028645833333336 7.756509415978292 10.342012554637723
0 92.626953125 22.200520833333336 7.969705113037473 10.626273484049964
0 86.81640625 25.1953125 8.490251308132054 11.320335077509403
0 72.8515625 26.106770833333332 8.642457433170346 11.52327657756046
0 77.685546875 18.229166666666664 7.221777078979024 9.629036105305365
0 67.138671875 30.924479166666668 9.406149296522488 12.541532395363317
0 79.98046875 20.052083333333336 7.574263699945591 10.099018266594122
0 88.623046875 16.9921875 6.972448522214271 9.296598029619028
0 91.015625 18.229166666666664 7.221777078979024 9.629036105305365
0 51.171875 11.263020833333332 5.676597667766807 7.568796890355743
0 6.005859375 17.7734375 7.130933499479933 9.50791133263991
0 10.595703125 19.53125 7.475249459177179 9.966999278902906
0 30.56640625 20.8984375 7.732458166088822 10.309944221451763
0 23.2421875 14.713541666666666 6.488126106405426 8.650834808540568
0 8.30078125 17.7734375 7.130933499479933 9.50791133263991
0 24.267578125 17.3828125 7.052136235529384 9.40284831403918
0 19.62890625 14.322916666666666 6.401421192444773 8.53522825659303
0 12.40234375 17.7734375 7.130933499479933 9.50791133263991
0 17.724609375 15.494791666666666 6.658149484030587 8.877532645374115
0 26.66015625 18.098958333333336 7.195938795502683 9.594585060670244
0 32.177734375 14.973958333333334 6.545291317604741 8.727055090139656
0 38.330078125 20.182291666666664 7.598815672600545 10.13175423013406
0 44.921875 15.104166666666666 6.573687508709111 8.764916678278816
0 54.78515625 15.234375 6.60196156395994 8.802615418613254
0 54.6875 21.6796875 7.875664001809045 10.500885335745393
0 66.11328125 21.158854166666664 7.780486318348366 10.373981757797822
0 60.888671875 24.088541666666664 8.301678777304348 11.068905036405797
0 59.1796875 14.583333333333334 6.459353786778786 8.612471715705048
0 67.724609375 15.104166666666666 6.573687508709111 8.764916678278816
0 37.79296875 15.234375 6.60196156395994 8.802615418613254
0 66.650390625 18.229166666666664 7.221777078979024 9.629036105305365
0 44.53125 18.619791666666664 7.298743129334349 9.731657505779133
0 36.083984375 15.104166666666666 6.573687508709111 8.764916678278816
0 21.97265625 16.471354166666664 6.864759447755123 9.15301259700683
0 29.4921875 15.234375 6.60196156395994 8.802615418613254
0 34.326171875 19.010416666666664 7.37490598974278 9.833207986323707
0 26.7578125 15.364583333333334 6.6301150458985685 8.840153394531425
0 31.494140625 16.731770833333336 6.9188135063199665 9.225084675093289
0 41.943359375 15.494791666666666 6.658149484030587 8.877532645374115
0 69.82421875 22.65625 8.051090062422436 10.734786749896582
0 86.9140625 20.182291666666664 7.598815672600545 10.13175423013406
0 82.373046875 16.341145833333336 6.837572174807153 9.116762899742872
0 93.359375 27.1484375 8.81318913463968 11.750918846186241
0 84.326171875 19.53125 7.475249459177179 9.966999278902906
0 98.583984375 22.4609375 8.016311973000304 10.688415964000404
0 99.658203125 31.575520833333332 9.50464569238125 12.672860923174998
0 60.888671875 18.229166666666664 7.221777078979024 9.629036105305365
0 58.69140625 18.489583333333336 7.273178276253042 9.697571035004056
0 53.271484375 46.41927083333333 11.524174553527347 15.365566071369797
0 58.203125 27.408854166666668 8.855357744474432 11.807143659299243
0 29.1015625 35.22135416666667 10.038381471800859 13.384508629067811
0 36.1328125 34.9609375 10.001202153426476 13.334936204568635
0 11.9140625 60.3515625 13.140289393073113 17.520385857430817
0 17.919921875 56.901041666666664 12.75912167991142 17.012162239881892
0 23.046875 58.528645833333336 12.940316801217158 17.25375573495621
0 18.212890625 62.369791666666664 13.358196184228083 17.810928245637445
0 22.8515625 66.92708333333334 13.837627012639933 18.450169350186577
0 4.58984375 69.7265625 14.124067950935224 18.832090601246964
0 39.306640625 80.72916666666666 15.19763134520109 20.26350846026812
0 63.232421875 70.57291666666666 14.209529695828632 18.946039594438176
0 96.875 60.9375 13.203923127919884 17.60523083722651
0 91.40625 50.5859375 12.03027547877626 16.040367305035012
0 98.583984375 55.143229166666664 12.560495377964282 16.74732717061904
0 97.16796875 57.682291666666664 12.846414294341546 17.128552392455397
0 71.240234375 55.989583333333336 12.65651938069319 16.875359174257586
0 60.888671875 33.59375 9.803697756475225 13.071597008633635
0 90.4296875 30.403645833333332 9.326603265341873 12.43547102045583
0 77.294921875 29.557291666666668 9.195873518871684 12.261164691828911
0 91.2109375 28.255208333333332 8.991039955234518 11.988053273646026
0 36.81640625 28.515625 9.03237828793258 12.043171050576774
0 26.66015625 24.739583333333336 8.413115693414442 11.217487591219255
0 15.72265625 28.385416666666668 9.011732824849489 12.015643766465985
0 63.037109375 24.609375 8.39094670707246 11.187928942763282
0 75.87890625 23.828125 8.256682897014576 11.008910529352768
0 77.587890625 24.348958333333336 8.346432086900233 11.128576115866979
0 79.6875 24.479166666666664 8.36871899463018 11.15829199284024
0 96.97265625 23.828125 8.256682897014576 11.008910529352768
0 90.234375 42.96875 11.087586745962493 14.783448994616657
0 81.787109375 44.20572916666667 11.24604844524431 14.994731260325747
0 20.263671875 38.41145833333333 10.483132346995646 13.977509795994195
0 18.017578125 41.34114583333333 10.87556743237638 14.500756576501841
0 13.818359375 40.55989583333333 10.77231603681811 14.363088049090814
0 0.68359375 19.791666666666664 7.524919437217989 10.033225916290652
0 2.1484375 22.786458333333336 8.074192233473482 10.765589644631309
0 3.076171875 26.497395833333332 8.706874156303165 11.609165541737553
0 20.263671875 18.880208333333336 7.349606066157407 9.799474754876544
0 18.9453125 22.591145833333336 8.039514082226251 10.719352109635
0 39.599609375 17.513020833333336 7.0784994535786145 9.437999271438152
0 50.68359375 18.359375 7.247523246483103 9.663364328644137
0 46.97265625 20.377604166666664 7.635495607419925 10.180660809893233
0 47.94921875 23.177083333333336 8.143105507889608 10.857474010519478
