0 45.068359375 82.6171875 15.374318503186032 20.499091337581376
0 60.25390625 80.01302083333334 15.130072334278003 20.173429779037335
0 45.068359375 62.239583333333336 13.344245061691556 17.792326748922076
0 68.017578125 52.1484375 12.214658261834412 16.286211015779216
0 76.3671875 62.239583333333336 13.344245061691556 17.792326748922076
0 91.552734375 48.89322916666667 11.82728416447516 15.76971221930021
0 70.654296875 42.12239583333333 10.977847746951262 14.63713032926835
0 63.4765625 43.359375 11.137870844051916 14.850494458735888
0 83.88671875 42.12239583333333 10.977847746951262 14.63713032926835
0 83.3984375 31.770833333333332 9.53399618640949 12.711994915212655
0 77.490234375 36.5234375 10.22224989284926 13.629666523799013
0 97.65625 38.8671875 10.545137050275265 14.060182733700355
0 92.578125 31.4453125 9.485028239697298 12.646704319596397
0 99.072265625 62.6953125 13.393010411066705 17.857347214755606
0 6.005859375 52.604166666666664 12.267914576563586 16.357219435418116
0 1.3671875 59.114583333333336 13.004929048255931 17.339905397674574
0 1.46484375 43.03385416666667 11.095983253599758 14.794644338133011
0 4.248046875 35.61197916666667 10.093893681970965 13.458524909294619
0 12.6953125 38.28125 10.46534924284805 13.953798990464069
0 32.32421875 39.97395833333333 10.694223308065938 14.258964410754585
0 37.158203125 45.703125 11.434932858395506 15.24657714452734
0 42.724609375 36.84895833333333 10.267702539831983 13.690270053109312
0 49.21875 39.77864583333333 10.668065364348472 14.224087152464628
0 57.470703125 32.09635416666667 9.58271390875707 12.77695187834276
0 72.75390625 30.078125 9.276540621075844 12.368720828101127
0 62.20703125 32.2265625 9.60213178866716 12.802842384889546
0 51.416015625 35.80729166666667 10.121535615098267 13.495380820131023
0 37.646484375 35.9375 10.139921707663666 13.51989561021822
0 31.396484375 35.15625 10.029099563693228 13.372132751590971
0 10.986328125 31.4453125 9.485028239697298 12.646704319596397
0 18.505859375 30.989583333333332 9.416045300623482 12.554727067497975
0 89.111328125 28.841145833333332 9.083786661460703 12.11171554861427
0 78.22265625 24.674479166666664 8.402038511923953 11.202718015898604
0 67.529296875 24.348958333333336 8.346432086900233 11.128576115866979
0 56.982421875 26.692708333333332 8.738904457566134 11.651872610088178
0 61.279296875 20.3125 7.62328857226367 10.164384763018226
0 64.0625 27.1484375 8.81318913463968 11.750918846186241
0 47.607421875 25.260416666666668 8.501213548086012 11.334951397448016
0 40.52734375 28.841145833333332 9.083786661460703 12.11171554861427
0 33.349609375 28.971354166666668 9.104268731797058 12.139024975729411
0 26.611328125 26.692708333333332 8.738904457566134 11.651872610088178
0 19.189453125 24.674479166666664 8.402038511923953 11.202718015898604
0 11.083984375 26.497395833333332 8.706874156303165 11.609165541737553
0 4.736328125 26.822916666666668 8.760192928715409 11.680257238287211
0 28.80859375 23.893229166666664 8.267954824306681 11.023939765742242
0 1.708984375 22.200520833333336 7.969705113037473 10.626273484049964
0 7.71484375 24.934895833333336 8.446260072691679 11.26168009692224
0 19.677734375 20.768229166666664 7.708331872750909 10.277775830334546
0 25.5859375 19.401041666666664 7.450290292806215 9.933720390408286
0 31.8359375 22.65625 8.051090062422436 10.734786749896582
0 40.771484375 19.270833333333336 7.425247229367944 9.900329639157258
0 8.642578125 19.53125 7.475249459177179 9.966999278902906
0 4.4921875 16.796875 6.932261164306974 9.243014885742634
0 11.572265625 17.838541666666664 7.143981879101334 9.525309172135112
0 13.427734375 15.559895833333334 6.672122530845778 8.896163374461038
0 20.60546875 16.471354166666664 6.864759447755123 9.15301259700683
0 26.26953125 14.908854166666666 6.531046923532928 8.708062564710572
0 32.763671875 15.364583333333334 6.6301150458985685 8.840153394531425
0 22.314453125 14.322916666666666 6.401421192444773 8.53522825659303
0 1.3671875 15.690104166666666 6.699981201202437 8.933308268269917
0 7.470703125 16.796875 6.932261164306974 9.243014885742634
0 35.986328125 16.796875 6.932261164306974 9.243014885742634
0 50.390625 16.276041666666664 6.823937919616058 9.09858389282141
0 52.9296875 24.8046875 8.424178309229896 11.23223774563986
0 41.796875 23.697916666666664 8.234092750996119 10.978790334661493
0 21.875 28.190104166666668 8.980675640601907 11.974234187469209
0 66.357421875 19.075520833333336 7.3875234600282 9.850031280037602
0 56.201171875 17.513020833333336 7.0784994535786145 9.437999271438152
0 46.58203125 20.182291666666664 7.598815672600545 10.13175423013406
0 76.708984375 27.278645833333332 8.83429859993294 11.779064799910586
0 86.328125 22.200520833333336 7.969705113037473 10.626273484049964
0 99.169921875 29.166666666666668 9.134905729428569 12.17987430590476
0 89.208984375 22.981770833333336 8.108722079825698 10.811629439767596
0 79.58984375 19.075520833333336 7.3875234600282 9.850031280037602
0 74.169921875 17.057291666666664 6.985792933508055 9.31439057801074
0 84.47265625 19.986979166666664 7.561957820656658 10.08261042754221
0 93.06640625 23.567708333333336 8.211440458419013 10.948587277892017
0 66.6015625 14.778645833333334 6.502464524127966 8.669952698837287
0 60.595703125 14.908854166666666 6.531046923532928 8.708062564710572
0 42.96875 14.127604166666666 6.3576253222655215 8.476833763020695
0 34.9609375 13.802083333333334 6.283953943473511 8.378605257964681
0 19.091796875 13.997395833333334 6.328259690346595 8.437679587128793
0 28.80859375 14.908854166666666 6.531046923532928 8.708062564710572
0 95.1171875 22.981770833333336 8.108722079825698 10.811629439767596
0 85.986328125 16.145833333333336 6.796587356970242 9.062116475960323
0 94.677734375 19.075520833333336 7.3875234600282 9.850031280037602
0 79.345703125 13.802083333333334 6.283953943473511 8.378605257964681
0 69.53125 13.346354166666666 6.179338602086361 8.239118136115147
0 62.79296875 12.109375 5.886017310176364 7.848023080235151
0 71.58203125 13.346354166666666 6.179338602086361 8.239118136115147
0 54.6875 13.541666666666666 6.224389054678692 8.299185406238257
0 39.2578125 13.0859375 6.118755388111396 8.15834051748186
0 77.1484375 14.583333333333334 6.459353786778786 8.612471715705048
0 57.568359375 11.979166666666668 5.854286527481347 7.805715369975129
0 50.634765625 11.848958333333332 5.8223828211483495 7.763177094864466
0 15.478515625 21.09375 7.768507117527988 10.358009490037318
0 87.6953125 32.09635416666667 9.58271390875707 12.77695187834276
0 14.453125 17.708333333333336 7.117861199762329 9.490481599683106
0 97.216796875 25.260416666666668 8.501213548086012 11.334951397448016
0 70.80078125 21.419270833333336 7.828219811023351 10.437626414697803
0 44.82421875 16.471354166666664 6.864759447755123 9.15301259700683
0 83.056640625 16.471354166666664 6.864759447755123 9.15301259700683
