0 44.775390625 88.4765625 15.91016894255014 21.213558590066853
0 47.509765625 71.61458333333334 14.314012938914274 19.085350585219032
0 45.361328125 58.7890625 12.969073096237658 17.29209746165021
0 78.61328125 77.08333333333334 14.850494458735888 19.800659278314516
0 99.365234375 63.541666666666664 13.483106710433667 17.977475613911555
0 94.23828125 56.966145833333336 12.766418861909113 17.021891815878817
0 77.83203125 58.0078125 12.882611645022848 17.17681552669713
0 74.462890625 52.083333333333336 12.20703125 16.276041666666664
0 63.57421875 55.989583333333336 12.65651938069319 16.875359174257586
0 0.78125 53.450520833333336 12.366210686862065 16.488280915816087
0 3.02734375 71.2890625 14.28144403905956 19.041925385412746
0 26.318359375 57.2265625 12.795565974875872 17.06075463316783
0 24.12109375 50.0 11.960399134683488 15.947198846244651
0 16.796875 46.09375 11.48369611952318 15.311594826030909
0 10.83984375 33.91927083333333 9.851081781963485 13.134775709284646
0 6.201171875 37.36979166666667 10.340011197569225 13.786681596758967
0 22.412109375 40.0390625 10.70292841598522 14.270571221313624
0 39.111328125 35.3515625 10.056919588186085 13.409226117581447
0 41.845703125 44.921875 11.336777112430854 15.11570281657447
0 45.166015625 32.68229166666667 9.669787303317175 12.893049737756234
0 61.81640625 35.02604166666667 10.010509928501419 13.347346571335224
0 62.79296875 45.76822916666667 11.443074499055587 15.25743266540745
0 70.21484375 41.66666666666667 10.918300671385692 14.557734228514258
0 51.5625 35.15625 10.029099563693228 13.372132751590971
0 57.421875 25.911458333333332 8.610068346964042 11.480091129285388
0 66.89453125 29.947916666666668 9.25643975103949 12.341919668052654
0 72.94921875 37.109375 10.30392029793343 13.738560397244573
0 83.59375 36.71875 10.24954566879069 13.66606089172092
0 91.50390625 44.66145833333333 11.303869126862875 15.071825502483835
0 88.330078125 40.234375 10.72900136184506 14.305335149126746
0 95.21484375 37.56510416666667 10.366996918617573 13.822662558156765
