0 6.689453125 65.625 13.702358594142853 18.269811458857134
0 4.833984375 44.85677083333333 11.328559077923941 15.104745437231923
0 2.63671875 27.604166666666668 8.886852892188134 11.849137189584178
0 18.1640625 37.23958333333333 10.321981521782082 13.762642029042777
0 22.65625 34.375 9.91703906815913 13.222718757545508
0 71.38671875 33.984375 9.860531263063667 13.147375017418222
0 66.064453125 32.55208333333333 9.650505554713073 12.86734073961743
0 59.814453125 35.28645833333333 10.047654805392046 13.39687307385606
0 40.673828125 29.166666666666668 9.134905729428569 12.17987430590476
0 36.083984375 32.68229166666667 9.669787303317175 12.893049737756234
0 28.7109375 28.385416666666668 9.011732824849489 12.015643766465985
0 86.376953125 31.510416666666668 9.494842032534208 12.659789376712277
0 76.07421875 28.645833333333332 9.052976668817948 12.07063555842393
0 68.65234375 23.763020833333336 8.245395560367612 10.993860747156816
0 58.544921875 15.169270833333334 6.587839704871492 8.783786273161988
0 11.474609375 19.466145833333336 7.462780310447684 9.950373747263578
0 16.259765625 15.950520833333334 6.755353888299149 9.0071385177322
0 54.736328125 52.018229166666664 12.199399469791677 16.265865959722237
0 57.763671875 42.64322916666667 11.045508466097326 14.7273446214631
0 48.14453125 50.9765625 12.076635093633655 16.10218012484487
0 39.892578125 41.9921875 10.960867307170393 14.614489742893857
0 48.6328125 22.200520833333336 7.969705113037473 10.626273484049964
0 69.82421875 51.3671875 12.122817423120853 16.16375656416114
0 85.009765625 47.98177083333333 11.716524548616007 15.622032731488009
0 96.97265625 52.408854166666664 12.245118803551563 16.32682507140208
0 94.140625 39.453125 10.624325674761481 14.165767566348642
0 80.322265625 41.015625 10.832665618468535 14.443554157958047
0 98.4375 30.729166666666668 9.376398618003673 12.501864824004896
0 93.359375 29.557291666666668 9.195873518871684 12.261164691828911
0 87.646484375 26.041666666666668 8.631674575031099 11.508899433374797
0 78.125 24.0234375 8.290452702152177 11.053936936202902
0 96.2890625 24.0234375 8.290452702152177 11.053936936202902
0 90.771484375 24.153645833333336 8.312889692307273 11.083852923076364
0 63.818359375 25.260416666666668 8.501213548086012 11.334951397448016
0 65.771484375 26.822916666666668 8.760192928715409 11.680257238287211
0 56.689453125 22.200520833333336 7.969705113037473 10.626273484049964
0 52.44140625 27.34375 8.84483443981289 11.793112586417188
0 56.689453125 30.338541666666668 9.316612257369233 12.42214967649231
0 30.322265625 20.5078125 7.659851317145468 10.21313508952729
0 39.794921875 20.247395833333336 7.611061958825638 10.148082611767517
0 26.7578125 20.768229166666664 7.708331872750909 10.277775830334546
0 21.484375 24.934895833333336 8.446260072691679 11.26168009692224
0 16.357421875 25.78125 8.588407763348565 11.451210351131419
0 14.208984375 18.1640625 7.208869513560617 9.611826018080823
0 15.966796875 20.247395833333336 7.611061958825638 10.148082611767517
0 8.154296875 28.255208333333332 8.991039955234518 11.988053273646026
0 5.615234375 22.330729166666664 7.993042513249997 10.657390017666662
0 34.619140625 19.205729166666664 7.412693970636669 9.883591960848893
0 2.24609375 19.466145833333336 7.462780310447684 9.950373747263578
0 3.22265625 17.252604166666664 7.025674092542321 9.367565456723094
0 19.23828125 21.158854166666664 7.780486318348366 10.373981757797822
0 21.19140625 18.294270833333336 7.234661615679748 9.646215487572997
0 23.92578125 18.815104166666664 7.336923388776433 9.782564518368577
0 32.080078125 17.903645833333336 7.157006469457137 9.542675292609516
0 42.67578125 18.684895833333336 7.311492035346033 9.748656047128044
0 51.7578125 16.731770833333336 6.9188135063199665 9.225084675093289
0 64.990234375 17.122395833333336 6.9991119025755095 9.332149203434014
0 88.427734375 57.877604166666664 12.868144923283701 17.157526564378266
0 70.99609375 22.0703125 7.946299173761924 10.595065565015899
0 82.958984375 22.330729166666664 7.993042513249997 10.657390017666662
0 91.064453125 39.97395833333333 10.694223308065938 14.258964410754585
0 99.0234375 25.651041666666668 8.566692411876344 11.422256549168457
0 56.494140625 18.5546875 7.28597191547444 9.714629220632586
0 36.669921875 17.3828125 7.052136235529384 9.40284831403918
