0 94.04296875 55.078125 12.553078491945271 16.73743798926036
0 98.388671875 67.96875 13.944897044428542 18.593196059238057
0 76.5625 67.96875 13.944897044428542 18.593196059238057
0 43.26171875 82.2265625 15.33792953262825 20.450572710171
0 56.005859375 62.955729166666664 13.420796769589858 17.89439569278648
0 47.55859375 57.942708333333336 12.875380315996695 17.16717375466226
0 35.25390625 62.109375 13.3302793382822 17.77370578437627
0 23.92578125 57.356770833333336 12.810114661752536 17.080152882336716
0 4.443359375 73.76302083333334 14.527136517836798 19.36951535711573
0 1.46484375 53.645833333333336 12.388783648794213 16.518378198392284
0 20.60546875 47.20052083333333 11.620747537023785 15.494330049365049
0 24.31640625 37.82552083333333 10.40286898746296 13.870491983283944
0 4.19921875 40.29947916666667 10.737678274999501 14.316904366666003
0 8.69140625 35.02604166666667 10.010509928501419 13.347346571335224
0 8.59375 29.4921875 9.185740321833748 12.247653762444997
0 28.80859375 31.510416666666668 9.494842032534208 12.659789376712277
0 40.4296875 37.3046875 10.331000292853245 13.77466705713766
0 41.943359375 31.119791666666668 9.4358061729372 12.5810748972496
0 51.07421875 29.8828125 9.24637292940864 12.32849723921152
0 58.203125 32.74739583333333 9.679413773897526 12.905885031863368
0 42.08984375 47.00520833333333 11.5966796875 15.462239583333334
0 53.564453125 46.61458333333333 11.548393511001283 15.397858014668378
0 60.888671875 43.68489583333333 11.179601491707887 14.906135322277184
0 60.83984375 48.76302083333333 11.811524951393816 15.748699935191754
0 76.416015625 50.0 11.960399134683488 15.947198846244651
0 69.189453125 40.10416666666667 10.711626449453275 14.282168599271033
0 73.681640625 36.26302083333333 10.185741740892722 13.580988987856962
0 85.986328125 39.0625 10.57159916729051 14.095465556387346
0 81.73828125 38.54166666666667 10.500885335745396 14.001180447660527
0 90.0390625 43.48958333333333 11.154581837461587 14.872775783282115
0 94.04296875 39.453125 10.624325674761481 14.165767566348642
0 86.181640625 31.119791666666668 9.4358061729372 12.5810748972496
0 91.6015625 31.966145833333332 9.56325660155786 12.751008802077147
0 99.951171875 34.50520833333333 9.935803586486637 13.247738115315515
0 97.8515625 29.8828125 9.24637292940864 12.32849723921152
0 97.8515625 35.3515625 10.056919588186085 13.409226117581447
0 97.94921875 26.7578125 8.749555167743805 11.66607355699174
0 93.75 24.609375 8.39094670707246 11.187928942763282
0 34.033203125 21.940104166666664 7.92282408798045 10.5637654506406
0 38.916015625 25.520833333333332 8.544921875 11.393229166666668
0 42.138671875 23.2421875 8.154534433525017 10.872712578033356
0 47.265625 24.4140625 8.357582969744357 11.143443959659143
0 47.900390625 19.856770833333336 7.537285788103314 10.049714384137753
0 58.10546875 21.614583333333336 7.863829789260941 10.485106385681254
0 57.666015625 26.3671875 8.685454999241765 11.580606665655687
0 65.33203125 29.036458333333332 9.114492506755418 12.15265667567389
0 65.576171875 25.0 8.457279333832409 11.276372445109878
0 70.458984375 23.2421875 8.154534433525017 10.872712578033356
0 75.390625 23.4375 8.188725503539269 10.918300671385692
0 78.80859375 27.278645833333332 8.83429859993294 11.779064799910586
0 80.126953125 21.940104166666664 7.92282408798045 10.5637654506406
0 85.83984375 27.799479166666668 8.918236814088415 11.890982418784553
0 89.892578125 28.450520833333332 9.02206146184966 12.029415282466214
0 16.650390625 25.1953125 8.490251308132054 11.320335077509403
0 22.314453125 28.7109375 9.063258303782652 12.084344405043536
0 29.833984375 27.278645833333332 8.83429859993294 11.779064799910586
0 25.87890625 24.739583333333336 8.413115693414442 11.217487591219255
0 13.623046875 25.455729166666668 8.53401578009617 11.378687706794894
0 4.638671875 25.846354166666668 8.59924487524742 11.465659833663226
0 9.765625 21.2890625 7.804389558437758 10.405852744583676
0 2.001953125 20.768229166666664 7.708331872750909 10.277775830334546
0 6.298828125 21.484375 7.840107775064166 10.453477033418888
0 3.90625 20.572916666666664 7.672000176987631 10.229333569316841
0 35.888671875 19.466145833333336 7.462780310447684 9.950373747263578
0 39.501953125 22.135416666666664 7.958010748538389 10.610680998051187
0 52.24609375 10.221354166666668 5.407728621420089 7.21030482856012
0 51.3671875 17.96875 7.170007400189656 9.56000986691954
0 59.033203125 15.4296875 6.644147051109997 8.858862734813329
0 61.81640625 19.205729166666664 7.412693970636669 9.883591960848893
0 77.001953125 16.015625 6.7691262856502785 9.025501714200372
0 55.56640625 14.713541666666666 6.488126106405426 8.650834808540568
0 53.564453125 18.815104166666664 7.336923388776433 9.782564518368577
0 41.162109375 16.536458333333336 6.878312786611722 9.171083715482297
0 47.65625 17.1875 7.012405574387241 9.349874099182989
0 90.478515625 21.940104166666664 7.92282408798045 10.5637654506406
0 84.66796875 23.958333333333336 8.279211405182211 11.038948540242949
0 80.56640625 19.53125 7.475249459177179 9.966999278902906
0 93.45703125 21.744791666666664 7.887480458569388 10.51664061142585
0 99.169921875 23.4375 8.188725503539269 10.918300671385692
0 82.8125 22.8515625 8.085718566584333 10.780958088779109
0 68.115234375 16.145833333333336 6.796587356970242 9.062116475960323
0 56.884765625 15.299479166666666 6.61605328023645 8.821404373648601
0 45.947265625 16.341145833333336 6.837572174807153 9.116762899742872
0 34.033203125 16.341145833333336 6.837572174807153 9.116762899742872
0 67.236328125 22.65625 8.051090062422436 10.734786749896582
0 78.125 21.744791666666664 7.887480458569388 10.51664061142585
0 44.189453125 18.098958333333336 7.195938795502683 9.594585060670244
0 30.224609375 18.098958333333336 7.195938795502683 9.594585060670244
0 25.830078125 19.205729166666664 7.412693970636669 9.883591960848893
0 19.091796875 22.8515625 8.085718566584333 10.780958088779109
0 14.55078125 21.09375 7.768507117527988 10.358009490037318
0 7.373046875 18.294270833333336 7.234661615679748 9.646215487572997
0 42.529296875 16.145833333333336 6.796587356970242 9.062116475960323
0 80.95703125 17.447916666666664 7.065330140863174 9.420440187817565
0 85.64453125 19.205729166666664 7.412693970636669 9.883591960848893
0 92.041015625 20.442708333333336 7.647683158045451 10.196910877393934
0 96.923828125 23.046875 8.120199399200482 10.82693253226731
0 83.935546875 21.744791666666664 7.887480458569388 10.51664061142585
0 65.869140625 16.015625 6.7691262856502785 9.025501714200372
0 36.42578125 16.666666666666664 6.905339660024879 9.207119546699838
0 22.705078125 16.471354166666664 6.864759447755123 9.15301259700683
0 56.34765625 20.182291666666664 7.598815672600545 10.13175423013406
0 43.9453125 16.2109375 6.810276368536802 9.080368491382403
0 73.6328125 20.703125 7.6962403643301345 10.261653819106845
0 69.873046875 20.182291666666664 7.598815672600545 10.13175423013406
0 45.1171875 15.625 6.686066375795484 8.914755167727312
0 27.685546875 16.341145833333336 6.837572174807153 9.116762899742872
0 20.21484375 17.96875 7.170007400189656 9.56000986691954
0 16.357421875 13.736979166666666 6.269115778861736 8.358821038482315
0 11.865234375 17.1875 7.012405574387241 9.349874099182989
0 29.443359375 16.015625 6.7691262856502785 9.025501714200372
0 23.92578125 17.447916666666664 7.065330140863174 9.420440187817565
0 31.4453125 16.145833333333336 6.796587356970242 9.062116475960323
0 24.560546875 15.690104166666666 6.699981201202437 8.933308268269917
0 20.01953125 14.778645833333334 6.502464524127966 8.669952698837287
0 16.845703125 17.96875 7.170007400189656 9.56000986691954
0 21.142578125 15.8203125 6.72772451325946 8.970299351012613
0 11.083984375 18.424479166666664 7.2603620931215325 9.680482790828709
0 83.59375 18.294270833333336 7.234661615679748 9.646215487572997
0 94.62890625 21.223958333333336 7.792447103762027 10.389929471682702
0 88.18359375 17.7734375 7.130933499479933 9.50791133263991
0 96.630859375 17.3828125 7.052136235529384 9.40284831403918
0 92.67578125 18.424479166666664 7.2603620931215325 9.680482790828709
0 96.875 18.9453125 7.3622668956389274 9.816355860851903
0 94.43359375 17.447916666666664 7.065330140863174 9.420440187817565
0 90.0390625 17.3828125 7.052136235529384 9.40284831403918
0 98.486328125 17.903645833333336 7.157006469457137 9.542675292609516
0 93.505859375 19.010416666666664 7.37490598974278 9.833207986323707
0 99.51171875 17.7734375 7.130933499479933 9.50791133263991
0 91.650390625 18.9453125 7.3622668956389274 9.816355860851903
0 97.8515625 19.466145833333336 7.462780310447684 9.950373747263578
0 85.791015625 17.578125 7.091644310682526 9.455525747576702
0 91.89453125 17.1875 7.012405574387241 9.349874099182989
0 95.751953125 18.815104166666664 7.336923388776433 9.782564518368577
0 99.853515625 19.53125 7.475249459177179 9.966999278902906
0 94.82421875 17.578125 7.091644310682526 9.455525747576702
0 89.794921875 18.815104166666664 7.336923388776433 9.782564518368577
0 87.40234375 18.619791666666664 7.298743129334349 9.731657505779133
0 98.73046875 20.377604166666664 7.635495607419925 10.180660809893233
0 88.8671875 17.1875 7.012405574387241 9.349874099182989
0 97.802734375 17.057291666666664 6.985792933508055 9.31439057801074
0 91.455078125 18.619791666666664 7.298743129334349 9.731657505779133
0 87.01171875 18.098958333333336 7.195938795502683 9.594585060670244
0 94.921875 19.466145833333336 7.462780310447684 9.950373747263578
0 87.40234375 17.578125 7.091644310682526 9.455525747576702
0 93.603515625 16.861979166666664 6.945682786096826 9.260910381462436
0 96.875 20.572916666666664 7.672000176987631 10.229333569316841
