0 96.142578125 22.0703125 7.946299173761924 10.595065565015899
0 98.388671875 23.828125 8.256682897014576 11.008910529352768
0 85.9375 18.880208333333336 7.349606066157407 9.799474754876544
0 85.44921875 19.140625 7.400119417103358 9.866825889471144
0 90.576171875 19.3359375 7.437779301119349 9.917039068159132
0 69.482421875 15.950520833333334 6.755353888299149 9.0071385177322
0 61.328125 15.950520833333334 6.755353888299149 9.0071385177322
0 58.7890625 15.690104166666666 6.699981201202437 8.933308268269917
0 56.54296875 16.145833333333336 6.796587356970242 9.062116475960323
0 46.826171875 16.9921875 6.972448522214271 9.296598029619028
0 43.75 18.489583333333336 7.273178276253042 9.697571035004056
0 39.599609375 18.880208333333336 7.349606066157407 9.799474754876544
0 32.421875 16.341145833333336 6.837572174807153 9.116762899742872
0 28.90625 18.033854166666664 7.182984799767957 9.577313066357275
0 8.154296875 20.182291666666664 7.598815672600545 10.13175423013406
0 14.0625 18.880208333333336 7.349606066157407 9.799474754876544
0 11.181640625 19.986979166666664 7.561957820656658 10.08261042754221
0 6.396484375 18.684895833333336 7.311492035346033 9.748656047128044
0 3.662109375 19.986979166666664 7.561957820656658 10.08261042754221
0 0.634765625 17.838541666666664 7.143981879101334 9.525309172135112
