0 51.07421875 62.109375 13.3302793382822 17.77370578437627
0 33.0078125 38.671875 10.518608361580863 14.024811148774482
0 37.01171875 31.510416666666668 9.494842032534208 12.659789376712277
0 36.669921875 27.669270833333332 8.897326499702912 11.863101999603883
0 42.96875 23.567708333333336 8.211440458419013 10.948587277892017
0 29.39453125 22.8515625 8.085718566584333 10.780958088779109
0 28.125 19.791666666666664 7.524919437217989 10.033225916290652
0 16.6015625 17.513020833333336 7.0784994535786145 9.437999271438152
0 72.412109375 45.5078125 11.410473080956981 15.213964107942642
0 96.630859375 52.5390625 12.260320694946696 16.347094259928927
0 91.943359375 33.46354166666667 9.784679896167846 13.046239861557126
0 98.193359375 34.83072916666667 9.982560567502519 13.310080756670025
0 66.357421875 35.48177083333333 10.075423595714831 13.433898127619774
0 52.685546875 27.669270833333332 8.897326499702912 11.863101999603883
0 79.150390625 28.3203125 9.001392336274797 12.001856448366395
0 64.306640625 27.213541666666668 8.823750179932228 11.765000239909636
0 57.470703125 20.377604166666664 7.635495607419925 10.180660809893233
0 59.716796875 18.294270833333336 7.234661615679748 9.646215487572997
0 60.888671875 24.21875 8.324085508414218 11.098780677885625
0 86.9140625 26.627604166666668 8.728240750778255 11.637654334371007
0 78.564453125 20.572916666666664 7.672000176987631 10.229333569316841
0 83.154296875 20.833333333333336 7.720404443770458 10.293872591693944
0 91.11328125 26.041666666666668 8.631674575031099 11.508899433374797
0 97.65625 24.21875 8.324085508414218 11.098780677885625
0 0.390625 34.83072916666667 9.982560567502519 13.310080756670025
0 3.564453125 28.190104166666668 8.980675640601907 11.974234187469209
0 3.22265625 20.247395833333336 7.611061958825638 10.148082611767517
0 1.513671875 22.8515625 8.085718566584333 10.780958088779109
0 0.927734375 19.921875 7.549631882844837 10.066175843793117
0 14.990234375 20.833333333333336 7.720404443770458 10.293872591693944
0 20.60546875 16.145833333333336 6.796587356970242 9.062116475960323
0 40.234375 14.127604166666666 6.3576253222655215 8.476833763020695
0 37.939453125 13.411458333333334 6.194391824397107 8.259189099196142
0 34.9609375 14.583333333333334 6.459353786778786 8.612471715705048
0 33.59375 14.778645833333334 6.502464524127966 8.669952698837287
0 40.771484375 20.703125 7.6962403643301345 10.261653819106845
0 49.12109375 17.057291666666664 6.985792933508055 9.31439057801074
0 51.611328125 18.098958333333336 7.195938795502683 9.594585060670244
0 53.02734375 14.583333333333334 6.459353786778786 8.612471715705048
0 57.32421875 12.5 5.980199567341744 7.973599423122326
0 59.716796875 13.0859375 6.118755388111396 8.15834051748186
0 62.841796875 12.955729166666666 6.088237714617921 8.117650286157229
0 69.43359375 13.0859375 6.118755388111396 8.15834051748186
0 77.197265625 19.010416666666664 7.37490598974278 9.833207986323707
0 80.17578125 15.494791666666666 6.658149484030587 8.877532645374115
0 89.0625 20.703125 7.6962403643301345 10.261653819106845
0 97.0703125 20.703125 7.6962403643301345 10.261653819106845
0 92.48046875 23.893229166666664 8.267954824306681 11.023939765742242
0 93.310546875 20.572916666666664 7.672000176987631 10.229333569316841
0 85.888671875 19.205729166666664 7.412693970636669 9.883591960848893
0 83.0078125 16.927083333333336 6.959078522333606 9.278771363111476
