0 3.41796875 16.40625 6.8511792970714245 9.134905729428567
0 1.220703125 18.75 7.32421875 9.765625
0 10.25390625 15.559895833333334 6.672122530845778 8.896163374461038
0 5.56640625 17.903645833333336 7.157006469457137 9.542675292609516
0 7.080078125 18.815104166666664 7.336923388776433 9.782564518368577
0 13.57421875 16.080729166666664 6.782870718656271 9.043827624875028
0 14.697265625 17.447916666666664 7.065330140863174 9.420440187817565
0 10.83984375 18.815104166666664 7.336923388776433 9.782564518368577
0 5.17578125 21.158854166666664 7.780486318348366 10.373981757797822
0 4.638671875 24.348958333333336 8.346432086900233 11.128576115866979
0 11.865234375 22.005208333333336 7.9345703125 10.579427083333332
0 9.5703125 26.888020833333332 8.770817787597604 11.694423716796805
0 5.126953125 31.315104166666668 9.465370128949479 12.62049350526597
0 -1.025390625 44.20572916666667 11.24604844524431 14.994731260325747
0 0.830078125 59.5703125 13.054961936161765 17.406615914882355
0 4.150390625 72.78645833333334 14.430652365157334 19.24086982020978
0 20.5078125 16.276041666666664 6.823937919616058 9.09858389282141
0 16.455078125 20.182291666666664 7.598815672600545 10.13175423013406
0 19.921875 20.638020833333336 7.684129829110212 10.245506438813615
0 17.3828125 15.4296875 6.644147051109997 8.858862734813329
0 21.826171875 15.755208333333334 6.7138671875 8.951822916666668
0 25.732421875 15.559895833333334 6.672122530845778 8.896163374461038
0 25.244140625 19.140625 7.400119417103358 9.866825889471144
0 31.4453125 14.518229166666666 6.444919458600731 8.593225944800976
0 34.375 17.578125 7.091644310682526 9.455525747576702
0 29.296875 17.643229166666664 7.104764847914316 9.473019797219088
0 28.271484375 19.140625 7.400119417103358 9.866825889471144
0 30.17578125 21.484375 7.840107775064166 10.453477033418888
0 27.001953125 24.0234375 8.290452702152177 11.053936936202902
0 22.900390625 26.106770833333332 8.642457433170346 11.52327657756046
0 18.994140625 31.640625 9.51443925056146 12.685919000748614
0 32.2265625 28.580729166666668 9.042683343523592 12.056911124698123
0 32.568359375 34.70052083333333 9.963884104806219 13.28517880640829
0 20.5078125 48.89322916666667 11.82728416447516 15.76971221930021
0 37.109375 43.61979166666667 11.171267833082963 14.895023777443953
0 35.888671875 62.3046875 13.351222445207128 17.801629926942837
0 50.830078125 68.48958333333334 13.998223805151019 18.664298406868028
0 39.404296875 14.713541666666666 6.488126106405426 8.650834808540568
0 39.697265625 16.731770833333336 6.9188135063199665 9.225084675093289
0 47.4609375 13.411458333333334 6.194391824397107 8.259189099196142
0 46.142578125 14.713541666666666 6.488126106405426 8.650834808540568
0 44.62890625 16.40625 6.8511792970714245 9.134905729428567
0 41.2109375 19.270833333333336 7.425247229367944 9.900329639157258
0 41.2109375 20.833333333333336 7.720404443770458 10.293872591693944
0 42.626953125 24.739583333333336 8.413115693414442 11.217487591219255
0 51.513671875 16.731770833333336 6.9188135063199665 9.225084675093289
0 47.65625 18.229166666666664 7.221777078979024 9.629036105305365
0 49.8046875 19.140625 7.400119417103358 9.866825889471144
0 47.65625 21.6796875 7.875664001809045 10.500885335745393
0 49.21875 27.5390625 8.876366926421502 11.835155901895336
0 50.732421875 35.7421875 10.11233003282525 13.483106710433667
0 51.123046875 48.69791666666667 11.803637454720285 15.738183272960379
0 59.228515625 13.216145833333334 6.149121606326259 8.198828808435012
0 56.787109375 15.559895833333334 6.672122530845778 8.896163374461038
0 61.03515625 14.84375 6.516771394062079 8.689028525416106
0 62.40234375 17.447916666666664 7.065330140863174 9.420440187817565
0 58.49609375 18.9453125 7.3622668956389274 9.816355860851903
0 60.107421875 21.158854166666664 7.780486318348366 10.373981757797822
0 57.470703125 24.739583333333336 8.413115693414442 11.217487591219255
0 60.595703125 28.645833333333332 9.052976668817948 12.07063555842393
0 59.619140625 35.3515625 10.056919588186085 13.409226117581447
0 65.4296875 41.6015625 10.909767414379564 14.546356552506085
0 66.748046875 59.1796875 13.012088382158108 17.34945117621081
0 76.904296875 52.994791666666664 12.313379517719735 16.41783935695965
0 84.326171875 64.12760416666666 13.545130017805265 18.060173357073687
0 94.62890625 77.79947916666666 14.919319533179099 19.892426044238796
0 63.37890625 14.908854166666666 6.531046923532928 8.708062564710572
0 66.69921875 16.536458333333336 6.878312786611722 9.171083715482297
0 68.75 13.216145833333334 6.149121606326259 8.198828808435012
0 70.263671875 18.294270833333336 7.234661615679748 9.646215487572997
0 67.724609375 20.5078125 7.659851317145468 10.21313508952729
0 69.921875 21.484375 7.840107775064166 10.453477033418888
0 66.69921875 24.0234375 8.290452702152177 11.053936936202902
0 75.341796875 27.278645833333332 8.83429859993294 11.779064799910586
0 73.33984375 32.68229166666667 9.669787303317175 12.893049737756234
0 79.638671875 38.54166666666667 10.500885335745396 14.001180447660527
0 82.03125 22.526041666666664 8.027921409891299 10.703895213188398
0 79.931640625 24.869791666666664 8.435226416678011 11.246968555570682
0 82.8125 45.18229166666667 11.36958984997385 15.159453133298467
0 86.669921875 37.6953125 10.38494844187839 13.84659792250452
0 89.94140625 33.52864583333333 9.794193442310311 13.05892458974708
0 90.0390625 20.5078125 7.659851317145468 10.21313508952729
0 92.236328125 23.697916666666664 8.234092750996119 10.978790334661493
0 100.09765625 23.697916666666664 8.234092750996119 10.978790334661493
0 99.462890625 28.255208333333332 8.991039955234518 11.988053273646026
0 90.576171875 26.106770833333332 8.642457433170346 11.52327657756046
0 92.1875 30.598958333333332 9.35651227829339 12.475349704391189
0 100.1953125 38.02083333333333 10.429692071920813 13.906256095894417
0 95.654296875 42.96875 11.087586745962493 14.783448994616657
0 95.556640625 54.361979166666664 12.47120162457431 16.628268832765748
