0 2.783203125 14.84375 6.516771394062079 8.689028525416106
0 7.421875 16.536458333333336 6.878312786611722 9.171083715482297
0 3.466796875 16.40625 6.8511792970714245 9.134905729428567
0 11.376953125 17.7734375 7.130933499479933 9.50791133263991
0 1.7578125 17.447916666666664 7.065330140863174 9.420440187817565
0 5.46875 21.354166666666664 7.816313766397521 10.421751688530028
0 9.326171875 24.544270833333336 8.379840220792225 11.173120294389632
0 5.078125 15.494791666666666 6.658149484030587 8.877532645374115
0 16.455078125 18.5546875 7.28597191547444 9.714629220632586
0 6.396484375 14.973958333333334 6.545291317604741 8.727055090139656
0 11.279296875 30.208333333333332 9.296598029619028 12.395464039492039
0 8.3984375 14.6484375 6.473755931273323 8.631674575031097
0 5.810546875 40.69010416666667 10.789593218788873 14.386124291718497
0 2.24609375 24.674479166666664 8.402038511923953 11.202718015898604
0 22.265625 43.5546875 11.162927952985768 14.883903937314358
0 2.978515625 49.54427083333333 11.905767335895483 15.874356447860643
0 13.427734375 14.973958333333334 6.545291317604741 8.727055090139656
0 5.029296875 62.239583333333336 13.344245061691556 17.792326748922076
0 14.990234375 14.778645833333334 6.502464524127966 8.669952698837287
0 16.796875 62.955729166666664 13.420796769589858 17.89439569278648
0 18.5546875 12.565104166666666 5.995752778438873 7.9943370379184975
0 34.9609375 37.95572916666667 10.420758715187912 13.894344953583882
0 20.263671875 13.020833333333334 6.103515625 8.138020833333332
0 44.7265625 33.72395833333333 9.82267879603948 13.096905061385971
0 23.291015625 15.169270833333334 6.587839704871492 8.783786273161988
0 29.638671875 20.1171875 7.586549618320344 10.115399491093791
0 26.220703125 12.825520833333334 6.057566296777102 8.076755062369468
0 47.509765625 24.348958333333336 8.346432086900233 11.128576115866979
0 27.63671875 12.044270833333332 5.870173358664351 7.826897811552468
0 53.955078125 43.42447916666667 11.146229472503464 14.861639296671287
0 29.4921875 12.5 5.980199567341744 7.973599423122326
0 39.599609375 19.596354166666664 7.487697843252746 9.983597124336994
0 28.076171875 15.8203125 6.72772451325946 8.970299351012613
0 36.5234375 25.065104166666668 8.468284256293707 11.291045675058275
0 35.3515625 11.458333333333332 5.72560517556571 7.634140234087614
0 41.064453125 12.890625 6.072921369058959 8.097228492078614
0 32.32421875 13.736979166666666 6.269115778861736 8.358821038482315
0 39.306640625 14.2578125 6.386855937639267 8.515807916852356
0 45.01953125 21.549479166666664 7.85197774064246 10.469303654189947
0 43.84765625 12.890625 6.072921369058959 8.097228492078614
0 49.365234375 17.838541666666664 7.143981879101334 9.525309172135112
0 42.333984375 15.885416666666666 6.741553355216833 8.988737806955777
0 58.49609375 21.158854166666664 7.780486318348366 10.373981757797822
0 46.58203125 14.322916666666666 6.401421192444773 8.53522825659303
0 54.931640625 10.9375 5.593964471381641 7.458619295175521
0 46.6796875 12.369791666666668 5.948971157720314 7.931961543627086
0 57.8125 10.091145833333332 5.373174091082461 7.164232121443281
0 48.193359375 13.0859375 6.118755388111396 8.15834051748186
0 62.59765625 10.807291666666668 5.56056737008319 7.4140898267775865
0 48.583984375 15.364583333333334 6.6301150458985685 8.840153394531425
0 57.12890625 16.2109375 6.810276368536802 9.080368491382403
0 50.537109375 13.736979166666666 6.269115778861736 8.358821038482315
0 62.59765625 19.205729166666664 7.412693970636669 9.883591960848893
0 57.8125 13.606770833333334 6.2393335877260965 8.319111450301463
0 22.36328125 26.432291666666668 8.696171172348027 11.594894896464037
0 64.404296875 11.979166666666668 5.854286527481347 7.805715369975129
0 68.701171875 31.4453125 9.485028239697298 12.646704319596397
0 67.578125 13.020833333333334 6.103515625 8.138020833333332
0 74.51171875 27.5390625 8.876366926421502 11.835155901895336
0 66.30859375 16.927083333333336 6.959078522333606 9.278771363111476
0 70.1171875 19.791666666666664 7.524919437217989 10.033225916290652
0 71.484375 12.174479166666668 5.901818727360142 7.8690916364801895
0 80.95703125 25.0 8.457279333832409 11.276372445109878
0 73.828125 16.731770833333336 6.9188135063199665 9.225084675093289
0 88.916015625 36.328125 10.194881035455362 13.593174713940485
0 75.9765625 12.6953125 6.026738787271576 8.0356517163621
0 78.7109375 37.43489583333333 10.349014256477766 13.798685675303688
0 77.392578125 13.541666666666666 6.224389054678692 8.299185406238257
0 96.6796875 48.37239583333333 11.764120646604239 15.68549419547232
0 83.3984375 14.453125 6.430452730012657 8.57393697335021
0 94.091796875 30.859375 9.396242870080965 12.52832382677462
0 81.640625 14.84375 6.516771394062079 8.689028525416106
0 74.365234375 37.76041666666667 10.393912576859377 13.85855010247917
0 85.986328125 13.411458333333334 6.194391824397107 8.259189099196142
0 52.392578125 61.328125 13.246175789923525 17.661567719898034
0 85.986328125 15.169270833333334 6.587839704871492 8.783786273161988
0 50.439453125 80.40364583333334 15.166960009508273 20.22261334601103
0 85.498046875 17.252604166666664 7.025674092542321 9.367565456723094
0 81.34765625 20.638020833333336 7.684129829110212 10.245506438813615
0 86.1328125 21.6796875 7.875664001809045 10.500885335745393
0 88.525390625 17.252604166666664 7.025674092542321 9.367565456723094
0 92.3828125 25.9765625 8.620878229873984 11.494504306498644
0 94.775390625 17.252604166666664 7.025674092542321 9.367565456723094
0 95.556640625 25.716145833333332 8.57755695956738 11.436742612756506
0 97.75390625 20.5078125 7.659851317145468 10.21313508952729
0 61.376953125 27.734375 8.907787792557633 11.877050390076842
0 99.21875 18.880208333333336 7.349606066157407 9.799474754876544
0 91.796875 21.875 7.911060422861158 10.548080563814876
0 93.115234375 19.401041666666664 7.450290292806215 9.933720390408286
0 96.58203125 17.7734375 7.130933499479933 9.50791133263991
0 23.14453125 20.963541666666664 7.7444931277157725 10.325990836954363
0 62.158203125 48.69791666666667 11.803637454720285 15.738183272960379
0 64.84375 40.4296875 10.755011100284483 14.340014800379311
0 32.861328125 11.1328125 5.6436895779134915 7.524919437217989
0 96.826171875 19.7265625 7.512532730158185 10.01671030687758
0 87.98828125 21.028645833333336 7.756509415978292 10.342012554637723
0 95.654296875 20.768229166666664 7.708331872750909 10.277775830334546
0 91.015625 20.3125 7.62328857226367 10.164384763018226
0 94.091796875 22.005208333333336 7.9345703125 10.579427083333332
0 86.962890625 17.447916666666664 7.065330140863174 9.420440187817565
0 83.642578125 18.489583333333336 7.273178276253042 9.697571035004056
0 78.61328125 22.0703125 7.946299173761924 10.595065565015899
0 78.466796875 26.302083333333332 8.674725588105405 11.56630078414054
0 77.24609375 21.484375 7.840107775064166 10.453477033418888
0 91.015625 33.13802083333333 9.736972737758677 12.982630317011571
0 96.97265625 30.6640625 9.366460725843998 12.48861430112533
0 89.990234375 25.9765625 8.620878229873984 11.494504306498644
0 90.625 24.153645833333336 8.312889692307273 11.083852923076364
0 83.203125 39.453125 10.624325674761481 14.165767566348642
0 86.962890625 42.12239583333333 10.977847746951262 14.63713032926835
0 84.814453125 62.760416666666664 13.399962402404874 17.866616536539834
0 74.267578125 47.59114583333333 11.66873431048899 15.55831241398532
0 91.455078125 69.46614583333334 14.097667800843624 18.796890401124834
0 60.7421875 60.677083333333336 13.175679409742983 17.567572546323976
0 45.703125 51.692708333333336 12.161168728742233 16.214891638322978
0 39.697265625 50.5859375 12.03027547877626 16.040367305035012
0 32.958984375 34.44010416666667 9.926425761285763 13.235234348381017
0 29.541015625 34.375 9.91703906815913 13.222718757545508
0 25.146484375 31.0546875 9.425930915210266 12.567907886947022
0 30.029296875 30.46875 9.336583582018038 12.448778109357384
0 61.767578125 35.09114583333333 10.019809057239993 13.359745409653323
0 58.203125 32.48697916666667 9.640850219074288 12.854466958765718
0 51.708984375 25.78125 8.588407763348565 11.451210351131419
0 48.974609375 20.963541666666664 7.7444931277157725 10.325990836954363
0 52.24609375 18.033854166666664 7.182984799767957 9.577313066357275
0 73.14453125 22.916666666666664 8.097228492078614 10.796304656104818
0 71.044921875 22.265625 7.981382342908947 10.641843123878598
0 75.830078125 16.536458333333336 6.878312786611722 9.171083715482297
0 68.701171875 15.885416666666666 6.741553355216833 8.988737806955777
0 54.638671875 14.0625 6.342959500374307 8.457279333832409
0 38.134765625 14.778645833333334 6.502464524127966 8.669952698837287
0 36.376953125 15.494791666666666 6.658149484030587 8.877532645374115
0 42.919921875 25.065104166666668 8.468284256293707 11.291045675058275
0 28.466796875 24.544270833333336 8.379840220792225 11.173120294389632
0 36.5234375 18.359375 7.247523246483103 9.663364328644137
0 32.958984375 15.364583333333334 6.6301150458985685 8.840153394531425
0 35.3515625 14.0625 6.342959500374307 8.457279333832409
0 25.68359375 17.838541666666664 7.143981879101334 9.525309172135112
0 26.85546875 16.731770833333336 6.9188135063199665 9.225084675093289
0 31.93359375 19.7265625 7.512532730158185 10.01671030687758
0 25.927734375 15.299479166666666 6.61605328023645 8.821404373648601
0 9.814453125 14.127604166666666 6.3576253222655215 8.476833763020695
0 9.521484375 16.796875 6.932261164306974 9.243014885742634
0 4.6875 30.338541666666668 9.316612257369233 12.42214967649231
0 2.392578125 38.99739583333333 10.562785827561513 14.083714436748682
0 24.072265625 50.260416666666664 11.991505556877746 15.988674075836995
0 20.5078125 19.075520833333336 7.3875234600282 9.850031280037602
0 3.955078125 24.544270833333336 8.379840220792225 11.173120294389632
0 19.189453125 17.317708333333336 7.038917599286375 9.385223465715166
0 32.03125 21.549479166666664 7.85197774064246 10.469303654189947
0 59.326171875 19.010416666666664 7.37490598974278 9.833207986323707
0 60.205078125 17.96875 7.170007400189656 9.56000986691954
0 90.91796875 29.752604166666668 9.22620633412535 12.301608445500468
0 78.857421875 14.973958333333334 6.545291317604741 8.727055090139656
0 79.1015625 19.075520833333336 7.3875234600282 9.850031280037602
0 65.52734375 14.322916666666666 6.401421192444773 8.53522825659303
0 66.9921875 20.833333333333336 7.720404443770458 10.293872591693944
0 90.91796875 17.513020833333336 7.0784994535786145 9.437999271438152
0 39.599609375 31.901041666666668 9.55351308746248 12.738017449949975
0 59.66796875 24.739583333333336 8.413115693414442 11.217487591219255
0 63.28125 29.4921875 9.185740321833748 12.247653762444997
0 21.58203125 13.411458333333334 6.194391824397107 8.259189099196142
0 44.091796875 18.294270833333336 7.234661615679748 9.646215487572997
0 30.810546875 14.127604166666666 6.3576253222655215 8.476833763020695
0 88.0859375 24.739583333333336 8.413115693414442 11.217487591219255
0 69.62890625 17.643229166666664 7.104764847914316 9.473019797219088
0 59.716796875 15.0390625 6.559504779115197 8.746006372153596
0 41.943359375 20.1171875 7.586549618320344 10.115399491093791
0 81.25 54.8828125 12.530801493925663 16.707735325234218
