0 98.6328125 22.0703125 7.946299173761924 10.595065565015899
0 90.380859375 23.4375 8.188725503539269 10.918300671385692
0 85.009765625 19.401041666666664 7.450290292806215 9.933720390408286
0 81.005859375 19.3359375 7.437779301119349 9.917039068159132
0 79.736328125 24.869791666666664 8.435226416678011 11.246968555570682
0 92.96875 21.223958333333336 7.792447103762027 10.389929471682702
0 96.240234375 23.4375 8.188725503539269 10.918300671385692
0 88.18359375 20.3125 7.62328857226367 10.164384763018226
0 78.22265625 21.419270833333336 7.828219811023351 10.437626414697803
0 72.8515625 16.080729166666664 6.782870718656271 9.043827624875028
0 65.771484375 17.317708333333336 7.038917599286375 9.385223465715166
0 58.154296875 15.104166666666666 6.573687508709111 8.764916678278816
0 43.45703125 15.690104166666666 6.699981201202437 8.933308268269917
0 38.37890625 16.927083333333336 6.959078522333606 9.278771363111476
0 30.810546875 16.927083333333336 6.959078522333606 9.278771363111476
0 28.857421875 21.614583333333336 7.863829789260941 10.485106385681254
0 25.5859375 19.205729166666664 7.412693970636669 9.883591960848893
0 18.701171875 19.986979166666664 7.561957820656658 10.08261042754221
0 15.283203125 24.0234375 8.290452702152177 11.053936936202902
0 12.158203125 22.4609375 8.016311973000304 10.688415964000404
0 9.47265625 19.140625 7.400119417103358 9.866825889471144
0 5.2734375 18.75 7.32421875 9.765625
0 1.904296875 17.96875 7.170007400189656 9.56000986691954
0 35.888671875 16.861979166666664 6.945682786096826 9.260910381462436
0 87.109375 17.513020833333336 7.0784994535786145 9.437999271438152
0 67.236328125 14.453125 6.430452730012657 8.57393697335021
