0 91.11328125 19.661458333333336 7.500125566067204 10.00016742142294
0 99.51171875 31.705729166666668 9.524222738236839 12.698963650982451
0 83.935546875 23.893229166666664 8.267954824306681 11.023939765742242
0 85.546875 18.1640625 7.208869513560617 9.611826018080823
0 75.732421875 14.6484375 6.473755931273323 8.631674575031097
0 72.65625 19.270833333333336 7.425247229367944 9.900329639157258
0 66.9921875 16.276041666666664 6.823937919616058 9.09858389282141
0 55.517578125 19.791666666666664 7.524919437217989 10.033225916290652
0 59.912109375 15.299479166666666 6.61605328023645 8.821404373648601
0 65.0390625 19.140625 7.400119417103358 9.866825889471144
0 54.39453125 13.932291666666666 6.313525654778199 8.418034206370931
0 46.484375 15.4296875 6.644147051109997 8.858862734813329
0 36.1328125 20.1171875 7.586549618320344 10.115399491093791
0 21.875 16.145833333333336 6.796587356970242 9.062116475960323
0 28.564453125 16.536458333333336 6.878312786611722 9.171083715482297
