0 48.4375 75.390625 14.68653493104976 19.582046574733013
0 72.75390625 55.013020833333336 12.545657221126994 16.72754296150266
0 79.638671875 65.69010416666666 13.709153714121216 18.278871618828287
0 74.658203125 36.9140625 10.276768945607138 13.702358594142853
0 85.3515625 36.19791666666667 10.17659423860661 13.568792318142146
0 87.451171875 30.338541666666668 9.316612257369233 12.42214967649231
0 95.947265625 38.60677083333333 10.509750584547465 14.01300077939662
0 98.876953125 52.864583333333336 12.298243212652517 16.397657616870024
0 40.13671875 46.484375 11.532253190729483 15.376337587639311
0 62.060546875 32.6171875 9.660151239834237 12.880201653112316
0 45.263671875 30.46875 9.336583582018038 12.448778109357384
0 63.134765625 26.888020833333332 8.770817787597604 11.694423716796805
0 51.5625 25.520833333333332 8.544921875 11.393229166666668
0 46.337890625 20.768229166666664 7.708331872750909 10.277775830334546
0 50.830078125 12.239583333333332 5.917577950947668 7.8901039345968895
0 58.837890625 12.239583333333332 5.917577950947668 7.8901039345968895
0 64.74609375 14.713541666666666 6.488126106405426 8.650834808540568
0 48.73046875 19.010416666666664 7.37490598974278 9.833207986323707
0 54.052734375 15.559895833333334 6.672122530845778 8.896163374461038
0 69.677734375 14.778645833333334 6.502464524127966 8.669952698837287
0 66.845703125 23.958333333333336 8.279211405182211 11.038948540242949
0 58.056640625 20.247395833333336 7.611061958825638 10.148082611767517
0 71.875 15.0390625 6.559504779115197 8.746006372153596
0 32.12890625 62.890625 13.413855576071724 17.88514076809563
0 34.228515625 41.14583333333333 10.849846700824694 14.466462267766259
0 39.6484375 34.04947916666667 9.869971697263324 13.159962263017766
0 79.443359375 24.088541666666664 8.301678777304348 11.068905036405797
0 70.068359375 19.010416666666664 7.37490598974278 9.833207986323707
0 84.9609375 17.578125 7.091644310682526 9.455525747576702
0 97.265625 27.5390625 8.876366926421502 11.835155901895336
0 80.17578125 18.229166666666664 7.221777078979024 9.629036105305365
0 33.154296875 22.981770833333336 8.108722079825698 10.811629439767596
0 15.478515625 21.158854166666664 7.780486318348366 10.373981757797822
0 7.861328125 25.78125 8.588407763348565 11.451210351131419
0 2.734375 18.619791666666664 7.298743129334349 9.731657505779133
0 10.546875 17.252604166666664 7.025674092542321 9.367565456723094
0 3.759765625 20.768229166666664 7.708331872750909 10.277775830334546
0 16.845703125 16.6015625 6.891839471823862 9.189119295765149
0 24.853515625 16.861979166666664 6.945682786096826 9.260910381462436
0 12.060546875 20.182291666666664 7.598815672600545 10.13175423013406
0 28.076171875 21.549479166666664 7.85197774064246 10.469303654189947
0 34.9609375 19.140625 7.400119417103358 9.866825889471144
0 29.736328125 16.6015625 6.891839471823862 9.189119295765149
0 4.052734375 17.252604166666664 7.025674092542321 9.367565456723094
0 39.2578125 15.0390625 6.559504779115197 8.746006372153596
0 32.666015625 17.578125 7.091644310682526 9.455525747576702
0 40.966796875 15.559895833333334 6.672122530845778 8.896163374461038
0 45.458984375 14.0625 6.342959500374307 8.457279333832409
0 56.4453125 15.0390625 6.559504779115197 8.746006372153596
0 75.048828125 15.0390625 6.559504779115197 8.746006372153596
0 61.279296875 57.8125 12.860905460025315 17.14787394670042
0 67.578125 46.484375 11.532253190729483 15.376337587639311
0 69.23828125 36.45833333333333 10.21313508952729 13.617513452703053
0 82.03125 28.645833333333332 9.052976668817948 12.07063555842393
0 93.5546875 59.5703125 13.054961936161765 17.406615914882355
0 93.5546875 28.645833333333332 9.052976668817948 12.07063555842393
0 83.935546875 24.348958333333336 8.346432086900233 11.128576115866979
0 74.267578125 22.200520833333336 7.969705113037473 10.626273484049964
0 70.068359375 26.236979166666668 8.66398288975732 11.551977186343091
0 76.171875 22.721354166666664 8.062649422377262 10.75019922983635
0 55.95703125 24.739583333333336 8.413115693414442 11.217487591219255
0 54.833984375 37.17447916666667 10.31295486371814 13.75060648495752
0 56.93359375 24.088541666666664 8.301678777304348 11.068905036405797
0 58.544921875 35.02604166666667 10.010509928501419 13.347346571335224
0 48.4375 31.8359375 9.543759625922785 12.725012834563712
0 43.06640625 29.036458333333332 9.114492506755418 12.15265667567389
0 28.076171875 34.04947916666667 9.869971697263324 13.159962263017766
0 32.861328125 48.11197916666667 11.732411368860527 15.643215158480702
0 37.646484375 51.692708333333336 12.161168728742233 16.214891638322978
0 52.5390625 35.15625 10.029099563693228 13.372132751590971
0 55.56640625 32.6171875 9.660151239834237 12.880201653112316
0 37.646484375 21.158854166666664 7.780486318348366 10.373981757797822
0 42.041015625 24.739583333333336 8.413115693414442 11.217487591219255
0 42.96875 16.2109375 6.810276368536802 9.080368491382403
0 25.146484375 24.348958333333336 8.346432086900233 11.128576115866979
0 23.779296875 22.200520833333336 7.969705113037473 10.626273484049964
0 13.96484375 26.236979166666668 8.66398288975732 11.551977186343091
0 1.66015625 24.088541666666664 8.301678777304348 11.068905036405797
0 4.638671875 25.520833333333332 8.544921875 11.393229166666668
0 6.4453125 19.010416666666664 7.37490598974278 9.833207986323707
0 1.3671875 19.401041666666664 7.450290292806215 9.933720390408286
0 20.849609375 20.182291666666664 7.598815672600545 10.13175423013406
0 25.439453125 20.377604166666664 7.635495607419925 10.180660809893233
0 43.5546875 21.549479166666664 7.85197774064246 10.469303654189947
0 60.9375 22.591145833333336 8.039514082226251 10.719352109635
0 55.859375 18.619791666666664 7.298743129334349 9.731657505779133
0 78.564453125 30.859375 9.396242870080965 12.52832382677462
0 71.142578125 22.200520833333336 7.969705113037473 10.626273484049964
0 76.46484375 27.9296875 8.939098215256843 11.918797620342456
0 64.74609375 21.158854166666664 7.780486318348366 10.373981757797822
0 78.076171875 21.549479166666664 7.85197774064246 10.469303654189947
0 89.55078125 26.497395833333332 8.706874156303165 11.609165541737553
0 95.166015625 22.200520833333336 7.969705113037473 10.626273484049964
0 87.646484375 20.182291666666664 7.598815672600545 10.13175423013406
0 43.84765625 16.9921875 6.972448522214271 9.296598029619028
0 43.9453125 86.71875 15.75132800361809 21.001770671490785
0 63.57421875 40.36458333333333 10.746348182164922 14.328464242886563
0 75.439453125 28.645833333333332 9.052976668817948 12.07063555842393
0 99.658203125 35.41666666666667 10.066175843793117 13.421567791724156
0 98.33984375 31.575520833333332 9.50464569238125 12.672860923174998
0 98.876953125 21.419270833333336 7.828219811023351 10.437626414697803
0 90.13671875 20.377604166666664 7.635495607419925 10.180660809893233
0 86.376953125 25.390625 8.523095729839442 11.364127639785922
0 94.873046875 20.182291666666664 7.598815672600545 10.13175423013406
0 98.33984375 23.958333333333336 8.279211405182211 11.038948540242949
0 79.150390625 17.838541666666664 7.143981879101334 9.525309172135112
0 82.12890625 17.96875 7.170007400189656 9.56000986691954
0 97.8515625 20.638020833333336 7.684129829110212 10.245506438813615
0 96.77734375 20.638020833333336 7.684129829110212 10.245506438813615
0 73.53515625 17.252604166666664 7.025674092542321 9.367565456723094
0 62.548828125 15.0390625 6.559504779115197 8.746006372153596
0 63.57421875 14.322916666666666 6.401421192444773 8.53522825659303
0 29.248046875 14.453125 6.430452730012657 8.57393697335021
0 27.34375 17.578125 7.091644310682526 9.455525747576702
0 46.240234375 14.322916666666666 6.401421192444773 8.53522825659303
0 13.37890625 32.87760416666667 9.698638050580264 12.931517400773687
0 90.0390625 33.26822916666667 9.756083595670033 13.008111460893376
0 62.255859375 20.768229166666664 7.708331872750909 10.277775830334546
