0 43.65234375 78.3203125 14.969175376502344 19.958900502003125
0 44.140625 67.64322916666666 13.91146401372251 18.548618684963348
0 39.990234375 55.729166666666664 12.627051309556398 16.836068412741863
0 22.509765625 48.95833333333333 11.835155901895336 15.780207869193779
0 6.201171875 69.140625 14.06459792700551 18.752797236007346
0 2.685546875 58.0078125 12.882611645022848 17.17681552669713
0 6.787109375 39.77864583333333 10.668065364348472 14.224087152464628
0 17.1875 35.80729166666667 10.121535615098267 13.495380820131023
0 9.9609375 33.52864583333333 9.794193442310311 13.05892458974708
0 3.564453125 29.947916666666668 9.25643975103949 12.341919668052654
0 5.126953125 22.0703125 7.946299173761924 10.595065565015899
0 18.75 29.036458333333332 9.114492506755418 12.15265667567389
0 33.10546875 33.52864583333333 9.794193442310311 13.05892458974708
0 34.716796875 41.40625 10.884127502518925 14.512170003358568
0 52.685546875 44.01041666666667 11.221176947540428 14.961569263387236
0 65.13671875 57.8125 12.860905460025315 17.14787394670042
0 76.220703125 52.213541666666664 12.222280514221671 16.29637401896223
0 88.671875 64.12760416666666 13.545130017805265 18.060173357073687
0 92.1875 90.234375 16.067439674179912 21.42325289890655
0 85.791015625 59.635416666666664 13.062093847065857 17.416125129421143
0 68.994140625 46.41927083333333 11.524174553527347 15.365566071369797
0 64.55078125 39.77864583333333 10.668065364348472 14.224087152464628
0 74.560546875 40.95052083333333 10.824064850444458 14.432086467259278
0 79.8828125 37.04427083333333 10.29487780360901 13.726503738145347
0 86.62109375 45.24739583333333 11.377778248478545 15.170370997971395
0 91.69921875 51.106770833333336 12.092048801366547 16.122731735155398
0 94.140625 39.77864583333333 10.668065364348472 14.224087152464628
0 86.767578125 35.15625 10.029099563693228 13.372132751590971
0 92.28515625 28.7109375 9.063258303782652 12.084344405043536
0 98.92578125 39.97395833333333 10.694223308065938 14.258964410754585
0 73.33984375 30.794270833333332 9.386325988299376 12.515101317732501
0 49.560546875 34.9609375 10.001202153426476 13.334936204568635
0 44.580078125 29.6875 9.216106488367615 12.288141984490153
0 59.716796875 33.65885416666667 9.813192865486773 13.084257153982362
0 56.0546875 25.0 8.457279333832409 11.276372445109878
0 50.390625 27.734375 8.907787792557633 11.877050390076842
0 42.08984375 24.8046875 8.424178309229896 11.23223774563986
0 31.787109375 24.348958333333336 8.346432086900233 11.128576115866979
0 21.6796875 23.372395833333336 8.177344364608315 10.903125819477753
0 30.95703125 19.010416666666664 7.37490598974278 9.833207986323707
0 17.431640625 20.182291666666664 7.598815672600545 10.13175423013406
0 10.64453125 22.591145833333336 8.039514082226251 10.719352109635
0 61.865234375 25.9765625 8.620878229873984 11.494504306498644
0 67.67578125 25.455729166666668 8.53401578009617 11.378687706794894
0 83.349609375 26.302083333333332 8.674725588105405 11.56630078414054
0 73.583984375 25.325520833333332 8.512161670520847 11.349548894027794
0 60.205078125 22.265625 7.981382342908947 10.641843123878598
0 48.33984375 20.5078125 7.659851317145468 10.21313508952729
0 41.943359375 19.986979166666664 7.561957820656658 10.08261042754221
0 96.533203125 26.627604166666668 8.728240750778255 11.637654334371007
0 89.55078125 24.153645833333336 8.312889692307273 11.083852923076364
0 80.37109375 22.0703125 7.946299173761924 10.595065565015899
0 72.021484375 19.010416666666664 7.37490598974278 9.833207986323707
0 66.11328125 19.986979166666664 7.561957820656658 10.08261042754221
0 59.326171875 17.578125 7.091644310682526 9.455525747576702
0 49.560546875 17.447916666666664 7.065330140863174 9.420440187817565
0 27.099609375 21.744791666666664 7.887480458569388 10.51664061142585
0 19.82421875 19.3359375 7.437779301119349 9.917039068159132
0 12.01171875 16.276041666666664 6.823937919616058 9.09858389282141
0 18.75 16.145833333333336 6.796587356970242 9.062116475960323
0 56.298828125 16.927083333333336 6.959078522333606 9.278771363111476
0 49.560546875 14.518229166666666 6.444919458600731 8.593225944800976
0 33.251953125 16.927083333333336 6.959078522333606 9.278771363111476
0 6.689453125 19.53125 7.475249459177179 9.966999278902906
0 98.583984375 26.627604166666668 8.728240750778255 11.637654334371007
0 93.26171875 21.940104166666664 7.92282408798045 10.5637654506406
0 84.5703125 18.684895833333336 7.311492035346033 9.748656047128044
0 51.3671875 15.625 6.686066375795484 8.914755167727312
0 57.91015625 11.458333333333332 5.72560517556571 7.634140234087614
0 66.455078125 16.796875 6.932261164306974 9.243014885742634
0 79.150390625 16.276041666666664 6.823937919616058 9.09858389282141
0 28.759765625 15.494791666666666 6.658149484030587 8.877532645374115
0 42.08984375 14.84375 6.516771394062079 8.689028525416106
0 21.533203125 14.388020833333334 6.415953381844678 8.554604509126236
0 3.564453125 17.903645833333336 7.157006469457137 9.542675292609516
0 55.712890625 12.109375 5.886017310176364 7.848023080235151
0 36.767578125 15.169270833333334 6.587839704871492 8.783786273161988
0 13.916015625 15.299479166666666 6.61605328023645 8.821404373648601
0 19.482421875 13.736979166666666 6.269115778861736 8.358821038482315
0 5.37109375 16.276041666666664 6.823937919616058 9.09858389282141
0 71.2890625 16.145833333333336 6.796587356970242 9.062116475960323
0 65.13671875 15.299479166666666 6.61605328023645 8.821404373648601
0 82.666015625 17.578125 7.091644310682526 9.455525747576702
0 89.892578125 18.880208333333336 7.349606066157407 9.799474754876544
0 52.685546875 13.0859375 6.118755388111396 8.15834051748186
0 34.9609375 15.625 6.686066375795484 8.914755167727312
0 24.169921875 14.84375 6.516771394062079 8.689028525416106
0 95.068359375 22.916666666666664 8.097228492078614 10.796304656104818
0 99.560546875 29.6875 9.216106488367615 12.288141984490153
0 44.82421875 13.8671875 6.298757153488249 8.398342871317666
0 47.509765625 14.192708333333334 6.372257390692475 8.496343187589966
0 59.5703125 14.713541666666666 6.488126106405426 8.650834808540568
0 61.376953125 16.471354166666664 6.864759447755123 9.15301259700683
0 62.255859375 14.192708333333334 6.372257390692475 8.496343187589966
0 62.841796875 12.109375 5.886017310176364 7.848023080235151
0 66.943359375 13.8671875 6.298757153488249 8.398342871317666
0 65.72265625 12.760416666666666 6.042172202521769 8.056229603362357
0 78.173828125 13.216145833333334 6.149121606326259 8.198828808435012
0 81.4453125 14.388020833333334 6.415953381844678 8.554604509126236
0 84.716796875 15.169270833333334 6.587839704871492 8.783786273161988
0 90.13671875 16.276041666666664 6.823937919616058 9.09858389282141
0 93.1640625 17.7734375 7.130933499479933 9.50791133263991
0 32.421875 36.9140625 10.276768945607138 13.702358594142853
0 90.234375 54.622395833333336 12.501037077797877 16.668049437063836
0 61.376953125 36.06770833333333 10.158274522151634 13.544366029535512
