0 90.91796875 39.90885416666667 10.685511108405517 14.24734814454069
0 68.359375 35.28645833333333 10.047654805392046 13.39687307385606
0 56.15234375 38.15104166666667 10.447535869521296 13.930047826028394
0 17.333984375 36.328125 10.194881035455362 13.593174713940485
0 26.953125 25.455729166666668 8.53401578009617 11.378687706794894
0 35.107421875 25.846354166666668 8.59924487524742 11.465659833663226
0 5.712890625 20.963541666666664 7.7444931277157725 10.325990836954363
0 11.962890625 19.7265625 7.512532730158185 10.01671030687758
0 20.01953125 16.731770833333336 6.9188135063199665 9.225084675093289
0 25.537109375 19.075520833333336 7.3875234600282 9.850031280037602
0 43.603515625 15.8203125 6.72772451325946 8.970299351012613
0 51.5625 12.239583333333332 5.917577950947668 7.8901039345968895
0 77.5390625 26.432291666666668 8.696171172348027 11.594894896464037
0 90.8203125 23.046875 8.120199399200482 10.82693253226731
0 75.0 15.690104166666666 6.699981201202437 8.933308268269917
0 66.015625 16.6015625 6.891839471823862 9.189119295765149
0 56.640625 15.104166666666666 6.573687508709111 8.764916678278816
0 18.06640625 14.973958333333334 6.545291317604741 8.727055090139656
0 87.548828125 37.43489583333333 10.349014256477766 13.798685675303688
0 91.015625 30.924479166666668 9.406149296522488 12.541532395363317
0 75.29296875 30.794270833333332 9.386325988299376 12.515101317732501
0 69.482421875 23.697916666666664 8.234092750996119 10.978790334661493
0 73.974609375 25.716145833333332 8.57755695956738 11.436742612756506
0 62.98828125 23.567708333333336 8.211440458419013 10.948587277892017
0 56.15234375 24.934895833333336 8.446260072691679 11.26168009692224
0 50.732421875 23.958333333333336 8.279211405182211 11.038948540242949
0 46.728515625 20.703125 7.6962403643301345 10.261653819106845
0 35.400390625 42.90364583333333 11.079183874921476 14.772245166561968
0 49.51171875 28.450520833333332 9.02206146184966 12.029415282466214
0 42.87109375 45.44270833333333 11.402308161785525 15.203077549047366
0 38.671875 20.442708333333336 7.647683158045451 10.196910877393934
0 30.029296875 21.6796875 7.875664001809045 10.500885335745393
0 34.912109375 21.809895833333336 7.8992792392241125 10.532372318965482
0 27.685546875 18.815104166666664 7.336923388776433 9.782564518368577
0 15.234375 26.171875 8.653226854710587 11.537635806280782
0 7.958984375 18.684895833333336 7.311492035346033 9.748656047128044
0 13.4765625 18.684895833333336 7.311492035346033 9.748656047128044
0 1.416015625 20.182291666666664 7.598815672600545 10.13175423013406
0 0.634765625 26.302083333333332 8.674725588105405 11.56630078414054
0 35.498046875 17.96875 7.170007400189656 9.56000986691954
0 73.291015625 20.3125 7.62328857226367 10.164384763018226
0 78.466796875 19.205729166666664 7.412693970636669 9.883591960848893
0 87.548828125 23.567708333333336 8.211440458419013 10.948587277892017
0 97.55859375 23.958333333333336 8.279211405182211 11.038948540242949
0 87.98828125 19.205729166666664 7.412693970636669 9.883591960848893
0 61.71875 13.932291666666666 6.313525654778199 8.418034206370931
0 37.158203125 17.96875 7.170007400189656 9.56000986691954
0 89.599609375 20.052083333333336 7.574263699945591 10.099018266594122
0 80.615234375 18.9453125 7.3622668956389274 9.816355860851903
0 66.943359375 21.940104166666664 7.92282408798045 10.5637654506406
0 62.98828125 18.684895833333336 7.311492035346033 9.748656047128044
0 24.31640625 22.200520833333336 7.969705113037473 10.626273484049964
0 11.03515625 18.424479166666664 7.2603620931215325 9.680482790828709
0 4.00390625 18.9453125 7.3622668956389274 9.816355860851903
0 21.923828125 16.927083333333336 6.959078522333606 9.278771363111476
0 14.990234375 22.591145833333336 8.039514082226251 10.719352109635
0 23.486328125 17.317708333333336 7.038917599286375 9.385223465715166
0 25.1953125 15.8203125 6.72772451325946 8.970299351012613
0 32.12890625 18.098958333333336 7.195938795502683 9.594585060670244
0 45.01953125 14.84375 6.516771394062079 8.689028525416106
0 56.4453125 18.815104166666664 7.336923388776433 9.782564518368577
0 50.634765625 18.5546875 7.28597191547444 9.714629220632586
0 80.126953125 16.927083333333336 6.959078522333606 9.278771363111476
0 77.5390625 17.057291666666664 6.985792933508055 9.31439057801074
0 91.650390625 20.052083333333336 7.574263699945591 10.099018266594122
0 93.896484375 22.200520833333336 7.969705113037473 10.626273484049964
0 14.404296875 16.731770833333336 6.9188135063199665 9.225084675093289
0 2.05078125 18.815104166666664 7.336923388776433 9.782564518368577
0 26.220703125 14.973958333333334 6.545291317604741 8.727055090139656
0 27.880859375 15.690104166666666 6.699981201202437 8.933308268269917
0 29.78515625 17.057291666666664 6.985792933508055 9.31439057801074
0 32.373046875 15.8203125 6.72772451325946 8.970299351012613
0 35.400390625 15.559895833333334 6.672122530845778 8.896163374461038
0 39.599609375 17.057291666666664 6.985792933508055 9.31439057801074
0 46.240234375 16.341145833333336 6.837572174807153 9.116762899742872
0 54.58984375 14.84375 6.516771394062079 8.689028525416106
0 59.619140625 14.713541666666666 6.488126106405426 8.650834808540568
0 60.205078125 18.815104166666664 7.336923388776433 9.782564518368577
0 58.3984375 15.104166666666666 6.573687508709111 8.764916678278816
0 67.96875 14.713541666666666 6.488126106405426 8.650834808540568
0 69.384765625 15.4296875 6.644147051109997 8.858862734813329
0 68.798828125 18.684895833333336 7.311492035346033 9.748656047128044
0 73.486328125 16.341145833333336 6.837572174807153 9.116762899742872
0 99.4140625 25.1953125 8.490251308132054 11.320335077509403
0 95.3125 20.833333333333336 7.720404443770458 10.293872591693944
0 99.4140625 22.591145833333336 8.039514082226251 10.719352109635
0 92.138671875 21.6796875 7.875664001809045 10.500885335745393
0 88.57421875 17.447916666666664 7.065330140863174 9.420440187817565
0 82.666015625 23.307291666666664 8.165947363439729 10.88792981791964
0 78.90625 23.958333333333336 8.279211405182211 11.038948540242949
0 86.03515625 21.09375 7.768507117527988 10.358009490037318
0 85.9375 24.348958333333336 8.346432086900233 11.128576115866979
0 82.12890625 19.205729166666664 7.412693970636669 9.883591960848893
0 83.7890625 18.229166666666664 7.221777078979024 9.629036105305365
0 85.64453125 18.9453125 7.3622668956389274 9.816355860851903
0 94.287109375 27.213541666666668 8.823750179932228 11.765000239909636
0 63.18359375 15.8203125 6.72772451325946 8.970299351012613
