0 94.921875 17.96875 7.170007400189656 9.56000986691954
0 96.435546875 38.28125 10.46534924284805 13.953798990464069
0 96.337890625 18.294270833333336 7.234661615679748 9.646215487572997
0 93.505859375 28.385416666666668 9.011732824849489 12.015643766465985
0 99.267578125 18.619791666666664 7.298743129334349 9.731657505779133
0 94.091796875 17.3828125 7.052136235529384 9.40284831403918
0 91.6015625 16.731770833333336 6.9188135063199665 9.225084675093289
0 94.921875 20.638020833333336 7.684129829110212 10.245506438813615
0 96.337890625 24.283854166666664 8.33526628646708 11.113688381956106
0 90.283203125 23.958333333333336 8.279211405182211 11.038948540242949
0 99.51171875 22.8515625 8.085718566584333 10.780958088779109
0 88.28125 26.041666666666668 8.631674575031099 11.508899433374797
0 87.6953125 17.513020833333336 7.0784994535786145 9.437999271438152
0 82.51953125 15.169270833333334 6.587839704871492 8.783786273161988
0 83.935546875 31.0546875 9.425930915210266 12.567907886947022
0 86.181640625 15.950520833333334 6.755353888299149 9.0071385177322
0 78.125 29.622395833333332 9.205995562132786 12.274660749510382
0 84.619140625 15.299479166666666 6.61605328023645 8.821404373648601
0 72.8515625 38.28125 10.46534924284805 13.953798990464069
0 89.697265625 18.75 7.32421875 9.765625
0 81.93359375 18.294270833333336 7.234661615679748 9.646215487572997
0 92.333984375 22.526041666666664 8.027921409891299 10.703895213188398
0 85.009765625 20.3125 7.62328857226367 10.164384763018226
0 79.541015625 16.276041666666664 6.823937919616058 9.09858389282141
0 72.705078125 13.411458333333334 6.194391824397107 8.259189099196142
0 82.03125 23.177083333333336 8.143105507889608 10.857474010519478
0 78.02734375 14.192708333333334 6.372257390692475 8.496343187589966
0 66.552734375 13.0859375 6.118755388111396 8.15834051748186
0 76.953125 15.169270833333334 6.587839704871492 8.783786273161988
0 67.96875 14.388020833333334 6.415953381844678 8.554604509126236
0 61.23046875 12.174479166666668 5.901818727360142 7.8690916364801895
0 69.384765625 13.0859375 6.118755388111396 8.15834051748186
0 59.9609375 15.4296875 6.644147051109997 8.858862734813329
0 53.80859375 11.5234375 5.74184805976159 7.6557974130154545
0 64.794921875 12.174479166666668 5.901818727360142 7.8690916364801895
0 55.126953125 12.630208333333334 6.011265748166568 8.015020997555423
0 65.380859375 16.731770833333336 6.9188135063199665 9.225084675093289
0 56.640625 12.760416666666666 6.042172202521769 8.056229603362357
0 70.703125 14.518229166666666 6.444919458600731 8.593225944800976
0 59.130859375 13.28125 6.16424861960576 8.218998159474348
0 75.87890625 13.411458333333334 6.194391824397107 8.259189099196142
0 53.80859375 15.299479166666666 6.61605328023645 8.821404373648601
0 78.271484375 18.1640625 7.208869513560617 9.611826018080823
0 68.701171875 20.3125 7.62328857226367 10.164384763018226
0 52.490234375 12.174479166666668 5.901818727360142 7.8690916364801895
0 44.23828125 13.411458333333334 6.194391824397107 8.259189099196142
0 50.146484375 13.736979166666666 6.269115778861736 8.358821038482315
0 42.578125 14.518229166666666 6.444919458600731 8.593225944800976
0 48.486328125 21.158854166666664 7.780486318348366 10.373981757797822
0 48.974609375 13.411458333333334 6.194391824397107 8.259189099196142
0 40.8203125 16.276041666666664 6.823937919616058 9.09858389282141
0 43.06640625 24.283854166666664 8.33526628646708 11.113688381956106
0 39.6484375 13.8671875 6.298757153488249 8.398342871317666
0 33.49609375 14.973958333333334 6.545291317604741 8.727055090139656
0 28.076171875 14.0625 6.342959500374307 8.457279333832409
0 35.986328125 16.536458333333336 6.878312786611722 9.171083715482297
0 30.6640625 14.6484375 6.473755931273323 8.631674575031097
0 23.92578125 14.6484375 6.473755931273323 8.631674575031097
0 17.431640625 15.950520833333334 6.755353888299149 9.0071385177322
0 25.5859375 14.0625 6.342959500374307 8.457279333832409
0 19.921875 14.0625 6.342959500374307 8.457279333832409
0 13.76953125 15.950520833333334 6.755353888299149 9.0071385177322
0 8.10546875 16.276041666666664 6.823937919616058 9.09858389282141
0 15.185546875 14.6484375 6.473755931273323 8.631674575031097
0 4.931640625 15.755208333333334 6.7138671875 8.951822916666668
0 21.337890625 15.4296875 6.644147051109997 8.858862734813329
0 10.009765625 17.513020833333336 7.0784994535786145 9.437999271438152
0 1.708984375 16.536458333333336 6.878312786611722 9.171083715482297
0 29.345703125 20.963541666666664 7.7444931277157725 10.325990836954363
0 4.1015625 21.419270833333336 7.828219811023351 10.437626414697803
0 3.02734375 28.385416666666668 9.011732824849489 12.015643766465985
0 0.78125 37.04427083333333 10.29487780360901 13.726503738145347
0 8.0078125 21.419270833333336 7.828219811023351 10.437626414697803
0 14.501953125 18.619791666666664 7.298743129334349 9.731657505779133
0 21.337890625 20.963541666666664 7.7444931277157725 10.325990836954363
0 14.84375 21.614583333333336 7.863829789260941 10.485106385681254
0 25.244140625 23.958333333333336 8.279211405182211 11.038948540242949
0 40.33203125 30.924479166666668 9.406149296522488 12.541532395363317
0 21.435546875 26.171875 8.653226854710587 11.537635806280782
0 20.5078125 34.9609375 10.001202153426476 13.334936204568635
0 17.431640625 28.385416666666668 9.011732824849489 12.015643766465985
0 17.67578125 39.2578125 10.597995211294762 14.130660281726351
0 24.267578125 50.390625 12.007028547916262 16.00937139722168
0 17.1875 19.53125 7.475249459177179 9.966999278902906
0 0.439453125 20.5078125 7.659851317145468 10.21313508952729
0 29.248046875 16.731770833333336 6.9188135063199665 9.225084675093289
0 38.330078125 15.950520833333334 6.755353888299149 9.0071385177322
0 51.904296875 19.270833333333336 7.425247229367944 9.900329639157258
0 58.7890625 22.8515625 8.085718566584333 10.780958088779109
0 47.900390625 28.059895833333332 8.959911044862793 11.946548059817056
0 53.3203125 24.739583333333336 8.413115693414442 11.217487591219255
0 50.48828125 35.80729166666667 10.121535615098267 13.495380820131023
0 63.720703125 28.059895833333332 8.959911044862793 11.946548059817056
0 37.744140625 23.502604166666664 8.200090846279542 10.933454461706056
0 60.05859375 31.510416666666668 9.494842032534208 12.659789376712277
0 32.32421875 20.963541666666664 7.7444931277157725 10.325990836954363
0 25.830078125 17.96875 7.170007400189656 9.56000986691954
0 63.623046875 19.53125 7.475249459177179 9.966999278902906
0 73.291015625 20.3125 7.62328857226367 10.164384763018226
0 75.048828125 20.5078125 7.659851317145468 10.21313508952729
0 77.099609375 23.958333333333336 8.279211405182211 11.038948540242949
0 83.935546875 18.1640625 7.208869513560617 9.611826018080823
0 49.8046875 48.37239583333333 11.764120646604239 15.68549419547232
0 46.826171875 13.736979166666666 6.269115778861736 8.358821038482315
0 68.212890625 13.8671875 6.298757153488249 8.398342871317666
