0 34.130859375 82.03125 15.319702634290936 20.42627017905458
0 9.326171875 60.872395833333336 13.196867865258577 17.59582382034477
0 26.5625 30.989583333333332 9.416045300623482 12.554727067497975
0 42.626953125 40.625 10.780958088779109 14.374610785038813
0 46.923828125 34.5703125 9.945172568847854 13.26023009179714
0 52.587890625 36.97916666666667 10.285827359834423 13.714436479779232
0 54.638671875 44.20572916666667 11.24604844524431 14.994731260325747
0 58.154296875 31.25 9.4555257475767 12.607367663435602
0 75.0 39.51822916666667 10.633088006704314 14.177450675605751
0 88.18359375 45.703125 11.434932858395506 15.24657714452734
0 94.287109375 32.03125 9.572990198582838 12.763986931443785
0 79.6875 23.111979166666664 8.131660519088275 10.842214025451032
0 68.84765625 23.958333333333336 8.279211405182211 11.038948540242949
0 65.33203125 24.348958333333336 8.346432086900233 11.128576115866979
0 71.6796875 14.6484375 6.473755931273323 8.631674575031097
0 67.578125 18.229166666666664 7.221777078979024 9.629036105305365
0 64.74609375 15.364583333333334 6.6301150458985685 8.840153394531425
0 60.888671875 15.0390625 6.559504779115197 8.746006372153596
0 56.15234375 13.671875 6.254242410864013 8.338989881152017
0 63.57421875 14.0625 6.342959500374307 8.457279333832409
0 50.927734375 12.109375 5.886017310176364 7.848023080235151
0 48.681640625 18.5546875 7.28597191547444 9.714629220632586
0 46.533203125 23.111979166666664 8.131660519088275 10.842214025451032
0 40.087890625 18.1640625 7.208869513560617 9.611826018080823
0 36.71875 16.471354166666664 6.864759447755123 9.15301259700683
0 45.80078125 14.583333333333334 6.459353786778786 8.612471715705048
0 38.57421875 14.192708333333334 6.372257390692475 8.496343187589966
0 44.775390625 16.536458333333336 6.878312786611722 9.171083715482297
0 88.37890625 20.3125 7.62328857226367 10.164384763018226
0 94.140625 22.526041666666664 8.027921409891299 10.703895213188398
0 98.583984375 22.005208333333336 7.9345703125 10.579427083333332
0 21.484375 21.419270833333336 7.828219811023351 10.437626414697803
0 18.505859375 14.973958333333334 6.545291317604741 8.727055090139656
0 16.30859375 19.3359375 7.437779301119349 9.917039068159132
0 11.23046875 18.229166666666664 7.221777078979024 9.629036105305365
0 6.201171875 17.447916666666664 7.065330140863174 9.420440187817565
0 0.9765625 19.140625 7.400119417103358 9.866825889471144
0 6.0546875 20.8984375 7.732458166088822 10.309944221451763
0 3.125 18.359375 7.247523246483103 9.663364328644137
0 14.74609375 15.0390625 6.559504779115197 8.746006372153596
0 26.611328125 19.596354166666664 7.487697843252746 9.983597124336994
0 30.810546875 15.885416666666666 6.741553355216833 8.988737806955777
0 21.58203125 16.471354166666664 6.864759447755123 9.15301259700683
0 35.25390625 16.536458333333336 6.878312786611722 9.171083715482297
0 27.392578125 15.559895833333334 6.672122530845778 8.896163374461038
0 23.291015625 16.276041666666664 6.823937919616058 9.09858389282141
0 9.1796875 18.5546875 7.28597191547444 9.714629220632586
0 4.345703125 17.643229166666664 7.104764847914316 9.473019797219088
0 24.267578125 16.861979166666664 6.945682786096826 9.260910381462436
0 33.3984375 16.471354166666664 6.864759447755123 9.15301259700683
0 29.58984375 15.559895833333334 6.672122530845778 8.896163374461038
0 68.115234375 15.885416666666666 6.741553355216833 8.988737806955777
0 72.705078125 18.424479166666664 7.2603620931215325 9.680482790828709
0 32.2265625 16.080729166666664 6.782870718656271 9.043827624875028
0 32.03125 14.0625 6.342959500374307 8.457279333832409
0 7.666015625 18.424479166666664 7.2603620931215325 9.680482790828709
0 42.333984375 16.666666666666664 6.905339660024879 9.207119546699838
0 47.0703125 15.690104166666666 6.699981201202437 8.933308268269917
0 44.677734375 13.8671875 6.298757153488249 8.398342871317666
0 57.177734375 16.341145833333336 6.837572174807153 9.116762899742872
0 85.595703125 19.401041666666664 7.450290292806215 9.933720390408286
0 73.974609375 15.690104166666666 6.699981201202437 8.933308268269917
0 95.99609375 21.028645833333336 7.756509415978292 10.342012554637723
0 90.576171875 19.596354166666664 7.487697843252746 9.983597124336994
0 99.609375 31.8359375 9.543759625922785 12.725012834563712
0 99.560546875 24.153645833333336 8.312889692307273 11.083852923076364
0 91.30859375 21.2890625 7.804389558437758 10.405852744583676
0 99.560546875 22.330729166666664 7.993042513249997 10.657390017666662
0 98.73046875 20.638020833333336 7.684129829110212 10.245506438813615
0 27.5390625 57.552083333333336 12.831906763689355 17.10920901825247
0 18.603515625 51.236979166666664 12.107442886277694 16.14325718170359
0 75.09765625 21.2890625 7.804389558437758 10.405852744583676
