0 41.11328125 90.95052083333334 16.131073347659314 21.508097796879085
0 21.2890625 40.29947916666667 10.737678274999501 14.316904366666003
0 87.158203125 45.18229166666667 11.36958984997385 15.159453133298467
0 76.3671875 53.125 12.32849723921152 16.437996318948695
0 1.3671875 79.23177083333334 15.05602585881837 20.074701145091158
0 6.005859375 31.119791666666668 9.4358061729372 12.5810748972496
0 59.033203125 35.7421875 10.11233003282525 13.483106710433667
0 89.013671875 34.11458333333333 9.87940311049722 13.17253748066296
0 99.0234375 37.109375 10.30392029793343 13.738560397244573
0 78.3203125 28.450520833333332 9.02206146184966 12.029415282466214
0 75.244140625 31.966145833333332 9.56325660155786 12.751008802077147
0 57.080078125 27.669270833333332 8.897326499702912 11.863101999603883
0 93.45703125 58.203125 12.904281318277572 17.205708424370094
0 94.287109375 26.627604166666668 8.728240750778255 11.637654334371007
0 75.29296875 25.325520833333332 8.512161670520847 11.349548894027794
0 56.25 22.330729166666664 7.993042513249997 10.657390017666662
0 64.599609375 30.859375 9.396242870080965 12.52832382677462
0 18.84765625 24.739583333333336 8.413115693414442 11.217487591219255
0 2.685546875 28.059895833333332 8.959911044862793 11.946548059817056
0 7.373046875 22.981770833333336 8.108722079825698 10.811629439767596
0 25.0 21.809895833333336 7.8992792392241125 10.532372318965482
0 50.87890625 20.182291666666664 7.598815672600545 10.13175423013406
0 69.43359375 25.911458333333332 8.610068346964042 11.480091129285388
0 25.78125 26.7578125 8.749555167743805 11.66607355699174
0 37.40234375 82.87760416666666 15.398530043387284 20.531373391183045
0 34.86328125 63.411458333333336 13.469284967476753 17.959046623302335
0 45.556640625 63.8671875 13.517599237274231 18.023465649698974
0 47.314453125 56.25 12.685919000748614 16.914558667664817
0 40.380859375 50.260416666666664 11.991505556877746 15.988674075836995
0 25.09765625 56.119791666666664 12.67122771730145 16.894970289735266
0 2.783203125 73.046875 14.45644443643434 19.275259248579122
0 4.1015625 59.309895833333336 13.02639524561343 17.368526994151242
0 12.451171875 40.95052083333333 10.824064850444458 14.432086467259278
0 23.73046875 36.9140625 10.276768945607138 13.702358594142853
0 38.96484375 42.70833333333333 11.053936936202902 14.738582581603868
0 38.525390625 35.02604166666667 10.010509928501419 13.347346571335224
0 44.3359375 31.25 9.4555257475767 12.607367663435602
0 49.8046875 29.296875 9.1552734375 12.20703125
0 53.41796875 35.15625 10.029099563693228 13.372132751590971
0 59.033203125 44.01041666666667 11.221176947540428 14.961569263387236
0 61.376953125 52.799479166666664 12.290668069825603 16.38755742643414
0 66.30859375 46.41927083333333 11.524174553527347 15.365566071369797
0 73.2421875 60.15625 13.119009558230394 17.492012744307193
0 98.779296875 59.700520833333336 13.069221866066808 17.425629154755743
0 94.873046875 54.8828125 12.530801493925663 16.707735325234218
0 76.66015625 47.78645833333333 11.69265384562257 15.590205127496759
0 70.41015625 41.40625 10.884127502518925 14.512170003358568
0 72.412109375 35.02604166666667 10.010509928501419 13.347346571335224
0 84.375 37.43489583333333 10.349014256477766 13.798685675303688
0 80.419921875 33.7890625 9.832155574699105 13.109540766265473
0 90.33203125 41.08072916666667 10.841259563190683 14.45501275092091
0 93.994140625 38.671875 10.518608361580863 14.024811148774482
0 97.705078125 32.87760416666667 9.698638050580264 12.931517400773687
0 97.36328125 28.7109375 9.063258303782652 12.084344405043536
0 89.892578125 31.901041666666668 9.55351308746248 12.738017449949975
0 75.830078125 29.1015625 9.124704826492952 12.166273101990603
0 67.236328125 29.947916666666668 9.25643975103949 12.341919668052654
0 60.64453125 32.35677083333333 9.621510480001493 12.828680640001991
0 10.25390625 34.04947916666667 9.869971697263324 13.159962263017766
0 8.7890625 28.776041666666668 9.073528288158268 12.098037717544358
0 4.39453125 23.893229166666664 8.267954824306681 11.023939765742242
0 2.44140625 18.880208333333336 7.349606066157407 9.799474754876544
0 6.15234375 20.703125 7.6962403643301345 10.261653819106845
0 10.693359375 20.1171875 7.586549618320344 10.115399491093791
0 12.939453125 24.934895833333336 8.446260072691679 11.26168009692224
0 21.142578125 27.5390625 8.876366926421502 11.835155901895336
0 19.53125 22.786458333333336 8.074192233473482 10.765589644631309
0 15.966796875 20.768229166666664 7.708331872750909 10.277775830334546
0 13.720703125 16.666666666666664 6.905339660024879 9.207119546699838
0 0.9765625 23.046875 8.120199399200482 10.82693253226731
0 14.404296875 19.401041666666664 7.450290292806215 9.933720390408286
0 9.66796875 17.122395833333336 6.9991119025755095 9.332149203434014
0 18.26171875 18.294270833333336 7.234661615679748 9.646215487572997
0 24.951171875 19.53125 7.475249459177179 9.966999278902906
0 20.654296875 18.619791666666664 7.298743129334349 9.731657505779133
0 23.486328125 15.755208333333334 6.7138671875 8.951822916666668
0 30.810546875 25.911458333333332 8.610068346964042 11.480091129285388
0 35.986328125 26.106770833333332 8.642457433170346 11.52327657756046
0 39.6484375 25.651041666666668 8.566692411876344 11.422256549168457
0 45.80078125 26.497395833333332 8.706874156303165 11.609165541737553
0 21.2890625 15.690104166666666 6.699981201202437 8.933308268269917
0 24.70703125 15.950520833333334 6.755353888299149 9.0071385177322
0 23.779296875 19.791666666666664 7.524919437217989 10.033225916290652
0 27.63671875 17.3828125 7.052136235529384 9.40284831403918
0 27.05078125 21.940104166666664 7.92282408798045 10.5637654506406
0 30.2734375 18.489583333333336 7.273178276253042 9.697571035004056
0 36.669921875 20.8984375 7.732458166088822 10.309944221451763
0 35.25390625 17.3828125 7.052136235529384 9.40284831403918
0 32.373046875 16.40625 6.8511792970714245 9.134905729428567
0 19.62890625 15.950520833333334 6.755353888299149 9.0071385177322
0 11.9140625 18.880208333333336 7.349606066157407 9.799474754876544
0 7.568359375 19.921875 7.549631882844837 10.066175843793117
0 18.1640625 27.083333333333332 8.802615418613255 11.736820558151006
0 46.044921875 21.484375 7.840107775064166 10.453477033418888
0 58.88671875 25.0 8.457279333832409 11.276372445109878
0 64.599609375 27.473958333333332 8.865868558553435 11.821158078071248
0 61.03515625 18.098958333333336 7.195938795502683 9.594585060670244
0 39.892578125 21.223958333333336 7.792447103762027 10.389929471682702
0 37.939453125 16.536458333333336 6.878312786611722 9.171083715482297
0 41.6015625 15.950520833333334 6.755353888299149 9.0071385177322
0 50.78125 14.713541666666666 6.488126106405426 8.650834808540568
0 56.689453125 15.559895833333334 6.672122530845778 8.896163374461038
0 53.466796875 14.713541666666666 6.488126106405426 8.650834808540568
0 65.52734375 20.5078125 7.659851317145468 10.21313508952729
0 68.017578125 17.252604166666664 7.025674092542321 9.367565456723094
0 79.638671875 26.302083333333332 8.674725588105405 11.56630078414054
0 85.7421875 27.1484375 8.81318913463968 11.750918846186241
0 85.83984375 33.07291666666667 9.727403229070575 12.9698709720941
0 86.42578125 22.330729166666664 7.993042513249997 10.657390017666662
0 94.82421875 24.544270833333336 8.379840220792225 11.173120294389632
0 98.53515625 25.651041666666668 8.566692411876344 11.422256549168457
0 72.119140625 19.856770833333336 7.537285788103314 10.049714384137753
0 69.482421875 23.828125 8.256682897014576 11.008910529352768
0 64.6484375 16.536458333333336 6.878312786611722 9.171083715482297
0 62.5 13.411458333333334 6.194391824397107 8.259189099196142
0 55.56640625 14.6484375 6.473755931273323 8.631674575031097
0 59.08203125 16.6015625 6.891839471823862 9.189119295765149
0 46.337890625 17.317708333333336 7.038917599286375 9.385223465715166
0 48.33984375 21.2890625 7.804389558437758 10.405852744583676
0 44.23828125 17.317708333333336 7.038917599286375 9.385223465715166
0 40.13671875 16.666666666666664 6.905339660024879 9.207119546699838
0 73.2421875 16.6015625 6.891839471823862 9.189119295765149
0 77.1484375 20.768229166666664 7.708331872750909 10.277775830334546
0 80.908203125 23.828125 8.256682897014576 11.008910529352768
0 75.537109375 23.177083333333336 8.143105507889608 10.857474010519478
0 90.4296875 24.0234375 8.290452702152177 11.053936936202902
0 89.0625 25.9765625 8.620878229873984 11.494504306498644
0 96.337890625 22.65625 8.051090062422436 10.734786749896582
0 97.94921875 22.135416666666664 7.958010748538389 10.610680998051187
0 90.4296875 21.614583333333336 7.863829789260941 10.485106385681254
0 84.814453125 19.791666666666664 7.524919437217989 10.033225916290652
0 79.8828125 20.182291666666664 7.598815672600545 10.13175423013406
0 75.87890625 17.317708333333336 7.038917599286375 9.385223465715166
0 70.654296875 15.885416666666666 6.741553355216833 8.988737806955777
0 54.39453125 18.294270833333336 7.234661615679748 9.646215487572997
0 50.87890625 18.033854166666664 7.182984799767957 9.577313066357275
0 40.33203125 12.955729166666666 6.088237714617921 8.117650286157229
0 35.205078125 14.84375 6.516771394062079 8.689028525416106
0 29.345703125 14.973958333333334 6.545291317604741 8.727055090139656
0 18.310546875 15.0390625 6.559504779115197 8.746006372153596
0 15.13671875 16.666666666666664 6.905339660024879 9.207119546699838
0 26.904296875 24.674479166666664 8.402038511923953 11.202718015898604
0 22.55859375 17.317708333333336 7.038917599286375 9.385223465715166
0 45.21484375 15.885416666666666 6.741553355216833 8.988737806955777
0 51.904296875 13.932291666666666 6.313525654778199 8.418034206370931
0 58.10546875 15.299479166666666 6.61605328023645 8.821404373648601
0 78.466796875 17.7734375 7.130933499479933 9.50791133263991
0 84.47265625 24.088541666666664 8.301678777304348 11.068905036405797
0 92.626953125 22.786458333333336 8.074192233473482 10.765589644631309
0 99.267578125 22.65625 8.051090062422436 10.734786749896582
0 66.162109375 25.0 8.457279333832409 11.276372445109878
0 82.32421875 18.1640625 7.208869513560617 9.611826018080823
0 1.025390625 18.684895833333336 7.311492035346033 9.748656047128044
