0 93.896484375 93.81510416666666 16.383136635094665 21.844182180126218
0 55.712890625 90.10416666666666 16.055842819782598 21.407790426376796
0 39.111328125 87.43489583333334 15.816233544738695 21.088311392984927
0 35.595703125 67.25260416666666 13.871238009476944 18.494984012635925
0 98.095703125 53.7109375 12.396298835198914 16.528398446931885
0 99.560546875 42.90364583333333 11.079183874921476 14.772245166561968
0 88.427734375 54.036458333333336 12.433806632973244 16.578408843964322
0 87.79296875 65.55989583333334 13.695560102732468 18.26074680364329
0 51.46484375 50.911458333333336 12.06892085771801 16.091894476957346
0 34.130859375 44.59635416666667 11.295627150464934 15.060836200619912
0 21.484375 50.260416666666664 11.991505556877746 15.988674075836995
0 4.98046875 59.635416666666664 13.062093847065857 17.416125129421143
0 2.5390625 75.84635416666666 14.730857404964807 19.64114320661974
0 1.416015625 43.29427083333333 11.129505937994672 14.839341250659563
0 16.650390625 35.67708333333333 10.103116062772735 13.470821417030313
0 31.15234375 35.80729166666667 10.121535615098267 13.495380820131023
0 49.169921875 37.63020833333333 10.3759765625 13.834635416666666
0 41.455078125 33.203125 9.746532850751532 12.995377134335376
0 67.578125 43.22916666666667 11.121134740166381 14.828179653555177
0 59.9609375 36.328125 10.194881035455362 13.593174713940485
0 65.771484375 27.083333333333332 8.802615418613255 11.736820558151006
0 60.791015625 31.184895833333332 9.445671106287941 12.594228141717254
0 72.705078125 32.55208333333333 9.650505554713073 12.86734073961743
0 88.4765625 34.89583333333333 9.991885707852113 13.322514277136149
0 87.79296875 29.361979166666668 9.16544031840894 12.220587091211922
0 79.638671875 24.934895833333336 8.446260072691679 11.26168009692224
0 91.259765625 30.729166666666668 9.376398618003673 12.501864824004896
0 98.583984375 25.260416666666668 8.501213548086012 11.334951397448016
0 93.26171875 23.893229166666664 8.267954824306681 11.023939765742242
0 85.9375 22.265625 7.981382342908947 10.641843123878598
0 76.806640625 23.111979166666664 8.131660519088275 10.842214025451032
0 77.880859375 49.34895833333333 11.882276815143912 15.843035753525218
0 72.4609375 57.291666666666664 12.802842384889546 17.07045651318606
0 78.173828125 54.817708333333336 12.523367021901361 16.69782269586848
0 79.638671875 36.45833333333333 10.21313508952729 13.617513452703053
0 81.73828125 40.16927083333333 10.720317425689878 14.293756567586504
0 87.6953125 26.236979166666668 8.66398288975732 11.551977186343091
0 77.63671875 19.010416666666664 7.37490598974278 9.833207986323707
0 70.947265625 22.591145833333336 8.039514082226251 10.719352109635
0 62.939453125 14.84375 6.516771394062079 8.689028525416106
0 58.154296875 13.216145833333334 6.149121606326259 8.198828808435012
0 69.62890625 18.359375 7.247523246483103 9.663364328644137
0 63.18359375 20.3125 7.62328857226367 10.164384763018226
0 59.521484375 22.330729166666664 7.993042513249997 10.657390017666662
0 49.609375 22.916666666666664 8.097228492078614 10.796304656104818
0 42.236328125 22.591145833333336 8.039514082226251 10.719352109635
0 48.681640625 28.776041666666668 9.073528288158268 12.098037717544358
0 42.041015625 25.78125 8.588407763348565 11.451210351131419
0 35.25390625 23.567708333333336 8.211440458419013 10.948587277892017
0 34.619140625 27.604166666666668 8.886852892188134 11.849137189584178
0 27.978515625 24.934895833333336 8.446260072691679 11.26168009692224
0 19.140625 25.911458333333332 8.610068346964042 11.480091129285388
0 3.90625 31.0546875 9.425930915210266 12.567907886947022
0 6.494140625 19.596354166666664 7.487697843252746 9.983597124336994
0 21.484375 21.419270833333336 7.828219811023351 10.437626414697803
0 12.79296875 22.4609375 8.016311973000304 10.688415964000404
0 12.841796875 26.5625 8.717563999686098 11.62341866624813
0 6.15234375 24.088541666666664 8.301678777304348 11.068905036405797
0 5.615234375 25.78125 8.588407763348565 11.451210351131419
0 81.005859375 22.330729166666664 7.993042513249997 10.657390017666662
0 59.521484375 19.3359375 7.437779301119349 9.917039068159132
0 56.34765625 16.536458333333336 6.878312786611722 9.171083715482297
0 96.240234375 18.619791666666664 7.298743129334349 9.731657505779133
0 89.0625 20.638020833333336 7.684129829110212 10.245506438813615
0 94.140625 19.921875 7.549631882844837 10.066175843793117
0 87.939453125 23.567708333333336 8.211440458419013 10.948587277892017
0 95.654296875 22.916666666666664 8.097228492078614 10.796304656104818
0 90.4296875 25.130208333333332 8.479274895904423 11.305699861205897
0 83.0078125 20.963541666666664 7.7444931277157725 10.325990836954363
0 82.958984375 15.494791666666666 6.658149484030587 8.877532645374115
0 78.90625 16.015625 6.7691262856502785 9.025501714200372
0 62.01171875 18.033854166666664 7.182984799767957 9.577313066357275
0 63.8671875 12.565104166666666 5.995752778438873 7.9943370379184975
0 38.4765625 13.8671875 6.298757153488249 8.398342871317666
0 33.0078125 13.541666666666666 6.224389054678692 8.299185406238257
0 36.376953125 19.466145833333336 7.462780310447684 9.950373747263578
0 32.51953125 16.145833333333336 6.796587356970242 9.062116475960323
0 44.775390625 16.341145833333336 6.837572174807153 9.116762899742872
0 52.001953125 17.317708333333336 7.038917599286375 9.385223465715166
0 48.388671875 18.294270833333336 7.234661615679748 9.646215487572997
0 44.287109375 19.596354166666664 7.487697843252746 9.983597124336994
0 32.763671875 22.0703125 7.946299173761924 10.595065565015899
0 30.2734375 19.986979166666664 7.561957820656658 10.08261042754221
0 8.10546875 21.940104166666664 7.92282408798045 10.5637654506406
0 20.849609375 17.447916666666664 7.065330140863174 9.420440187817565
0 50.390625 19.791666666666664 7.524919437217989 10.033225916290652
0 53.369140625 14.322916666666666 6.401421192444773 8.53522825659303
0 40.625 17.513020833333336 7.0784994535786145 9.437999271438152
0 36.376953125 17.447916666666664 7.065330140863174 9.420440187817565
0 26.5625 13.671875 6.254242410864013 8.338989881152017
0 23.095703125 14.84375 6.516771394062079 8.689028525416106
0 8.69140625 17.122395833333336 6.9991119025755095 9.332149203434014
0 74.8046875 15.364583333333334 6.6301150458985685 8.840153394531425
0 86.328125 17.96875 7.170007400189656 9.56000986691954
0 74.4140625 27.864583333333332 8.928673607377803 11.904898143170405
0 58.59375 25.5859375 8.555814067917595 11.407752090556793
0 2.63671875 19.986979166666664 7.561957820656658 10.08261042754221
0 12.060546875 19.791666666666664 7.524919437217989 10.033225916290652
0 17.041015625 20.833333333333336 7.720404443770458 10.293872591693944
0 13.720703125 16.9921875 6.972448522214271 9.296598029619028
0 25.68359375 17.317708333333336 7.038917599286375 9.385223465715166
0 17.626953125 18.815104166666664 7.336923388776433 9.782564518368577
0 29.541015625 16.145833333333336 6.796587356970242 9.062116475960323
0 19.23828125 15.885416666666666 6.741553355216833 8.988737806955777
0 41.455078125 15.364583333333334 6.6301150458985685 8.840153394531425
0 65.869140625 16.145833333333336 6.796587356970242 9.062116475960323
0 43.5546875 14.713541666666666 6.488126106405426 8.650834808540568
0 35.400390625 15.169270833333334 6.587839704871492 8.783786273161988
