0 99.70703125 21.354166666666664 7.816313766397521 10.421751688530028
0 90.966796875 20.3125 7.62328857226367 10.164384763018226
0 98.14453125 24.869791666666664 8.435226416678011 11.246968555570682
0 86.865234375 17.1875 7.012405574387241 9.349874099182989
0 85.9375 31.510416666666668 9.494842032534208 12.659789376712277
0 84.521484375 15.690104166666666 6.699981201202437 8.933308268269917
0 86.572265625 26.302083333333332 8.674725588105405 11.56630078414054
0 81.396484375 17.96875 7.170007400189656 9.56000986691954
0 71.58203125 12.565104166666666 5.995752778438873 7.9943370379184975
0 84.716796875 21.744791666666664 7.887480458569388 10.51664061142585
0 78.61328125 20.5078125 7.659851317145468 10.21313508952729
0 88.134765625 19.270833333333336 7.425247229367944 9.900329639157258
0 78.271484375 13.802083333333334 6.283953943473511 8.378605257964681
0 71.435546875 23.6328125 8.222774405094897 10.963699206793196
0 76.26953125 14.453125 6.430452730012657 8.57393697335021
0 58.447265625 30.729166666666668 9.376398618003673 12.501864824004896
0 73.14453125 16.536458333333336 6.878312786611722 9.171083715482297
0 68.603515625 25.065104166666668 8.468284256293707 11.291045675058275
0 70.01953125 37.76041666666667 10.393912576859377 13.85855010247917
0 68.310546875 27.604166666666668 8.886852892188134 11.849137189584178
0 64.697265625 39.453125 10.624325674761481 14.165767566348642
0 73.4375 12.760416666666666 6.042172202521769 8.056229603362357
0 65.625 13.411458333333334 6.194391824397107 8.259189099196142
0 59.716796875 20.8984375 7.732458166088822 10.309944221451763
0 69.091796875 14.0625 6.342959500374307 8.457279333832409
0 62.3046875 12.369791666666668 5.948971157720314 7.931961543627086
0 49.169921875 22.395833333333336 8.00468569861084 10.672914264814453
0 59.521484375 14.0625 6.342959500374307 8.457279333832409
0 52.001953125 11.5234375 5.74184805976159 7.6557974130154545
0 62.79296875 16.145833333333336 6.796587356970242 9.062116475960323
0 53.7109375 14.453125 6.430452730012657 8.57393697335021
0 47.4609375 19.856770833333336 7.537285788103314 10.049714384137753
0 41.69921875 13.606770833333334 6.2393335877260965 8.319111450301463
0 50.732421875 15.494791666666666 6.658149484030587 8.877532645374115
0 41.9921875 16.731770833333336 6.9188135063199665 9.225084675093289
0 49.365234375 13.020833333333334 6.103515625 8.138020833333332
0 39.501953125 14.518229166666666 6.444919458600731 8.593225944800976
0 33.88671875 13.0859375 6.118755388111396 8.15834051748186
0 34.66796875 28.7109375 9.063258303782652 12.084344405043536
0 32.177734375 15.169270833333334 6.587839704871492 8.783786273161988
0 26.220703125 22.265625 7.981382342908947 10.641843123878598
0 36.376953125 14.778645833333334 6.502464524127966 8.669952698837287
0 27.783203125 30.794270833333332 9.386325988299376 12.515101317732501
0 28.857421875 17.252604166666664 7.025674092542321 9.367565456723094
0 45.60546875 13.28125 6.16424861960576 8.218998159474348
0 56.8359375 13.28125 6.16424861960576 8.218998159474348
0 25.68359375 14.127604166666666 6.3576253222655215 8.476833763020695
0 29.443359375 22.65625 8.051090062422436 10.734786749896582
0 22.705078125 14.778645833333334 6.502464524127966 8.669952698837287
0 20.703125 24.739583333333336 8.413115693414442 11.217487591219255
0 14.74609375 14.778645833333334 6.502464524127966 8.669952698837287
0 5.712890625 24.934895833333336 8.446260072691679 11.26168009692224
0 20.21484375 14.518229166666666 6.444919458600731 8.593225944800976
0 14.453125 21.028645833333336 7.756509415978292 10.342012554637723
0 5.078125 16.2109375 6.810276368536802 9.080368491382403
0 17.08984375 16.40625 6.8511792970714245 9.134905729428567
0 18.505859375 18.294270833333336 7.234661615679748 9.646215487572997
0 9.619140625 17.447916666666664 7.065330140863174 9.420440187817565
0 1.025390625 15.559895833333334 6.672122530845778 8.896163374461038
0 13.037109375 12.434895833333332 5.964605800076924 7.952807733435899
0 12.744140625 15.8203125 6.72772451325946 8.970299351012613
0 4.443359375 18.294270833333336 7.234661615679748 9.646215487572997
0 99.31640625 37.04427083333333 10.29487780360901 13.726503738145347
