0 95.068359375 24.283854166666664 8.33526628646708 11.113688381956106
0 86.669921875 18.1640625 7.208869513560617 9.611826018080823
0 78.466796875 17.122395833333336 6.9991119025755095 9.332149203434014
0 74.560546875 18.815104166666664 7.336923388776433 9.782564518368577
0 75.9765625 16.471354166666664 6.864759447755123 9.15301259700683
0 73.828125 15.8203125 6.72772451325946 8.970299351012613
0 83.837890625 18.489583333333336 7.273178276253042 9.697571035004056
0 82.71484375 17.447916666666664 7.065330140863174 9.420440187817565
0 81.4453125 16.9921875 6.972448522214271 9.296598029619028
0 66.6015625 16.276041666666664 6.823937919616058 9.09858389282141
0 60.83984375 15.625 6.686066375795484 8.914755167727312
0 57.470703125 15.625 6.686066375795484 8.914755167727312
0 56.103515625 14.973958333333334 6.545291317604741 8.727055090139656
0 56.884765625 14.453125 6.430452730012657 8.57393697335021
0 47.75390625 15.8203125 6.72772451325946 8.970299351012613
0 34.423828125 16.9921875 6.972448522214271 9.296598029619028
0 30.517578125 15.950520833333334 6.755353888299149 9.0071385177322
0 31.54296875 15.625 6.686066375795484 8.914755167727312
0 25.537109375 16.276041666666664 6.823937919616058 9.09858389282141
0 22.314453125 15.8203125 6.72772451325946 8.970299351012613
0 14.453125 18.489583333333336 7.273178276253042 9.697571035004056
0 12.451171875 19.140625 7.400119417103358 9.866825889471144
0 13.037109375 18.619791666666664 7.298743129334349 9.731657505779133
0 10.546875 17.7734375 7.130933499479933 9.50791133263991
0 11.669921875 17.447916666666664 7.065330140863174 9.420440187817565
0 7.958984375 19.140625 7.400119417103358 9.866825889471144
0 8.935546875 18.815104166666664 7.336923388776433 9.782564518368577
0 7.080078125 19.140625 7.400119417103358 9.866825889471144
0 3.466796875 19.466145833333336 7.462780310447684 9.950373747263578
0 4.58984375 19.270833333333336 7.425247229367944 9.900329639157258
0 5.56640625 19.140625 7.400119417103358 9.866825889471144
0 1.46484375 18.815104166666664 7.336923388776433 9.782564518368577
0 2.9296875 19.140625 7.400119417103358 9.866825889471144
0 90.576171875 20.768229166666664 7.708331872750909 10.277775830334546
0 29.052734375 16.9921875 6.972448522214271 9.296598029619028
