0 75.927734375 81.38020833333334 15.2587890625 20.345052083333336
0 87.79296875 84.50520833333334 15.548998050362545 20.731997400483394
0 2.83203125 17.578125 7.091644310682526 9.455525747576702
0 0.927734375 17.708333333333336 7.117861199762329 9.490481599683106
0 4.8828125 16.666666666666664 6.905339660024879 9.207119546699838
0 6.54296875 16.40625 6.8511792970714245 9.134905729428567
0 8.203125 14.84375 6.516771394062079 8.689028525416106
0 7.6171875 16.40625 6.8511792970714245 9.134905729428567
0 10.44921875 15.625 6.686066375795484 8.914755167727312
0 11.1328125 18.359375 7.247523246483103 9.663364328644137
0 5.2734375 20.572916666666664 7.672000176987631 10.229333569316841
0 14.55078125 14.583333333333334 6.459353786778786 8.612471715705048
0 12.98828125 16.015625 6.7691262856502785 9.025501714200372
0 16.552734375 16.40625 6.8511792970714245 9.134905729428567
0 19.482421875 15.755208333333334 6.7138671875 8.951822916666668
0 23.974609375 15.755208333333334 6.7138671875 8.951822916666668
0 25.634765625 15.104166666666666 6.573687508709111 8.764916678278816
0 27.734375 13.932291666666666 6.313525654778199 8.418034206370931
0 29.1015625 15.364583333333334 6.6301150458985685 8.840153394531425
0 29.6875 13.28125 6.16424861960576 8.218998159474348
0 32.71484375 13.411458333333334 6.194391824397107 8.259189099196142
0 34.375 13.671875 6.254242410864013 8.338989881152017
0 38.0859375 15.234375 6.60196156395994 8.802615418613254
0 22.216796875 16.796875 6.932261164306974 9.243014885742634
0 14.16015625 21.354166666666664 7.816313766397521 10.421751688530028
0 7.8125 20.442708333333336 7.647683158045451 10.196910877393934
0 19.287109375 20.572916666666664 7.672000176987631 10.229333569316841
0 25.146484375 22.981770833333336 8.108722079825698 10.811629439767596
0 28.7109375 22.005208333333336 7.9345703125 10.579427083333332
0 27.099609375 18.098958333333336 7.195938795502683 9.594585060670244
0 42.724609375 36.65364583333333 10.240455160865794 13.653940214487726
0 37.98828125 13.932291666666666 6.313525654778199 8.418034206370931
0 36.1328125 14.84375 6.516771394062079 8.689028525416106
0 40.380859375 14.322916666666666 6.401421192444773 8.53522825659303
0 42.626953125 13.802083333333334 6.283953943473511 8.378605257964681
0 46.435546875 19.010416666666664 7.37490598974278 9.833207986323707
0 63.57421875 13.671875 6.254242410864013 8.338989881152017
0 47.509765625 14.322916666666666 6.401421192444773 8.53522825659303
0 50.634765625 13.411458333333334 6.194391824397107 8.259189099196142
0 59.08203125 13.802083333333334 6.283953943473511 8.378605257964681
0 61.23046875 13.802083333333334 6.283953943473511 8.378605257964681
0 52.734375 11.588541666666668 5.758045124546267 7.677393499395023
0 55.17578125 14.192708333333334 6.372257390692475 8.496343187589966
0 66.943359375 14.322916666666666 6.401421192444773 8.53522825659303
0 65.869140625 12.890625 6.072921369058959 8.097228492078614
0 52.83203125 15.234375 6.60196156395994 8.802615418613254
0 73.779296875 13.020833333333334 6.103515625 8.138020833333332
0 71.923828125 14.0625 6.342959500374307 8.457279333832409
0 75.146484375 14.84375 6.516771394062079 8.689028525416106
0 76.904296875 14.973958333333334 6.545291317604741 8.727055090139656
0 80.76171875 15.625 6.686066375795484 8.914755167727312
0 82.51953125 15.625 6.686066375795484 8.914755167727312
0 79.19921875 15.234375 6.60196156395994 8.802615418613254
0 85.7421875 16.015625 6.7691262856502785 9.025501714200372
0 87.01171875 17.057291666666664 6.985792933508055 9.31439057801074
0 92.333984375 16.927083333333336 6.959078522333606 9.278771363111476
0 94.384765625 17.838541666666664 7.143981879101334 9.525309172135112
0 96.240234375 18.359375 7.247523246483103 9.663364328644137
0 97.314453125 19.791666666666664 7.524919437217989 10.033225916290652
0 97.900390625 18.489583333333336 7.273178276253042 9.697571035004056
0 94.091796875 21.744791666666664 7.887480458569388 10.51664061142585
0 97.412109375 24.544270833333336 8.379840220792225 11.173120294389632
0 89.74609375 17.578125 7.091644310682526 9.455525747576702
0 89.2578125 20.572916666666664 7.672000176987631 10.229333569316841
0 87.6953125 20.442708333333336 7.647683158045451 10.196910877393934
0 85.25390625 19.661458333333336 7.500125566067204 10.00016742142294
0 80.46875 19.140625 7.400119417103358 9.866825889471144
0 86.9140625 23.893229166666664 8.267954824306681 11.023939765742242
0 90.576171875 27.018229166666668 8.792028986137655 11.722705314850208
0 91.357421875 22.981770833333336 8.108722079825698 10.811629439767596
0 95.166015625 31.8359375 9.543759625922785 12.725012834563712
0 87.98828125 32.2265625 9.60213178866716 12.802842384889546
0 97.607421875 39.71354166666667 10.65933178501769 14.212442380023585
0 92.041015625 45.05208333333333 11.353195335533615 15.137593780711486
0 85.25390625 40.88541666666667 10.81545724284018 14.42060965712024
0 81.34765625 36.00260416666667 10.149102263376399 13.53213635116853
0 75.634765625 28.580729166666668 9.042683343523592 12.056911124698123
0 71.240234375 29.8828125 9.24637292940864 12.32849723921152
0 78.22265625 24.544270833333336 8.379840220792225 11.173120294389632
0 70.654296875 20.3125 7.62328857226367 10.164384763018226
0 64.16015625 22.981770833333336 8.108722079825698 10.811629439767596
0 59.9609375 32.2265625 9.60213178866716 12.802842384889546
0 61.9140625 38.0859375 10.438617783500408 13.918157044667211
0 60.83984375 22.005208333333336 7.9345703125 10.579427083333332
0 64.453125 17.708333333333336 7.117861199762329 9.490481599683106
0 77.197265625 22.721354166666664 8.062649422377262 10.75019922983635
0 67.431640625 20.052083333333336 7.574263699945591 10.099018266594122
0 68.115234375 24.674479166666664 8.402038511923953 11.202718015898604
0 57.8125 19.791666666666664 7.524919437217989 10.033225916290652
0 51.806640625 19.791666666666664 7.524919437217989 10.033225916290652
0 60.05859375 17.447916666666664 7.065330140863174 9.420440187817565
0 73.583984375 22.135416666666664 7.958010748538389 10.610680998051187
0 88.8671875 27.799479166666668 8.918236814088415 11.890982418784553
0 68.896484375 14.84375 6.516771394062079 8.689028525416106
0 50.830078125 47.91666666666667 11.708573054962693 15.611430739950258
0 44.091796875 15.625 6.686066375795484 8.914755167727312
0 48.974609375 20.963541666666664 7.7444931277157725 10.325990836954363
0 48.681640625 17.578125 7.091644310682526 9.455525747576702
0 39.74609375 23.6328125 8.222774405094897 10.963699206793196
0 42.431640625 20.442708333333336 7.647683158045451 10.196910877393934
0 52.63671875 26.236979166666668 8.66398288975732 11.551977186343091
0 55.76171875 31.184895833333332 9.445671106287941 12.594228141717254
0 49.365234375 34.70052083333333 9.963884104806219 13.28517880640829
0 44.482421875 30.143229166666668 9.286574740419274 12.382099653892366
0 31.93359375 34.1796875 9.888825528576445 13.185100704768596
0 34.1796875 27.018229166666668 8.792028986137655 11.722705314850208
0 33.0078125 30.533854166666668 9.346553241646458 12.462070988861944
0 22.412109375 30.794270833333332 9.386325988299376 12.515101317732501
0 17.919921875 31.0546875 9.425930915210266 12.567907886947022
0 10.64453125 28.450520833333332 9.02206146184966 12.029415282466214
0 33.10546875 21.744791666666664 7.887480458569388 10.51664061142585
0 36.71875 19.140625 7.400119417103358 9.866825889471144
0 61.42578125 28.450520833333332 9.02206146184966 12.029415282466214
0 98.095703125 65.95052083333334 13.73630057974475 18.315067439659668
0 94.287109375 60.091145833333336 13.111908605310568 17.482544807080757
0 72.802734375 59.440104166666664 13.04068641309906 17.38758188413208
0 48.193359375 87.36979166666666 15.810344051499778 21.08045873533304
0 59.08203125 50.260416666666664 11.991505556877746 15.988674075836995
0 38.671875 57.356770833333336 12.810114661752536 17.080152882336716
0 30.56640625 62.565104166666664 13.379095591298201 17.838794121730935
0 13.28125 50.520833333333336 12.022531496333135 16.030041995110846
0 5.2734375 54.947916666666664 12.538231557723472 16.71764207696463
0 30.46875 43.75 11.187928942763282 14.917238590351042
0 40.087890625 77.86458333333334 14.925560620895368 19.900747494527156
0 78.3203125 60.611979166666664 13.16860901513148 17.55814535350864
0 2.63671875 29.752604166666668 9.22620633412535 12.301608445500468
0 0.634765625 40.10416666666667 10.711626449453275 14.282168599271033
0 17.333984375 36.9140625 10.276768945607138 13.702358594142853
0 23.779296875 38.73697916666667 10.527458685705774 14.036611580941033
0 23.486328125 26.627604166666668 8.728240750778255 11.637654334371007
0 12.890625 25.5859375 8.555814067917595 11.407752090556793
0 6.4453125 25.9765625 8.620878229873984 11.494504306498644
0 30.46875 17.96875 7.170007400189656 9.56000986691954
0 19.580078125 13.541666666666666 6.224389054678692 8.299185406238257
0 82.51953125 24.674479166666664 8.402038511923953 11.202718015898604
0 73.193359375 18.098958333333336 7.195938795502683 9.594585060670244
0 75.830078125 17.708333333333336 7.117861199762329 9.490481599683106
0 23.486328125 13.541666666666666 6.224389054678692 8.299185406238257
