0 35.83984375 20.703125 7.6962403643301345 10.261653819106845
0 45.361328125 19.270833333333336 7.425247229367944 9.900329639157258
0 59.033203125 22.8515625 8.085718566584333 10.780958088779109
0 70.556640625 26.7578125 8.749555167743805 11.66607355699174
0 78.466796875 17.643229166666664 7.104764847914316 9.473019797219088
0 85.64453125 18.294270833333336 7.234661615679748 9.646215487572997
0 95.5078125 23.958333333333336 8.279211405182211 11.038948540242949
0 81.73828125 21.614583333333336 7.863829789260941 10.485106385681254
0 66.357421875 15.299479166666666 6.61605328023645 8.821404373648601
0 80.810546875 18.684895833333336 7.311492035346033 9.748656047128044
0 3.41796875 18.1640625 7.208869513560617 9.611826018080823
0 8.251953125 19.075520833333336 7.3875234600282 9.850031280037602
0 57.470703125 15.625 6.686066375795484 8.914755167727312
0 10.107421875 18.9453125 7.3622668956389274 9.816355860851903
0 47.265625 16.145833333333336 6.796587356970242 9.062116475960323
0 54.4921875 14.322916666666666 6.401421192444773 8.53522825659303
0 82.51953125 17.252604166666664 7.025674092542321 9.367565456723094
