0 5.224609375 75.78125 14.724533791277855 19.632711721703807
0 1.07421875 57.2265625 12.795565974875872 17.06075463316783
0 6.201171875 39.97395833333333 10.694223308065938 14.258964410754585
0 3.3203125 33.0078125 9.717824296930333 12.957099062573777
0 4.638671875 24.283854166666664 8.33526628646708 11.113688381956106
0 9.86328125 28.385416666666668 9.011732824849489 12.015643766465985
0 13.525390625 40.88541666666667 10.81545724284018 14.42060965712024
0 1.66015625 19.661458333333336 7.500125566067204 10.00016742142294
0 10.3515625 22.8515625 8.085718566584333 10.780958088779109
0 3.662109375 16.2109375 6.810276368536802 9.080368491382403
0 14.599609375 17.317708333333336 7.038917599286375 9.385223465715166
0 1.904296875 16.015625 6.7691262856502785 9.025501714200372
0 11.42578125 17.122395833333336 6.9991119025755095 9.332149203434014
0 18.310546875 31.901041666666668 9.55351308746248 12.738017449949975
0 12.6953125 19.986979166666664 7.561957820656658 10.08261042754221
0 6.0546875 16.2109375 6.810276368536802 9.080368491382403
0 19.140625 15.104166666666666 6.573687508709111 8.764916678278816
0 4.4921875 19.075520833333336 7.3875234600282 9.850031280037602
0 20.3125 13.802083333333334 6.283953943473511 8.378605257964681
0 8.30078125 18.098958333333336 7.195938795502683 9.594585060670244
0 22.119140625 16.666666666666664 6.905339660024879 9.207119546699838
0 14.013671875 24.283854166666664 8.33526628646708 11.113688381956106
0 18.896484375 17.96875 7.170007400189656 9.56000986691954
0 22.802734375 33.7890625 9.832155574699105 13.109540766265473
0 17.08984375 20.768229166666664 7.708331872750909 10.277775830334546
0 21.630859375 26.497395833333332 8.706874156303165 11.609165541737553
0 27.197265625 23.307291666666664 8.165947363439729 10.88792981791964
0 27.83203125 13.151041666666666 6.133957288281793 8.178609717709058
0 29.931640625 23.828125 8.256682897014576 11.008910529352768
0 37.548828125 13.802083333333334 6.283953943473511 8.378605257964681
0 23.53515625 14.778645833333334 6.502464524127966 8.669952698837287
0 35.546875 19.986979166666664 7.561957820656658 10.08261042754221
0 25.78125 17.447916666666664 7.065330140863174 9.420440187817565
0 34.326171875 14.908854166666666 6.531046923532928 8.708062564710572
0 24.12109375 50.911458333333336 12.06892085771801 16.091894476957346
0 31.25 14.453125 6.430452730012657 8.57393697335021
0 31.25 29.817708333333332 9.236295135755345 12.315060181007127
0 32.8125 15.104166666666666 6.573687508709111 8.764916678278816
0 38.134765625 29.166666666666668 9.134905729428569 12.17987430590476
0 29.345703125 17.447916666666664 7.065330140863174 9.420440187817565
0 39.208984375 17.317708333333336 7.038917599286375 9.385223465715166
0 32.32421875 20.963541666666664 7.7444931277157725 10.325990836954363
0 41.6015625 21.09375 7.768507117527988 10.358009490037318
0 31.15234375 18.229166666666664 7.221777078979024 9.629036105305365
0 42.08984375 25.1953125 8.490251308132054 11.320335077509403
0 32.568359375 35.87239583333333 10.130732832457173 13.507643776609566
0 41.259765625 15.4296875 6.644147051109997 8.858862734813329
0 34.326171875 43.42447916666667 11.146229472503464 14.861639296671287
0 44.43359375 14.322916666666666 6.401421192444773 8.53522825659303
0 43.26171875 30.013020833333332 9.266495636406846 12.35532751520913
0 42.919921875 18.229166666666664 7.221777078979024 9.629036105305365
0 36.71875 64.0625 13.538252571300557 18.051003428400744
0 47.802734375 15.234375 6.60196156395994 8.802615418613254
0 50.732421875 28.385416666666668 9.011732824849489 12.015643766465985
0 46.58203125 13.020833333333334 6.103515625 8.138020833333332
0 48.828125 22.200520833333336 7.969705113037473 10.626273484049964
0 48.388671875 36.65364583333333 10.240455160865794 13.653940214487726
0 51.5625 14.778645833333334 6.502464524127966 8.669952698837287
0 52.5390625 51.692708333333336 12.161168728742233 16.214891638322978
0 50.146484375 17.96875 7.170007400189656 9.56000986691954
0 55.615234375 13.151041666666666 6.133957288281793 8.178609717709058
0 58.69140625 25.390625 8.523095729839442 11.364127639785922
0 54.541015625 15.690104166666666 6.699981201202437 8.933308268269917
0 60.595703125 17.122395833333336 6.9991119025755095 9.332149203434014
0 63.232421875 30.143229166666668 9.286574740419274 12.382099653892366
0 57.763671875 13.346354166666666 6.179338602086361 8.239118136115147
0 60.15625 20.768229166666664 7.708331872750909 10.277775830334546
0 60.498046875 35.67708333333333 10.103116062772735 13.470821417030313
0 69.53125 12.890625 6.072921369058959 8.097228492078614
0 64.892578125 42.64322916666667 11.045508466097326 14.7273446214631
0 67.041015625 14.453125 6.430452730012657 8.57393697335021
0 67.041015625 23.958333333333336 8.279211405182211 11.038948540242949
0 25.439453125 14.583333333333334 6.459353786778786 8.612471715705048
0 68.115234375 18.5546875 7.28597191547444 9.714629220632586
0 71.09375 33.65885416666667 9.813192865486773 13.084257153982362
0 72.021484375 12.890625 6.072921369058959 8.097228492078614
0 75.48828125 22.0703125 7.946299173761924 10.595065565015899
0 75.244140625 13.802083333333334 6.283953943473511 8.378605257964681
0 71.77734375 21.419270833333336 7.828219811023351 10.437626414697803
0 79.98046875 15.690104166666666 6.699981201202437 8.933308268269917
0 70.947265625 16.9921875 6.972448522214271 9.296598029619028
0 77.392578125 15.559895833333334 6.672122530845778 8.896163374461038
0 76.171875 25.520833333333332 8.544921875 11.393229166666668
0 83.056640625 15.234375 6.60196156395994 8.802615418613254
0 80.56640625 25.390625 8.523095729839442 11.364127639785922
0 86.767578125 16.536458333333336 6.878312786611722 9.171083715482297
0 82.03125 21.614583333333336 7.863829789260941 10.485106385681254
0 91.40625 22.395833333333336 8.00468569861084 10.672914264814453
0 79.4921875 19.856770833333336 7.537285788103314 10.049714384137753
0 95.068359375 19.3359375 7.437779301119349 9.917039068159132
0 87.109375 22.0703125 7.946299173761924 10.595065565015899
0 98.779296875 22.200520833333336 7.969705113037473 10.626273484049964
0 90.91796875 28.059895833333332 8.959911044862793 11.946548059817056
0 98.53515625 42.83854166666667 11.070774625986973 14.761032834649296
0 94.82421875 23.828125 8.256682897014576 11.008910529352768
0 87.109375 36.1328125 10.167438506443897 13.556584675258529
0 95.458984375 28.580729166666668 9.042683343523592 12.056911124698123
0 86.42578125 26.953125 8.78142979122202 11.708573054962693
0 78.466796875 37.43489583333333 10.349014256477766 13.798685675303688
0 73.583984375 32.48697916666667 9.640850219074288 12.854466958765718
0 81.787109375 42.1875 10.986328125 14.6484375
0 74.169921875 28.7109375 9.063258303782652 12.084344405043536
0 91.259765625 52.669270833333336 12.275503760448466 16.36733834726462
0 75.244140625 55.208333333333336 12.567907886947022 16.757210515929362
0 87.841796875 62.5 13.372132751590971 17.829510335454625
0 66.064453125 60.091145833333336 13.111908605310568 17.482544807080757
0 99.267578125 32.35677083333333 9.621510480001493 12.828680640001991
