0 97.36328125 69.27083333333334 14.07783519857275 18.77044693143033
0 95.01953125 54.8828125 12.530801493925663 16.707735325234218
0 87.451171875 40.29947916666667 10.737678274999501 14.316904366666003
0 94.7265625 37.109375 10.30392029793343 13.738560397244573
0 76.07421875 57.6171875 12.83916257810219 17.118883437469588
0 75.1953125 71.22395833333334 14.274921342195434 19.033228456260577
0 41.30859375 87.82552083333334 15.851524552271181 21.135366069694907
0 62.158203125 54.1015625 12.441294623193059 16.58839283092408
0 60.546875 42.83854166666667 11.070774625986973 14.761032834649296
0 70.3125 41.08072916666667 10.841259563190683 14.45501275092091
0 82.71484375 38.0859375 10.438617783500408 13.918157044667211
0 56.982421875 38.8671875 10.545137050275265 14.060182733700355
0 65.13671875 29.036458333333332 9.114492506755418 12.15265667567389
0 58.935546875 31.966145833333332 9.56325660155786 12.751008802077147
0 50.48828125 29.231770833333332 9.145095253766906 12.193460338355873
0 46.19140625 58.0078125 12.882611645022848 17.17681552669713
0 24.755859375 53.515625 12.37373958295489 16.498319443939856
0 23.2421875 37.6953125 10.38494844187839 13.84659792250452
0 28.7109375 29.817708333333332 9.236295135755345 12.315060181007127
0 94.7265625 58.59375 12.947511862546646 17.263349150062194
0 89.111328125 44.79166666666667 11.320335077509403 15.093780103345871
0 94.873046875 40.69010416666667 10.789593218788873 14.386124291718497
0 93.06640625 58.203125 12.904281318277572 17.205708424370094
0 86.572265625 45.18229166666667 11.36958984997385 15.159453133298467
0 21.337890625 60.611979166666664 13.16860901513148 17.55814535350864
0 40.869140625 48.37239583333333 11.764120646604239 15.68549419547232
0 61.279296875 46.80989583333333 11.572561783360925 15.430082377814566
0 42.333984375 47.78645833333333 11.69265384562257 15.590205127496759
0 23.095703125 40.69010416666667 10.789593218788873 14.386124291718497
0 28.41796875 32.74739583333333 9.679413773897526 12.905885031863368
0 20.3125 40.69010416666667 10.789593218788873 14.386124291718497
0 43.06640625 33.7890625 9.832155574699105 13.109540766265473
0 58.447265625 36.5234375 10.22224989284926 13.629666523799013
0 50.48828125 31.966145833333332 9.56325660155786 12.751008802077147
0 60.400390625 35.3515625 10.056919588186085 13.409226117581447
0 85.693359375 35.3515625 10.056919588186085 13.409226117581447
0 75.634765625 31.770833333333332 9.53399618640949 12.711994915212655
0 66.015625 31.380208333333332 9.475204282385269 12.633605709847027
0 58.935546875 27.473958333333332 8.865868558553435 11.821158078071248
0 46.77734375 26.236979166666668 8.66398288975732 11.551977186343091
0 56.54296875 27.473958333333332 8.865868558553435 11.821158078071248
0 38.330078125 28.450520833333332 9.02206146184966 12.029415282466214
0 25.341796875 26.497395833333332 8.706874156303165 11.609165541737553
0 34.9609375 20.768229166666664 7.708331872750909 10.277775830334546
0 26.806640625 26.497395833333332 8.706874156303165 11.609165541737553
0 9.521484375 31.380208333333332 9.475204282385269 12.633605709847027
0 79.19921875 28.450520833333332 9.02206146184966 12.029415282466214
0 75.634765625 25.065104166666668 8.468284256293707 11.291045675058275
0 59.521484375 17.96875 7.170007400189656 9.56000986691954
0 51.220703125 20.377604166666664 7.635495607419925 10.180660809893233
0 37.59765625 22.721354166666664 8.062649422377262 10.75019922983635
0 39.111328125 22.916666666666664 8.097228492078614 10.796304656104818
0 75.048828125 51.888020833333336 12.184121568406452 16.245495424541936
0 35.693359375 62.565104166666664 13.379095591298201 17.838794121730935
0 41.845703125 43.75 11.187928942763282 14.917238590351042
0 41.6015625 36.328125 10.194881035455362 13.593174713940485
0 43.45703125 30.338541666666668 9.316612257369233 12.42214967649231
0 44.287109375 24.934895833333336 8.446260072691679 11.26168009692224
0 38.76953125 24.348958333333336 8.346432086900233 11.128576115866979
0 34.08203125 29.1015625 9.124704826492952 12.166273101990603
0 21.728515625 29.231770833333332 9.145095253766906 12.193460338355873
0 13.4765625 34.11458333333333 9.87940311049722 13.17253748066296
0 4.39453125 75.84635416666666 14.730857404964807 19.64114320661974
0 2.05078125 55.143229166666664 12.560495377964282 16.74732717061904
0 1.66015625 39.77864583333333 10.668065364348472 14.224087152464628
0 4.931640625 79.42708333333334 15.074571576206628 20.099428768275505
0 0.830078125 60.15625 13.119009558230394 17.492012744307193
0 1.904296875 79.55729166666666 15.086922722544283 20.115896963392377
0 4.39453125 28.580729166666668 9.042683343523592 12.056911124698123
0 70.5078125 25.846354166666668 8.59924487524742 11.465659833663226
0 55.56640625 22.4609375 8.016311973000304 10.688415964000404
0 2.587890625 28.190104166666668 8.980675640601907 11.974234187469209
0 8.3984375 27.994791666666668 8.94951068030712 11.932680907076158
0 11.962890625 24.21875 8.324085508414218 11.098780677885625
0 10.302734375 22.200520833333336 7.969705113037473 10.626273484049964
0 5.126953125 23.697916666666664 8.234092750996119 10.978790334661493
0 1.171875 21.354166666666664 7.816313766397521 10.421751688530028
0 2.392578125 19.856770833333336 7.537285788103314 10.049714384137753
0 7.568359375 19.075520833333336 7.3875234600282 9.850031280037602
0 8.30078125 16.6015625 6.891839471823862 9.189119295765149
0 9.375 18.229166666666664 7.221777078979024 9.629036105305365
0 12.060546875 18.9453125 7.3622668956389274 9.816355860851903
0 15.087890625 20.3125 7.62328857226367 10.164384763018226
0 13.76953125 18.033854166666664 7.182984799767957 9.577313066357275
0 16.9921875 14.973958333333334 6.545291317604741 8.727055090139656
0 16.9921875 21.09375 7.768507117527988 10.358009490037318
0 15.283203125 17.057291666666664 6.985792933508055 9.31439057801074
0 19.580078125 23.307291666666664 8.165947363439729 10.88792981791964
0 19.3359375 17.838541666666664 7.143981879101334 9.525309172135112
0 18.06640625 16.471354166666664 6.864759447755123 9.15301259700683
0 20.068359375 16.6015625 6.891839471823862 9.189119295765149
0 21.2890625 17.447916666666664 7.065330140863174 9.420440187817565
0 23.53515625 20.052083333333336 7.574263699945591 10.099018266594122
0 22.802734375 16.40625 6.8511792970714245 9.134905729428567
0 25.68359375 20.833333333333336 7.720404443770458 10.293872591693944
0 26.07421875 24.934895833333336 8.446260072691679 11.26168009692224
0 28.7109375 20.963541666666664 7.7444931277157725 10.325990836954363
0 30.56640625 18.9453125 7.3622668956389274 9.816355860851903
0 27.783203125 18.098958333333336 7.195938795502683 9.594585060670244
0 29.345703125 17.578125 7.091644310682526 9.455525747576702
0 24.755859375 16.40625 6.8511792970714245 9.134905729428567
0 26.5625 15.559895833333334 6.672122530845778 8.896163374461038
0 29.00390625 15.690104166666666 6.699981201202437 8.933308268269917
0 32.373046875 19.205729166666664 7.412693970636669 9.883591960848893
0 34.521484375 18.815104166666664 7.336923388776433 9.782564518368577
0 33.88671875 17.317708333333336 7.038917599286375 9.385223465715166
0 35.498046875 17.317708333333336 7.038917599286375 9.385223465715166
0 37.353515625 20.963541666666664 7.7444931277157725 10.325990836954363
0 39.599609375 19.466145833333336 7.462780310447684 9.950373747263578
0 38.76953125 17.057291666666664 6.985792933508055 9.31439057801074
0 36.669921875 16.796875 6.932261164306974 9.243014885742634
0 40.8203125 17.057291666666664 6.985792933508055 9.31439057801074
0 41.845703125 15.169270833333334 6.587839704871492 8.783786273161988
0 44.43359375 14.322916666666666 6.401421192444773 8.53522825659303
0 43.45703125 17.1875 7.012405574387241 9.349874099182989
0 44.677734375 18.5546875 7.28597191547444 9.714629220632586
0 45.80078125 16.927083333333336 6.959078522333606 9.278771363111476
0 47.021484375 20.182291666666664 7.598815672600545 10.13175423013406
0 49.0234375 20.963541666666664 7.7444931277157725 10.325990836954363
0 46.2890625 24.088541666666664 8.301678777304348 11.068905036405797
0 51.46484375 18.815104166666664 7.336923388776433 9.782564518368577
0 52.197265625 14.778645833333334 6.502464524127966 8.669952698837287
0 53.7109375 18.684895833333336 7.311492035346033 9.748656047128044
0 57.71484375 25.9765625 8.620878229873984 11.494504306498644
0 58.30078125 21.809895833333336 7.8992792392241125 10.532372318965482
0 56.640625 20.703125 7.6962403643301345 10.261653819106845
0 57.470703125 17.708333333333336 7.117861199762329 9.490481599683106
0 56.0546875 15.690104166666666 6.699981201202437 8.933308268269917
0 57.373046875 15.169270833333334 6.587839704871492 8.783786273161988
0 59.619140625 16.796875 6.932261164306974 9.243014885742634
0 62.548828125 15.950520833333334 6.755353888299149 9.0071385177322
0 62.646484375 20.703125 7.6962403643301345 10.261653819106845
0 61.23046875 19.856770833333336 7.537285788103314 10.049714384137753
0 65.185546875 23.697916666666664 8.234092750996119 10.978790334661493
0 65.478515625 29.361979166666668 9.16544031840894 12.220587091211922
0 65.625 21.2890625 7.804389558437758 10.405852744583676
0 64.892578125 18.684895833333336 7.311492035346033 9.748656047128044
0 66.015625 16.796875 6.932261164306974 9.243014885742634
0 69.384765625 18.5546875 7.28597191547444 9.714629220632586
0 67.919921875 16.796875 6.932261164306974 9.243014885742634
0 70.5078125 23.958333333333336 8.279211405182211 11.038948540242949
0 70.60546875 19.856770833333336 7.537285788103314 10.049714384137753
0 72.412109375 15.690104166666666 6.699981201202437 8.933308268269917
0 74.0234375 14.973958333333334 6.545291317604741 8.727055090139656
0 73.6328125 18.9453125 7.3622668956389274 9.816355860851903
0 73.33984375 25.5859375 8.555814067917595 11.407752090556793
0 73.73046875 28.971354166666668 9.104268731797058 12.139024975729411
0 72.509765625 35.87239583333333 10.130732832457173 13.507643776609566
0 78.125 27.473958333333332 8.865868558553435 11.821158078071248
0 80.2734375 22.200520833333336 7.969705113037473 10.626273484049964
0 79.052734375 21.484375 7.840107775064166 10.453477033418888
0 80.37109375 19.7265625 7.512532730158185 10.01671030687758
0 80.859375 17.578125 7.091644310682526 9.455525747576702
0 82.470703125 21.809895833333336 7.8992792392241125 10.532372318965482
0 82.8125 17.838541666666664 7.143981879101334 9.525309172135112
0 84.912109375 19.7265625 7.512532730158185 10.01671030687758
0 87.59765625 22.591145833333336 8.039514082226251 10.719352109635
0 88.37890625 19.205729166666664 7.412693970636669 9.883591960848893
0 86.03515625 18.9453125 7.3622668956389274 9.816355860851903
0 89.892578125 19.7265625 7.512532730158185 10.01671030687758
0 89.892578125 21.940104166666664 7.92282408798045 10.5637654506406
0 91.552734375 20.703125 7.6962403643301345 10.261653819106845
0 93.5546875 22.0703125 7.946299173761924 10.595065565015899
0 95.5078125 22.0703125 7.946299173761924 10.595065565015899
0 91.552734375 24.934895833333336 8.446260072691679 11.26168009692224
0 93.994140625 25.716145833333332 8.57755695956738 11.436742612756506
0 96.533203125 21.2890625 7.804389558437758 10.405852744583676
0 98.974609375 25.716145833333332 8.57755695956738 11.436742612756506
0 97.94921875 29.1015625 9.124704826492952 12.166273101990603
0 97.75390625 22.330729166666664 7.993042513249997 10.657390017666662
0 98.876953125 20.963541666666664 7.7444931277157725 10.325990836954363
0 98.53515625 31.640625 9.51443925056146 12.685919000748614
0 99.0234375 39.12760416666667 10.580405165624827 14.107206887499771
0 89.794921875 33.203125 9.746532850751532 12.995377134335376
0 88.818359375 25.9765625 8.620878229873984 11.494504306498644
0 87.890625 31.640625 9.51443925056146 12.685919000748614
0 81.884765625 33.85416666666667 9.841623227903504 13.122164303871338
0 85.9375 32.6171875 9.660151239834237 12.880201653112316
0 85.9375 28.841145833333332 9.083786661460703 12.11171554861427
0 89.599609375 20.703125 7.6962403643301345 10.261653819106845
