0 2.24609375 59.5703125 13.054961936161765 17.406615914882355
0 14.404296875 60.7421875 13.18274601224071 17.57699468298761
0 21.337890625 49.86979166666667 11.944815546130936 15.92642072817458
0 24.90234375 45.57291666666667 11.418632161785709 15.224842882380946
0 35.498046875 40.8203125 10.806842779312605 14.40912370575014
0 45.751953125 55.403645833333336 12.590119228965008 16.78682563862001
0 30.6640625 58.723958333333336 12.9618900034151 17.28252000455347
0 20.703125 86.84895833333334 15.763148889337106 21.017531852449476
0 87.98828125 88.60677083333334 15.921871900324197 21.229162533765596
0 91.40625 94.79166666666666 16.468185501992238 21.957580669322986
0 89.35546875 70.24739583333334 14.176720763350751 18.902294351134334
0 76.904296875 73.4375 14.495046492966207 19.326728657288275
0 72.021484375 76.62760416666666 14.8065301156106 19.742040154147467
0 66.845703125 70.703125 14.222632077308402 18.963509436411204
0 59.86328125 72.4609375 14.398347304791809 19.197796406389077
0 55.95703125 81.25 15.24657714452734 20.328769526036453
0 51.904296875 92.05729166666666 16.228925537485754 21.638567383314342
0 62.158203125 90.69010416666666 16.107962915523252 21.477283887364337
0 64.74609375 55.859375 12.641793931401354 16.855725241868473
0 86.572265625 47.91666666666667 11.708573054962693 15.611430739950258
0 84.47265625 39.38802083333333 10.615556110184379 14.154074813579173
0 91.845703125 28.7109375 9.063258303782652 12.084344405043536
0 49.169921875 43.9453125 11.212874188765769 14.950498918354358
0 46.2890625 47.65625 11.676712933171991 15.568950577562655
0 39.6484375 48.17708333333333 11.740346717328702 15.653795623104935
0 35.888671875 57.2265625 12.795565974875872 17.06075463316783
0 23.876953125 41.47135416666667 10.892680845687712 14.523574460916949
0 12.3046875 38.54166666666667 10.500885335745396 14.001180447660527
0 11.328125 34.375 9.91703906815913 13.222718757545508
0 15.283203125 29.361979166666668 9.16544031840894 12.220587091211922
0 15.478515625 31.705729166666668 9.524222738236839 12.698963650982451
0 7.03125 26.7578125 8.749555167743805 11.66607355699174
0 12.451171875 21.809895833333336 7.8992792392241125 10.532372318965482
0 26.318359375 21.744791666666664 7.887480458569388 10.51664061142585
0 40.0390625 20.377604166666664 7.635495607419925 10.180660809893233
0 43.5546875 29.752604166666668 9.22620633412535 12.301608445500468
0 58.056640625 31.705729166666668 9.524222738236839 12.698963650982451
0 58.056640625 37.56510416666667 10.366996918617573 13.822662558156765
0 45.1171875 22.395833333333336 8.00468569861084 10.672914264814453
0 98.583984375 24.348958333333336 8.346432086900233 11.128576115866979
0 91.259765625 22.8515625 8.085718566584333 10.780958088779109
0 87.79296875 23.828125 8.256682897014576 11.008910529352768
0 83.203125 25.0 8.457279333832409 11.276372445109878
0 77.63671875 19.986979166666664 7.561957820656658 10.08261042754221
0 75.09765625 24.934895833333336 8.446260072691679 11.26168009692224
0 79.98046875 33.7890625 9.832155574699105 13.109540766265473
0 85.107421875 35.546875 10.084662867345157 13.44621715646021
0 90.4296875 37.6953125 10.38494844187839 13.84659792250452
0 99.267578125 41.92708333333333 10.952367214920875 14.603156286561166
0 94.580078125 48.50260416666667 11.779943277355214 15.706591036473618
0 77.880859375 42.90364583333333 11.079183874921476 14.772245166561968
0 61.81640625 19.3359375 7.437779301119349 9.917039068159132
0 62.98828125 23.828125 8.256682897014576 11.008910529352768
0 65.52734375 22.0703125 7.946299173761924 10.595065565015899
0 67.28515625 16.536458333333336 6.878312786611722 9.171083715482297
0 71.826171875 13.736979166666666 6.269115778861736 8.358821038482315
0 72.4609375 22.395833333333336 8.00468569861084 10.672914264814453
0 54.1015625 17.057291666666664 6.985792933508055 9.31439057801074
0 49.853515625 17.447916666666664 7.065330140863174 9.420440187817565
0 47.65625 20.1171875 7.586549618320344 10.115399491093791
0 50.830078125 21.744791666666664 7.887480458569388 10.51664061142585
0 72.216796875 21.419270833333336 7.828219811023351 10.437626414697803
0 31.787109375 20.052083333333336 7.574263699945591 10.099018266594122
0 33.740234375 19.466145833333336 7.462780310447684 9.950373747263578
0 17.48046875 18.5546875 7.28597191547444 9.714629220632586
0 18.115234375 14.322916666666666 6.401421192444773 8.53522825659303
0 22.705078125 17.903645833333336 7.157006469457137 9.542675292609516
0 23.828125 19.986979166666664 7.561957820656658 10.08261042754221
0 4.736328125 27.9296875 8.939098215256843 11.918797620342456
0 0.68359375 22.0703125 7.946299173761924 10.595065565015899
0 3.515625 21.223958333333336 7.792447103762027 10.389929471682702
0 5.615234375 20.703125 7.6962403643301345 10.261653819106845
0 7.6171875 20.052083333333336 7.574263699945591 10.099018266594122
0 59.619140625 13.802083333333334 6.283953943473511 8.378605257964681
0 61.62109375 14.192708333333334 6.372257390692475 8.496343187589966
0 75.537109375 19.921875 7.549631882844837 10.066175843793117
0 82.8125 21.158854166666664 7.780486318348366 10.373981757797822
0 86.03515625 20.247395833333336 7.611061958825638 10.148082611767517
0 92.626953125 20.572916666666664 7.672000176987631 10.229333569316841
0 91.259765625 19.7265625 7.512532730158185 10.01671030687758
0 29.78515625 26.953125 8.78142979122202 11.708573054962693
0 28.271484375 35.3515625 10.056919588186085 13.409226117581447
0 24.90234375 29.752604166666668 9.22620633412535 12.301608445500468
0 16.6015625 36.45833333333333 10.21313508952729 13.617513452703053
