0 87.5 34.1796875 9.888825528576445 13.185100704768596
0 79.19921875 39.71354166666667 10.65933178501769 14.212442380023585
0 73.193359375 33.07291666666667 9.727403229070575 12.9698709720941
0 76.318359375 27.473958333333332 8.865868558553435 11.821158078071248
0 59.375 35.67708333333333 10.103116062772735 13.470821417030313
0 60.595703125 29.166666666666668 9.134905729428569 12.17987430590476
0 64.013671875 41.40625 10.884127502518925 14.512170003358568
0 52.83203125 48.2421875 11.748276705883885 15.664368941178514
0 49.853515625 37.3046875 10.331000292853245 13.77466705713766
0 49.12109375 27.604166666666668 8.886852892188134 11.849137189584178
0 33.740234375 44.40104166666667 11.270865058971795 15.027820078629059
0 31.201171875 36.00260416666667 10.149102263376399 13.53213635116853
0 23.681640625 47.65625 11.676712933171991 15.568950577562655
0 4.98046875 58.528645833333336 12.940316801217158 17.25375573495621
0 4.931640625 47.4609375 11.652760676291981 15.537014235055976
0 11.81640625 36.71875 10.24954566879069 13.66606089172092
0 4.296875 31.25 9.4555257475767 12.607367663435602
0 9.521484375 27.994791666666668 8.94951068030712 11.932680907076158
0 4.19921875 24.609375 8.39094670707246 11.187928942763282
0 4.736328125 16.666666666666664 6.905339660024879 9.207119546699838
0 14.111328125 19.140625 7.400119417103358 9.866825889471144
0 19.921875 20.833333333333336 7.720404443770458 10.293872591693944
0 20.8984375 27.408854166666668 8.855357744474432 11.807143659299243
0 30.322265625 23.6328125 8.222774405094897 10.963699206793196
0 34.716796875 28.450520833333332 9.02206146184966 12.029415282466214
0 43.45703125 25.651041666666668 8.566692411876344 11.422256549168457
0 41.455078125 19.140625 7.400119417103358 9.866825889471144
0 44.43359375 15.169270833333334 6.587839704871492 8.783786273161988
0 50.1953125 20.052083333333336 7.574263699945591 10.099018266594122
0 56.591796875 15.755208333333334 6.7138671875 8.951822916666668
0 62.939453125 17.708333333333336 7.117861199762329 9.490481599683106
0 65.13671875 11.979166666666668 5.854286527481347 7.805715369975129
0 60.05859375 12.565104166666666 5.995752778438873 7.9943370379184975
0 48.681640625 13.606770833333334 6.2393335877260965 8.319111450301463
0 43.701171875 20.963541666666664 7.7444931277157725 10.325990836954363
0 35.400390625 18.619791666666664 7.298743129334349 9.731657505779133
0 29.931640625 15.0390625 6.559504779115197 8.746006372153596
0 26.171875 19.3359375 7.437779301119349 9.917039068159132
0 11.279296875 19.3359375 7.437779301119349 9.917039068159132
0 7.275390625 18.033854166666664 7.182984799767957 9.577313066357275
0 2.392578125 19.3359375 7.437779301119349 9.917039068159132
0 51.513671875 29.817708333333332 9.236295135755345 12.315060181007127
0 60.693359375 24.739583333333336 8.413115693414442 11.217487591219255
0 67.138671875 23.893229166666664 8.267954824306681 11.023939765742242
0 71.09375 21.419270833333336 7.828219811023351 10.437626414697803
0 67.578125 17.3828125 7.052136235529384 9.40284831403918
0 74.4140625 14.322916666666666 6.401421192444773 8.53522825659303
0 62.939453125 14.322916666666666 6.401421192444773 8.53522825659303
0 50.537109375 17.122395833333336 6.9991119025755095 9.332149203434014
0 39.892578125 16.2109375 6.810276368536802 9.080368491382403
0 34.1796875 15.950520833333334 6.755353888299149 9.0071385177322
0 28.61328125 13.151041666666666 6.133957288281793 8.178609717709058
0 24.072265625 15.494791666666666 6.658149484030587 8.877532645374115
0 19.091796875 16.080729166666664 6.782870718656271 9.043827624875028
0 1.318359375 16.536458333333336 6.878312786611722 9.171083715482297
0 12.158203125 15.169270833333334 6.587839704871492 8.783786273161988
0 29.98046875 19.010416666666664 7.37490598974278 9.833207986323707
0 27.001953125 24.153645833333336 8.312889692307273 11.083852923076364
0 85.498046875 28.90625 9.094033462982996 12.125377950643994
0 82.373046875 25.520833333333332 8.544921875 11.393229166666668
0 88.37890625 19.791666666666664 7.524919437217989 10.033225916290652
0 93.26171875 18.1640625 7.208869513560617 9.611826018080823
0 82.71484375 19.140625 7.400119417103358 9.866825889471144
0 79.638671875 24.8046875 8.424178309229896 11.23223774563986
0 77.197265625 20.377604166666664 7.635495607419925 10.180660809893233
0 78.662109375 15.625 6.686066375795484 8.914755167727312
0 83.154296875 14.322916666666666 6.401421192444773 8.53522825659303
0 71.19140625 18.75 7.32421875 9.765625
0 57.6171875 19.140625 7.400119417103358 9.866825889471144
0 21.435546875 17.3828125 7.052136235529384 9.40284831403918
0 9.619140625 16.9921875 6.972448522214271 9.296598029619028
0 71.435546875 13.28125 6.16424861960576 8.218998159474348
0 81.591796875 21.809895833333336 7.8992792392241125 10.532372318965482
0 86.279296875 20.833333333333336 7.720404443770458 10.293872591693944
0 36.62109375 14.583333333333334 6.459353786778786 8.612471715705048
0 26.7578125 14.127604166666666 6.3576253222655215 8.476833763020695
0 17.236328125 18.5546875 7.28597191547444 9.714629220632586
0 12.6953125 17.252604166666664 7.025674092542321 9.367565456723094
0 86.279296875 18.619791666666664 7.298743129334349 9.731657505779133
0 80.712890625 17.513020833333336 7.0784994535786145 9.437999271438152
0 66.015625 15.950520833333334 6.755353888299149 9.0071385177322
