0 43.408203125 87.82552083333334 15.851524552271181 21.135366069694907
0 38.96484375 66.66666666666666 13.810679320049758 18.414239093399676
0 47.412109375 59.1796875 13.012088382158108 17.34945117621081
0 55.615234375 69.7265625 14.124067950935224 18.832090601246964
0 79.58984375 66.34114583333334 13.776920581415663 18.36922744188755
0 98.876953125 64.0625 13.538252571300557 18.051003428400744
0 95.8984375 53.450520833333336 12.366210686862065 16.488280915816087
0 78.125 47.00520833333333 11.5966796875 15.462239583333334
0 63.37890625 48.69791666666667 11.803637454720285 15.738183272960379
0 59.27734375 38.21614583333333 10.456446349494515 13.941928465992687
0 55.17578125 33.46354166666667 9.784679896167846 13.046239861557126
0 70.80078125 38.4765625 10.492012596234792 13.989350128313058
0 60.64453125 31.510416666666668 9.494842032534208 12.659789376712277
0 65.771484375 27.213541666666668 8.823750179932228 11.765000239909636
0 72.0703125 34.70052083333333 9.963884104806219 13.28517880640829
0 82.763671875 35.9375 10.139921707663666 13.51989561021822
0 91.11328125 40.49479166666667 10.763667046233154 14.351556061644205
0 96.728515625 38.21614583333333 10.456446349494515 13.941928465992687
0 86.572265625 33.65885416666667 9.813192865486773 13.084257153982362
0 91.796875 31.510416666666668 9.494842032534208 12.659789376712277
0 98.4375 31.184895833333332 9.445671106287941 12.594228141717254
0 88.134765625 29.6875 9.216106488367615 12.288141984490153
0 75.5859375 28.3203125 9.001392336274797 12.001856448366395
0 86.9140625 26.302083333333332 8.674725588105405 11.56630078414054
0 21.484375 53.90625 12.418817107773318 16.558422810364423
0 4.931640625 72.13541666666666 14.365969599535914 19.15462613271455
0 4.6875 37.890625 10.411817693623036 13.88242359149738
0 13.037109375 33.46354166666667 9.784679896167846 13.046239861557126
0 9.375 27.864583333333332 8.928673607377803 11.904898143170405
0 3.564453125 24.348958333333336 8.346432086900233 11.128576115866979
0 24.31640625 35.02604166666667 10.010509928501419 13.347346571335224
0 40.33203125 32.421875 9.631185203893738 12.84158027185832
0 50.830078125 29.361979166666668 9.16544031840894 12.220587091211922
0 42.724609375 30.598958333333332 9.35651227829339 12.475349704391189
0 30.37109375 27.083333333333332 8.802615418613255 11.736820558151006
0 37.79296875 24.21875 8.324085508414218 11.098780677885625
0 46.484375 21.158854166666664 7.780486318348366 10.373981757797822
0 57.080078125 23.893229166666664 8.267954824306681 11.023939765742242
0 67.138671875 23.4375 8.188725503539269 10.918300671385692
0 59.033203125 20.572916666666664 7.672000176987631 10.229333569316841
0 65.869140625 17.3828125 7.052136235529384 9.40284831403918
0 55.712890625 19.466145833333336 7.462780310447684 9.950373747263578
0 72.509765625 20.377604166666664 7.635495607419925 10.180660809893233
0 58.69140625 16.276041666666664 6.823937919616058 9.09858389282141
0 71.484375 23.111979166666664 8.131660519088275 10.842214025451032
0 64.404296875 19.661458333333336 7.500125566067204 10.00016742142294
0 79.248046875 25.5859375 8.555814067917595 11.407752090556793
0 41.015625 22.526041666666664 8.027921409891299 10.703895213188398
0 30.615234375 21.744791666666664 7.887480458569388 10.51664061142585
0 39.306640625 20.1171875 7.586549618320344 10.115399491093791
0 29.58984375 18.5546875 7.28597191547444 9.714629220632586
0 39.74609375 17.1875 7.012405574387241 9.349874099182989
0 27.44140625 21.744791666666664 7.887480458569388 10.51664061142585
0 45.8984375 17.057291666666664 6.985792933508055 9.31439057801074
0 35.05859375 17.643229166666664 7.104764847914316 9.473019797219088
0 44.091796875 16.927083333333336 6.959078522333606 9.278771363111476
0 36.572265625 16.6015625 6.891839471823862 9.189119295765149
0 48.779296875 18.75 7.32421875 9.765625
0 32.91015625 17.643229166666664 7.104764847914316 9.473019797219088
0 50.5859375 17.513020833333336 7.0784994535786145 9.437999271438152
0 13.818359375 22.200520833333336 7.969705113037473 10.626273484049964
0 53.90625 17.513020833333336 7.0784994535786145 9.437999271438152
0 23.876953125 18.424479166666664 7.2603620931215325 9.680482790828709
0 42.138671875 16.276041666666664 6.823937919616058 9.09858389282141
0 24.8046875 16.276041666666664 6.823937919616058 9.09858389282141
0 52.880859375 15.234375 6.60196156395994 8.802615418613254
0 28.564453125 16.40625 6.8511792970714245 9.134905729428567
0 55.2734375 15.364583333333334 6.6301150458985685 8.840153394531425
0 26.171875 15.494791666666666 6.658149484030587 8.877532645374115
0 62.353515625 15.8203125 6.72772451325946 8.970299351012613
0 19.43359375 21.484375 7.840107775064166 10.453477033418888
0 5.17578125 20.377604166666664 7.635495607419925 10.180660809893233
0 11.083984375 17.643229166666664 7.104764847914316 9.473019797219088
0 1.07421875 19.921875 7.549631882844837 10.066175843793117
0 16.2109375 19.205729166666664 7.412693970636669 9.883591960848893
0 7.2265625 18.098958333333336 7.195938795502683 9.594585060670244
0 17.96875 15.234375 6.60196156395994 8.802615418613254
0 9.619140625 19.3359375 7.437779301119349 9.917039068159132
0 19.53125 17.057291666666664 6.985792933508055 9.31439057801074
0 33.59375 21.940104166666664 7.92282408798045 10.5637654506406
0 22.607421875 16.145833333333336 6.796587356970242 9.062116475960323
0 31.884765625 15.8203125 6.72772451325946 8.970299351012613
0 67.724609375 16.145833333333336 6.796587356970242 9.062116475960323
0 75.48828125 16.6015625 6.891839471823862 9.189119295765149
0 70.361328125 15.950520833333334 6.755353888299149 9.0071385177322
0 74.90234375 19.3359375 7.437779301119349 9.917039068159132
0 81.396484375 18.5546875 7.28597191547444 9.714629220632586
0 73.095703125 16.6015625 6.891839471823862 9.189119295765149
0 64.404296875 16.276041666666664 6.823937919616058 9.09858389282141
0 84.521484375 19.921875 7.549631882844837 10.066175843793117
0 90.33203125 23.763020833333336 8.245395560367612 10.993860747156816
0 98.095703125 21.614583333333336 7.863829789260941 10.485106385681254
0 90.52734375 20.1171875 7.586549618320344 10.115399491093791
0 96.38671875 22.65625 8.051090062422436 10.734786749896582
0 87.6953125 20.703125 7.6962403643301345 10.261653819106845
0 97.265625 25.716145833333332 8.57755695956738 11.436742612756506
0 88.4765625 24.674479166666664 8.402038511923953 11.202718015898604
0 98.876953125 27.994791666666668 8.94951068030712 11.932680907076158
0 86.669921875 19.205729166666664 7.412693970636669 9.883591960848893
0 75.244140625 50.846354166666664 12.061201687847598 16.081602250463465
0 61.9140625 55.2734375 12.575316026633615 16.767088035511488
0 69.53125 42.90364583333333 11.079183874921476 14.772245166561968
0 58.10546875 45.63802083333333 11.426785416777987 15.235713889037317
0 55.615234375 37.109375 10.30392029793343 13.738560397244573
0 39.74609375 38.34635416666667 10.474244568927316 13.965659425236424
0 26.513671875 41.08072916666667 10.841259563190683 14.45501275092091
0 49.8046875 31.640625 9.51443925056146 12.685919000748614
0 58.59375 34.5703125 9.945172568847854 13.26023009179714
0 65.33203125 31.380208333333332 9.475204282385269 12.633605709847027
0 88.134765625 44.921875 11.336777112430854 15.11570281657447
0 24.90234375 59.9609375 13.097695150070152 17.46359353342687
0 1.953125 78.25520833333334 14.962952480628983 19.95060330750531
0 13.134765625 36.97916666666667 10.285827359834423 13.714436479779232
