0 61.9140625 56.4453125 12.707924080601204 16.94389877413494
0 25.5859375 60.7421875 13.18274601224071 17.57699468298761
0 94.677734375 59.244791666666664 13.019243779114712 17.358991705486282
0 22.16796875 61.653645833333336 13.28128365905087 17.708378212067824
0 39.453125 48.11197916666667 11.732411368860527 15.643215158480702
0 23.388671875 42.3828125 11.01173007365034 14.682306764867118
0 42.724609375 48.4375 11.772034620352729 15.696046160470303
0 21.484375 41.08072916666667 10.841259563190683 14.45501275092091
0 60.302734375 36.1328125 10.167438506443897 13.556584675258529
0 69.43359375 43.359375 11.137870844051916 14.850494458735888
0 58.69140625 35.67708333333333 10.103116062772735 13.470821417030313
0 88.18359375 46.6796875 11.556455217749932 15.40860695699991
0 64.599609375 31.4453125 9.485028239697298 12.646704319596397
0 51.07421875 31.0546875 9.425930915210266 12.567907886947022
0 43.45703125 33.85416666666667 9.841623227903504 13.122164303871338
0 77.83203125 65.10416666666666 13.647875839232116 18.19716778564282
0 76.318359375 51.497395833333336 12.138172486176355 16.184229981568475
0 61.81640625 52.018229166666664 12.199399469791677 16.265865959722237
0 46.630859375 55.924479166666664 12.649158798866397 16.865545065155196
0 59.814453125 69.01041666666666 14.051348185084642 18.735130913446188
0 46.435546875 70.18229166666666 14.170149861137574 18.89353314818343
0 41.357421875 80.40364583333334 15.166960009508273 20.22261334601103
0 3.3203125 75.13020833333334 14.661147643389056 19.548196857852073
0 22.802734375 36.26302083333333 10.185741740892722 13.580988987856962
0 40.0390625 36.39322916666667 10.204012144348443 13.605349525797925
0 43.26171875 30.208333333333332 9.296598029619028 12.395464039492039
0 57.275390625 24.609375 8.39094670707246 11.187928942763282
0 56.689453125 27.669270833333332 8.897326499702912 11.863101999603883
0 58.10546875 28.190104166666668 8.980675640601907 11.974234187469209
0 65.33203125 28.776041666666668 9.073528288158268 12.098037717544358
0 75.439453125 29.947916666666668 9.25643975103949 12.341919668052654
0 72.021484375 36.1328125 10.167438506443897 13.556584675258529
0 60.791015625 43.75 11.187928942763282 14.917238590351042
0 69.82421875 40.234375 10.72900136184506 14.305335149126746
0 55.2734375 37.17447916666667 10.31295486371814 13.75060648495752
0 41.943359375 43.48958333333333 11.154581837461587 14.872775783282115
0 11.03515625 33.33333333333333 9.765625 13.020833333333334
0 19.482421875 28.515625 9.03237828793258 12.043171050576774
0 29.19921875 28.776041666666668 9.073528288158268 12.098037717544358
0 38.037109375 25.9765625 8.620878229873984 11.494504306498644
0 46.044921875 24.348958333333336 8.346432086900233 11.128576115866979
0 50.341796875 27.5390625 8.876366926421502 11.835155901895336
0 7.861328125 28.645833333333332 9.052976668817948 12.07063555842393
0 98.095703125 67.7734375 13.924846858581342 18.566462478108456
0 95.41015625 54.296875 12.463731601966636 16.61830880262218
0 87.79296875 43.03385416666667 11.095983253599758 14.794644338133011
0 94.921875 40.234375 10.72900136184506 14.305335149126746
0 82.861328125 40.10416666666667 10.711626449453275 14.282168599271033
0 78.857421875 34.24479166666667 9.898238977189243 13.197651969585658
