0 91.357421875 83.26822916666666 15.434776143068593 20.57970152409146
0 81.787109375 64.0625 13.538252571300557 18.051003428400744
0 88.18359375 53.3203125 12.351139126494179 16.468185501992238
0 93.994140625 45.8984375 11.459340426952263 15.279120569269683
0 91.357421875 40.36458333333333 10.746348182164922 14.328464242886563
0 99.12109375 38.02083333333333 10.429692071920813 13.906256095894417
0 98.974609375 30.598958333333332 9.35651227829339 12.475349704391189
0 95.703125 25.651041666666668 8.566692411876344 11.422256549168457
0 92.333984375 31.184895833333332 9.445671106287941 12.594228141717254
0 87.01171875 32.48697916666667 9.640850219074288 12.854466958765718
0 82.763671875 36.58854166666667 10.231356576074347 13.641808768099132
0 78.7109375 31.901041666666668 9.55351308746248 12.738017449949975
0 81.34765625 43.42447916666667 11.146229472503464 14.861639296671287
0 76.85546875 52.734375 12.283088255308904 16.377451007078538
0 67.138671875 57.356770833333336 12.810114661752536 17.080152882336716
0 47.65625 71.02864583333334 14.2553353443929 19.007113792523867
0 48.53515625 49.21875 11.866590634291736 15.822120845722315
0 63.8671875 43.09895833333333 11.10437341226822 14.805831216357626
0 72.509765625 31.510416666666668 9.494842032534208 12.659789376712277
0 62.255859375 29.036458333333332 9.114492506755418 12.15265667567389
0 59.619140625 35.546875 10.084662867345157 13.44621715646021
0 48.73046875 36.84895833333333 10.267702539831983 13.690270053109312
0 50.5859375 27.864583333333332 8.928673607377803 11.904898143170405
0 40.869140625 31.640625 9.51443925056146 12.685919000748614
0 31.494140625 34.70052083333333 9.963884104806219 13.28517880640829
0 33.349609375 43.09895833333333 11.10437341226822 14.805831216357626
0 35.107421875 55.338541666666664 12.582719804741396 16.776959739655194
0 21.2890625 51.106770833333336 12.092048801366547 16.122731735155398
0 13.96484375 43.29427083333333 11.129505937994672 14.839341250659563
0 2.197265625 54.622395833333336 12.501037077797877 16.668049437063836
0 2.83203125 31.770833333333332 9.53399618640949 12.711994915212655
0 5.029296875 23.763020833333336 8.245395560367612 10.993860747156816
0 9.1796875 29.166666666666668 9.134905729428569 12.17987430590476
0 15.478515625 31.640625 9.51443925056146 12.685919000748614
0 20.41015625 24.934895833333336 8.446260072691679 11.26168009692224
0 24.658203125 30.338541666666668 9.316612257369233 12.42214967649231
0 31.298828125 27.5390625 8.876366926421502 11.835155901895336
0 26.3671875 23.046875 8.120199399200482 10.82693253226731
0 23.876953125 16.927083333333336 6.959078522333606 9.278771363111476
0 17.7734375 19.856770833333336 7.537285788103314 10.049714384137753
0 9.47265625 19.596354166666664 7.487697843252746 9.983597124336994
0 4.052734375 17.3828125 7.052136235529384 9.40284831403918
0 9.814453125 15.8203125 6.72772451325946 8.970299351012613
0 14.16015625 13.606770833333334 6.2393335877260965 8.319111450301463
0 18.84765625 11.002604166666668 5.610588473770214 7.480784631693618
0 20.60546875 17.252604166666664 7.025674092542321 9.367565456723094
0 7.080078125 16.927083333333336 6.959078522333606 9.278771363111476
0 20.60546875 13.4765625 6.209408553886659 8.279211405182211
0 27.05078125 13.346354166666666 6.179338602086361 8.239118136115147
0 35.64453125 19.140625 7.400119417103358 9.866825889471144
0 42.28515625 24.21875 8.324085508414218 11.098780677885625
0 31.8359375 20.442708333333336 7.647683158045451 10.196910877393934
0 29.1015625 12.760416666666666 6.042172202521769 8.056229603362357
0 29.345703125 19.986979166666664 7.561957820656658 10.08261042754221
0 30.76171875 13.151041666666666 6.133957288281793 8.178609717709058
0 37.841796875 17.96875 7.170007400189656 9.56000986691954
0 36.42578125 13.932291666666666 6.313525654778199 8.418034206370931
0 40.673828125 14.322916666666666 6.401421192444773 8.53522825659303
0 41.9921875 12.434895833333332 5.964605800076924 7.952807733435899
0 38.818359375 14.192708333333334 6.372257390692475 8.496343187589966
0 32.6171875 13.4765625 6.209408553886659 8.279211405182211
0 34.66796875 14.778645833333334 6.502464524127966 8.669952698837287
0 44.287109375 13.346354166666666 6.179338602086361 8.239118136115147
0 41.2109375 19.010416666666664 7.37490598974278 9.833207986323707
0 48.388671875 21.2890625 7.804389558437758 10.405852744583676
0 41.11328125 20.8984375 7.732458166088822 10.309944221451763
0 45.99609375 13.151041666666666 6.133957288281793 8.178609717709058
0 50.390625 18.5546875 7.28597191547444 9.714629220632586
0 53.955078125 9.375 5.179004745018659 6.905339660024879
0 45.1171875 15.8203125 6.72772451325946 8.970299351012613
0 51.025390625 13.346354166666666 6.179338602086361 8.239118136115147
0 57.470703125 25.390625 8.523095729839442 11.364127639785922
0 48.095703125 14.518229166666666 6.444919458600731 8.593225944800976
0 61.181640625 9.830729166666668 5.303389647516714 7.071186196688951
0 59.86328125 24.088541666666664 8.301678777304348 11.068905036405797
0 60.205078125 15.234375 6.60196156395994 8.802615418613254
0 54.638671875 13.346354166666666 6.179338602086361 8.239118136115147
0 59.521484375 11.458333333333332 5.72560517556571 7.634140234087614
0 60.595703125 19.986979166666664 7.561957820656658 10.08261042754221
0 66.69921875 23.372395833333336 8.177344364608315 10.903125819477753
0 71.97265625 20.768229166666664 7.708331872750909 10.277775830334546
0 75.68359375 28.7109375 9.063258303782652 12.084344405043536
0 75.341796875 21.2890625 7.804389558437758 10.405852744583676
0 68.359375 17.838541666666664 7.143981879101334 9.525309172135112
0 63.330078125 15.950520833333334 6.755353888299149 9.0071385177322
0 69.3359375 12.3046875 5.933295317145868 7.911060422861158
0 65.966796875 13.606770833333334 6.2393335877260965 8.319111450301463
0 76.220703125 13.4765625 6.209408553886659 8.279211405182211
0 78.515625 20.3125 7.62328857226367 10.164384763018226
0 80.029296875 27.994791666666668 8.94951068030712 11.932680907076158
0 88.8671875 26.692708333333332 8.738904457566134 11.651872610088178
0 98.095703125 18.684895833333336 7.311492035346033 9.748656047128044
0 92.578125 17.96875 7.170007400189656 9.56000986691954
0 84.912109375 16.40625 6.8511792970714245 9.134905729428567
0 78.955078125 14.322916666666666 6.401421192444773 8.53522825659303
0 71.533203125 17.838541666666664 7.143981879101334 9.525309172135112
0 63.330078125 13.151041666666666 6.133957288281793 8.178609717709058
0 58.88671875 17.513020833333336 7.0784994535786145 9.437999271438152
0 56.93359375 14.6484375 6.473755931273323 8.631674575031097
0 58.642578125 13.4765625 6.209408553886659 8.279211405182211
0 73.046875 14.778645833333334 6.502464524127966 8.669952698837287
0 82.421875 21.028645833333336 7.756509415978292 10.342012554637723
0 86.767578125 22.330729166666664 7.993042513249997 10.657390017666662
0 81.201171875 17.96875 7.170007400189656 9.56000986691954
0 87.98828125 15.494791666666666 6.658149484030587 8.877532645374115
0 81.005859375 15.234375 6.60196156395994 8.802615418613254
0 76.220703125 18.294270833333336 7.234661615679748 9.646215487572997
0 89.0625 19.596354166666664 7.487697843252746 9.983597124336994
0 83.740234375 19.986979166666664 7.561957820656658 10.08261042754221
0 91.357421875 23.046875 8.120199399200482 10.82693253226731
0 89.94140625 25.390625 8.523095729839442 11.364127639785922
0 90.478515625 17.838541666666664 7.143981879101334 9.525309172135112
0 96.38671875 22.200520833333336 7.969705113037473 10.626273484049964
0 94.287109375 16.666666666666664 6.905339660024879 9.207119546699838
0 67.48046875 14.908854166666666 6.531046923532928 8.708062564710572
0 96.484375 19.596354166666664 7.487697843252746 9.983597124336994
0 78.80859375 24.348958333333336 8.346432086900233 11.128576115866979
