0 0.927734375 56.575520833333336 12.722572989304096 16.96343065240546
0 98.92578125 35.61197916666667 10.093893681970965 13.458524909294619
0 94.23828125 53.7109375 12.396298835198914 16.528398446931885
0 98.779296875 32.2265625 9.60213178866716 12.802842384889546
0 90.380859375 33.65885416666667 9.813192865486773 13.084257153982362
0 99.169921875 21.940104166666664 7.92282408798045 10.5637654506406
0 75.9765625 29.231770833333332 9.145095253766906 12.193460338355873
0 96.533203125 22.265625 7.981382342908947 10.641843123878598
0 79.052734375 25.846354166666668 8.59924487524742 11.465659833663226
0 95.166015625 21.354166666666664 7.816313766397521 10.421751688530028
0 71.58203125 23.893229166666664 8.267954824306681 11.023939765742242
0 92.919921875 21.744791666666664 7.887480458569388 10.51664061142585
0 85.986328125 33.26822916666667 9.756083595670033 13.008111460893376
0 91.845703125 19.791666666666664 7.524919437217989 10.033225916290652
0 94.921875 39.71354166666667 10.65933178501769 14.212442380023585
0 90.91796875 22.4609375 8.016311973000304 10.688415964000404
0 59.5703125 16.40625 6.8511792970714245 9.134905729428567
0 85.595703125 17.447916666666664 7.065330140863174 9.420440187817565
0 73.583984375 15.690104166666666 6.699981201202437 8.933308268269917
0 87.59765625 21.744791666666664 7.887480458569388 10.51664061142585
0 56.640625 15.364583333333334 6.6301150458985685 8.840153394531425
0 76.66015625 17.447916666666664 7.065330140863174 9.420440187817565
0 52.099609375 14.453125 6.430452730012657 8.57393697335021
0 79.345703125 17.838541666666664 7.143981879101334 9.525309172135112
0 46.77734375 14.973958333333334 6.545291317604741 8.727055090139656
0 80.6640625 19.596354166666664 7.487697843252746 9.983597124336994
0 32.51953125 16.731770833333336 6.9188135063199665 9.225084675093289
0 84.375 20.5078125 7.659851317145468 10.21313508952729
0 50.78125 28.841145833333332 9.083786661460703 12.11171554861427
0 84.375 23.697916666666664 8.234092750996119 10.978790334661493
0 43.603515625 16.731770833333336 6.9188135063199665 9.225084675093289
0 68.26171875 15.169270833333334 6.587839704871492 8.783786273161988
0 36.767578125 15.885416666666666 6.741553355216833 8.988737806955777
0 63.57421875 14.973958333333334 6.545291317604741 8.727055090139656
0 0.537109375 18.684895833333336 7.311492035346033 9.748656047128044
0 10.107421875 18.1640625 7.208869513560617 9.611826018080823
0 1.46484375 21.028645833333336 7.756509415978292 10.342012554637723
0 12.5 18.1640625 7.208869513560617 9.611826018080823
0 8.251953125 28.645833333333332 9.052976668817948 12.07063555842393
0 6.93359375 18.359375 7.247523246483103 9.663364328644137
0 12.40234375 33.65885416666667 9.813192865486773 13.084257153982362
0 3.466796875 25.9765625 8.620878229873984 11.494504306498644
0 16.650390625 14.2578125 6.386855937639267 8.515807916852356
0 20.654296875 29.231770833333332 9.145095253766906 12.193460338355873
0 18.26171875 18.033854166666664 7.182984799767957 9.577313066357275
0 15.0390625 26.692708333333332 8.738904457566134 11.651872610088178
0 21.435546875 18.684895833333336 7.311492035346033 9.748656047128044
0 30.2734375 30.2734375 9.306610523667546 12.408814031556727
0 27.83203125 16.2109375 6.810276368536802 9.080368491382403
0 39.74609375 16.6015625 6.891839471823862 9.189119295765149
0 60.498046875 20.3125 7.62328857226367 10.164384763018226
0 51.318359375 18.1640625 7.208869513560617 9.611826018080823
0 43.06640625 30.2734375 9.306610523667546 12.408814031556727
0 49.072265625 21.028645833333336 7.756509415978292 10.342012554637723
0 65.185546875 16.080729166666664 6.782870718656271 9.043827624875028
0 65.869140625 28.125 8.970299351012615 11.960399134683486
0 65.72265625 19.596354166666664 7.487697843252746 9.983597124336994
0 75.87890625 23.177083333333336 8.143105507889608 10.857474010519478
0 94.384765625 24.609375 8.39094670707246 11.187928942763282
0 82.12890625 39.51822916666667 10.633088006704314 14.177450675605751
0 91.2109375 25.9765625 8.620878229873984 11.494504306498644
0 89.453125 43.81510416666667 11.196250200100184 14.928333600133579
0 88.916015625 25.9765625 8.620878229873984 11.494504306498644
0 41.845703125 44.66145833333333 11.303869126862875 15.071825502483835
0 86.279296875 27.604166666666668 8.886852892188134 11.849137189584178
0 56.25 20.3125 7.62328857226367 10.164384763018226
0 37.744140625 20.5078125 7.659851317145468 10.21313508952729
0 25.1953125 15.494791666666666 6.658149484030587 8.877532645374115
0 6.005859375 38.0859375 10.438617783500408 13.918157044667211
0 22.265625 16.731770833333336 6.9188135063199665 9.225084675093289
0 23.046875 36.65364583333333 10.240455160865794 13.653940214487726
0 10.791015625 21.223958333333336 7.792447103762027 10.389929471682702
0 39.599609375 36.84895833333333 10.267702539831983 13.690270053109312
0 21.875 22.786458333333336 8.074192233473482 10.765589644631309
0 70.5078125 38.80208333333333 10.536301575703167 14.048402100937555
0 20.8984375 47.72135416666667 11.684686107834867 15.579581477113155
0 58.10546875 21.744791666666664 7.887480458569388 10.51664061142585
0 75.439453125 48.56770833333333 11.787846628312968 15.717128837750623
0 57.177734375 25.325520833333332 8.512161670520847 11.349548894027794
0 76.123046875 62.630208333333336 13.386054809241521 17.848073078988694
0 89.599609375 75.78125 14.724533791277855 19.632711721703807
0 40.13671875 21.744791666666664 7.887480458569388 10.51664061142585
0 44.384765625 59.244791666666664 13.019243779114712 17.358991705486282
0 39.0625 25.9765625 8.620878229873984 11.494504306498644
0 26.806640625 23.697916666666664 8.234092750996119 10.978790334661493
0 22.265625 55.859375 12.641793931401354 16.855725241868473
0 30.517578125 18.5546875 7.28597191547444 9.714629220632586
0 26.806640625 63.671875 13.496914299008777 17.995885732011704
0 6.93359375 48.76302083333333 11.811524951393816 15.748699935191754
0 5.322265625 73.11197916666666 14.462885267422834 19.283847023230447
0 46.142578125 72.59114583333334 14.411278018942378 19.215037358589836
0 59.1796875 32.03125 9.572990198582838 12.763986931443785
0 59.86328125 41.9921875 10.960867307170393 14.614489742893857
0 62.79296875 52.34375 12.237510776222791 16.31668103496372
0 85.7421875 38.99739583333333 10.562785827561513 14.083714436748682
0 42.529296875 85.7421875 15.662386987739673 20.883182650319565
0 72.65625 35.80729166666667 10.121535615098267 13.495380820131023
0 46.142578125 23.177083333333336 8.143105507889608 10.857474010519478
0 53.466796875 18.5546875 7.28597191547444 9.714629220632586
0 30.810546875 22.981770833333336 8.108722079825698 10.811629439767596
0 15.478515625 19.986979166666664 7.561957820656658 10.08261042754221
