0 5.224609375 75.84635416666666 14.730857404964807 19.64114320661974
0 37.98828125 84.11458333333334 15.513018831956584 20.684025109275446
0 24.0234375 59.440104166666664 13.04068641309906 17.38758188413208
0 2.9296875 56.0546875 12.663875684354508 16.885167579139345
0 23.486328125 46.02864583333333 11.475583298927713 15.300777731903617
0 21.923828125 39.2578125 10.597995211294762 14.130660281726351
0 46.728515625 56.184895833333336 12.678575486963496 16.90476731595133
0 42.28515625 46.54947916666667 11.54032617260073 15.38710156346764
0 61.71875 54.1015625 12.441294623193059 16.58839283092408
0 78.271484375 58.723958333333336 12.9618900034151 17.28252000455347
0 93.26171875 56.0546875 12.663875684354508 16.885167579139345
0 74.609375 50.390625 12.007028547916262 16.00937139722168
0 69.580078125 42.25260416666667 10.994801962067763 14.659735949423682
0 73.095703125 36.84895833333333 10.267702539831983 13.690270053109312
0 59.765625 38.21614583333333 10.456446349494515 13.941928465992687
0 58.49609375 45.18229166666667 11.36958984997385 15.159453133298467
0 45.947265625 39.0625 10.57159916729051 14.095465556387346
0 40.869140625 37.43489583333333 10.349014256477766 13.798685675303688
0 43.505859375 31.640625 9.51443925056146 12.685919000748614
0 10.25390625 33.7890625 9.832155574699105 13.109540766265473
0 7.71484375 30.078125 9.276540621075844 12.368720828101127
0 4.1015625 27.083333333333332 8.802615418613255 11.736820558151006
0 6.4453125 21.354166666666664 7.816313766397521 10.421751688530028
0 2.5390625 18.75 7.32421875 9.765625
0 7.51953125 18.75 7.32421875 9.765625
0 1.7578125 21.158854166666664 7.780486318348366 10.373981757797822
0 12.451171875 21.484375 7.840107775064166 10.453477033418888
0 14.892578125 26.106770833333332 8.642457433170346 11.52327657756046
0 19.921875 22.8515625 8.085718566584333 10.780958088779109
0 17.3828125 18.489583333333336 7.273178276253042 9.697571035004056
0 19.921875 15.755208333333334 6.7138671875 8.951822916666668
0 23.974609375 16.731770833333336 6.9188135063199665 9.225084675093289
0 23.33984375 20.182291666666664 7.598815672600545 10.13175423013406
0 26.806640625 18.098958333333336 7.195938795502683 9.594585060670244
0 30.322265625 16.536458333333336 6.878312786611722 9.171083715482297
0 33.7890625 18.489583333333336 7.273178276253042 9.697571035004056
0 29.833984375 28.125 8.970299351012615 11.960399134683486
0 26.66015625 25.846354166666668 8.59924487524742 11.465659833663226
0 38.18359375 24.739583333333336 8.413115693414442 11.217487591219255
0 44.189453125 25.911458333333332 8.610068346964042 11.480091129285388
0 45.556640625 18.815104166666664 7.336923388776433 9.782564518368577
0 42.3828125 16.536458333333336 6.878312786611722 9.171083715482297
0 48.486328125 19.921875 7.549631882844837 10.066175843793117
0 49.12109375 22.330729166666664 7.993042513249997 10.657390017666662
0 47.4609375 25.260416666666668 8.501213548086012 11.334951397448016
0 51.513671875 15.755208333333334 6.7138671875 8.951822916666668
0 55.37109375 14.713541666666666 6.488126106405426 8.650834808540568
0 57.12890625 14.84375 6.516771394062079 8.689028525416106
0 59.814453125 14.518229166666666 6.444919458600731 8.593225944800976
0 59.765625 17.578125 7.091644310682526 9.455525747576702
0 57.12890625 20.963541666666664 7.7444931277157725 10.325990836954363
0 57.91015625 25.911458333333332 8.610068346964042 11.480091129285388
0 59.130859375 23.697916666666664 8.234092750996119 10.978790334661493
0 65.234375 21.484375 7.840107775064166 10.453477033418888
0 65.234375 16.731770833333336 6.9188135063199665 9.225084675093289
0 70.849609375 15.4296875 6.644147051109997 8.858862734813329
0 76.3671875 15.885416666666666 6.741553355216833 8.988737806955777
0 88.8671875 43.61979166666667 11.171267833082963 14.895023777443953
0 84.814453125 38.0859375 10.438617783500408 13.918157044667211
0 81.8359375 33.203125 9.746532850751532 12.995377134335376
0 75.537109375 30.989583333333332 9.416045300623482 12.554727067497975
0 70.166015625 24.739583333333336 8.413115693414442 11.217487591219255
0 64.111328125 29.752604166666668 9.22620633412535 12.301608445500468
0 51.123046875 29.231770833333332 9.145095253766906 12.193460338355873
0 98.73046875 69.07552083333334 14.057974617042262 18.74396615605635
0 93.9453125 39.12760416666667 10.580405165624827 14.107206887499771
0 99.21875 36.5234375 10.22224989284926 13.629666523799013
0 87.548828125 35.7421875 10.11233003282525 13.483106710433667
0 81.982421875 22.4609375 8.016311973000304 10.688415964000404
0 88.0859375 28.776041666666668 9.073528288158268 12.098037717544358
0 84.521484375 24.4140625 8.357582969744357 11.143443959659143
0 85.693359375 32.16145833333333 9.592427762147041 12.789903682862722
0 91.650390625 28.125 8.970299351012615 11.960399134683486
0 91.162109375 33.33333333333333 9.765625 13.020833333333334
0 97.55859375 27.408854166666668 8.855357744474432 11.807143659299243
0 96.58203125 20.963541666666664 7.7444931277157725 10.325990836954363
0 84.130859375 18.815104166666664 7.336923388776433 9.782564518368577
0 88.427734375 18.489583333333336 7.273178276253042 9.697571035004056
0 89.453125 24.348958333333336 8.346432086900233 11.128576115866979
0 87.548828125 22.526041666666664 8.027921409891299 10.703895213188398
0 85.302734375 27.734375 8.907787792557633 11.877050390076842
0 96.97265625 31.640625 9.51443925056146 12.685919000748614
0 98.583984375 34.30989583333333 9.907643481901811 13.210191309202415
0 36.71875 17.578125 7.091644310682526 9.455525747576702
0 37.98828125 16.927083333333336 6.959078522333606 9.278771363111476
0 72.8515625 16.536458333333336 6.878312786611722 9.171083715482297
0 77.294921875 21.028645833333336 7.756509415978292 10.342012554637723
0 79.833984375 19.986979166666664 7.561957820656658 10.08261042754221
0 79.296875 25.846354166666668 8.59924487524742 11.465659833663226
0 65.087890625 26.106770833333332 8.642457433170346 11.52327657756046
0 40.771484375 23.893229166666664 8.267954824306681 11.023939765742242
0 79.1015625 16.731770833333336 6.9188135063199665 9.225084675093289
0 31.982421875 23.697916666666664 8.234092750996119 10.978790334661493
0 27.685546875 22.65625 8.051090062422436 10.734786749896582
0 25.48828125 21.6796875 7.875664001809045 10.500885335745393
0 99.51171875 22.005208333333336 7.9345703125 10.579427083333332
0 94.3359375 26.432291666666668 8.696171172348027 11.594894896464037
0 92.529296875 23.046875 8.120199399200482 10.82693253226731
0 63.96484375 15.0390625 6.559504779115197 8.746006372153596
0 60.64453125 35.48177083333333 10.075423595714831 13.433898127619774
0 67.138671875 30.989583333333332 9.416045300623482 12.554727067497975
