0 43.701171875 83.65885416666666 15.470937323775116 20.627916431700154
0 6.103515625 75.26041666666666 14.673846777552866 19.565129036737154
0 23.6328125 54.8828125 12.530801493925663 16.707735325234218
0 42.529296875 70.3125 14.183288621365053 18.911051495153405
0 45.068359375 58.723958333333336 12.9618900034151 17.28252000455347
0 41.845703125 44.66145833333333 11.303869126862875 15.071825502483835
0 25.48828125 42.3828125 11.01173007365034 14.682306764867118
0 68.017578125 63.932291666666664 13.52448718637716 18.032649581836214
0 62.59765625 51.692708333333336 12.161168728742233 16.214891638322978
0 61.03515625 41.015625 10.832665618468535 14.443554157958047
0 59.716796875 31.315104166666668 9.465370128949479 12.62049350526597
0 42.1875 34.24479166666667 9.898238977189243 13.197651969585658
0 22.119140625 34.89583333333333 9.991885707852113 13.322514277136149
0 12.939453125 34.24479166666667 9.898238977189243 13.197651969585658
0 77.392578125 48.95833333333333 11.835155901895336 15.780207869193779
0 70.21484375 39.90885416666667 10.685511108405517 14.24734814454069
0 90.8203125 44.46614583333333 11.279125129746294 15.038833506328391
0 95.41015625 55.533854166666664 12.604905046425404 16.80654006190054
0 80.76171875 37.17447916666667 10.31295486371814 13.75060648495752
0 95.751953125 38.80208333333333 10.536301575703167 14.048402100937555
0 47.119140625 23.828125 8.256682897014576 11.008910529352768
0 30.419921875 20.377604166666664 7.635495607419925 10.180660809893233
0 50.48828125 28.3203125 9.001392336274797 12.001856448366395
0 56.787109375 38.80208333333333 10.536301575703167 14.048402100937555
0 56.982421875 24.0234375 8.290452702152177 11.053936936202902
0 65.625 28.776041666666668 9.073528288158268 12.098037717544358
0 76.513671875 29.4921875 9.185740321833748 12.247653762444997
0 32.32421875 26.7578125 8.749555167743805 11.66607355699174
0 23.486328125 28.776041666666668 9.073528288158268 12.098037717544358
0 7.8125 27.408854166666668 8.855357744474432 11.807143659299243
0 19.921875 22.200520833333336 7.969705113037473 10.626273484049964
