0 99.12109375 22.200520833333336 7.969705113037473 10.626273484049964
0 93.212890625 22.65625 8.051090062422436 10.734786749896582
0 86.1328125 22.005208333333336 7.9345703125 10.579427083333332
0 77.978515625 20.833333333333336 7.720404443770458 10.293872591693944
0 85.546875 18.294270833333336 7.234661615679748 9.646215487572997
0 73.046875 23.177083333333336 8.143105507889608 10.857474010519478
0 62.01171875 14.778645833333334 6.502464524127966 8.669952698837287
0 80.859375 17.643229166666664 7.104764847914316 9.473019797219088
0 50.78125 10.9375 5.593964471381641 7.458619295175521
0 77.83203125 15.625 6.686066375795484 8.914755167727312
0 46.38671875 15.625 6.686066375795484 8.914755167727312
0 39.84375 16.471354166666664 6.864759447755123 9.15301259700683
0 31.787109375 19.466145833333336 7.462780310447684 9.950373747263578
0 43.75 14.453125 6.430452730012657 8.57393697335021
0 27.001953125 16.471354166666664 6.864759447755123 9.15301259700683
0 6.25 18.489583333333336 7.273178276253042 9.697571035004056
0 31.396484375 15.104166666666666 6.573687508709111 8.764916678278816
0 2.734375 30.208333333333332 9.296598029619028 12.395464039492039
0 2.490234375 21.158854166666664 7.780486318348366 10.373981757797822
0 1.318359375 16.9921875 6.972448522214271 9.296598029619028
