0 67.3828125 13.151041666666666 6.133957288281793 8.178609717709058
0 59.765625 14.127604166666666 6.3576253222655215 8.476833763020695
0 53.61328125 12.174479166666668 5.901818727360142 7.8690916364801895
0 50.244140625 22.786458333333336 8.074192233473482 10.765589644631309
0 47.265625 14.127604166666666 6.3576253222655215 8.476833763020695
0 41.259765625 12.369791666666668 5.948971157720314 7.931961543627086
0 42.431640625 22.005208333333336 7.9345703125 10.579427083333332
0 34.619140625 22.786458333333336 8.074192233473482 10.765589644631309
0 34.86328125 14.2578125 6.386855937639267 8.515807916852356
0 32.568359375 26.953125 8.78142979122202 11.708573054962693
0 26.904296875 20.572916666666664 7.672000176987631 10.229333569316841
0 30.6640625 13.4765625 6.209408553886659 8.279211405182211
0 24.12109375 14.2578125 6.386855937639267 8.515807916852356
0 10.400390625 38.99739583333333 10.562785827561513 14.083714436748682
0 9.47265625 30.989583333333332 9.416045300623482 12.554727067497975
0 4.39453125 41.27604166666667 10.867000619363317 14.489334159151088
0 3.076171875 53.450520833333336 12.366210686862065 16.488280915816087
0 3.90625 28.255208333333332 8.991039955234518 11.988053273646026
0 12.353515625 23.4375 8.188725503539269 10.918300671385692
0 4.296875 22.786458333333336 8.074192233473482 10.765589644631309
0 17.3828125 13.932291666666666 6.313525654778199 8.418034206370931
0 8.349609375 15.755208333333334 6.7138671875 8.951822916666668
0 1.513671875 16.9921875 6.972448522214271 9.296598029619028
0 8.349609375 22.981770833333336 8.108722079825698 10.811629439767596
