0 78.22265625 20.638020833333336 7.684129829110212 10.245506438813615
0 35.791015625 18.1640625 7.208869513560617 9.611826018080823
0 85.986328125 26.497395833333332 8.706874156303165 11.609165541737553
0 56.591796875 19.596354166666664 7.487697843252746 9.983597124336994
0 90.576171875 20.3125 7.62328857226367 10.164384763018226
0 60.302734375 14.973958333333334 6.545291317604741 8.727055090139656
0 27.1484375 22.981770833333336 8.108722079825698 10.811629439767596
0 7.6171875 22.981770833333336 8.108722079825698 10.811629439767596
0 46.77734375 16.666666666666664 6.905339660024879 9.207119546699838
0 12.451171875 16.927083333333336 6.959078522333606 9.278771363111476
0 19.970703125 14.6484375 6.473755931273323 8.631674575031097
0 88.720703125 15.885416666666666 6.741553355216833 8.988737806955777
0 2.978515625 16.471354166666664 6.864759447755123 9.15301259700683
0 23.779296875 13.0859375 6.118755388111396 8.15834051748186
