0 73.92578125 43.75 11.187928942763282 14.917238590351042
0 48.486328125 15.0390625 6.559504779115197 8.746006372153596
0 11.572265625 17.838541666666664 7.143981879101334 9.525309172135112
0 9.86328125 31.184895833333332 9.445671106287941 12.594228141717254
0 5.6640625 26.5625 8.717563999686098 11.62341866624813
0 16.259765625 18.880208333333336 7.349606066157407 9.799474754876544
0 34.814453125 16.6015625 6.891839471823862 9.189119295765149
0 90.8203125 18.489583333333336 7.273178276253042 9.697571035004056
0 78.955078125 16.471354166666664 6.864759447755123 9.15301259700683
0 1.123046875 64.58333333333334 13.593174713940485 18.124232951920646
0 36.62109375 16.2109375 6.810276368536802 9.080368491382403
0 44.287109375 15.4296875 6.644147051109997 8.858862734813329
0 60.986328125 16.2109375 6.810276368536802 9.080368491382403
0 13.623046875 16.796875 6.932261164306974 9.243014885742634
0 8.10546875 16.927083333333336 6.959078522333606 9.278771363111476
0 23.4375 15.169270833333334 6.587839704871492 8.783786273161988
0 97.412109375 32.09635416666667 9.58271390875707 12.77695187834276
0 9.08203125 41.40625 10.884127502518925 14.512170003358568
0 19.3359375 19.401041666666664 7.450290292806215 9.933720390408286
0 25.390625 18.880208333333336 7.349606066157407 9.799474754876544
0 75.29296875 15.690104166666666 6.699981201202437 8.933308268269917
0 72.0703125 15.8203125 6.72772451325946 8.970299351012613
0 87.3046875 17.96875 7.170007400189656 9.56000986691954
0 84.814453125 19.140625 7.400119417103358 9.866825889471144
0 55.078125 14.518229166666666 6.444919458600731 8.593225944800976
0 27.783203125 16.796875 6.932261164306974 9.243014885742634
0 8.7890625 20.182291666666664 7.598815672600545 10.13175423013406
0 99.267578125 21.223958333333336 7.792447103762027 10.389929471682702
0 87.98828125 32.48697916666667 9.640850219074288 12.854466958765718
0 75.1953125 25.130208333333332 8.479274895904423 11.305699861205897
0 76.5625 17.317708333333336 7.038917599286375 9.385223465715166
0 92.96875 30.794270833333332 9.386325988299376 12.515101317732501
0 93.896484375 24.21875 8.324085508414218 11.098780677885625
0 92.87109375 24.869791666666664 8.435226416678011 11.246968555570682
0 67.919921875 19.791666666666664 7.524919437217989 10.033225916290652
0 37.98828125 18.489583333333336 7.273178276253042 9.697571035004056
