0 74.853515625 41.27604166666667 10.867000619363317 14.489334159151088
0 50.732421875 37.17447916666667 10.31295486371814 13.75060648495752
0 56.689453125 26.888020833333332 8.770817787597604 11.694423716796805
0 40.91796875 32.2265625 9.60213178866716 12.802842384889546
0 21.044921875 38.21614583333333 10.456446349494515 13.941928465992687
0 42.626953125 44.59635416666667 11.295627150464934 15.060836200619912
0 37.98828125 59.114583333333336 13.004929048255931 17.339905397674574
0 75.1953125 69.7265625 14.124067950935224 18.832090601246964
0 61.328125 57.03125 12.773711875278535 17.031615833704713
0 50.5859375 76.30208333333334 14.7750469200564 19.700062560075203
0 43.408203125 25.651041666666668 8.566692411876344 11.422256549168457
0 31.298828125 21.2890625 7.804389558437758 10.405852744583676
0 25.439453125 25.520833333333332 8.544921875 11.393229166666668
0 26.220703125 19.010416666666664 7.37490598974278 9.833207986323707
0 44.3359375 16.471354166666664 6.864759447755123 9.15301259700683
0 50.87890625 11.458333333333332 5.72560517556571 7.634140234087614
0 56.0546875 14.6484375 6.473755931273323 8.631674575031097
0 60.400390625 19.7265625 7.512532730158185 10.01671030687758
0 68.26171875 23.2421875 8.154534433525017 10.872712578033356
0 13.96484375 21.744791666666664 7.887480458569388 10.51664061142585
0 12.59765625 26.041666666666668 8.631674575031099 11.508899433374797
0 4.345703125 31.640625 9.51443925056146 12.685919000748614
0 9.9609375 33.07291666666667 9.727403229070575 12.9698709720941
0 7.51953125 22.8515625 8.085718566584333 10.780958088779109
0 7.666015625 17.578125 7.091644310682526 9.455525747576702
0 98.583984375 22.65625 8.051090062422436 10.734786749896582
0 95.849609375 25.130208333333332 8.479274895904423 11.305699861205897
0 86.669921875 20.377604166666664 7.635495607419925 10.180660809893233
0 81.0546875 23.828125 8.256682897014576 11.008910529352768
0 69.775390625 15.559895833333334 6.672122530845778 8.896163374461038
0 58.740234375 14.6484375 6.473755931273323 8.631674575031097
0 77.24609375 45.703125 11.434932858395506 15.24657714452734
0 74.755859375 53.7109375 12.396298835198914 16.528398446931885
0 66.943359375 51.3671875 12.122817423120853 16.16375656416114
0 60.44921875 44.20572916666667 11.24604844524431 14.994731260325747
0 60.7421875 37.56510416666667 10.366996918617573 13.822662558156765
0 62.841796875 31.25 9.4555257475767 12.607367663435602
0 50.048828125 25.325520833333332 8.512161670520847 11.349548894027794
0 52.978515625 49.4140625 11.89011214525034 15.853482860333786
0 33.69140625 76.62760416666666 14.8065301156106 19.742040154147467
0 20.654296875 60.221354166666664 13.126106669681741 17.501475559575656
0 14.84375 53.645833333333336 12.388783648794213 16.518378198392284
0 8.544921875 58.919270833333336 12.983427359730621 17.311236479640826
0 11.962890625 64.51822916666666 13.586321587861368 18.115095450481824
0 65.087890625 75.26041666666666 14.673846777552866 19.565129036737154
0 3.857421875 65.49479166666666 13.688758234866825 18.2516776464891
0 16.943359375 42.12239583333333 10.977847746951262 14.63713032926835
0 23.193359375 21.744791666666664 7.887480458569388 10.51664061142585
0 38.818359375 23.046875 8.120199399200482 10.82693253226731
0 64.892578125 25.846354166666668 8.59924487524742 11.465659833663226
0 82.373046875 27.9296875 8.939098215256843 11.918797620342456
0 91.2109375 32.2265625 9.60213178866716 12.802842384889546
0 72.4609375 28.255208333333332 8.991039955234518 11.988053273646026
0 55.46875 16.666666666666664 6.905339660024879 9.207119546699838
0 94.970703125 20.8984375 7.732458166088822 10.309944221451763
0 78.662109375 19.401041666666664 7.450290292806215 9.933720390408286
0 77.099609375 28.7109375 9.063258303782652 12.084344405043536
0 71.435546875 33.0078125 9.717824296930333 12.957099062573777
0 10.791015625 19.270833333333336 7.425247229367944 9.900329639157258
0 16.748046875 15.299479166666666 6.61605328023645 8.821404373648601
0 38.28125 15.625 6.686066375795484 8.914755167727312
0 22.36328125 18.359375 7.247523246483103 9.663364328644137
0 1.953125 24.283854166666664 8.33526628646708 11.113688381956106
0 59.033203125 22.135416666666664 7.958010748538389 10.610680998051187
0 62.59765625 23.567708333333336 8.211440458419013 10.948587277892017
0 53.3203125 19.010416666666664 7.37490598974278 9.833207986323707
0 33.447265625 17.838541666666664 7.143981879101334 9.525309172135112
0 15.72265625 19.401041666666664 7.450290292806215 9.933720390408286
0 18.26171875 39.19270833333333 10.589203840879804 14.118938454506406
0 36.23046875 36.5234375 10.22224989284926 13.629666523799013
0 89.208984375 17.447916666666664 7.065330140863174 9.420440187817565
0 71.2890625 14.973958333333334 6.545291317604741 8.727055090139656
0 41.943359375 20.572916666666664 7.672000176987631 10.229333569316841
0 48.2421875 20.182291666666664 7.598815672600545 10.13175423013406
0 56.689453125 20.3125 7.62328857226367 10.164384763018226
0 29.541015625 15.4296875 6.644147051109997 8.858862734813329
0 19.775390625 21.2890625 7.804389558437758 10.405852744583676
0 10.83984375 16.796875 6.932261164306974 9.243014885742634
0 4.296875 18.098958333333336 7.195938795502683 9.594585060670244
0 16.69921875 21.549479166666664 7.85197774064246 10.469303654189947
0 47.16796875 21.6796875 7.875664001809045 10.500885335745393
0 52.294921875 17.447916666666664 7.065330140863174 9.420440187817565
0 60.83984375 14.713541666666666 6.488126106405426 8.650834808540568
0 66.259765625 22.200520833333336 7.969705113037473 10.626273484049964
0 74.853515625 24.153645833333336 8.312889692307273 11.083852923076364
0 78.271484375 24.283854166666664 8.33526628646708 11.113688381956106
0 85.25390625 24.869791666666664 8.435226416678011 11.246968555570682
0 90.72265625 30.859375 9.396242870080965 12.52832382677462
0 84.375 23.111979166666664 8.131660519088275 10.842214025451032
0 58.447265625 17.838541666666664 7.143981879101334 9.525309172135112
0 64.55078125 16.666666666666664 6.905339660024879 9.207119546699838
0 51.220703125 17.838541666666664 7.143981879101334 9.525309172135112
0 19.921875 13.997395833333334 6.328259690346595 8.437679587128793
0 26.46484375 14.6484375 6.473755931273323 8.631674575031097
0 23.388671875 14.518229166666666 6.444919458600731 8.593225944800976
0 27.9296875 24.609375 8.39094670707246 11.187928942763282
0 29.541015625 18.489583333333336 7.273178276253042 9.697571035004056
0 29.4921875 23.502604166666664 8.200090846279542 10.933454461706056
