0 72.412109375 40.49479166666667 10.763667046233154 14.351556061644205
0 38.76953125 27.734375 8.907787792557633 11.877050390076842
0 39.013671875 17.578125 7.091644310682526 9.455525747576702
0 23.779296875 18.5546875 7.28597191547444 9.714629220632586
0 4.345703125 19.596354166666664 7.487697843252746 9.983597124336994
0 3.515625 34.9609375 10.001202153426476 13.334936204568635
0 25.927734375 17.057291666666664 6.985792933508055 9.31439057801074
0 56.34765625 16.015625 6.7691262856502785 9.025501714200372
0 70.21484375 18.880208333333336 7.349606066157407 9.799474754876544
0 80.126953125 18.684895833333336 7.311492035346033 9.748656047128044
0 90.8203125 22.981770833333336 8.108722079825698 10.811629439767596
0 84.86328125 19.140625 7.400119417103358 9.866825889471144
0 76.66015625 17.252604166666664 7.025674092542321 9.367565456723094
0 72.16796875 14.84375 6.516771394062079 8.689028525416106
0 66.11328125 16.927083333333336 6.959078522333606 9.278771363111476
0 43.65234375 16.666666666666664 6.905339660024879 9.207119546699838
0 83.88671875 17.122395833333336 6.9991119025755095 9.332149203434014
0 98.6328125 22.135416666666664 7.958010748538389 10.610680998051187
0 37.5 16.341145833333336 6.837572174807153 9.116762899742872
0 2.34375 18.033854166666664 7.182984799767957 9.577313066357275
0 9.423828125 19.3359375 7.437779301119349 9.917039068159132
0 88.76953125 18.5546875 7.28597191547444 9.714629220632586
0 77.587890625 16.471354166666664 6.864759447755123 9.15301259700683
0 82.861328125 22.200520833333336 7.969705113037473 10.626273484049964
0 7.666015625 20.703125 7.6962403643301345 10.261653819106845
0 4.1015625 24.088541666666664 8.301678777304348 11.068905036405797
0 96.97265625 21.419270833333336 7.828219811023351 10.437626414697803
