0 44.775390625 15.690104166666666 6.699981201202437 8.933308268269917
0 46.484375 15.8203125 6.72772451325946 8.970299351012613
0 53.125 13.671875 6.254242410864013 8.338989881152017
0 57.177734375 14.908854166666666 6.531046923532928 8.708062564710572
0 55.6640625 15.0390625 6.559504779115197 8.746006372153596
0 60.302734375 14.908854166666666 6.531046923532928 8.708062564710572
0 62.79296875 14.388020833333334 6.415953381844678 8.554604509126236
0 64.697265625 15.690104166666666 6.699981201202437 8.933308268269917
0 72.65625 18.359375 7.247523246483103 9.663364328644137
0 73.14453125 15.0390625 6.559504779115197 8.746006372153596
0 73.876953125 17.838541666666664 7.143981879101334 9.525309172135112
0 76.806640625 16.927083333333336 6.959078522333606 9.278771363111476
0 78.515625 18.229166666666664 7.221777078979024 9.629036105305365
0 79.4921875 16.796875 6.932261164306974 9.243014885742634
0 80.224609375 19.205729166666664 7.412693970636669 9.883591960848893
0 82.2265625 21.484375 7.840107775064166 10.453477033418888
0 82.2265625 16.927083333333336 6.959078522333606 9.278771363111476
0 83.349609375 16.796875 6.932261164306974 9.243014885742634
0 85.25390625 18.684895833333336 7.311492035346033 9.748656047128044
0 90.283203125 23.6328125 8.222774405094897 10.963699206793196
0 99.0234375 22.005208333333336 7.9345703125 10.579427083333332
0 11.03515625 18.359375 7.247523246483103 9.663364328644137
0 5.908203125 18.815104166666664 7.336923388776433 9.782564518368577
0 4.833984375 19.075520833333336 7.3875234600282 9.850031280037602
0 3.515625 19.205729166666664 7.412693970636669 9.883591960848893
0 0.390625 18.359375 7.247523246483103 9.663364328644137
0 2.099609375 17.838541666666664 7.143981879101334 9.525309172135112
0 2.880859375 18.815104166666664 7.336923388776433 9.782564518368577
0 1.611328125 20.247395833333336 7.611061958825638 10.148082611767517
0 95.41015625 22.265625 7.981382342908947 10.641843123878598
0 95.41015625 21.484375 7.840107775064166 10.453477033418888
