0 66.50390625 15.625 6.686066375795484 8.914755167727312
0 59.08203125 15.169270833333334 6.587839704871492 8.783786273161988
0 75.9765625 52.473958333333336 12.25272210686324 16.336962809150986
0 36.42578125 16.536458333333336 6.878312786611722 9.171083715482297
0 24.8046875 17.903645833333336 7.157006469457137 9.542675292609516
0 37.744140625 16.536458333333336 6.878312786611722 9.171083715482297
0 42.67578125 15.690104166666666 6.699981201202437 8.933308268269917
0 26.611328125 18.5546875 7.28597191547444 9.714629220632586
0 23.291015625 16.536458333333336 6.878312786611722 9.171083715482297
0 45.361328125 15.169270833333334 6.587839704871492 8.783786273161988
0 18.603515625 21.875 7.911060422861158 10.548080563814876
0 46.484375 15.364583333333334 6.6301150458985685 8.840153394531425
0 11.279296875 21.158854166666664 7.780486318348366 10.373981757797822
0 2.490234375 18.033854166666664 7.182984799767957 9.577313066357275
0 7.666015625 19.270833333333336 7.425247229367944 9.900329639157258
0 9.716796875 25.455729166666668 8.53401578009617 11.378687706794894
0 13.330078125 18.9453125 7.3622668956389274 9.816355860851903
0 3.955078125 20.182291666666664 7.598815672600545 10.13175423013406
0 9.228515625 18.5546875 7.28597191547444 9.714629220632586
0 5.126953125 17.578125 7.091644310682526 9.455525747576702
0 73.6328125 16.015625 6.7691262856502785 9.025501714200372
0 79.150390625 18.5546875 7.28597191547444 9.714629220632586
0 85.546875 24.8046875 8.424178309229896 11.23223774563986
0 74.560546875 18.294270833333336 7.234661615679748 9.646215487572997
0 81.15234375 19.140625 7.400119417103358 9.866825889471144
0 77.24609375 15.8203125 6.72772451325946 8.970299351012613
0 81.884765625 16.861979166666664 6.945682786096826 9.260910381462436
0 87.3046875 19.921875 7.549631882844837 10.066175843793117
0 83.59375 17.057291666666664 6.985792933508055 9.31439057801074
0 93.798828125 20.833333333333336 7.720404443770458 10.293872591693944
0 89.404296875 19.140625 7.400119417103358 9.866825889471144
0 84.716796875 19.401041666666664 7.450290292806215 9.933720390408286
0 96.38671875 21.6796875 7.875664001809045 10.500885335745393
0 86.1328125 17.708333333333336 7.117861199762329 9.490481599683106
0 99.4140625 21.158854166666664 7.780486318348366 10.373981757797822
0 98.291015625 22.330729166666664 7.993042513249997 10.657390017666662
