0 97.412109375 54.8828125 12.530801493925663 16.707735325234218
0 80.859375 65.0390625 13.641050194474493 18.18806692596599
0 99.072265625 70.1171875 14.163575910488637 18.884767880651516
0 77.392578125 58.072916666666664 12.889838917201462 17.18645188960195
0 77.685546875 47.33072916666667 11.63676511531837 15.515686820424493
0 62.40234375 50.520833333333336 12.022531496333135 16.030041995110846
0 59.27734375 41.86197916666667 10.943860520654974 14.591814027539964
0 56.982421875 34.375 9.91703906815913 13.222718757545508
0 70.60546875 38.0859375 10.438617783500408 13.918157044667211
0 59.375 30.403645833333332 9.326603265341873 12.43547102045583
0 72.4609375 32.09635416666667 9.58271390875707 12.77695187834276
0 43.701171875 43.1640625 11.112757236348344 14.817009648464458
0 45.166015625 54.752604166666664 12.515928133795093 16.687904178393456
0 34.9609375 58.658854166666664 12.95470292772896 17.272937236971945
0 41.552734375 67.12239583333334 13.857803393240637 18.477071190987516
0 44.921875 85.61197916666666 15.650489996286726 20.86731999504897
0 21.58203125 55.989583333333336 12.65651938069319 16.875359174257586
0 4.19921875 72.8515625 14.437104702776942 19.249472937035925
0 16.259765625 41.34114583333333 10.87556743237638 14.500756576501841
0 0.537109375 51.953125 12.191762912254749 16.25568388300633
0 4.638671875 36.26302083333333 10.185741740892722 13.580988987856962
0 21.484375 35.02604166666667 10.010509928501419 13.347346571335224
0 20.01953125 28.776041666666668 9.073528288158268 12.098037717544358
0 28.90625 31.380208333333332 9.475204282385269 12.633605709847027
0 26.611328125 23.893229166666664 8.267954824306681 11.023939765742242
0 40.234375 34.50520833333333 9.935803586486637 13.247738115315515
0 19.580078125 21.354166666666664 7.816313766397521 10.421751688530028
0 3.02734375 29.752604166666668 9.22620633412535 12.301608445500468
0 39.35546875 26.692708333333332 8.738904457566134 11.651872610088178
0 3.02734375 24.283854166666664 8.33526628646708 11.113688381956106
0 49.12109375 26.3671875 8.685454999241765 11.580606665655687
0 64.94140625 27.669270833333332 8.897326499702912 11.863101999603883
0 75.5859375 29.427083333333332 9.175595934065496 12.234127912087327
0 60.546875 22.916666666666664 8.097228492078614 10.796304656104818
0 70.703125 22.0703125 7.946299173761924 10.595065565015899
0 57.8125 21.354166666666664 7.816313766397521 10.421751688530028
0 45.8984375 22.200520833333336 7.969705113037473 10.626273484049964
0 43.1640625 30.013020833333332 9.266495636406846 12.35532751520913
0 12.060546875 20.833333333333336 7.720404443770458 10.293872591693944
0 32.8125 20.963541666666664 7.7444931277157725 10.325990836954363
0 43.65234375 16.2109375 6.810276368536802 9.080368491382403
0 50.927734375 18.1640625 7.208869513560617 9.611826018080823
0 87.01171875 33.33333333333333 9.765625 13.020833333333334
0 90.8203125 40.36458333333333 10.746348182164922 14.328464242886563
0 98.876953125 30.143229166666668 9.286574740419274 12.382099653892366
0 86.083984375 25.5859375 8.555814067917595 11.407752090556793
0 78.3203125 22.786458333333336 8.074192233473482 10.765589644631309
0 95.068359375 37.43489583333333 10.349014256477766 13.798685675303688
0 59.716796875 14.778645833333334 6.502464524127966 8.669952698837287
0 64.84375 14.973958333333334 6.545291317604741 8.727055090139656
0 53.61328125 15.950520833333334 6.755353888299149 9.0071385177322
0 79.78515625 17.057291666666664 6.985792933508055 9.31439057801074
0 82.080078125 22.721354166666664 8.062649422377262 10.75019922983635
0 94.04296875 21.484375 7.840107775064166 10.453477033418888
0 88.623046875 20.963541666666664 7.7444931277157725 10.325990836954363
0 75.48828125 19.270833333333336 7.425247229367944 9.900329639157258
0 91.11328125 20.247395833333336 7.611061958825638 10.148082611767517
0 75.1953125 16.341145833333336 6.837572174807153 9.116762899742872
0 91.50390625 25.130208333333332 8.479274895904423 11.305699861205897
0 96.044921875 25.520833333333332 8.544921875 11.393229166666668
0 69.7265625 18.880208333333336 7.349606066157407 9.799474754876544
0 50.146484375 15.755208333333334 6.7138671875 8.951822916666668
0 34.47265625 18.294270833333336 7.234661615679748 9.646215487572997
0 22.314453125 16.341145833333336 6.837572174807153 9.116762899742872
0 7.666015625 18.424479166666664 7.2603620931215325 9.680482790828709
0 93.701171875 56.966145833333336 12.766418861909113 17.021891815878817
0 90.283203125 45.8984375 11.459340426952263 15.279120569269683
0 85.44921875 35.7421875 10.11233003282525 13.483106710433667
0 85.7421875 30.143229166666668 9.286574740419274 12.382099653892366
0 61.474609375 33.7890625 9.832155574699105 13.109540766265473
0 24.21875 61.1328125 13.225066333020294 17.633421777360393
0 23.876953125 40.10416666666667 10.711626449453275 14.282168599271033
0 26.318359375 56.966145833333336 12.766418861909113 17.021891815878817
0 2.294921875 58.919270833333336 12.983427359730621 17.311236479640826
0 8.056640625 30.143229166666668 9.286574740419274 12.382099653892366
0 30.37109375 21.940104166666664 7.92282408798045 10.5637654506406
0 31.298828125 24.153645833333336 8.312889692307273 11.083852923076364
0 11.1328125 33.7890625 9.832155574699105 13.109540766265473
