0 1.123046875 19.53125 7.475249459177179 9.966999278902906
0 3.7109375 19.466145833333336 7.462780310447684 9.950373747263578
0 4.638671875 18.9453125 7.3622668956389274 9.816355860851903
0 5.95703125 18.619791666666664 7.298743129334349 9.731657505779133
0 7.12890625 20.377604166666664 7.635495607419925 10.180660809893233
0 3.955078125 24.869791666666664 8.435226416678011 11.246968555570682
0 9.716796875 18.294270833333336 7.234661615679748 9.646215487572997
0 11.71875 17.252604166666664 7.025674092542321 9.367565456723094
0 10.3515625 20.182291666666664 7.598815672600545 10.13175423013406
0 6.201171875 22.200520833333336 7.969705113037473 10.626273484049964
0 13.818359375 18.424479166666664 7.2603620931215325 9.680482790828709
0 15.52734375 19.010416666666664 7.37490598974278 9.833207986323707
0 17.28515625 16.471354166666664 6.864759447755123 9.15301259700683
0 20.068359375 16.536458333333336 6.878312786611722 9.171083715482297
0 18.603515625 18.75 7.32421875 9.765625
0 18.994140625 21.419270833333336 7.828219811023351 10.437626414697803
0 15.576171875 23.4375 8.188725503539269 10.918300671385692
0 10.791015625 23.567708333333336 8.211440458419013 10.948587277892017
0 7.51953125 28.7109375 9.063258303782652 12.084344405043536
0 5.2734375 38.15104166666667 10.447535869521296 13.930047826028394
0 1.708984375 53.385416666666664 12.358677204172722 16.478236272230294
0 4.39453125 70.3125 14.183288621365053 18.911051495153405
0 9.5703125 32.87760416666667 9.698638050580264 12.931517400773687
0 21.97265625 16.666666666666664 6.905339660024879 9.207119546699838
0 23.779296875 18.75 7.32421875 9.765625
0 24.51171875 16.276041666666664 6.823937919616058 9.09858389282141
0 28.3203125 14.127604166666666 6.3576253222655215 8.476833763020695
0 29.638671875 16.080729166666664 6.782870718656271 9.043827624875028
0 28.759765625 16.471354166666664 6.864759447755123 9.15301259700683
0 27.63671875 17.057291666666664 6.985792933508055 9.31439057801074
0 25.68359375 18.815104166666664 7.336923388776433 9.782564518368577
0 27.1484375 19.661458333333336 7.500125566067204 10.00016742142294
0 30.224609375 21.419270833333336 7.828219811023351 10.437626414697803
0 25.927734375 23.046875 8.120199399200482 10.82693253226731
0 28.759765625 30.338541666666668 9.316612257369233 12.42214967649231
0 19.677734375 28.580729166666668 9.042683343523592 12.056911124698123
0 23.6328125 35.3515625 10.056919588186085 13.409226117581447
0 25.537109375 52.213541666666664 12.222280514221671 16.29637401896223
0 30.859375 17.057291666666664 6.985792933508055 9.31439057801074
0 32.177734375 16.666666666666664 6.905339660024879 9.207119546699838
0 33.30078125 15.4296875 6.644147051109997 8.858862734813329
0 34.08203125 17.708333333333336 7.117861199762329 9.490481599683106
0 34.9609375 16.080729166666664 6.782870718656271 9.043827624875028
0 36.474609375 17.252604166666664 7.025674092542321 9.367565456723094
0 38.623046875 15.234375 6.60196156395994 8.802615418613254
0 40.576171875 16.536458333333336 6.878312786611722 9.171083715482297
0 39.111328125 18.75 7.32421875 9.765625
0 37.646484375 19.3359375 7.437779301119349 9.917039068159132
0 41.259765625 22.135416666666664 7.958010748538389 10.610680998051187
0 38.427734375 22.721354166666664 8.062649422377262 10.75019922983635
0 41.650390625 30.533854166666668 9.346553241646458 12.462070988861944
0 38.427734375 33.13802083333333 9.736972737758677 12.982630317011571
0 42.87109375 40.234375 10.72900136184506 14.305335149126746
0 44.43359375 56.315104166666664 12.693258266043348 16.924344354724465
0 51.123046875 68.22916666666666 13.97158586701611 18.62878115602148
0 44.873046875 81.70572916666666 15.28927618392987 20.38570157857316
0 77.783203125 67.25260416666666 13.871238009476944 18.494984012635925
0 99.072265625 82.03125 15.319702634290936 20.42627017905458
0 28.857421875 95.57291666666666 16.535909648613362 22.047879531484483
0 43.75 16.276041666666664 6.823937919616058 9.09858389282141
0 45.556640625 16.276041666666664 6.823937919616058 9.09858389282141
0 47.265625 16.471354166666664 6.864759447755123 9.15301259700683
0 48.14453125 18.9453125 7.3622668956389274 9.816355860851903
0 46.337890625 18.294270833333336 7.234661615679748 9.646215487572997
0 45.751953125 21.419270833333336 7.828219811023351 10.437626414697803
0 47.216796875 23.111979166666664 8.131660519088275 10.842214025451032
0 46.6796875 26.432291666666668 8.696171172348027 11.594894896464037
0 50.29296875 27.473958333333332 8.865868558553435 11.821158078071248
0 52.05078125 33.59375 9.803697756475225 13.071597008633635
0 50.9765625 13.4765625 6.209408553886659 8.279211405182211
0 51.220703125 16.276041666666664 6.823937919616058 9.09858389282141
0 54.833984375 14.84375 6.516771394062079 8.689028525416106
0 54.052734375 16.861979166666664 6.945682786096826 9.260910381462436
0 55.810546875 15.104166666666666 6.573687508709111 8.764916678278816
0 57.275390625 15.0390625 6.559504779115197 8.746006372153596
0 59.27734375 15.559895833333334 6.672122530845778 8.896163374461038
0 56.689453125 19.3359375 7.437779301119349 9.917039068159132
0 58.056640625 20.572916666666664 7.672000176987631 10.229333569316841
0 56.591796875 24.479166666666664 8.36871899463018 11.15829199284024
0 56.689453125 35.48177083333333 10.075423595714831 13.433898127619774
0 61.1328125 31.705729166666668 9.524222738236839 12.698963650982451
0 61.865234375 15.625 6.686066375795484 8.914755167727312
0 62.98828125 15.625 6.686066375795484 8.914755167727312
0 64.794921875 16.341145833333336 6.837572174807153 9.116762899742872
0 66.259765625 17.578125 7.091644310682526 9.455525747576702
0 67.7734375 16.080729166666664 6.782870718656271 9.043827624875028
0 64.697265625 19.3359375 7.437779301119349 9.917039068159132
0 69.091796875 19.986979166666664 7.561957820656658 10.08261042754221
0 66.796875 24.088541666666664 8.301678777304348 11.068905036405797
0 64.94140625 28.255208333333332 8.991039955234518 11.988053273646026
0 59.912109375 41.53645833333333 10.901227477717134 14.53496997028951
0 63.232421875 50.390625 12.007028547916262 16.00937139722168
0 70.3125 15.364583333333334 6.6301150458985685 8.840153394531425
0 73.2421875 16.276041666666664 6.823937919616058 9.09858389282141
0 72.705078125 20.247395833333336 7.611061958825638 10.148082611767517
0 70.947265625 22.65625 8.051090062422436 10.734786749896582
0 76.416015625 17.252604166666664 7.025674092542321 9.367565456723094
0 78.3203125 15.8203125 6.72772451325946 8.970299351012613
0 78.662109375 18.033854166666664 7.182984799767957 9.577313066357275
0 80.712890625 18.815104166666664 7.336923388776433 9.782564518368577
0 77.734375 20.703125 7.6962403643301345 10.261653819106845
0 79.638671875 22.200520833333336 7.969705113037473 10.626273484049964
0 78.3203125 25.911458333333332 8.610068346964042 11.480091129285388
0 76.025390625 27.669270833333332 8.897326499702912 11.863101999603883
0 71.240234375 33.0078125 9.717824296930333 12.957099062573777
0 70.99609375 37.43489583333333 10.349014256477766 13.798685675303688
0 77.24609375 47.78645833333333 11.69265384562257 15.590205127496759
0 81.640625 35.3515625 10.056919588186085 13.409226117581447
0 82.71484375 17.903645833333336 7.157006469457137 9.542675292609516
0 83.984375 18.815104166666664 7.336923388776433 9.782564518368577
0 84.9609375 19.3359375 7.437779301119349 9.917039068159132
0 87.890625 21.419270833333336 7.828219811023351 10.437626414697803
0 89.84375 21.419270833333336 7.828219811023351 10.437626414697803
0 90.283203125 19.205729166666664 7.412693970636669 9.883591960848893
0 84.521484375 23.6328125 8.222774405094897 10.963699206793196
0 85.888671875 21.614583333333336 7.863829789260941 10.485106385681254
0 88.037109375 25.065104166666668 8.468284256293707 11.291045675058275
0 86.181640625 26.041666666666668 8.631674575031099 11.508899433374797
0 87.353515625 29.296875 9.1552734375 12.20703125
0 90.771484375 31.4453125 9.485028239697298 12.646704319596397
0 85.888671875 33.72395833333333 9.82267879603948 13.096905061385971
0 90.13671875 39.19270833333333 10.589203840879804 14.118938454506406
0 92.7734375 21.2890625 7.804389558437758 10.405852744583676
0 95.21484375 21.809895833333336 7.8992792392241125 10.532372318965482
0 96.826171875 22.65625 8.051090062422436 10.734786749896582
0 97.4609375 21.614583333333336 7.863829789260941 10.485106385681254
0 94.140625 23.893229166666664 8.267954824306681 11.023939765742242
0 91.11328125 26.953125 8.78142979122202 11.708573054962693
0 99.072265625 21.6796875 7.875664001809045 10.500885335745393
0 98.046875 23.372395833333336 8.177344364608315 10.903125819477753
0 99.51171875 23.6328125 8.222774405094897 10.963699206793196
0 97.900390625 25.325520833333332 8.512161670520847 11.349548894027794
0 97.8515625 29.622395833333332 9.205995562132786 12.274660749510382
0 97.0703125 32.68229166666667 9.669787303317175 12.893049737756234
0 95.1171875 37.76041666666667 10.393912576859377 13.85855010247917
0 93.994140625 53.125 12.32849723921152 16.437996318948695
0 99.51171875 33.91927083333333 9.851081781963485 13.134775709284646
0 4.19921875 28.059895833333332 8.959911044862793 11.946548059817056
0 5.029296875 27.669270833333332 8.897326499702912 11.863101999603883
0 11.572265625 25.5859375 8.555814067917595 11.407752090556793
0 7.71484375 36.00260416666667 10.149102263376399 13.53213635116853
0 20.99609375 39.77864583333333 10.668065364348472 14.224087152464628
0 23.828125 40.8203125 10.806842779312605 14.40912370575014
0 21.77734375 57.161458333333336 12.788285424656348 17.05104723287513
0 25.927734375 58.919270833333336 12.983427359730621 17.311236479640826
0 2.587890625 76.3671875 14.78134892372111 19.708465231628146
0 5.2734375 76.82291666666666 14.825387941273338 19.767183921697786
0 42.28515625 88.99739583333334 15.956929275392302 21.27590570052307
0 61.767578125 55.013020833333336 12.545657221126994 16.72754296150266
0 64.55078125 57.291666666666664 12.802842384889546 17.07045651318606
0 74.853515625 51.497395833333336 12.138172486176355 16.184229981568475
0 77.9296875 52.34375 12.237510776222791 16.31668103496372
0 92.3828125 56.25 12.685919000748614 16.914558667664817
0 95.60546875 58.3984375 12.925914663420027 17.234552884560035
0 89.990234375 46.09375 11.48369611952318 15.311594826030909
0 86.71875 45.44270833333333 11.402308161785525 15.203077549047366
0 94.970703125 40.95052083333333 10.824064850444458 14.432086467259278
0 84.716796875 35.48177083333333 10.075423595714831 13.433898127619774
0 68.5546875 41.40625 10.884127502518925 14.512170003358568
0 58.154296875 46.09375 11.48369611952318 15.311594826030909
0 60.15625 45.83333333333333 11.45121035113142 15.268280468175227
0 40.966796875 45.76822916666667 11.443074499055587 15.25743266540745
0 43.505859375 46.875 11.580606665655687 15.440808887540916
0 59.521484375 34.11458333333333 9.87940311049722 13.17253748066296
0 63.76953125 30.533854166666668 9.346553241646458 12.462070988861944
0 64.453125 30.6640625 9.366460725843998 12.48861430112533
0 74.658203125 30.46875 9.336583582018038 12.448778109357384
0 76.416015625 32.09635416666667 9.58271390875707 12.77695187834276
0 75.5859375 23.372395833333336 8.177344364608315 10.903125819477753
0 70.01953125 25.1953125 8.490251308132054 11.320335077509403
0 70.849609375 25.520833333333332 8.544921875 11.393229166666668
0 96.533203125 41.66666666666667 10.918300671385692 14.557734228514258
0 59.765625 24.479166666666664 8.36871899463018 11.15829199284024
0 58.056640625 23.6328125 8.222774405094897 10.963699206793196
0 48.876953125 31.4453125 9.485028239697298 12.646704319596397
0 50.341796875 31.0546875 9.425930915210266 12.567907886947022
0 40.185546875 38.34635416666667 10.474244568927316 13.965659425236424
0 37.40234375 26.5625 8.717563999686098 11.62341866624813
0 45.21484375 25.1953125 8.490251308132054 11.320335077509403
0 50.439453125 19.3359375 7.437779301119349 9.917039068159132
0 51.904296875 19.986979166666664 7.561957820656658 10.08261042754221
0 23.6328125 26.236979166666668 8.66398288975732 11.551977186343091
0 29.443359375 24.153645833333336 8.312889692307273 11.083852923076364
0 30.76171875 23.763020833333336 8.245395560367612 10.993860747156816
