0 3.173828125 24.739583333333336 8.413115693414442 11.217487591219255
0 21.484375 23.828125 8.256682897014576 11.008910529352768
0 6.298828125 30.143229166666668 9.286574740419274 12.382099653892366
0 30.17578125 21.09375 7.768507117527988 10.358009490037318
0 59.765625 39.77864583333333 10.668065364348472 14.224087152464628
0 66.650390625 26.497395833333332 8.706874156303165 11.609165541737553
0 34.228515625 20.963541666666664 7.7444931277157725 10.325990836954363
0 47.75390625 19.661458333333336 7.500125566067204 10.00016742142294
0 35.888671875 24.739583333333336 8.413115693414442 11.217487591219255
0 59.66796875 19.3359375 7.437779301119349 9.917039068159132
0 7.71484375 18.75 7.32421875 9.765625
0 15.91796875 16.796875 6.932261164306974 9.243014885742634
0 45.849609375 15.234375 6.60196156395994 8.802615418613254
0 86.5234375 31.575520833333332 9.50464569238125 12.672860923174998
0 78.076171875 38.0859375 10.438617783500408 13.918157044667211
0 76.904296875 27.734375 8.907787792557633 11.877050390076842
0 51.5625 14.322916666666666 6.401421192444773 8.53522825659303
0 35.546875 17.122395833333336 6.9991119025755095 9.332149203434014
0 40.52734375 15.690104166666666 6.699981201202437 8.933308268269917
0 24.8046875 15.690104166666666 6.699981201202437 8.933308268269917
0 26.708984375 15.234375 6.60196156395994 8.802615418613254
0 27.783203125 16.2109375 6.810276368536802 9.080368491382403
0 30.76171875 15.4296875 6.644147051109997 8.858862734813329
0 31.8359375 16.2109375 6.810276368536802 9.080368491382403
0 23.291015625 15.885416666666666 6.741553355216833 8.988737806955777
0 22.216796875 16.2109375 6.810276368536802 9.080368491382403
0 17.48046875 15.4296875 6.644147051109997 8.858862734813329
0 12.841796875 17.447916666666664 7.065330140863174 9.420440187817565
0 10.302734375 18.5546875 7.28597191547444 9.714629220632586
0 3.662109375 19.075520833333336 7.3875234600282 9.850031280037602
0 1.7578125 17.96875 7.170007400189656 9.56000986691954
0 4.248046875 18.229166666666664 7.221777078979024 9.629036105305365
0 0.5859375 19.53125 7.475249459177179 9.966999278902906
0 5.46875 20.768229166666664 7.708331872750909 10.277775830334546
0 55.46875 15.104166666666666 6.573687508709111 8.764916678278816
0 57.6171875 14.583333333333334 6.459353786778786 8.612471715705048
0 59.521484375 14.453125 6.430452730012657 8.57393697335021
0 62.158203125 14.908854166666666 6.531046923532928 8.708062564710572
0 65.13671875 16.536458333333336 6.878312786611722 9.171083715482297
0 67.626953125 15.559895833333334 6.672122530845778 8.896163374461038
0 68.701171875 15.4296875 6.644147051109997 8.858862734813329
0 79.4921875 24.4140625 8.357582969744357 11.143443959659143
0 74.4140625 17.643229166666664 7.104764847914316 9.473019797219088
0 75.5859375 16.341145833333336 6.837572174807153 9.116762899742872
0 77.34375 15.885416666666666 6.741553355216833 8.988737806955777
0 78.90625 17.122395833333336 6.9991119025755095 9.332149203434014
0 77.587890625 19.856770833333336 7.537285788103314 10.049714384137753
0 82.568359375 16.015625 6.7691262856502785 9.025501714200372
0 81.0546875 18.098958333333336 7.195938795502683 9.594585060670244
0 82.71484375 20.442708333333336 7.647683158045451 10.196910877393934
0 88.671875 23.828125 8.256682897014576 11.008910529352768
0 85.791015625 21.09375 7.768507117527988 10.358009490037318
0 84.9609375 17.7734375 7.130933499479933 9.50791133263991
0 94.82421875 24.283854166666664 8.33526628646708 11.113688381956106
0 95.8984375 29.6875 9.216106488367615 12.288141984490153
0 98.046875 32.03125 9.572990198582838 12.763986931443785
0 98.046875 24.609375 8.39094670707246 11.187928942763282
0 90.185546875 19.986979166666664 7.561957820656658 10.08261042754221
0 87.939453125 19.53125 7.475249459177179 9.966999278902906
0 87.59765625 17.447916666666664 7.065330140863174 9.420440187817565
0 96.97265625 20.638020833333336 7.684129829110212 10.245506438813615
0 98.779296875 20.638020833333336 7.684129829110212 10.245506438813615
