0 92.67578125 20.768229166666664 7.708331872750909 10.277775830334546
0 79.150390625 16.536458333333336 6.878312786611722 9.171083715482297
0 72.75390625 18.880208333333336 7.349606066157407 9.799474754876544
0 62.6953125 22.721354166666664 8.062649422377262 10.75019922983635
0 57.91015625 19.3359375 7.437779301119349 9.917039068159132
0 65.087890625 16.40625 6.8511792970714245 9.134905729428567
0 67.529296875 15.625 6.686066375795484 8.914755167727312
0 69.287109375 17.317708333333336 7.038917599286375 9.385223465715166
0 59.66796875 15.169270833333334 6.587839704871492 8.783786273161988
0 58.056640625 16.536458333333336 6.878312786611722 9.171083715482297
0 0.634765625 17.317708333333336 7.038917599286375 9.385223465715166
0 37.40234375 16.861979166666664 6.945682786096826 9.260910381462436
0 46.923828125 16.276041666666664 6.823937919616058 9.09858389282141
0 39.697265625 16.861979166666664 6.945682786096826 9.260910381462436
0 41.357421875 16.731770833333336 6.9188135063199665 9.225084675093289
0 43.65234375 17.057291666666664 6.985792933508055 9.31439057801074
0 82.275390625 17.7734375 7.130933499479933 9.50791133263991
0 32.861328125 15.8203125 6.72772451325946 8.970299351012613
0 83.984375 38.34635416666667 10.474244568927316 13.965659425236424
