0 31.591796875 20.703125 7.6962403643301345 10.261653819106845
0 44.873046875 17.1875 7.012405574387241 9.349874099182989
0 39.794921875 17.7734375 7.130933499479933 9.50791133263991
0 1.904296875 61.588541666666664 13.274269513508024 17.6990260180107
0 86.669921875 48.17708333333333 11.740346717328702 15.653795623104935
0 84.375 40.29947916666667 10.737678274999501 14.316904366666003
0 88.8671875 32.87760416666667 9.698638050580264 12.931517400773687
0 96.484375 37.6953125 10.38494844187839 13.84659792250452
0 91.50390625 30.46875 9.336583582018038 12.448778109357384
0 74.169921875 30.598958333333332 9.35651227829339 12.475349704391189
0 82.8125 23.893229166666664 8.267954824306681 11.023939765742242
0 95.99609375 29.817708333333332 9.236295135755345 12.315060181007127
0 93.9453125 24.283854166666664 8.33526628646708 11.113688381956106
0 83.984375 21.223958333333336 7.792447103762027 10.389929471682702
0 90.52734375 23.046875 8.120199399200482 10.82693253226731
0 81.103515625 20.963541666666664 7.7444931277157725 10.325990836954363
0 85.9375 20.3125 7.62328857226367 10.164384763018226
0 90.91796875 18.880208333333336 7.349606066157407 9.799474754876544
0 98.681640625 24.283854166666664 8.33526628646708 11.113688381956106
0 84.326171875 17.7734375 7.130933499479933 9.50791133263991
0 79.443359375 18.098958333333336 7.195938795502683 9.594585060670244
0 69.921875 18.9453125 7.3622668956389274 9.816355860851903
0 72.4609375 24.4140625 8.357582969744357 11.143443959659143
0 78.564453125 21.809895833333336 7.8992792392241125 10.532372318965482
0 60.3515625 21.875 7.911060422861158 10.548080563814876
0 62.451171875 12.955729166666666 6.088237714617921 8.117650286157229
0 59.9609375 17.903645833333336 7.157006469457137 9.542675292609516
0 67.1875 16.145833333333336 6.796587356970242 9.062116475960323
0 62.158203125 18.424479166666664 7.2603620931215325 9.680482790828709
0 66.015625 16.015625 6.7691262856502785 9.025501714200372
0 87.5 18.5546875 7.28597191547444 9.714629220632586
0 98.14453125 20.442708333333336 7.647683158045451 10.196910877393934
0 96.240234375 21.549479166666664 7.85197774064246 10.469303654189947
0 47.705078125 22.395833333333336 8.00468569861084 10.672914264814453
0 13.720703125 28.776041666666668 9.073528288158268 12.098037717544358
0 7.177734375 21.354166666666664 7.816313766397521 10.421751688530028
0 22.802734375 17.252604166666664 7.025674092542321 9.367565456723094
0 27.05078125 16.2109375 6.810276368536802 9.080368491382403
0 34.66796875 16.145833333333336 6.796587356970242 9.062116475960323
0 30.2734375 16.666666666666664 6.905339660024879 9.207119546699838
0 74.072265625 17.057291666666664 6.985792933508055 9.31439057801074
0 68.994140625 16.015625 6.7691262856502785 9.025501714200372
0 24.70703125 16.341145833333336 6.837572174807153 9.116762899742872
0 9.521484375 18.880208333333336 7.349606066157407 9.799474754876544
0 31.787109375 16.145833333333336 6.796587356970242 9.062116475960323
0 4.052734375 18.9453125 7.3622668956389274 9.816355860851903
0 18.115234375 16.861979166666664 6.945682786096826 9.260910381462436
0 2.63671875 19.466145833333336 7.462780310447684 9.950373747263578
0 57.421875 16.145833333333336 6.796587356970242 9.062116475960323
0 19.82421875 15.885416666666666 6.741553355216833 8.988737806955777
0 1.07421875 18.619791666666664 7.298743129334349 9.731657505779133
0 99.31640625 31.315104166666668 9.465370128949479 12.62049350526597
