0 81.34765625 52.669270833333336 12.275503760448466 16.36733834726462
0 58.0078125 51.5625 12.145842738117919 16.194456984157227
0 33.056640625 60.026041666666664 13.104803804677667 17.473071739570223
0 37.40234375 68.88020833333334 14.0380859375 18.717447916666664
0 2.44140625 64.51822916666666 13.586321587861368 18.115095450481824
0 56.982421875 45.18229166666667 11.36958984997385 15.159453133298467
0 58.59375 32.8125 9.689030680168178 12.918707573557572
0 50.390625 25.911458333333332 8.610068346964042 11.480091129285388
0 44.3359375 29.231770833333332 9.145095253766906 12.193460338355873
0 33.056640625 37.17447916666667 10.31295486371814 13.75060648495752
0 32.568359375 28.450520833333332 9.02206146184966 12.029415282466214
0 23.583984375 26.692708333333332 8.738904457566134 11.651872610088178
0 39.6484375 48.4375 11.772034620352729 15.696046160470303
0 72.216796875 38.0859375 10.438617783500408 13.918157044667211
0 84.86328125 39.84375 10.676791799643494 14.235722399524658
0 70.947265625 30.46875 9.336583582018038 12.448778109357384
0 59.08203125 38.73697916666667 10.527458685705774 14.036611580941033
0 77.490234375 37.17447916666667 10.31295486371814 13.75060648495752
0 89.94140625 29.4921875 9.185740321833748 12.247653762444997
0 7.958984375 26.3671875 8.685454999241765 11.580606665655687
0 22.412109375 20.442708333333336 7.647683158045451 10.196910877393934
0 5.76171875 22.65625 8.051090062422436 10.734786749896582
0 50.78125 13.411458333333334 6.194391824397107 8.259189099196142
0 57.568359375 14.0625 6.342959500374307 8.457279333832409
0 51.953125 16.2109375 6.810276368536802 9.080368491382403
0 60.009765625 14.388020833333334 6.415953381844678 8.554604509126236
0 61.181640625 13.0859375 6.118755388111396 8.15834051748186
0 39.6484375 14.6484375 6.473755931273323 8.631674575031097
0 39.74609375 19.856770833333336 7.537285788103314 10.049714384137753
0 31.884765625 17.7734375 7.130933499479933 9.50791133263991
0 41.162109375 18.098958333333336 7.195938795502683 9.594585060670244
0 26.953125 23.567708333333336 8.211440458419013 10.948587277892017
0 12.890625 19.661458333333336 7.500125566067204 10.00016742142294
0 34.814453125 16.40625 6.8511792970714245 9.134905729428567
0 45.60546875 17.7734375 7.130933499479933 9.50791133263991
0 33.740234375 15.169270833333334 6.587839704871492 8.783786273161988
0 27.294921875 15.625 6.686066375795484 8.914755167727312
0 12.548828125 15.950520833333334 6.755353888299149 9.0071385177322
0 3.271484375 17.513020833333336 7.0784994535786145 9.437999271438152
0 58.251953125 23.893229166666664 8.267954824306681 11.023939765742242
0 5.517578125 17.643229166666664 7.104764847914316 9.473019797219088
0 16.064453125 14.84375 6.516771394062079 8.689028525416106
0 17.919921875 14.0625 6.342959500374307 8.457279333832409
0 23.33984375 14.192708333333334 6.372257390692475 8.496343187589966
0 28.369140625 18.424479166666664 7.2603620931215325 9.680482790828709
0 25.78125 19.986979166666664 7.561957820656658 10.08261042754221
0 24.755859375 18.75 7.32421875 9.765625
0 44.3359375 14.518229166666666 6.444919458600731 8.593225944800976
0 42.578125 14.6484375 6.473755931273323 8.631674575031097
0 41.162109375 16.2109375 6.810276368536802 9.080368491382403
0 43.359375 16.40625 6.8511792970714245 9.134905729428567
0 29.19921875 16.2109375 6.810276368536802 9.080368491382403
0 31.201171875 15.950520833333334 6.755353888299149 9.0071385177322
0 19.677734375 15.950520833333334 6.755353888299149 9.0071385177322
0 16.89453125 20.638020833333336 7.684129829110212 10.245506438813615
0 9.47265625 18.294270833333336 7.234661615679748 9.646215487572997
0 7.71484375 18.294270833333336 7.234661615679748 9.646215487572997
0 80.322265625 24.674479166666664 8.402038511923953 11.202718015898604
0 78.662109375 20.638020833333336 7.684129829110212 10.245506438813615
0 82.421875 22.330729166666664 7.993042513249997 10.657390017666662
0 83.59375 20.8984375 7.732458166088822 10.309944221451763
0 88.96484375 25.78125 8.588407763348565 11.451210351131419
0 97.65625 25.911458333333332 8.610068346964042 11.480091129285388
0 89.453125 21.6796875 7.875664001809045 10.500885335745393
0 91.69921875 18.75 7.32421875 9.765625
0 89.208984375 17.1875 7.012405574387241 9.349874099182989
0 84.619140625 16.861979166666664 6.945682786096826 9.260910381462436
0 82.080078125 16.9921875 6.972448522214271 9.296598029619028
0 68.45703125 18.5546875 7.28597191547444 9.714629220632586
0 63.671875 23.763020833333336 8.245395560367612 10.993860747156816
0 72.314453125 16.40625 6.8511792970714245 9.134905729428567
0 65.185546875 14.518229166666666 6.444919458600731 8.593225944800976
0 63.76953125 13.8671875 6.298757153488249 8.398342871317666
0 57.666015625 17.7734375 7.130933499479933 9.50791133263991
0 68.701171875 15.4296875 6.644147051109997 8.858862734813329
0 70.556640625 15.950520833333334 6.755353888299149 9.0071385177322
0 78.759765625 17.7734375 7.130933499479933 9.50791133263991
0 76.416015625 17.513020833333336 7.0784994535786145 9.437999271438152
0 74.21875 17.1875 7.012405574387241 9.349874099182989
0 69.873046875 20.3125 7.62328857226367 10.164384763018226
0 72.216796875 21.419270833333336 7.828219811023351 10.437626414697803
0 74.90234375 25.5859375 8.555814067917595 11.407752090556793
0 95.068359375 17.513020833333336 7.0784994535786145 9.437999271438152
0 91.11328125 16.731770833333336 6.9188135063199665 9.225084675093289
0 95.556640625 17.513020833333336 7.0784994535786145 9.437999271438152
0 94.384765625 18.5546875 7.28597191547444 9.714629220632586
0 94.23828125 18.294270833333336 7.234661615679748 9.646215487572997
0 96.728515625 18.75 7.32421875 9.765625
0 86.767578125 17.7734375 7.130933499479933 9.50791133263991
0 95.068359375 16.536458333333336 6.878312786611722 9.171083715482297
0 88.037109375 18.880208333333336 7.349606066157407 9.799474754876544
0 95.41015625 19.986979166666664 7.561957820656658 10.08261042754221
0 96.38671875 16.40625 6.8511792970714245 9.134905729428567
0 94.62890625 22.786458333333336 8.074192233473482 10.765589644631309
0 93.5546875 17.96875 7.170007400189656 9.56000986691954
0 92.626953125 17.643229166666664 7.104764847914316 9.473019797219088
0 93.06640625 17.7734375 7.130933499479933 9.50791133263991
0 92.3828125 17.643229166666664 7.104764847914316 9.473019797219088
0 94.04296875 17.317708333333336 7.038917599286375 9.385223465715166
0 95.068359375 16.861979166666664 6.945682786096826 9.260910381462436
0 94.62890625 17.513020833333336 7.0784994535786145 9.437999271438152
0 95.556640625 16.861979166666664 6.945682786096826 9.260910381462436
0 93.310546875 18.098958333333336 7.195938795502683 9.594585060670244
0 92.041015625 17.1875 7.012405574387241 9.349874099182989
0 93.06640625 17.317708333333336 7.038917599286375 9.385223465715166
0 92.96875 17.1875 7.012405574387241 9.349874099182989
0 93.896484375 17.513020833333336 7.0784994535786145 9.437999271438152
0 94.140625 18.75 7.32421875 9.765625
0 94.23828125 17.643229166666664 7.104764847914316 9.473019797219088
0 94.970703125 17.643229166666664 7.104764847914316 9.473019797219088
0 94.970703125 17.513020833333336 7.0784994535786145 9.437999271438152
0 95.8984375 17.513020833333336 7.0784994535786145 9.437999271438152
0 95.068359375 16.9921875 6.972448522214271 9.296598029619028
0 93.310546875 50.651041666666664 12.038014479563 16.050685972750667
0 91.11328125 40.4296875 10.755011100284483 14.340014800379311
0 97.998046875 33.72395833333333 9.82267879603948 13.096905061385971
0 77.392578125 31.380208333333332 9.475204282385269 12.633605709847027
0 83.251953125 32.48697916666667 9.640850219074288 12.854466958765718
0 63.525390625 29.6875 9.216106488367615 12.288141984490153
0 64.599609375 42.51302083333333 11.02863220189981 14.704842935866417
0 73.14453125 55.794270833333336 12.634424770803498 16.845899694404665
0 63.916015625 62.174479166666664 13.33726402796152 17.783018703948695
0 16.650390625 56.705729166666664 12.737205050481693 16.982940067308924
0 22.021484375 51.888020833333336 12.184121568406452 16.245495424541936
0 14.208984375 54.817708333333336 12.523367021901361 16.69782269586848
0 21.58203125 48.4375 11.772034620352729 15.696046160470303
0 15.380859375 48.76302083333333 11.811524951393816 15.748699935191754
0 7.51953125 58.463541666666664 12.93311773707098 17.244156982761304
0 18.505859375 49.54427083333333 11.905767335895483 15.874356447860643
0 67.1875 35.9375 10.139921707663666 13.51989561021822
0 13.818359375 26.236979166666668 8.66398288975732 11.551977186343091
0 10.302734375 34.375 9.91703906815913 13.222718757545508
0 1.85546875 23.893229166666664 8.267954824306681 11.023939765742242
0 40.91796875 29.231770833333332 9.145095253766906 12.193460338355873
0 37.158203125 37.63020833333333 10.3759765625 13.834635416666666
0 37.646484375 28.125 8.970299351012615 11.960399134683486
0 31.640625 22.65625 8.051090062422436 10.734786749896582
0 33.642578125 22.65625 8.051090062422436 10.734786749896582
0 29.541015625 22.4609375 8.016311973000304 10.688415964000404
0 94.23828125 29.6875 9.216106488367615 12.288141984490153
0 94.82421875 18.098958333333336 7.195938795502683 9.594585060670244
0 93.06640625 17.96875 7.170007400189656 9.56000986691954
0 95.21484375 17.643229166666664 7.104764847914316 9.473019797219088
0 94.140625 17.317708333333336 7.038917599286375 9.385223465715166
0 93.45703125 17.317708333333336 7.038917599286375 9.385223465715166
0 94.04296875 17.513020833333336 7.0784994535786145 9.437999271438152
0 91.455078125 17.1875 7.012405574387241 9.349874099182989
0 95.068359375 17.513020833333336 7.0784994535786145 9.437999271438152
0 98.14453125 17.317708333333336 7.038917599286375 9.385223465715166
0 99.4140625 17.643229166666664 7.104764847914316 9.473019797219088
0 98.828125 17.1875 7.012405574387241 9.349874099182989
0 97.314453125 17.513020833333336 7.0784994535786145 9.437999271438152
0 97.75390625 17.643229166666664 7.104764847914316 9.473019797219088
0 97.900390625 17.1875 7.012405574387241 9.349874099182989
0 98.2421875 16.9921875 6.972448522214271 9.296598029619028
0 97.0703125 17.96875 7.170007400189656 9.56000986691954
0 98.92578125 17.643229166666664 7.104764847914316 9.473019797219088
0 98.33984375 17.513020833333336 7.0784994535786145 9.437999271438152
0 96.240234375 17.513020833333336 7.0784994535786145 9.437999271438152
0 97.412109375 17.643229166666664 7.104764847914316 9.473019797219088
0 98.828125 17.513020833333336 7.0784994535786145 9.437999271438152
