0 86.376953125 18.5546875 7.28597191547444 9.714629220632586
0 94.921875 20.572916666666664 7.672000176987631 10.229333569316841
0 78.90625 14.778645833333334 6.502464524127966 8.669952698837287
0 54.736328125 13.8671875 6.298757153488249 8.398342871317666
0 82.373046875 18.033854166666664 7.182984799767957 9.577313066357275
0 64.306640625 16.471354166666664 6.864759447755123 9.15301259700683
0 74.51171875 16.796875 6.932261164306974 9.243014885742634
0 59.66796875 15.625 6.686066375795484 8.914755167727312
0 71.38671875 19.075520833333336 7.3875234600282 9.850031280037602
0 89.990234375 20.572916666666664 7.672000176987631 10.229333569316841
0 57.32421875 16.145833333333336 6.796587356970242 9.062116475960323
0 92.1875 22.981770833333336 8.108722079825698 10.811629439767596
0 77.880859375 21.484375 7.840107775064166 10.453477033418888
0 92.578125 18.359375 7.247523246483103 9.663364328644137
0 84.716796875 21.484375 7.840107775064166 10.453477033418888
0 68.1640625 24.21875 8.324085508414218 11.098780677885625
0 90.771484375 24.869791666666664 8.435226416678011 11.246968555570682
0 82.373046875 22.65625 8.051090062422436 10.734786749896582
0 92.1875 30.078125 9.276540621075844 12.368720828101127
0 70.654296875 22.4609375 8.016311973000304 10.688415964000404
0 87.79296875 29.036458333333332 9.114492506755418 12.15265667567389
0 79.296875 24.544270833333336 8.379840220792225 11.173120294389632
0 88.96484375 26.302083333333332 8.674725588105405 11.56630078414054
0 79.6875 28.841145833333332 9.083786661460703 12.11171554861427
0 63.427734375 30.208333333333332 9.296598029619028 12.395464039492039
0 57.6171875 25.5859375 8.555814067917595 11.407752090556793
0 74.755859375 28.190104166666668 8.980675640601907 11.974234187469209
0 89.599609375 33.85416666666667 9.841623227903504 13.122164303871338
0 73.583984375 33.65885416666667 9.813192865486773 13.084257153982362
0 81.884765625 40.36458333333333 10.746348182164922 14.328464242886563
0 98.92578125 32.48697916666667 9.640850219074288 12.854466958765718
0 99.169921875 43.1640625 11.112757236348344 14.817009648464458
0 88.427734375 40.0390625 10.70292841598522 14.270571221313624
0 96.19140625 54.361979166666664 12.47120162457431 16.628268832765748
0 88.0859375 65.36458333333334 13.675144349614307 18.233525799485744
0 89.892578125 92.05729166666666 16.228925537485754 21.638567383314342
0 79.6875 53.450520833333336 12.366210686862065 16.488280915816087
0 67.919921875 60.3515625 13.140289393073113 17.520385857430817
0 66.748046875 43.29427083333333 11.129505937994672 14.839341250659563
0 60.693359375 36.06770833333333 10.158274522151634 13.544366029535512
0 61.474609375 18.1640625 7.208869513560617 9.611826018080823
0 51.66015625 16.9921875 6.972448522214271 9.296598029619028
0 60.693359375 22.330729166666664 7.993042513249997 10.657390017666662
0 48.681640625 17.513020833333336 7.0784994535786145 9.437999271438152
0 58.0078125 19.205729166666664 7.412693970636669 9.883591960848893
0 50.48828125 38.15104166666667 10.447535869521296 13.930047826028394
0 48.92578125 28.190104166666668 8.980675640601907 11.974234187469209
0 53.3203125 50.716145833333336 12.045748508295013 16.06099801106002
0 48.046875 23.177083333333336 8.143105507889608 10.857474010519478
0 42.236328125 33.33333333333333 9.765625 13.020833333333334
0 50.390625 19.7265625 7.512532730158185 10.01671030687758
0 41.845703125 26.106770833333332 8.642457433170346 11.52327657756046
0 47.021484375 15.4296875 6.644147051109997 8.858862734813329
0 40.673828125 22.8515625 8.085718566584333 10.780958088779109
0 44.43359375 15.234375 6.60196156395994 8.802615418613254
0 45.21484375 85.48177083333334 15.638583954246773 20.85144527232903
0 41.6015625 19.075520833333336 7.3875234600282 9.850031280037602
0 38.0859375 62.565104166666664 13.379095591298201 17.838794121730935
0 41.064453125 16.471354166666664 6.864759447755123 9.15301259700683
0 35.791015625 43.81510416666667 11.196250200100184 14.928333600133579
0 37.20703125 15.625 6.686066375795484 8.914755167727312
0 30.224609375 35.546875 10.084662867345157 13.44621715646021
0 37.060546875 19.921875 7.549631882844837 10.066175843793117
0 32.275390625 29.752604166666668 9.22620633412535 12.301608445500468
0 6.494140625 73.6328125 14.514309021721331 19.352412028961773
0 35.64453125 17.643229166666664 7.104764847914316 9.473019797219088
0 19.23828125 34.5703125 9.945172568847854 13.26023009179714
0 33.203125 16.145833333333336 6.796587356970242 9.062116475960323
0 21.826171875 26.953125 8.78142979122202 11.708573054962693
0 32.666015625 21.2890625 7.804389558437758 10.405852744583676
0 1.708984375 59.1796875 13.012088382158108 17.34945117621081
0 27.392578125 23.177083333333336 8.143105507889608 10.857474010519478
0 4.00390625 31.119791666666668 9.4358061729372 12.5810748972496
0 0.927734375 17.1875 7.012405574387241 9.349874099182989
0 28.173828125 15.755208333333334 6.7138671875 8.951822916666668
0 3.369140625 16.9921875 6.972448522214271 9.296598029619028
0 31.005859375 19.7265625 7.512532730158185 10.01671030687758
0 18.896484375 14.908854166666666 6.531046923532928 8.708062564710572
0 3.271484375 25.260416666666668 8.501213548086012 11.334951397448016
0 31.54296875 15.104166666666666 6.573687508709111 8.764916678278816
0 7.91015625 29.036458333333332 9.114492506755418 12.15265667567389
0 28.41796875 18.684895833333336 7.311492035346033 9.748656047128044
0 11.9140625 17.317708333333336 7.038917599286375 9.385223465715166
0 25.341796875 18.684895833333336 7.311492035346033 9.748656047128044
0 5.95703125 18.1640625 7.208869513560617 9.611826018080823
0 25.341796875 15.4296875 6.644147051109997 8.858862734813329
0 11.1328125 21.809895833333336 7.8992792392241125 10.532372318965482
0 21.337890625 16.276041666666664 6.823937919616058 9.09858389282141
0 8.544921875 18.684895833333336 7.311492035346033 9.748656047128044
0 21.19140625 21.09375 7.768507117527988 10.358009490037318
0 14.111328125 16.9921875 6.972448522214271 9.296598029619028
0 20.80078125 51.236979166666664 12.107442886277694 16.14325718170359
0 17.578125 18.684895833333336 7.311492035346033 9.748656047128044
0 3.759765625 20.442708333333336 7.647683158045451 10.196910877393934
