0 25.68359375 72.0703125 14.359485297874258 19.145980397165676
0 21.240234375 61.263020833333336 13.239143044118567 17.652190725491423
0 20.703125 43.9453125 11.212874188765769 14.950498918354358
0 34.716796875 39.2578125 10.597995211294762 14.130660281726351
0 31.34765625 35.41666666666667 10.066175843793117 13.421567791724156
0 33.203125 29.036458333333332 9.114492506755418 12.15265667567389
0 46.2890625 33.3984375 9.775157091093119 13.033542788124159
0 47.119140625 39.77864583333333 10.668065364348472 14.224087152464628
0 50.48828125 46.2890625 11.508000265481447 15.344000353975263
0 52.734375 37.6953125 10.38494844187839 13.84659792250452
0 58.251953125 34.765625 9.973226707988399 13.297635610651199
0 63.671875 27.34375 8.84483443981289 11.793112586417188
0 75.390625 27.213541666666668 8.823750179932228 11.765000239909636
0 77.685546875 30.859375 9.396242870080965 12.52832382677462
0 82.03125 32.68229166666667 9.669787303317175 12.893049737756234
0 89.0625 31.25 9.4555257475767 12.607367663435602
0 94.43359375 38.54166666666667 10.500885335745396 14.001180447660527
0 93.798828125 28.7109375 9.063258303782652 12.084344405043536
0 18.212890625 32.09635416666667 9.58271390875707 12.77695187834276
0 19.921875 25.0 8.457279333832409 11.276372445109878
0 26.611328125 26.171875 8.653226854710587 11.537635806280782
0 25.341796875 21.549479166666664 7.85197774064246 10.469303654189947
0 21.09375 19.075520833333336 7.3875234600282 9.850031280037602
0 14.84375 25.0 8.457279333832409 11.276372445109878
0 11.42578125 24.21875 8.324085508414218 11.098780677885625
0 10.9375 18.5546875 7.28597191547444 9.714629220632586
0 15.087890625 20.052083333333336 7.574263699945591 10.099018266594122
0 0.5859375 20.377604166666664 7.635495607419925 10.180660809893233
0 13.037109375 21.223958333333336 7.792447103762027 10.389929471682702
0 3.076171875 19.986979166666664 7.561957820656658 10.08261042754221
0 8.69140625 20.052083333333336 7.574263699945591 10.099018266594122
0 16.9921875 16.666666666666664 6.905339660024879 9.207119546699838
0 25.830078125 16.9921875 6.972448522214271 9.296598029619028
0 5.17578125 19.53125 7.475249459177179 9.966999278902906
0 49.658203125 12.825520833333334 6.057566296777102 8.076755062369468
0 48.095703125 20.377604166666664 7.635495607419925 10.180660809893233
0 42.08984375 18.5546875 7.28597191547444 9.714629220632586
0 38.330078125 17.057291666666664 6.985792933508055 9.31439057801074
0 34.765625 16.731770833333336 6.9188135063199665 9.225084675093289
0 31.73828125 20.052083333333336 7.574263699945591 10.099018266594122
0 30.859375 15.559895833333334 6.672122530845778 8.896163374461038
0 71.923828125 20.833333333333336 7.720404443770458 10.293872591693944
0 68.408203125 18.684895833333336 7.311492035346033 9.748656047128044
0 64.306640625 21.028645833333336 7.756509415978292 10.342012554637723
0 60.009765625 16.536458333333336 6.878312786611722 9.171083715482297
0 56.25 20.377604166666664 7.635495607419925 10.180660809893233
0 52.5390625 18.815104166666664 7.336923388776433 9.782564518368577
0 46.484375 17.708333333333336 7.117861199762329 9.490481599683106
0 43.212890625 16.2109375 6.810276368536802 9.080368491382403
0 86.328125 24.544270833333336 8.379840220792225 11.173120294389632
0 72.802734375 15.885416666666666 6.741553355216833 8.988737806955777
0 79.345703125 16.9921875 6.972448522214271 9.296598029619028
0 97.8515625 25.1953125 8.490251308132054 11.320335077509403
0 93.212890625 23.828125 8.256682897014576 11.008910529352768
0 90.0390625 25.5859375 8.555814067917595 11.407752090556793
0 88.0859375 18.684895833333336 7.311492035346033 9.748656047128044
0 84.66796875 18.489583333333336 7.273178276253042 9.697571035004056
0 81.201171875 19.010416666666664 7.37490598974278 9.833207986323707
0 76.025390625 16.536458333333336 6.878312786611722 9.171083715482297
0 67.626953125 16.145833333333336 6.796587356970242 9.062116475960323
0 63.037109375 16.666666666666664 6.905339660024879 9.207119546699838
0 61.42578125 15.8203125 6.72772451325946 8.970299351012613
