0 87.98828125 64.2578125 13.55887444550968 18.078499260679575
0 14.55078125 25.065104166666668 8.468284256293707 11.291045675058275
0 40.52734375 41.53645833333333 10.901227477717134 14.53496997028951
0 59.033203125 42.05729166666667 10.969360812751116 14.62581441700149
0 76.953125 41.14583333333333 10.849846700824694 14.466462267766259
0 70.361328125 34.63541666666667 9.954532733337459 13.272710311116612
0 39.35546875 25.455729166666668 8.53401578009617 11.378687706794894
0 24.609375 24.869791666666664 8.435226416678011 11.246968555570682
0 4.78515625 25.455729166666668 8.53401578009617 11.378687706794894
0 46.97265625 24.283854166666664 8.33526628646708 11.113688381956106
0 56.4453125 25.065104166666668 8.468284256293707 11.291045675058275
0 65.185546875 25.065104166666668 8.468284256293707 11.291045675058275
0 71.337890625 30.403645833333332 9.326603265341873 12.43547102045583
0 85.25390625 30.403645833333332 9.326603265341873 12.43547102045583
0 98.583984375 33.07291666666667 9.727403229070575 12.9698709720941
0 70.21484375 24.283854166666664 8.33526628646708 11.113688381956106
0 79.39453125 24.674479166666664 8.402038511923953 11.202718015898604
0 88.427734375 28.3203125 9.001392336274797 12.001856448366395
0 86.81640625 24.869791666666664 8.435226416678011 11.246968555570682
0 95.556640625 24.479166666666664 8.36871899463018 11.15829199284024
0 76.513671875 29.4921875 9.185740321833748 12.247653762444997
0 93.017578125 23.893229166666664 8.267954824306681 11.023939765742242
0 98.291015625 29.1015625 9.124704826492952 12.166273101990603
