0 6.34765625 41.86197916666667 10.943860520654974 14.591814027539964
0 5.46875 32.09635416666667 9.58271390875707 12.77695187834276
0 19.53125 33.3984375 9.775157091093119 13.033542788124159
0 18.9453125 62.369791666666664 13.358196184228083 17.810928245637445
0 34.912109375 40.4296875 10.755011100284483 14.340014800379311
0 46.19140625 49.54427083333333 11.905767335895483 15.874356447860643
0 51.123046875 41.40625 10.884127502518925 14.512170003358568
0 75.732421875 55.46875 12.597514306976498 16.796685742635333
0 69.580078125 44.27083333333333 11.254326730093856 15.005768973458474
0 65.625 34.50520833333333 9.935803586486637 13.247738115315515
0 77.05078125 45.703125 11.434932858395506 15.24657714452734
0 86.5234375 37.43489583333333 10.349014256477766 13.798685675303688
0 93.115234375 53.7109375 12.396298835198914 16.528398446931885
0 72.607421875 30.989583333333332 9.416045300623482 12.554727067497975
0 57.958984375 28.776041666666668 9.073528288158268 12.098037717544358
0 38.96484375 32.09635416666667 9.58271390875707 12.77695187834276
0 48.095703125 26.822916666666668 8.760192928715409 11.680257238287211
0 32.275390625 28.125 8.970299351012615 11.960399134683486
0 43.65234375 28.90625 9.094033462982996 12.125377950643994
0 61.328125 26.497395833333332 8.706874156303165 11.609165541737553
0 75.48828125 24.739583333333336 8.413115693414442 11.217487591219255
0 31.787109375 20.247395833333336 7.611061958825638 10.148082611767517
0 40.087890625 21.875 7.911060422861158 10.548080563814876
0 47.021484375 19.661458333333336 7.500125566067204 10.00016742142294
0 64.794921875 22.65625 8.051090062422436 10.734786749896582
0 54.345703125 23.177083333333336 8.143105507889608 10.857474010519478
0 65.13671875 17.578125 7.091644310682526 9.455525747576702
0 54.345703125 18.489583333333336 7.273178276253042 9.697571035004056
0 15.576171875 29.231770833333332 9.145095253766906 12.193460338355873
0 7.275390625 25.716145833333332 8.57755695956738 11.436742612756506
0 0.439453125 27.473958333333332 8.865868558553435 11.821158078071248
0 21.435546875 25.716145833333332 8.57755695956738 11.436742612756506
0 12.20703125 19.661458333333336 7.500125566067204 10.00016742142294
0 3.076171875 20.572916666666664 7.672000176987631 10.229333569316841
0 14.990234375 17.057291666666664 6.985792933508055 9.31439057801074
0 29.00390625 19.661458333333336 7.500125566067204 10.00016742142294
0 21.826171875 20.442708333333336 7.647683158045451 10.196910877393934
0 29.638671875 14.84375 6.516771394062079 8.689028525416106
0 18.212890625 17.252604166666664 7.025674092542321 9.367565456723094
0 1.07421875 18.033854166666664 7.182984799767957 9.577313066357275
0 9.814453125 16.731770833333336 6.9188135063199665 9.225084675093289
0 70.556640625 21.744791666666664 7.887480458569388 10.51664061142585
0 79.931640625 23.958333333333336 8.279211405182211 11.038948540242949
0 57.958984375 21.09375 7.768507117527988 10.358009490037318
0 60.107421875 13.8671875 6.298757153488249 8.398342871317666
0 89.501953125 23.828125 8.256682897014576 11.008910529352768
0 96.728515625 27.34375 8.84483443981289 11.793112586417188
0 99.51171875 39.97395833333333 10.694223308065938 14.258964410754585
0 24.70703125 22.65625 8.051090062422436 10.734786749896582
0 24.462890625 14.973958333333334 6.545291317604741 8.727055090139656
0 36.083984375 14.973958333333334 6.545291317604741 8.727055090139656
0 23.14453125 17.252604166666664 7.025674092542321 9.367565456723094
0 4.150390625 17.903645833333336 7.157006469457137 9.542675292609516
0 40.283203125 15.625 6.686066375795484 8.914755167727312
0 50.87890625 16.731770833333336 6.9188135063199665 9.225084675093289
0 67.578125 13.8671875 6.298757153488249 8.398342871317666
0 72.119140625 18.489583333333336 7.273178276253042 9.697571035004056
0 44.53125 15.950520833333334 6.755353888299149 9.0071385177322
0 36.23046875 23.958333333333336 8.279211405182211 11.038948540242949
0 74.4140625 14.84375 6.516771394062079 8.689028525416106
0 81.591796875 18.489583333333336 7.273178276253042 9.697571035004056
0 75.732421875 22.005208333333336 7.9345703125 10.579427083333332
0 87.744140625 20.572916666666664 7.672000176987631 10.229333569316841
0 96.484375 22.200520833333336 7.969705113037473 10.626273484049964
0 89.74609375 19.986979166666664 7.561957820656658 10.08261042754221
0 99.267578125 21.09375 7.768507117527988 10.358009490037318
0 93.359375 24.609375 8.39094670707246 11.187928942763282
0 77.294921875 16.6015625 6.891839471823862 9.189119295765149
0 85.302734375 19.140625 7.400119417103358 9.866825889471144
0 64.208984375 15.625 6.686066375795484 8.914755167727312
0 41.748046875 18.359375 7.247523246483103 9.663364328644137
0 33.59375 17.3828125 7.052136235529384 9.40284831403918
0 8.59375 19.791666666666664 7.524919437217989 10.033225916290652
0 15.91796875 20.247395833333336 7.611061958825638 10.148082611767517
0 36.71875 18.033854166666664 7.182984799767957 9.577313066357275
0 46.923828125 16.145833333333336 6.796587356970242 9.062116475960323
0 52.685546875 13.216145833333334 6.149121606326259 8.198828808435012
0 57.8125 16.145833333333336 6.796587356970242 9.062116475960323
0 99.365234375 30.989583333333332 9.416045300623482 12.554727067497975
0 93.84765625 19.466145833333336 7.462780310447684 9.950373747263578
0 87.744140625 17.708333333333336 7.117861199762329 9.490481599683106
0 78.955078125 20.1171875 7.586549618320344 10.115399491093791
0 25.68359375 16.927083333333336 6.959078522333606 9.278771363111476
0 37.646484375 16.276041666666664 6.823937919616058 9.09858389282141
0 80.517578125 16.6015625 6.891839471823862 9.189119295765149
0 74.267578125 19.466145833333336 7.462780310447684 9.950373747263578
0 20.01953125 15.494791666666666 6.658149484030587 8.877532645374115
0 91.69921875 24.4140625 8.357582969744357 11.143443959659143
0 82.91015625 22.65625 8.051090062422436 10.734786749896582
0 93.26171875 22.200520833333336 7.969705113037473 10.626273484049964
