0 44.140625 85.02604166666666 15.596841234351363 20.795788312468485
0 24.0234375 60.091145833333336 13.111908605310568 17.482544807080757
0 45.751953125 58.59375 12.947511862546646 17.263349150062194
0 61.865234375 54.427083333333336 12.478667175452193 16.638222900602926
0 60.107421875 43.22916666666667 11.121134740166381 14.828179653555177
0 42.529296875 46.74479166666667 11.564511304624277 15.419348406165703
0 27.5390625 43.09895833333333 11.10437341226822 14.805831216357626
0 40.13671875 36.78385416666667 10.258628121320564 13.678170828427419
0 22.65625 39.90885416666667 10.685511108405517 14.24734814454069
0 9.1796875 73.89322916666666 14.539952697230952 19.386603596307936
0 1.953125 53.776041666666664 12.403809468323715 16.53841262443162
0 11.9140625 34.63541666666667 9.954532733337459 13.272710311116612
0 3.466796875 26.627604166666668 8.728240750778255 11.637654334371007
0 17.578125 14.322916666666666 6.401421192444773 8.53522825659303
0 36.376953125 20.768229166666664 7.708331872750909 10.277775830334546
0 72.4609375 28.450520833333332 9.02206146184966 12.029415282466214
0 61.083984375 48.4375 11.772034620352729 15.696046160470303
0 83.544921875 25.9765625 8.620878229873984 11.494504306498644
0 47.998046875 46.61458333333333 11.548393511001283 15.397858014668378
0 42.529296875 27.1484375 8.81318913463968 11.750918846186241
0 74.853515625 23.6328125 8.222774405094897 10.963699206793196
0 33.88671875 27.1484375 8.81318913463968 11.750918846186241
0 39.404296875 48.11197916666667 11.732411368860527 15.643215158480702
0 11.81640625 25.78125 8.588407763348565 11.451210351131419
0 49.51171875 22.265625 7.981382342908947 10.641843123878598
0 5.95703125 19.986979166666664 7.561957820656658 10.08261042754221
0 75.341796875 18.294270833333336 7.234661615679748 9.646215487572997
0 74.951171875 38.41145833333333 10.483132346995646 13.977509795994195
0 48.388671875 65.88541666666666 13.729518895510246 18.30602519401366
0 57.71484375 49.08854166666667 11.850883690763915 15.801178254351885
0 87.939453125 18.619791666666664 7.298743129334349 9.731657505779133
