0 73.193359375 44.3359375 11.262598930203817 15.016798573605088
0 80.615234375 44.7265625 11.312105098175438 15.082806797567253
0 85.9375 44.20572916666667 11.24604844524431 14.994731260325747
0 90.91796875 80.20833333333334 15.148527399891181 20.198036533188244
0 82.421875 94.79166666666666 16.468185501992238 21.957580669322986
0 102.294921875 15.234375 6.60196156395994 8.802615418613254
0 62.841796875 38.02083333333333 10.429692071920813 13.906256095894417
0 67.236328125 33.07291666666667 9.727403229070575 12.9698709720941
0 77.978515625 32.16145833333333 9.592427762147041 12.789903682862722
0 4.1015625 40.0390625 10.70292841598522 14.270571221313624
0 5.517578125 60.9375 13.203923127919884 17.60523083722651
0 8.59375 72.00520833333334 14.352998066778378 19.137330755704504
0 26.904296875 59.440104166666664 13.04068641309906 17.38758188413208
0 55.419921875 47.52604166666667 11.660750228602783 15.547666971470377
0 18.9453125 28.776041666666668 9.073528288158268 12.098037717544358
0 14.84375 26.106770833333332 8.642457433170346 11.52327657756046
0 4.78515625 25.5859375 8.555814067917595 11.407752090556793
0 0.390625 29.166666666666668 9.134905729428569 12.17987430590476
0 31.591796875 25.0 8.457279333832409 11.276372445109878
0 31.494140625 19.270833333333336 7.425247229367944 9.900329639157258
0 37.939453125 23.697916666666664 8.234092750996119 10.978790334661493
0 39.453125 31.184895833333332 9.445671106287941 12.594228141717254
0 35.205078125 27.994791666666668 8.94951068030712 11.932680907076158
0 51.07421875 30.6640625 9.366460725843998 12.48861430112533
0 48.486328125 39.38802083333333 10.615556110184379 14.154074813579173
0 56.201171875 22.65625 8.051090062422436 10.734786749896582
0 89.55078125 21.940104166666664 7.92282408798045 10.5637654506406
0 96.142578125 22.786458333333336 8.074192233473482 10.765589644631309
0 90.91796875 20.8984375 7.732458166088822 10.309944221451763
0 86.71875 20.247395833333336 7.611061958825638 10.148082611767517
0 91.943359375 22.4609375 8.016311973000304 10.688415964000404
0 98.046875 25.065104166666668 8.468284256293707 11.291045675058275
