0 98.583984375 32.421875 9.631185203893738 12.84158027185832
0 94.23828125 30.143229166666668 9.286574740419274 12.382099653892366
0 89.697265625 32.87760416666667 9.698638050580264 12.931517400773687
0 80.56640625 24.8046875 8.424178309229896 11.23223774563986
0 76.5625 26.953125 8.78142979122202 11.708573054962693
0 52.294921875 11.5234375 5.74184805976159 7.6557974130154545
0 57.6171875 19.075520833333336 7.3875234600282 9.850031280037602
0 63.623046875 13.932291666666666 6.313525654778199 8.418034206370931
0 86.23046875 16.341145833333336 6.837572174807153 9.116762899742872
0 6.103515625 15.625 6.686066375795484 8.914755167727312
0 0.68359375 16.796875 6.932261164306974 9.243014885742634
0 9.765625 16.536458333333336 6.878312786611722 9.171083715482297
0 2.783203125 16.796875 6.932261164306974 9.243014885742634
0 4.150390625 15.755208333333334 6.7138671875 8.951822916666668
0 93.26171875 14.973958333333334 6.545291317604741 8.727055090139656
0 88.57421875 15.169270833333334 6.587839704871492 8.783786273161988
0 90.869140625 15.104166666666666 6.573687508709111 8.764916678278816
