0 87.255859375 51.497395833333336 12.138172486176355 16.184229981568475
0 61.1328125 43.68489583333333 11.179601491707887 14.906135322277184
0 49.169921875 48.76302083333333 11.811524951393816 15.748699935191754
0 44.3359375 40.69010416666667 10.789593218788873 14.386124291718497
0 23.291015625 48.17708333333333 11.740346717328702 15.653795623104935
0 63.8671875 39.77864583333333 10.668065364348472 14.224087152464628
0 84.08203125 40.95052083333333 10.824064850444458 14.432086467259278
0 85.44921875 31.640625 9.51443925056146 12.685919000748614
0 95.703125 37.63020833333333 10.3759765625 13.834635416666666
0 97.412109375 28.190104166666668 8.980675640601907 11.974234187469209
0 90.283203125 26.822916666666668 8.760192928715409 11.680257238287211
0 81.34765625 25.911458333333332 8.610068346964042 11.480091129285388
0 70.849609375 30.598958333333332 9.35651227829339 12.475349704391189
0 65.4296875 23.372395833333336 8.177344364608315 10.903125819477753
0 58.984375 28.645833333333332 9.052976668817948 12.07063555842393
0 55.2734375 23.6328125 8.222774405094897 10.963699206793196
0 40.234375 22.591145833333336 8.039514082226251 10.719352109635
0 29.052734375 21.09375 7.768507117527988 10.358009490037318
0 29.638671875 29.036458333333332 9.114492506755418 12.15265667567389
0 20.01953125 26.3671875 8.685454999241765 11.580606665655687
0 13.818359375 24.21875 8.324085508414218 11.098780677885625
0 10.107421875 25.911458333333332 8.610068346964042 11.480091129285388
0 10.302734375 34.63541666666667 9.954532733337459 13.272710311116612
0 4.00390625 24.869791666666664 8.435226416678011 11.246968555570682
0 24.462890625 18.815104166666664 7.336923388776433 9.782564518368577
0 31.54296875 20.638020833333336 7.684129829110212 10.245506438813615
0 37.109375 19.596354166666664 7.487697843252746 9.983597124336994
0 50.1953125 21.09375 7.768507117527988 10.358009490037318
0 58.349609375 22.4609375 8.016311973000304 10.688415964000404
0 69.04296875 22.265625 7.981382342908947 10.641843123878598
0 75.048828125 22.265625 7.981382342908947 10.641843123878598
0 94.677734375 23.177083333333336 8.143105507889608 10.857474010519478
0 99.462890625 30.143229166666668 9.286574740419274 12.382099653892366
0 87.939453125 24.544270833333336 8.379840220792225 11.173120294389632
0 81.15234375 19.140625 7.400119417103358 9.866825889471144
0 77.978515625 18.359375 7.247523246483103 9.663364328644137
0 85.205078125 19.140625 7.400119417103358 9.866825889471144
0 92.529296875 20.768229166666664 7.708331872750909 10.277775830334546
0 94.23828125 21.223958333333336 7.792447103762027 10.389929471682702
0 87.353515625 20.768229166666664 7.708331872750909 10.277775830334546
0 79.1015625 15.0390625 6.559504779115197 8.746006372153596
0 96.97265625 23.763020833333336 8.245395560367612 10.993860747156816
0 99.12109375 21.549479166666664 7.85197774064246 10.469303654189947
0 71.875 17.317708333333336 7.038917599286375 9.385223465715166
0 65.673828125 18.9453125 7.3622668956389274 9.816355860851903
0 60.595703125 16.536458333333336 6.878312786611722 9.171083715482297
0 61.376953125 17.317708333333336 7.038917599286375 9.385223465715166
0 67.724609375 14.908854166666666 6.531046923532928 8.708062564710572
0 74.8046875 15.494791666666666 6.658149484030587 8.877532645374115
0 80.224609375 16.731770833333336 6.9188135063199665 9.225084675093289
0 90.52734375 19.7265625 7.512532730158185 10.01671030687758
0 91.9921875 18.815104166666664 7.336923388776433 9.782564518368577
0 97.314453125 20.963541666666664 7.7444931277157725 10.325990836954363
0 87.6953125 17.903645833333336 7.157006469457137 9.542675292609516
0 83.49609375 17.643229166666664 7.104764847914316 9.473019797219088
0 80.37109375 21.223958333333336 7.792447103762027 10.389929471682702
0 77.734375 27.734375 8.907787792557633 11.877050390076842
0 79.1015625 21.09375 7.768507117527988 10.358009490037318
0 73.779296875 17.903645833333336 7.157006469457137 9.542675292609516
0 65.234375 14.583333333333334 6.459353786778786 8.612471715705048
0 70.068359375 15.494791666666666 6.658149484030587 8.877532645374115
0 76.7578125 16.861979166666664 6.945682786096826 9.260910381462436
0 57.080078125 18.359375 7.247523246483103 9.663364328644137
0 61.376953125 14.127604166666666 6.3576253222655215 8.476833763020695
0 57.080078125 14.453125 6.430452730012657 8.57393697335021
0 63.28125 15.0390625 6.559504779115197 8.746006372153596
0 59.326171875 14.453125 6.430452730012657 8.57393697335021
0 54.931640625 18.684895833333336 7.311492035346033 9.748656047128044
0 54.150390625 14.908854166666666 6.531046923532928 8.708062564710572
0 46.337890625 18.9453125 7.3622668956389274 9.816355860851903
0 47.4609375 14.453125 6.430452730012657 8.57393697335021
0 48.14453125 19.401041666666664 7.450290292806215 9.933720390408286
0 52.587890625 17.903645833333336 7.157006469457137 9.542675292609516
0 44.677734375 17.447916666666664 7.065330140863174 9.420440187817565
0 45.8984375 14.778645833333334 6.502464524127966 8.669952698837287
0 45.1171875 14.453125 6.430452730012657 8.57393697335021
0 40.0390625 15.690104166666666 6.699981201202437 8.933308268269917
0 36.962890625 15.950520833333334 6.755353888299149 9.0071385177322
0 38.57421875 15.494791666666666 6.658149484030587 8.877532645374115
0 35.05859375 17.1875 7.012405574387241 9.349874099182989
0 33.154296875 16.276041666666664 6.823937919616058 9.09858389282141
0 32.32421875 15.690104166666666 6.699981201202437 8.933308268269917
0 34.619140625 14.908854166666666 6.531046923532928 8.708062564710572
0 27.734375 16.40625 6.8511792970714245 9.134905729428567
0 29.39453125 15.950520833333334 6.755353888299149 9.0071385177322
0 30.6640625 16.145833333333336 6.796587356970242 9.062116475960323
0 27.1484375 19.270833333333336 7.425247229367944 9.900329639157258
0 25.244140625 15.690104166666666 6.699981201202437 8.933308268269917
0 22.94921875 15.8203125 6.72772451325946 8.970299351012613
0 17.67578125 14.453125 6.430452730012657 8.57393697335021
0 18.359375 20.5078125 7.659851317145468 10.21313508952729
0 21.044921875 16.536458333333336 6.878312786611722 9.171083715482297
0 15.380859375 17.7734375 7.130933499479933 9.50791133263991
0 13.037109375 18.229166666666664 7.221777078979024 9.629036105305365
0 14.404296875 17.643229166666664 7.104764847914316 9.473019797219088
0 11.1328125 19.140625 7.400119417103358 9.866825889471144
0 9.326171875 18.229166666666664 7.221777078979024 9.629036105305365
0 8.30078125 16.861979166666664 6.945682786096826 9.260910381462436
0 7.03125 19.401041666666664 7.450290292806215 9.933720390408286
0 4.00390625 18.5546875 7.28597191547444 9.714629220632586
0 5.56640625 20.052083333333336 7.574263699945591 10.099018266594122
0 1.953125 18.815104166666664 7.336923388776433 9.782564518368577
0 1.26953125 23.046875 8.120199399200482 10.82693253226731
0 22.65625 19.140625 7.400119417103358 9.866825889471144
0 42.626953125 16.40625 6.8511792970714245 9.134905729428567
