0 75.537109375 24.153645833333336 8.312889692307273 11.083852923076364
0 51.46484375 32.29166666666667 9.611826018080825 12.815768024107768
0 35.9375 61.393229166666664 13.253204803838173 17.670939738450897
0 36.9140625 23.2421875 8.154534433525017 10.872712578033356
0 70.654296875 20.052083333333336 7.574263699945591 10.099018266594122
0 96.19140625 34.1796875 9.888825528576445 13.185100704768596
0 73.6328125 16.9921875 6.972448522214271 9.296598029619028
0 57.51953125 34.63541666666667 9.954532733337459 13.272710311116612
0 54.1015625 37.5 10.358009490037318 13.810679320049758
0 23.779296875 58.203125 12.904281318277572 17.205708424370094
0 27.24609375 21.484375 7.840107775064166 10.453477033418888
0 21.38671875 21.158854166666664 7.780486318348366 10.373981757797822
0 48.583984375 28.776041666666668 9.073528288158268 12.098037717544358
0 48.828125 20.052083333333336 7.574263699945591 10.099018266594122
0 67.08984375 22.0703125 7.946299173761924 10.595065565015899
0 69.091796875 25.130208333333332 8.479274895904423 11.305699861205897
0 95.458984375 24.348958333333336 8.346432086900233 11.128576115866979
0 89.74609375 25.260416666666668 8.501213548086012 11.334951397448016
0 82.2265625 20.833333333333336 7.720404443770458 10.293872591693944
0 76.513671875 20.833333333333336 7.720404443770458 10.293872591693944
0 84.130859375 17.7734375 7.130933499479933 9.50791133263991
0 91.162109375 19.53125 7.475249459177179 9.966999278902906
0 89.990234375 21.940104166666664 7.92282408798045 10.5637654506406
0 98.92578125 24.8046875 8.424178309229896 11.23223774563986
0 82.568359375 17.513020833333336 7.0784994535786145 9.437999271438152
0 75.1953125 15.885416666666666 6.741553355216833 8.988737806955777
0 69.7265625 15.234375 6.60196156395994 8.802615418613254
0 68.65234375 15.755208333333334 6.7138671875 8.951822916666668
0 66.11328125 17.317708333333336 7.038917599286375 9.385223465715166
0 65.625 19.075520833333336 7.3875234600282 9.850031280037602
0 61.23046875 15.234375 6.60196156395994 8.802615418613254
0 63.28125 14.778645833333334 6.502464524127966 8.669952698837287
0 57.32421875 16.2109375 6.810276368536802 9.080368491382403
0 52.880859375 13.020833333333334 6.103515625 8.138020833333332
0 51.953125 13.802083333333334 6.283953943473511 8.378605257964681
0 43.115234375 16.40625 6.8511792970714245 9.134905729428567
0 45.263671875 16.080729166666664 6.782870718656271 9.043827624875028
0 46.58203125 16.861979166666664 6.945682786096826 9.260910381462436
0 39.306640625 17.1875 7.012405574387241 9.349874099182989
0 33.349609375 22.395833333333336 8.00468569861084 10.672914264814453
0 35.7421875 18.619791666666664 7.298743129334349 9.731657505779133
0 35.3515625 17.513020833333336 7.0784994535786145 9.437999271438152
0 25.341796875 16.2109375 6.810276368536802 9.080368491382403
0 33.69140625 16.666666666666664 6.905339660024879 9.207119546699838
0 28.80859375 16.536458333333336 6.878312786611722 9.171083715482297
0 40.869140625 16.9921875 6.972448522214271 9.296598029619028
0 18.5546875 13.997395833333334 6.328259690346595 8.437679587128793
0 12.841796875 20.182291666666664 7.598815672600545 10.13175423013406
0 19.04296875 16.861979166666664 6.945682786096826 9.260910381462436
0 21.2890625 17.513020833333336 7.0784994535786145 9.437999271438152
0 24.0234375 16.080729166666664 6.782870718656271 9.043827624875028
0 15.91796875 15.234375 6.60196156395994 8.802615418613254
0 13.671875 17.513020833333336 7.0784994535786145 9.437999271438152
0 10.302734375 18.619791666666664 7.298743129334349 9.731657505779133
0 9.619140625 20.377604166666664 7.635495607419925 10.180660809893233
0 7.080078125 20.833333333333336 7.720404443770458 10.293872591693944
0 5.810546875 18.75 7.32421875 9.765625
0 2.685546875 19.401041666666664 7.450290292806215 9.933720390408286
0 0.68359375 18.75 7.32421875 9.765625
0 0.78125 22.0703125 7.946299173761924 10.595065565015899
