0 88.623046875 88.8671875 15.945252047867593 21.260336063823456
0 89.6484375 61.197916666666664 13.2321065604729 17.642808747297202
0 90.869140625 47.78645833333333 11.69265384562257 15.590205127496759
0 97.412109375 38.21614583333333 10.456446349494515 13.941928465992687
0 75.48828125 51.888020833333336 12.184121568406452 16.245495424541936
0 66.796875 56.640625 12.729891122201057 16.97318816293474
0 60.7421875 58.59375 12.947511862546646 17.263349150062194
0 39.6484375 61.197916666666664 13.2321065604729 17.642808747297202
0 24.31640625 72.4609375 14.398347304791809 19.197796406389077
0 2.63671875 57.356770833333336 12.810114661752536 17.080152882336716
0 23.4375 49.0234375 11.843022407185213 15.790696542913619
0 34.521484375 41.27604166666667 10.867000619363317 14.489334159151088
0 31.982421875 28.3203125 9.001392336274797 12.001856448366395
0 37.939453125 38.80208333333333 10.536301575703167 14.048402100937555
0 51.85546875 45.18229166666667 11.36958984997385 15.159453133298467
0 32.763671875 34.83072916666667 9.982560567502519 13.310080756670025
0 45.21484375 30.143229166666668 9.286574740419274 12.382099653892366
0 51.85546875 28.450520833333332 9.02206146184966 12.029415282466214
0 54.6875 35.7421875 10.11233003282525 13.483106710433667
0 62.79296875 33.203125 9.746532850751532 12.995377134335376
0 66.2109375 39.58333333333333 10.641843123878598 14.189124165171464
0 75.341796875 31.640625 9.51443925056146 12.685919000748614
0 80.615234375 38.02083333333333 10.429692071920813 13.906256095894417
0 78.662109375 31.184895833333332 9.445671106287941 12.594228141717254
0 89.404296875 36.06770833333333 10.158274522151634 13.544366029535512
0 86.328125 29.817708333333332 9.236295135755345 12.315060181007127
0 93.505859375 30.729166666666668 9.376398618003673 12.501864824004896
0 85.7421875 35.28645833333333 10.047654805392046 13.39687307385606
0 90.869140625 27.408854166666668 8.855357744474432 11.807143659299243
0 99.21875 30.46875 9.336583582018038 12.448778109357384
0 97.8515625 21.940104166666664 7.92282408798045 10.5637654506406
0 78.564453125 21.744791666666664 7.887480458569388 10.51664061142585
0 86.669921875 20.833333333333336 7.720404443770458 10.293872591693944
0 75.5859375 27.5390625 8.876366926421502 11.835155901895336
0 72.412109375 21.484375 7.840107775064166 10.453477033418888
0 64.16015625 29.557291666666668 9.195873518871684 12.261164691828911
0 68.06640625 23.4375 8.188725503539269 10.918300671385692
0 60.888671875 24.479166666666664 8.36871899463018 11.15829199284024
0 51.953125 19.205729166666664 7.412693970636669 9.883591960848893
0 42.724609375 23.893229166666664 8.267954824306681 11.023939765742242
0 59.619140625 18.294270833333336 7.234661615679748 9.646215487572997
0 69.091796875 17.643229166666664 7.104764847914316 9.473019797219088
0 62.109375 21.2890625 7.804389558437758 10.405852744583676
0 68.994140625 12.760416666666666 6.042172202521769 8.056229603362357
0 61.328125 17.3828125 7.052136235529384 9.40284831403918
0 37.79296875 20.377604166666664 7.635495607419925 10.180660809893233
0 31.640625 19.010416666666664 7.37490598974278 9.833207986323707
0 25.146484375 26.953125 8.78142979122202 11.708573054962693
0 10.05859375 27.083333333333332 8.802615418613255 11.736820558151006
0 4.6875 30.598958333333332 9.35651227829339 12.475349704391189
0 26.85546875 22.526041666666664 8.027921409891299 10.703895213188398
0 4.931640625 23.893229166666664 8.267954824306681 11.023939765742242
0 22.94921875 22.65625 8.051090062422436 10.734786749896582
0 12.255859375 21.614583333333336 7.863829789260941 10.485106385681254
0 82.91015625 24.8046875 8.424178309229896 11.23223774563986
0 64.84375 12.760416666666666 6.042172202521769 8.056229603362357
0 56.201171875 17.96875 7.170007400189656 9.56000986691954
0 76.7578125 19.010416666666664 7.37490598974278 9.833207986323707
0 89.16015625 24.934895833333336 8.446260072691679 11.26168009692224
0 94.677734375 18.75 7.32421875 9.765625
0 48.53515625 22.395833333333336 8.00468569861084 10.672914264814453
0 92.041015625 22.0703125 7.946299173761924 10.595065565015899
0 62.255859375 11.848958333333332 5.8223828211483495 7.763177094864466
0 48.6328125 12.760416666666666 6.042172202521769 8.056229603362357
0 41.11328125 20.572916666666664 7.672000176987631 10.229333569316841
0 36.9140625 13.671875 6.254242410864013 8.338989881152017
0 38.818359375 13.997395833333334 6.328259690346595 8.437679587128793
0 30.37109375 14.453125 6.430452730012657 8.57393697335021
0 54.4921875 13.997395833333334 6.328259690346595 8.437679587128793
0 80.859375 14.322916666666666 6.401421192444773 8.53522825659303
0 89.0625 19.661458333333336 7.500125566067204 10.00016742142294
0 19.873046875 19.466145833333336 7.462780310447684 9.950373747263578
0 11.328125 16.145833333333336 6.796587356970242 9.062116475960323
0 3.564453125 20.377604166666664 7.635495607419925 10.180660809893233
0 7.080078125 14.322916666666666 6.401421192444773 8.53522825659303
0 1.85546875 16.927083333333336 6.959078522333606 9.278771363111476
0 20.361328125 14.127604166666666 6.3576253222655215 8.476833763020695
0 15.087890625 16.731770833333336 6.9188135063199665 9.225084675093289
0 26.171875 13.0859375 6.118755388111396 8.15834051748186
0 76.611328125 13.8671875 6.298757153488249 8.398342871317666
0 90.869140625 17.1875 7.012405574387241 9.349874099182989
0 25.732421875 18.294270833333336 7.234661615679748 9.646215487572997
0 99.8046875 24.674479166666664 8.402038511923953 11.202718015898604
0 60.986328125 12.630208333333334 6.011265748166568 8.015020997555423
0 43.84765625 16.276041666666664 6.823937919616058 9.09858389282141
0 5.37109375 15.494791666666666 6.658149484030587 8.877532645374115
0 49.560546875 18.75 7.32421875 9.765625
0 24.31640625 14.583333333333334 6.459353786778786 8.612471715705048
0 8.251953125 14.583333333333334 6.459353786778786 8.612471715705048
0 40.673828125 14.127604166666666 6.3576253222655215 8.476833763020695
0 43.75 14.127604166666666 6.3576253222655215 8.476833763020695
0 82.568359375 15.950520833333334 6.755353888299149 9.0071385177322
0 82.080078125 12.760416666666666 6.042172202521769 8.056229603362357
0 0.341796875 15.950520833333334 6.755353888299149 9.0071385177322
