0 89.306640625 67.05729166666666 13.851081198620872 18.46810826482783
0 65.380859375 43.81510416666667 11.196250200100184 14.928333600133579
0 54.00390625 50.390625 12.007028547916262 16.00937139722168
0 49.8046875 49.86979166666667 11.944815546130936 15.92642072817458
0 58.7890625 35.41666666666667 10.066175843793117 13.421567791724156
0 62.060546875 35.87239583333333 10.130732832457173 13.507643776609566
0 73.974609375 33.3984375 9.775157091093119 13.033542788124159
0 77.83203125 39.453125 10.624325674761481 14.165767566348642
0 80.224609375 40.36458333333333 10.746348182164922 14.328464242886563
0 70.60546875 22.135416666666664 7.958010748538389 10.610680998051187
0 72.36328125 22.200520833333336 7.969705113037473 10.626273484049964
0 66.40625 23.893229166666664 8.267954824306681 11.023939765742242
0 67.919921875 24.674479166666664 8.402038511923953 11.202718015898604
0 93.1640625 32.09635416666667 9.58271390875707 12.77695187834276
0 89.111328125 29.296875 9.1552734375 12.20703125
0 60.205078125 25.716145833333332 8.57755695956738 11.436742612756506
0 58.935546875 21.6796875 7.875664001809045 10.500885335745393
0 50.78125 30.078125 9.276540621075844 12.368720828101127
0 49.0234375 29.296875 9.1552734375 12.20703125
0 31.93359375 37.76041666666667 10.393912576859377 13.85855010247917
0 27.83203125 25.130208333333332 8.479274895904423 11.305699861205897
0 21.875 27.473958333333332 8.865868558553435 11.821158078071248
0 30.17578125 21.6796875 7.875664001809045 10.500885335745393
0 31.689453125 21.6796875 7.875664001809045 10.500885335745393
0 98.193359375 91.47135416666666 16.177195166868373 21.569593555824497
0 90.625 86.5234375 15.733580022766407 20.97810669702188
0 47.36328125 86.45833333333334 15.727659578521882 20.970212771362508
0 11.279296875 66.27604166666666 13.770158902195407 18.360211869593876
0 1.318359375 60.026041666666664 13.104803804677667 17.473071739570223
0 22.8515625 48.046875 11.724470649596281 15.632627532795041
0 36.962890625 63.151041666666664 13.441598843716577 17.9221317916221
0 45.166015625 54.557291666666664 12.49358489407881 16.658113192105077
0 66.162109375 56.315104166666664 12.693258266043348 16.924344354724465
0 70.263671875 65.4296875 13.68195298551019 18.242603980680254
0 84.375 61.263020833333336 13.239143044118567 17.652190725491423
0 90.8203125 52.994791666666664 12.313379517719735 16.41783935695965
0 98.974609375 43.03385416666667 11.095983253599758 14.794644338133011
0 88.232421875 36.06770833333333 10.158274522151634 13.544366029535512
0 84.521484375 34.89583333333333 9.991885707852113 13.322514277136149
0 78.125 35.67708333333333 10.103116062772735 13.470821417030313
0 75.634765625 43.22916666666667 11.121134740166381 14.828179653555177
0 76.025390625 50.9765625 12.076635093633655 16.10218012484487
0 62.646484375 39.77864583333333 10.668065364348472 14.224087152464628
0 61.1328125 30.729166666666668 9.376398618003673 12.501864824004896
0 64.990234375 34.63541666666667 9.954532733337459 13.272710311116612
0 51.708984375 45.05208333333333 11.353195335533615 15.137593780711486
0 48.6328125 35.546875 10.084662867345157 13.44621715646021
0 32.91015625 41.66666666666667 10.918300671385692 14.557734228514258
0 20.60546875 41.47135416666667 10.892680845687712 14.523574460916949
0 6.15234375 34.9609375 10.001202153426476 13.334936204568635
0 17.236328125 33.33333333333333 9.765625 13.020833333333334
0 25.439453125 29.036458333333332 9.114492506755418 12.15265667567389
0 31.73828125 32.87760416666667 9.698638050580264 12.931517400773687
0 41.30859375 32.74739583333333 9.679413773897526 12.905885031863368
0 34.66796875 29.361979166666668 9.16544031840894 12.220587091211922
0 2.294921875 28.7109375 9.063258303782652 12.084344405043536
0 8.10546875 28.125 8.970299351012615 11.960399134683486
0 12.3046875 23.4375 8.188725503539269 10.918300671385692
0 17.08984375 21.419270833333336 7.828219811023351 10.437626414697803
0 20.849609375 24.609375 8.39094670707246 11.187928942763282
0 27.24609375 22.65625 8.051090062422436 10.734786749896582
0 4.150390625 22.981770833333336 8.108722079825698 10.811629439767596
0 9.033203125 23.697916666666664 8.234092750996119 10.978790334661493
0 6.34765625 19.856770833333336 7.537285788103314 10.049714384137753
0 1.611328125 18.098958333333336 7.195938795502683 9.594585060670244
0 3.662109375 18.229166666666664 7.221777078979024 9.629036105305365
0 4.736328125 15.755208333333334 6.7138671875 8.951822916666668
0 6.103515625 16.40625 6.8511792970714245 9.134905729428567
0 7.32421875 16.731770833333336 6.9188135063199665 9.225084675093289
0 9.619140625 16.731770833333336 6.9188135063199665 9.225084675093289
0 13.232421875 18.619791666666664 7.298743129334349 9.731657505779133
0 12.353515625 15.169270833333334 6.587839704871492 8.783786273161988
0 14.6484375 14.0625 6.342959500374307 8.457279333832409
0 15.33203125 16.666666666666664 6.905339660024879 9.207119546699838
0 19.677734375 19.986979166666664 7.561957820656658 10.08261042754221
0 17.919921875 16.731770833333336 6.9188135063199665 9.225084675093289
0 21.77734375 16.731770833333336 6.9188135063199665 9.225084675093289
0 19.3359375 13.736979166666666 6.269115778861736 8.358821038482315
0 20.849609375 13.8671875 6.298757153488249 8.398342871317666
0 22.705078125 14.518229166666666 6.444919458600731 8.593225944800976
0 24.853515625 14.6484375 6.473755931273323 8.631674575031097
0 26.611328125 17.7734375 7.130933499479933 9.50791133263991
0 31.396484375 19.010416666666664 7.37490598974278 9.833207986323707
0 30.224609375 17.317708333333336 7.038917599286375 9.385223465715166
0 27.978515625 15.625 6.686066375795484 8.914755167727312
0 30.908203125 15.625 6.686066375795484 8.914755167727312
0 29.833984375 12.955729166666666 6.088237714617921 8.117650286157229
0 28.80859375 14.192708333333334 6.372257390692475 8.496343187589966
0 27.294921875 12.369791666666668 5.948971157720314 7.931961543627086
0 34.765625 14.2578125 6.386855937639267 8.515807916852356
0 37.3046875 15.299479166666666 6.61605328023645 8.821404373648601
0 40.0390625 25.260416666666668 8.501213548086012 11.334951397448016
0 43.1640625 22.200520833333336 7.969705113037473 10.626273484049964
0 42.333984375 19.401041666666664 7.450290292806215 9.933720390408286
0 43.06640625 17.057291666666664 6.985792933508055 9.31439057801074
0 43.896484375 15.4296875 6.644147051109997 8.858862734813329
0 45.263671875 15.299479166666666 6.61605328023645 8.821404373648601
0 39.208984375 14.518229166666666 6.444919458600731 8.593225944800976
0 41.162109375 14.2578125 6.386855937639267 8.515807916852356
0 37.451171875 12.6953125 6.026738787271576 8.0356517163621
0 36.376953125 13.28125 6.16424861960576 8.218998159474348
0 32.91015625 15.494791666666666 6.658149484030587 8.877532645374115
0 32.666015625 12.6953125 6.026738787271576 8.0356517163621
0 31.689453125 13.736979166666666 6.269115778861736 8.358821038482315
0 45.99609375 14.713541666666666 6.488126106405426 8.650834808540568
0 46.923828125 13.736979166666666 6.269115778861736 8.358821038482315
0 52.83203125 15.4296875 6.644147051109997 8.858862734813329
0 51.318359375 16.2109375 6.810276368536802 9.080368491382403
0 48.291015625 14.973958333333334 6.545291317604741 8.727055090139656
0 49.853515625 17.96875 7.170007400189656 9.56000986691954
0 48.046875 22.916666666666664 8.097228492078614 10.796304656104818
0 56.005859375 22.005208333333336 7.9345703125 10.579427083333332
0 50.1953125 26.3671875 8.685454999241765 11.580606665655687
0 64.74609375 25.5859375 8.555814067917595 11.407752090556793
0 61.1328125 21.549479166666664 7.85197774064246 10.469303654189947
0 66.40625 14.0625 6.342959500374307 8.457279333832409
0 60.25390625 18.098958333333336 7.195938795502683 9.594585060670244
0 61.474609375 15.494791666666666 6.658149484030587 8.877532645374115
0 59.423828125 15.950520833333334 6.755353888299149 9.0071385177322
0 62.3046875 13.606770833333334 6.2393335877260965 8.319111450301463
0 60.205078125 13.0859375 6.118755388111396 8.15834051748186
0 61.5234375 10.611979166666668 5.510092189107602 7.346789585476802
0 58.203125 12.174479166666668 5.901818727360142 7.8690916364801895
0 55.908203125 14.2578125 6.386855937639267 8.515807916852356
0 57.080078125 17.317708333333336 7.038917599286375 9.385223465715166
0 54.736328125 11.1328125 5.6436895779134915 7.524919437217989
0 55.908203125 12.6953125 6.026738787271576 8.0356517163621
0 66.748046875 20.8984375 7.732458166088822 10.309944221451763
0 71.09375 17.7734375 7.130933499479933 9.50791133263991
0 73.681640625 29.296875 9.1552734375 12.20703125
0 74.70703125 18.424479166666664 7.2603620931215325 9.680482790828709
0 73.974609375 24.934895833333336 8.446260072691679 11.26168009692224
0 81.25 27.34375 8.84483443981289 11.793112586417188
0 76.708984375 25.5859375 8.555814067917595 11.407752090556793
0 97.36328125 26.953125 8.78142979122202 11.708573054962693
0 93.26171875 28.971354166666668 9.104268731797058 12.139024975729411
0 76.904296875 13.0859375 6.118755388111396 8.15834051748186
0 78.22265625 16.276041666666664 6.823937919616058 9.09858389282141
0 79.150390625 14.518229166666666 6.444919458600731 8.593225944800976
0 81.103515625 16.080729166666664 6.782870718656271 9.043827624875028
0 83.0078125 17.317708333333336 7.038917599286375 9.385223465715166
0 81.93359375 19.205729166666664 7.412693970636669 9.883591960848893
0 83.7890625 14.973958333333334 6.545291317604741 8.727055090139656
0 86.767578125 21.354166666666664 7.816313766397521 10.421751688530028
0 89.55078125 27.1484375 8.81318913463968 11.750918846186241
0 84.1796875 18.880208333333336 7.349606066157407 9.799474754876544
0 87.353515625 24.479166666666664 8.36871899463018 11.15829199284024
0 86.474609375 17.1875 7.012405574387241 9.349874099182989
0 88.525390625 18.294270833333336 7.234661615679748 9.646215487572997
0 90.13671875 23.893229166666664 8.267954824306681 11.023939765742242
0 92.48046875 22.786458333333336 8.074192233473482 10.765589644631309
0 94.921875 21.875 7.911060422861158 10.548080563814876
0 97.4609375 20.442708333333336 7.647683158045451 10.196910877393934
0 95.41015625 19.53125 7.475249459177179 9.966999278902906
0 94.189453125 17.96875 7.170007400189656 9.56000986691954
0 92.724609375 19.791666666666664 7.524919437217989 10.033225916290652
0 91.064453125 18.098958333333336 7.195938795502683 9.594585060670244
0 77.392578125 21.549479166666664 7.85197774064246 10.469303654189947
0 81.689453125 21.419270833333336 7.828219811023351 10.437626414697803
0 70.01953125 14.0625 6.342959500374307 8.457279333832409
0 63.037109375 17.7734375 7.130933499479933 9.50791133263991
0 42.919921875 12.825520833333334 6.057566296777102 8.076755062369468
