0 65.576171875 62.760416666666664 13.399962402404874 17.866616536539834
0 48.974609375 75.5859375 14.70554663471284 19.607395512950454
0 36.474609375 61.067708333333336 13.218022355778636 17.624029807704847
0 22.998046875 59.375 13.033542788124159 17.37805705083221
0 54.541015625 40.8203125 10.806842779312605 14.40912370575014
0 65.185546875 38.15104166666667 10.447535869521296 13.930047826028394
0 91.50390625 83.33333333333334 15.440808887540916 20.587745183387888
0 84.814453125 59.049479166666664 12.99776577090262 17.330354361203494
0 98.73046875 52.213541666666664 12.222280514221671 16.29637401896223
0 87.6953125 35.67708333333333 10.103116062772735 13.470821417030313
0 93.505859375 28.90625 9.094033462982996 12.125377950643994
0 74.0234375 47.59114583333333 11.66873431048899 15.55831241398532
0 79.00390625 34.765625 9.973226707988399 13.297635610651199
0 68.115234375 31.8359375 9.543759625922785 12.725012834563712
0 71.6796875 21.809895833333336 7.8992792392241125 10.532372318965482
0 46.337890625 34.44010416666667 9.926425761285763 13.235234348381017
0 35.64453125 36.00260416666667 10.149102263376399 13.53213635116853
0 23.2421875 45.76822916666667 11.443074499055587 15.25743266540745
0 7.03125 53.971354166666664 12.426314130555623 16.568418840740833
0 3.662109375 39.84375 10.676791799643494 14.235722399524658
0 9.814453125 31.380208333333332 9.475204282385269 12.633605709847027
0 5.029296875 26.888020833333332 8.770817787597604 11.694423716796805
0 12.79296875 23.502604166666664 8.200090846279542 10.933454461706056
0 20.1171875 23.958333333333336 8.279211405182211 11.038948540242949
0 26.85546875 21.484375 7.840107775064166 10.453477033418888
0 31.93359375 23.177083333333336 8.143105507889608 10.857474010519478
0 39.94140625 21.614583333333336 7.863829789260941 10.485106385681254
0 47.94921875 24.869791666666664 8.435226416678011 11.246968555570682
0 56.73828125 22.8515625 8.085718566584333 10.780958088779109
0 63.134765625 20.572916666666664 7.672000176987631 10.229333569316841
0 58.935546875 27.018229166666668 8.792028986137655 11.722705314850208
0 89.892578125 65.69010416666666 13.709153714121216 18.278871618828287
0 93.84765625 54.557291666666664 12.49358489407881 16.658113192105077
0 71.337890625 70.5078125 14.202973972436642 18.93729862991552
0 47.021484375 49.73958333333333 11.929211600153849 15.905615466871797
0 2.05078125 57.03125 12.773711875278535 17.031615833704713
0 2.392578125 47.265625 11.628759084019562 15.505012112026082
0 49.560546875 48.37239583333333 11.764120646604239 15.68549419547232
0 58.154296875 34.765625 9.973226707988399 13.297635610651199
0 62.79296875 30.924479166666668 9.406149296522488 12.541532395363317
0 66.259765625 23.958333333333336 8.279211405182211 11.038948540242949
0 27.63671875 34.63541666666667 9.954532733337459 13.272710311116612
0 97.900390625 25.065104166666668 8.468284256293707 11.291045675058275
0 89.208984375 21.809895833333336 7.8992792392241125 10.532372318965482
