0 87.060546875 62.890625 13.413855576071724 17.88514076809563
0 77.978515625 53.255208333333336 12.343596445408132 16.45812859387751
0 94.189453125 53.125 12.32849723921152 16.437996318948695
0 66.064453125 60.15625 13.119009558230394 17.492012744307193
0 53.61328125 48.50260416666667 11.779943277355214 15.706591036473618
0 34.619140625 63.606770833333336 13.49001227130148 17.986683028401973
0 22.0703125 49.86979166666667 11.944815546130936 15.92642072817458
0 35.107421875 43.03385416666667 11.095983253599758 14.794644338133011
0 31.0546875 35.28645833333333 10.047654805392046 13.39687307385606
0 30.712890625 27.9296875 8.939098215256843 11.918797620342456
0 21.435546875 28.776041666666668 9.073528288158268 12.098037717544358
0 40.625 16.341145833333336 6.837572174807153 9.116762899742872
0 49.4140625 21.940104166666664 7.92282408798045 10.5637654506406
0 41.650390625 18.684895833333336 7.311492035346033 9.748656047128044
0 50.1953125 19.205729166666664 7.412693970636669 9.883591960848893
0 41.015625 21.940104166666664 7.92282408798045 10.5637654506406
0 50.439453125 28.450520833333332 9.02206146184966 12.029415282466214
0 39.892578125 30.6640625 9.366460725843998 12.48861430112533
0 48.779296875 37.76041666666667 10.393912576859377 13.85855010247917
0 42.041015625 24.4140625 8.357582969744357 11.143443959659143
0 59.521484375 31.0546875 9.425930915210266 12.567907886947022
0 44.62890625 30.2734375 9.306610523667546 12.408814031556727
0 58.984375 19.3359375 7.437779301119349 9.917039068159132
0 51.66015625 16.536458333333336 6.878312786611722 9.171083715482297
0 45.3125 14.192708333333334 6.372257390692475 8.496343187589966
0 37.158203125 13.541666666666666 6.224389054678692 8.299185406238257
0 56.640625 13.346354166666666 6.179338602086361 8.239118136115147
0 47.265625 14.192708333333334 6.372257390692475 8.496343187589966
0 61.572265625 12.565104166666666 5.995752778438873 7.9943370379184975
0 56.8359375 15.8203125 6.72772451325946 8.970299351012613
0 33.984375 18.424479166666664 7.2603620931215325 9.680482790828709
0 26.85546875 24.0234375 8.290452702152177 11.053936936202902
0 19.82421875 20.833333333333336 7.720404443770458 10.293872591693944
0 30.810546875 15.169270833333334 6.587839704871492 8.783786273161988
0 21.142578125 14.453125 6.430452730012657 8.57393697335021
0 27.685546875 13.0859375 6.118755388111396 8.15834051748186
0 18.505859375 15.950520833333334 6.755353888299149 9.0071385177322
0 27.490234375 18.5546875 7.28597191547444 9.714629220632586
0 12.646484375 20.442708333333336 7.647683158045451 10.196910877393934
0 29.39453125 13.0859375 6.118755388111396 8.15834051748186
0 61.23046875 21.549479166666664 7.85197774064246 10.469303654189947
0 7.177734375 16.666666666666664 6.905339660024879 9.207119546699838
0 60.302734375 24.8046875 8.424178309229896 11.23223774563986
0 10.64453125 28.580729166666668 9.042683343523592 12.056911124698123
0 62.79296875 18.1640625 7.208869513560617 9.611826018080823
0 5.126953125 31.315104166666668 9.465370128949479 12.62049350526597
0 74.21875 33.13802083333333 9.736972737758677 12.982630317011571
0 6.640625 24.283854166666664 8.33526628646708 11.113688381956106
0 79.931640625 38.54166666666667 10.500885335745396 14.001180447660527
0 1.85546875 59.505208333333336 13.047826126972625 17.397101502630168
0 70.654296875 22.4609375 8.016311973000304 10.688415964000404
0 81.982421875 16.796875 6.932261164306974 9.243014885742634
0 70.60546875 12.565104166666666 5.995752778438873 7.9943370379184975
0 79.833984375 16.080729166666664 6.782870718656271 9.043827624875028
0 72.16796875 13.0859375 6.118755388111396 8.15834051748186
0 93.359375 19.466145833333336 7.462780310447684 9.950373747263578
0 89.208984375 23.828125 8.256682897014576 11.008910529352768
0 92.7734375 30.2734375 9.306610523667546 12.408814031556727
0 87.255859375 35.67708333333333 10.103116062772735 13.470821417030313
0 80.126953125 26.432291666666668 8.696171172348027 11.594894896464037
0 90.72265625 16.341145833333336 6.837572174807153 9.116762899742872
0 95.947265625 22.4609375 8.016311973000304 10.688415964000404
0 75.537109375 28.190104166666668 8.980675640601907 11.974234187469209
0 98.388671875 41.53645833333333 10.901227477717134 14.53496997028951
0 98.583984375 32.55208333333333 9.650505554713073 12.86734073961743
0 99.0234375 18.684895833333336 7.311492035346033 9.748656047128044
0 66.455078125 23.828125 8.256682897014576 11.008910529352768
0 1.953125 16.666666666666664 6.905339660024879 9.207119546699838
0 1.5625 46.41927083333333 11.524174553527347 15.365566071369797
0 64.501953125 42.25260416666667 10.994801962067763 14.659735949423682
0 63.4765625 35.67708333333333 10.103116062772735 13.470821417030313
0 82.275390625 23.4375 8.188725503539269 10.918300671385692
