0 12.40234375 36.328125 10.194881035455362 13.593174713940485
0 99.365234375 23.4375 8.188725503539269 10.918300671385692
0 87.890625 33.91927083333333 9.851081781963485 13.134775709284646
0 39.697265625 22.200520833333336 7.969705113037473 10.626273484049964
0 34.521484375 15.299479166666666 6.61605328023645 8.821404373648601
0 27.587890625 16.145833333333336 6.796587356970242 9.062116475960323
0 23.046875 17.317708333333336 7.038917599286375 9.385223465715166
0 18.1640625 15.299479166666666 6.61605328023645 8.821404373648601
0 18.798828125 20.572916666666664 7.672000176987631 10.229333569316841
0 15.4296875 22.200520833333336 7.969705113037473 10.626273484049964
0 4.833984375 22.200520833333336 7.969705113037473 10.626273484049964
0 6.982421875 18.5546875 7.28597191547444 9.714629220632586
0 11.5234375 19.791666666666664 7.524919437217989 10.033225916290652
0 1.513671875 17.7734375 7.130933499479933 9.50791133263991
0 43.65234375 16.927083333333336 6.959078522333606 9.278771363111476
0 56.640625 15.299479166666666 6.61605328023645 8.821404373648601
0 60.888671875 15.299479166666666 6.61605328023645 8.821404373648601
0 66.064453125 17.317708333333336 7.038917599286375 9.385223465715166
0 72.412109375 18.5546875 7.28597191547444 9.714629220632586
0 76.66015625 17.7734375 7.130933499479933 9.50791133263991
0 78.759765625 21.809895833333336 7.8992792392241125 10.532372318965482
0 82.71484375 20.963541666666664 7.7444931277157725 10.325990836954363
0 86.03515625 19.3359375 7.437779301119349 9.917039068159132
0 89.697265625 20.182291666666664 7.598815672600545 10.13175423013406
0 14.55078125 16.927083333333336 6.959078522333606 9.278771363111476
