0 94.43359375 86.328125 15.715811999003579 20.95441599867144
0 83.544921875 63.8671875 13.517599237274231 18.023465649698974
0 91.30859375 52.473958333333336 12.25272210686324 16.336962809150986
0 76.318359375 53.255208333333336 12.343596445408132 16.45812859387751
0 64.599609375 59.505208333333336 13.047826126972625 17.397101502630168
0 34.130859375 62.565104166666664 13.379095591298201 17.838794121730935
0 3.80859375 66.08072916666666 13.749853913658217 18.33313855154429
0 0.634765625 58.333333333333336 12.918707573557572 17.224943431410097
0 0.341796875 45.37760416666667 11.394137391720257 15.192183188960342
0 7.421875 33.26822916666667 9.756083595670033 13.008111460893376
0 23.779296875 50.846354166666664 12.061201687847598 16.081602250463465
0 34.130859375 43.03385416666667 11.095983253599758 14.794644338133011
0 31.4453125 35.80729166666667 10.121535615098267 13.495380820131023
0 30.859375 28.841145833333332 9.083786661460703 12.11171554861427
0 20.5078125 27.408854166666668 8.855357744474432 11.807143659299243
0 4.00390625 30.924479166666668 9.406149296522488 12.541532395363317
0 8.837890625 28.190104166666668 8.980675640601907 11.974234187469209
0 3.90625 24.869791666666664 8.435226416678011 11.246968555570682
0 0.439453125 18.359375 7.247523246483103 9.663364328644137
0 2.63671875 17.3828125 7.052136235529384 9.40284831403918
0 10.400390625 20.833333333333336 7.720404443770458 10.293872591693944
0 12.353515625 19.53125 7.475249459177179 9.966999278902906
0 15.13671875 23.4375 8.188725503539269 10.918300671385692
0 8.10546875 17.3828125 7.052136235529384 9.40284831403918
0 5.6640625 17.3828125 7.052136235529384 9.40284831403918
0 6.34765625 20.572916666666664 7.672000176987631 10.229333569316841
0 3.02734375 20.182291666666664 7.598815672600545 10.13175423013406
0 15.234375 17.252604166666664 7.025674092542321 9.367565456723094
0 13.525390625 16.731770833333336 6.9188135063199665 9.225084675093289
0 23.681640625 26.236979166666668 8.66398288975732 11.551977186343091
0 23.486328125 18.359375 7.247523246483103 9.663364328644137
0 26.904296875 23.958333333333336 8.279211405182211 11.038948540242949
0 50.244140625 37.23958333333333 10.321981521782082 13.762642029042777
0 49.462890625 47.8515625 11.700616157642099 15.600821543522796
0 43.84765625 30.6640625 9.366460725843998 12.48861430112533
0 41.2109375 24.609375 8.39094670707246 11.187928942763282
0 47.900390625 28.841145833333332 9.083786661460703 12.11171554861427
0 31.93359375 20.442708333333336 7.647683158045451 10.196910877393934
0 17.7734375 21.354166666666664 7.816313766397521 10.421751688530028
0 28.41796875 18.880208333333336 7.349606066157407 9.799474754876544
0 19.140625 17.96875 7.170007400189656 9.56000986691954
0 25.927734375 18.880208333333336 7.349606066157407 9.799474754876544
0 27.5390625 14.6484375 6.473755931273323 8.631674575031097
0 28.80859375 14.388020833333334 6.415953381844678 8.554604509126236
0 25.439453125 13.736979166666666 6.269115778861736 8.358821038482315
0 25.341796875 16.080729166666664 6.782870718656271 9.043827624875028
0 22.705078125 13.997395833333334 6.328259690346595 8.437679587128793
0 21.240234375 15.690104166666666 6.699981201202437 8.933308268269917
0 19.140625 15.559895833333334 6.672122530845778 8.896163374461038
0 30.56640625 14.778645833333334 6.502464524127966 8.669952698837287
0 32.71484375 15.4296875 6.644147051109997 8.858862734813329
0 34.912109375 17.252604166666664 7.025674092542321 9.367565456723094
0 39.013671875 20.052083333333336 7.574263699945591 10.099018266594122
0 38.720703125 13.216145833333334 6.149121606326259 8.198828808435012
0 36.474609375 18.098958333333336 7.195938795502683 9.594585060670244
0 64.74609375 42.05729166666667 10.969360812751116 14.62581441700149
0 36.181640625 14.2578125 6.386855937639267 8.515807916852356
0 44.7265625 14.778645833333334 6.502464524127966 8.669952698837287
0 37.939453125 15.690104166666666 6.699981201202437 8.933308268269917
0 61.376953125 35.9375 10.139921707663666 13.51989561021822
0 39.501953125 15.299479166666666 6.61605328023645 8.821404373648601
0 49.658203125 19.010416666666664 7.37490598974278 9.833207986323707
0 43.84765625 21.484375 7.840107775064166 10.453477033418888
0 47.216796875 15.4296875 6.644147051109997 8.858862734813329
0 51.904296875 16.9921875 6.972448522214271 9.296598029619028
0 60.791015625 13.8671875 6.298757153488249 8.398342871317666
0 47.998046875 14.388020833333334 6.415953381844678 8.554604509126236
0 56.15234375 15.4296875 6.644147051109997 8.858862734813329
0 41.69921875 20.833333333333336 7.720404443770458 10.293872591693944
0 48.291015625 22.395833333333336 8.00468569861084 10.672914264814453
0 51.220703125 27.5390625 8.876366926421502 11.835155901895336
0 58.30078125 24.21875 8.324085508414218 11.098780677885625
0 62.060546875 30.013020833333332 9.266495636406846 12.35532751520913
0 60.107421875 19.921875 7.549631882844837 10.066175843793117
0 78.41796875 39.58333333333333 10.641843123878598 14.189124165171464
0 54.6875 13.606770833333334 6.2393335877260965 8.319111450301463
0 63.427734375 17.3828125 7.052136235529384 9.40284831403918
0 66.6015625 23.567708333333336 8.211440458419013 10.948587277892017
0 66.50390625 16.341145833333336 6.837572174807153 9.116762899742872
0 70.3125 13.346354166666666 6.179338602086361 8.239118136115147
0 73.486328125 27.5390625 8.876366926421502 11.835155901895336
0 64.94140625 15.169270833333334 6.587839704871492 8.783786273161988
0 73.095703125 33.13802083333333 9.736972737758677 12.982630317011571
0 66.6015625 13.606770833333334 6.2393335877260965 8.319111450301463
0 68.5546875 20.3125 7.62328857226367 10.164384763018226
0 76.416015625 20.833333333333336 7.720404443770458 10.293872591693944
0 78.515625 27.278645833333332 8.83429859993294 11.779064799910586
0 85.986328125 38.54166666666667 10.500885335745396 14.001180447660527
0 70.8984375 17.96875 7.170007400189656 9.56000986691954
0 81.8359375 29.231770833333332 9.145095253766906 12.193460338355873
0 71.337890625 21.354166666666664 7.816313766397521 10.421751688530028
0 74.658203125 13.606770833333334 6.2393335877260965 8.319111450301463
0 73.779296875 12.3046875 5.933295317145868 7.911060422861158
0 77.63671875 15.4296875 6.644147051109997 8.858862734813329
0 87.353515625 33.0078125 9.717824296930333 12.957099062573777
0 78.7109375 18.098958333333336 7.195938795502683 9.594585060670244
0 82.91015625 22.526041666666664 8.027921409891299 10.703895213188398
0 93.359375 46.6796875 11.556455217749932 15.40860695699991
0 98.779296875 41.40625 10.884127502518925 14.512170003358568
0 92.28515625 30.533854166666668 9.346553241646458 12.462070988861944
0 97.802734375 26.7578125 8.749555167743805 11.66607355699174
0 88.623046875 28.450520833333332 9.02206146184966 12.029415282466214
0 86.669921875 17.122395833333336 6.9991119025755095 9.332149203434014
0 81.8359375 17.252604166666664 7.025674092542321 9.367565456723094
0 89.501953125 25.260416666666668 8.501213548086012 11.334951397448016
0 82.421875 14.518229166666666 6.444919458600731 8.593225944800976
0 84.326171875 19.921875 7.549631882844837 10.066175843793117
0 92.3828125 23.697916666666664 8.234092750996119 10.978790334661493
0 88.232421875 18.75 7.32421875 9.765625
0 95.21484375 19.661458333333336 7.500125566067204 10.00016742142294
0 93.06640625 18.229166666666664 7.221777078979024 9.629036105305365
