0 96.630859375 73.69791666666666 14.520724186243065 19.360965581657418
0 87.353515625 72.13541666666666 14.365969599535914 19.15462613271455
0 94.3359375 50.716145833333336 12.045748508295013 16.06099801106002
0 70.947265625 49.86979166666667 11.944815546130936 15.92642072817458
0 65.283203125 57.552083333333336 12.831906763689355 17.10920901825247
0 61.5234375 50.911458333333336 12.06892085771801 16.091894476957346
0 64.2578125 42.1875 10.986328125 14.6484375
0 63.96484375 31.380208333333332 9.475204282385269 12.633605709847027
0 79.931640625 38.21614583333333 10.456446349494515 13.941928465992687
0 87.890625 40.29947916666667 10.737678274999501 14.316904366666003
0 95.99609375 43.5546875 11.162927952985768 14.883903937314358
0 94.3359375 29.166666666666668 9.134905729428569 12.17987430590476
0 44.970703125 34.24479166666667 9.898238977189243 13.197651969585658
0 55.908203125 31.510416666666668 9.494842032534208 12.659789376712277
0 27.734375 32.74739583333333 9.679413773897526 12.905885031863368
0 12.6953125 37.6953125 10.38494844187839 13.84659792250452
0 8.69140625 28.125 8.970299351012615 11.960399134683486
0 15.673828125 27.9296875 8.939098215256843 11.918797620342456
0 3.7109375 33.59375 9.803697756475225 13.071597008633635
0 3.076171875 22.135416666666664 7.958010748538389 10.610680998051187
0 76.5625 29.4921875 9.185740321833748 12.247653762444997
0 84.27734375 24.153645833333336 8.312889692307273 11.083852923076364
0 79.00390625 18.489583333333336 7.273178276253042 9.697571035004056
0 69.140625 20.8984375 7.732458166088822 10.309944221451763
0 58.203125 13.346354166666666 6.179338602086361 8.239118136115147
0 51.3671875 14.908854166666666 6.531046923532928 8.708062564710572
0 40.185546875 16.080729166666664 6.782870718656271 9.043827624875028
0 30.95703125 13.8671875 6.298757153488249 8.398342871317666
0 87.5 44.53125 11.287379155826983 15.049838874435977
0 81.73828125 43.5546875 11.162927952985768 14.883903937314358
0 50.634765625 47.65625 11.676712933171991 15.568950577562655
0 24.12109375 54.4921875 12.486128262621328 16.648171016828435
0 6.396484375 46.80989583333333 11.572561783360925 15.430082377814566
0 41.11328125 24.869791666666664 8.435226416678011 11.246968555570682
0 69.53125 33.26822916666667 9.756083595670033 13.008111460893376
0 72.4609375 22.265625 7.981382342908947 10.641843123878598
0 27.734375 39.0625 10.57159916729051 14.095465556387346
0 88.037109375 26.888020833333332 8.770817787597604 11.694423716796805
0 98.046875 23.828125 8.256682897014576 11.008910529352768
0 97.265625 33.07291666666667 9.727403229070575 12.9698709720941
0 27.734375 24.153645833333336 8.312889692307273 11.083852923076364
0 36.865234375 17.96875 7.170007400189656 9.56000986691954
0 64.990234375 23.307291666666664 8.165947363439729 10.88792981791964
0 85.05859375 18.1640625 7.208869513560617 9.611826018080823
