0 95.068359375 80.33854166666666 15.160818296355249 20.21442439514033
0 35.595703125 71.80989583333334 14.33351875710129 19.111358342801722
0 29.39453125 62.565104166666664 13.379095591298201 17.838794121730935
0 42.236328125 53.645833333333336 12.388783648794213 16.518378198392284
0 0.732421875 84.375 15.537014235055976 20.716018980074637
0 2.880859375 45.8984375 11.459340426952263 15.279120569269683
0 36.474609375 43.68489583333333 11.179601491707887 14.906135322277184
0 41.015625 32.03125 9.572990198582838 12.763986931443785
0 50.634765625 40.36458333333333 10.746348182164922 14.328464242886563
0 60.64453125 79.75260416666666 15.10543050630442 20.140574008405896
0 76.318359375 78.25520833333334 14.962952480628983 19.95060330750531
0 1.66015625 63.671875 13.496914299008777 17.995885732011704
0 95.99609375 24.544270833333336 8.379840220792225 11.173120294389632
0 96.77734375 32.2265625 9.60213178866716 12.802842384889546
0 86.279296875 34.70052083333333 9.963884104806219 13.28517880640829
0 88.232421875 29.622395833333332 9.205995562132786 12.274660749510382
0 91.015625 23.958333333333336 8.279211405182211 11.038948540242949
0 84.47265625 23.6328125 8.222774405094897 10.963699206793196
0 90.234375 21.028645833333336 7.756509415978292 10.342012554637723
0 94.384765625 21.940104166666664 7.92282408798045 10.5637654506406
0 82.275390625 23.763020833333336 8.245395560367612 10.993860747156816
0 76.26953125 30.338541666666668 9.316612257369233 12.42214967649231
0 80.224609375 29.1015625 9.124704826492952 12.166273101990603
0 78.515625 24.348958333333336 8.346432086900233 11.128576115866979
0 80.6640625 19.661458333333336 7.500125566067204 10.00016742142294
0 73.193359375 23.6328125 8.222774405094897 10.963699206793196
0 70.99609375 27.799479166666668 8.918236814088415 11.890982418784553
0 71.484375 21.940104166666664 7.92282408798045 10.5637654506406
0 62.744140625 18.684895833333336 7.311492035346033 9.748656047128044
0 70.654296875 19.661458333333336 7.500125566067204 10.00016742142294
0 58.251953125 20.703125 7.6962403643301345 10.261653819106845
0 0.634765625 18.684895833333336 7.311492035346033 9.748656047128044
0 5.76171875 19.466145833333336 7.462780310447684 9.950373747263578
0 9.814453125 18.294270833333336 7.234661615679748 9.646215487572997
0 2.44140625 19.140625 7.400119417103358 9.866825889471144
0 49.12109375 18.294270833333336 7.234661615679748 9.646215487572997
0 42.919921875 19.466145833333336 7.462780310447684 9.950373747263578
0 38.427734375 18.5546875 7.28597191547444 9.714629220632586
0 33.642578125 17.903645833333336 7.157006469457137 9.542675292609516
0 29.931640625 17.1875 7.012405574387241 9.349874099182989
0 23.14453125 16.276041666666664 6.823937919616058 9.09858389282141
0 17.28515625 16.276041666666664 6.823937919616058 9.09858389282141
0 20.751953125 19.791666666666664 7.524919437217989 10.033225916290652
0 18.45703125 14.84375 6.516771394062079 8.689028525416106
0 25.830078125 15.0390625 6.559504779115197 8.746006372153596
0 35.009765625 15.494791666666666 6.658149484030587 8.877532645374115
0 24.90234375 17.1875 7.012405574387241 9.349874099182989
0 36.474609375 15.755208333333334 6.7138671875 8.951822916666668
0 40.966796875 17.513020833333336 7.0784994535786145 9.437999271438152
0 44.873046875 15.625 6.686066375795484 8.914755167727312
0 50.9765625 14.908854166666666 6.531046923532928 8.708062564710572
0 55.908203125 17.7734375 7.130933499479933 9.50791133263991
0 47.216796875 17.447916666666664 7.065330140863174 9.420440187817565
0 61.1328125 14.453125 6.430452730012657 8.57393697335021
0 57.51953125 16.536458333333336 6.878312786611722 9.171083715482297
0 46.142578125 15.625 6.686066375795484 8.914755167727312
0 66.650390625 16.276041666666664 6.823937919616058 9.09858389282141
0 73.4375 16.40625 6.8511792970714245 9.134905729428567
0 76.66015625 20.442708333333336 7.647683158045451 10.196910877393934
0 80.810546875 21.158854166666664 7.780486318348366 10.373981757797822
0 78.7109375 17.1875 7.012405574387241 9.349874099182989
0 87.548828125 18.098958333333336 7.195938795502683 9.594585060670244
0 92.041015625 20.8984375 7.732458166088822 10.309944221451763
0 98.73046875 26.041666666666668 8.631674575031099 11.508899433374797
