0 91.259765625 45.44270833333333 11.402308161785525 15.203077549047366
0 70.849609375 44.40104166666667 11.270865058971795 15.027820078629059
0 62.841796875 43.5546875 11.162927952985768 14.883903937314358
0 69.43359375 34.5703125 9.945172568847854 13.26023009179714
0 81.689453125 36.78385416666667 10.258628121320564 13.678170828427419
0 87.548828125 30.924479166666668 9.406149296522488 12.541532395363317
0 99.8046875 42.64322916666667 11.045508466097326 14.7273446214631
0 12.158203125 41.47135416666667 10.892680845687712 14.523574460916949
0 11.083984375 28.515625 9.03237828793258 12.043171050576774
0 44.091796875 27.473958333333332 8.865868558553435 11.821158078071248
0 50.927734375 34.375 9.91703906815913 13.222718757545508
0 64.111328125 26.106770833333332 8.642457433170346 11.52327657756046
0 76.025390625 26.822916666666668 8.760192928715409 11.680257238287211
0 85.986328125 28.385416666666668 9.011732824849489 12.015643766465985
0 99.4140625 30.924479166666668 9.406149296522488 12.541532395363317
0 90.771484375 30.598958333333332 9.35651227829339 12.475349704391189
0 71.38671875 22.005208333333336 7.9345703125 10.579427083333332
0 59.716796875 20.247395833333336 7.611061958825638 10.148082611767517
0 40.33203125 22.005208333333336 7.9345703125 10.579427083333332
0 31.787109375 20.052083333333336 7.574263699945591 10.099018266594122
0 11.376953125 23.697916666666664 8.234092750996119 10.978790334661493
0 4.8828125 22.135416666666664 7.958010748538389 10.610680998051187
0 22.36328125 17.122395833333336 6.9991119025755095 9.332149203434014
0 11.474609375 19.205729166666664 7.412693970636669 9.883591960848893
0 1.513671875 19.7265625 7.512532730158185 10.01671030687758
0 6.591796875 16.796875 6.932261164306974 9.243014885742634
0 22.216796875 14.192708333333334 6.372257390692475 8.496343187589966
0 44.7265625 22.005208333333336 7.9345703125 10.579427083333332
0 61.1328125 17.317708333333336 7.038917599286375 9.385223465715166
0 65.673828125 22.330729166666664 7.993042513249997 10.657390017666662
0 79.00390625 23.893229166666664 8.267954824306681 11.023939765742242
0 20.41015625 19.921875 7.549631882844837 10.066175843793117
0 4.4921875 18.684895833333336 7.311492035346033 9.748656047128044
0 11.62109375 16.6015625 6.891839471823862 9.189119295765149
0 25.830078125 15.4296875 6.644147051109997 8.858862734813329
0 13.57421875 24.934895833333336 8.446260072691679 11.26168009692224
0 2.44140625 18.684895833333336 7.311492035346033 9.748656047128044
0 4.4921875 18.033854166666664 7.182984799767957 9.577313066357275
0 10.05859375 19.7265625 7.512532730158185 10.01671030687758
0 15.869140625 18.1640625 7.208869513560617 9.611826018080823
0 13.671875 17.513020833333336 7.0784994535786145 9.437999271438152
0 16.259765625 15.625 6.686066375795484 8.914755167727312
0 17.96875 17.122395833333336 6.9991119025755095 9.332149203434014
0 21.19140625 16.6015625 6.891839471823862 9.189119295765149
0 24.4140625 19.205729166666664 7.412693970636669 9.883591960848893
0 24.560546875 16.145833333333336 6.796587356970242 9.062116475960323
0 27.9296875 16.145833333333336 6.796587356970242 9.062116475960323
0 36.962890625 19.921875 7.549631882844837 10.066175843793117
0 30.126953125 14.0625 6.342959500374307 8.457279333832409
0 29.736328125 14.908854166666666 6.531046923532928 8.708062564710572
0 30.76171875 14.908854166666666 6.531046923532928 8.708062564710572
0 30.76171875 16.145833333333336 6.796587356970242 9.062116475960323
0 31.689453125 15.4296875 6.644147051109997 8.858862734813329
0 33.59375 16.145833333333336 6.796587356970242 9.062116475960323
0 36.71875 13.541666666666666 6.224389054678692 8.299185406238257
0 34.765625 15.755208333333334 6.7138671875 8.951822916666668
0 35.693359375 17.122395833333336 6.9991119025755095 9.332149203434014
0 37.353515625 15.950520833333334 6.755353888299149 9.0071385177322
0 36.81640625 14.713541666666666 6.488126106405426 8.650834808540568
0 39.794921875 15.4296875 6.644147051109997 8.858862734813329
0 48.33984375 20.052083333333336 7.574263699945591 10.099018266594122
0 42.529296875 15.755208333333334 6.7138671875 8.951822916666668
0 51.708984375 16.9921875 6.972448522214271 9.296598029619028
0 42.7734375 14.908854166666666 6.531046923532928 8.708062564710572
0 44.189453125 15.950520833333334 6.755353888299149 9.0071385177322
0 46.38671875 15.950520833333334 6.755353888299149 9.0071385177322
0 47.4609375 14.713541666666666 6.488126106405426 8.650834808540568
0 47.314453125 17.838541666666664 7.143981879101334 9.525309172135112
0 46.142578125 19.401041666666664 7.450290292806215 9.933720390408286
0 51.5625 11.653645833333332 5.7741967555006415 7.698929007334189
0 56.884765625 19.53125 7.475249459177179 9.966999278902906
0 62.158203125 12.5 5.980199567341744 7.973599423122326
0 53.125 15.950520833333334 6.755353888299149 9.0071385177322
0 59.47265625 14.583333333333334 6.459353786778786 8.612471715705048
0 64.74609375 19.401041666666664 7.450290292806215 9.933720390408286
0 54.541015625 13.151041666666666 6.133957288281793 8.178609717709058
0 65.4296875 15.4296875 6.644147051109997 8.858862734813329
0 56.494140625 13.151041666666666 6.133957288281793 8.178609717709058
0 67.333984375 16.6015625 6.891839471823862 9.189119295765149
0 57.91015625 15.234375 6.60196156395994 8.802615418613254
0 66.943359375 14.713541666666666 6.488126106405426 8.650834808540568
0 63.232421875 16.276041666666664 6.823937919616058 9.09858389282141
0 72.65625 15.104166666666666 6.573687508709111 8.764916678278816
0 69.921875 14.908854166666666 6.531046923532928 8.708062564710572
0 69.04296875 15.234375 6.60196156395994 8.802615418613254
0 73.92578125 14.583333333333334 6.459353786778786 8.612471715705048
0 81.201171875 22.8515625 8.085718566584333 10.780958088779109
0 74.462890625 16.6015625 6.891839471823862 9.189119295765149
0 76.66015625 16.6015625 6.891839471823862 9.189119295765149
0 78.22265625 15.4296875 6.644147051109997 8.858862734813329
0 78.7109375 18.359375 7.247523246483103 9.663364328644137
0 80.6640625 17.513020833333336 7.0784994535786145 9.437999271438152
0 73.046875 17.643229166666664 7.104764847914316 9.473019797219088
0 73.046875 20.052083333333336 7.574263699945591 10.099018266594122
0 83.0078125 19.205729166666664 7.412693970636669 9.883591960848893
0 82.763671875 16.9921875 6.972448522214271 9.296598029619028
0 85.205078125 17.513020833333336 7.0784994535786145 9.437999271438152
0 88.427734375 20.052083333333336 7.574263699945591 10.099018266594122
0 99.8046875 26.627604166666668 8.728240750778255 11.637654334371007
0 86.865234375 23.372395833333336 8.177344364608315 10.903125819477753
0 99.31640625 21.614583333333336 7.863829789260941 10.485106385681254
0 91.552734375 19.401041666666664 7.450290292806215 9.933720390408286
0 90.869140625 24.934895833333336 8.446260072691679 11.26168009692224
0 97.8515625 21.614583333333336 7.863829789260941 10.485106385681254
0 93.75 20.768229166666664 7.708331872750909 10.277775830334546
0 95.556640625 19.401041666666664 7.450290292806215 9.933720390408286
0 94.775390625 23.502604166666664 8.200090846279542 10.933454461706056
0 97.8515625 22.135416666666664 7.958010748538389 10.610680998051187
0 90.087890625 19.205729166666664 7.412693970636669 9.883591960848893
0 86.62109375 25.78125 8.588407763348565 11.451210351131419
0 39.55078125 18.1640625 7.208869513560617 9.611826018080823
