0 89.599609375 23.177083333333336 8.143105507889608 10.857474010519478
0 72.94921875 16.080729166666664 6.782870718656271 9.043827624875028
0 79.1015625 16.6015625 6.891839471823862 9.189119295765149
0 74.51171875 15.494791666666666 6.658149484030587 8.877532645374115
0 90.13671875 19.270833333333336 7.425247229367944 9.900329639157258
0 62.5 21.223958333333336 7.792447103762027 10.389929471682702
0 75.68359375 15.104166666666666 6.573687508709111 8.764916678278816
0 73.14453125 19.856770833333336 7.537285788103314 10.049714384137753
0 65.283203125 14.388020833333334 6.415953381844678 8.554604509126236
0 56.54296875 13.541666666666666 6.224389054678692 8.299185406238257
0 68.06640625 14.6484375 6.473755931273323 8.631674575031097
0 59.1796875 15.104166666666666 6.573687508709111 8.764916678278816
0 66.015625 19.010416666666664 7.37490598974278 9.833207986323707
0 46.97265625 14.0625 6.342959500374307 8.457279333832409
0 35.64453125 19.270833333333336 7.425247229367944 9.900329639157258
0 68.9453125 15.494791666666666 6.658149484030587 8.877532645374115
0 37.01171875 17.057291666666664 6.985792933508055 9.31439057801074
0 70.5078125 15.755208333333334 6.7138671875 8.951822916666668
0 40.0390625 15.625 6.686066375795484 8.914755167727312
0 33.0078125 16.2109375 6.810276368536802 9.080368491382403
0 31.982421875 15.494791666666666 6.658149484030587 8.877532645374115
0 29.833984375 15.755208333333334 6.7138671875 8.951822916666668
0 23.4375 15.755208333333334 6.7138671875 8.951822916666668
0 12.3046875 19.270833333333336 7.425247229367944 9.900329639157258
0 4.1015625 19.010416666666664 7.37490598974278 9.833207986323707
0 9.912109375 18.815104166666664 7.336923388776433 9.782564518368577
0 2.44140625 18.5546875 7.28597191547444 9.714629220632586
0 7.568359375 18.033854166666664 7.182984799767957 9.577313066357275
0 0.78125 17.838541666666664 7.143981879101334 9.525309172135112
0 6.103515625 19.53125 7.475249459177179 9.966999278902906
0 66.6015625 17.057291666666664 6.985792933508055 9.31439057801074
0 85.302734375 18.424479166666664 7.2603620931215325 9.680482790828709
0 93.310546875 20.1171875 7.586549618320344 10.115399491093791
