0 33.935546875 25.651041666666668 8.566692411876344 11.422256549168457
0 3.369140625 18.619791666666664 7.298743129334349 9.731657505779133
0 14.892578125 19.661458333333336 7.500125566067204 10.00016742142294
0 5.2734375 20.703125 7.6962403643301345 10.261653819106845
0 19.384765625 20.182291666666664 7.598815672600545 10.13175423013406
0 25.78125 17.708333333333336 7.117861199762329 9.490481599683106
0 44.921875 15.299479166666666 6.61605328023645 8.821404373648601
0 55.859375 15.4296875 6.644147051109997 8.858862734813329
0 64.697265625 15.690104166666666 6.699981201202437 8.933308268269917
0 72.36328125 21.614583333333336 7.863829789260941 10.485106385681254
0 77.734375 16.2109375 6.810276368536802 9.080368491382403
0 84.619140625 18.619791666666664 7.298743129334349 9.731657505779133
0 78.90625 19.53125 7.475249459177179 9.966999278902906
0 95.947265625 25.390625 8.523095729839442 11.364127639785922
0 80.810546875 18.489583333333336 7.273178276253042 9.697571035004056
0 89.2578125 18.229166666666664 7.221777078979024 9.629036105305365
0 99.365234375 20.963541666666664 7.7444931277157725 10.325990836954363
0 87.353515625 17.96875 7.170007400189656 9.56000986691954
0 86.083984375 18.619791666666664 7.298743129334349 9.731657505779133
0 73.4375 17.838541666666664 7.143981879101334 9.525309172135112
