0 88.18359375 86.39322916666666 15.721736904774486 20.962315873032647
0 42.96875 87.36979166666666 15.810344051499778 21.08045873533304
0 44.82421875 70.37760416666666 14.189853439407557 18.919804585876744
0 38.96484375 63.0859375 13.434668397860802 17.912891197147736
0 11.962890625 91.015625 16.13684578418248 21.515794378909973
0 6.591796875 74.67447916666666 14.616613787631893 19.48881838350919
0 11.81640625 58.463541666666664 12.93311773707098 17.244156982761304
0 1.7578125 59.114583333333336 13.004929048255931 17.339905397674574
0 22.265625 47.265625 11.628759084019562 15.505012112026082
0 5.517578125 41.66666666666667 10.918300671385692 14.557734228514258
0 7.2265625 35.80729166666667 10.121535615098267 13.495380820131023
0 32.91015625 37.5 10.358009490037318 13.810679320049758
0 50.390625 43.9453125 11.212874188765769 14.950498918354358
0 65.0390625 55.338541666666664 12.582719804741396 16.776959739655194
0 75.927734375 50.911458333333336 12.06892085771801 16.091894476957346
0 85.498046875 56.380208333333336 12.700593290212897 16.93412438695053
0 92.1875 50.716145833333336 12.045748508295013 16.06099801106002
0 97.36328125 46.54947916666667 11.54032617260073 15.38710156346764
0 99.31640625 75.13020833333334 14.661147643389056 19.548196857852073
0 83.59375 64.58333333333334 13.593174713940485 18.124232951920646
0 91.162109375 56.966145833333336 12.766418861909113 17.021891815878817
0 73.33984375 55.013020833333336 12.545657221126994 16.72754296150266
0 63.37890625 60.9375 13.203923127919884 17.60523083722651
0 52.978515625 51.041666666666664 12.084344405043538 16.112459206724715
0 48.876953125 49.86979166666667 11.944815546130936 15.92642072817458
0 64.16015625 44.27083333333333 11.254326730093856 15.005768973458474
0 79.638671875 40.8203125 10.806842779312605 14.40912370575014
0 75.537109375 33.52864583333333 9.794193442310311 13.05892458974708
0 77.685546875 39.32291666666667 10.606779295033428 14.142372393377903
0 74.0234375 32.35677083333333 9.621510480001493 12.828680640001991
0 64.74609375 31.8359375 9.543759625922785 12.725012834563712
0 60.791015625 35.80729166666667 10.121535615098267 13.495380820131023
0 47.16796875 39.19270833333333 10.589203840879804 14.118938454506406
0 41.357421875 25.065104166666668 8.468284256293707 11.291045675058275
0 48.291015625 37.82552083333333 10.40286898746296 13.870491983283944
0 60.546875 25.5859375 8.555814067917595 11.407752090556793
0 67.48046875 25.065104166666668 8.468284256293707 11.291045675058275
0 59.423828125 24.088541666666664 8.301678777304348 11.068905036405797
0 93.505859375 31.901041666666668 9.55351308746248 12.738017449949975
0 73.193359375 27.9296875 8.939098215256843 11.918797620342456
0 72.607421875 23.111979166666664 8.131660519088275 10.842214025451032
0 61.03515625 21.614583333333336 7.863829789260941 10.485106385681254
0 70.556640625 22.0703125 7.946299173761924 10.595065565015899
0 79.541015625 25.78125 8.588407763348565 11.451210351131419
0 28.7109375 25.5859375 8.555814067917595 11.407752090556793
0 22.119140625 26.888020833333332 8.770817787597604 11.694423716796805
0 27.05078125 24.4140625 8.357582969744357 11.143443959659143
0 89.404296875 30.013020833333332 9.266495636406846 12.35532751520913
0 84.5703125 28.7109375 9.063258303782652 12.084344405043536
0 81.73828125 25.065104166666668 8.468284256293707 11.291045675058275
0 76.07421875 25.390625 8.523095729839442 11.364127639785922
0 66.357421875 22.916666666666664 8.097228492078614 10.796304656104818
0 69.23828125 18.033854166666664 7.182984799767957 9.577313066357275
0 57.470703125 22.265625 7.981382342908947 10.641843123878598
0 63.18359375 26.5625 8.717563999686098 11.62341866624813
0 60.400390625 30.533854166666668 9.346553241646458 12.462070988861944
0 75.68359375 29.557291666666668 9.195873518871684 12.261164691828911
0 79.150390625 34.375 9.91703906815913 13.222718757545508
0 86.962890625 35.546875 10.084662867345157 13.44621715646021
0 68.45703125 37.6953125 10.38494844187839 13.84659792250452
0 64.16015625 39.77864583333333 10.668065364348472 14.224087152464628
0 44.04296875 31.8359375 9.543759625922785 12.725012834563712
0 30.517578125 29.752604166666668 9.22620633412535 12.301608445500468
0 34.27734375 28.385416666666668 9.011732824849489 12.015643766465985
0 33.154296875 22.135416666666664 7.958010748538389 10.610680998051187
0 28.076171875 21.614583333333336 7.863829789260941 10.485106385681254
0 20.849609375 23.111979166666664 8.131660519088275 10.842214025451032
0 15.771484375 28.190104166666668 8.980675640601907 11.974234187469209
0 18.896484375 32.74739583333333 9.679413773897526 12.905885031863368
0 9.375 27.864583333333332 8.928673607377803 11.904898143170405
0 3.173828125 29.036458333333332 9.114492506755418 12.15265667567389
0 0.537109375 34.04947916666667 9.869971697263324 13.159962263017766
0 0.78125 45.96354166666667 11.467464738803672 15.289952985071562
0 4.296875 32.35677083333333 9.621510480001493 12.828680640001991
0 8.0078125 21.744791666666664 7.887480458569388 10.51664061142585
0 2.63671875 32.68229166666667 9.669787303317175 12.893049737756234
0 5.224609375 25.5859375 8.555814067917595 11.407752090556793
0 31.005859375 21.09375 7.768507117527988 10.358009490037318
0 49.609375 23.307291666666664 8.165947363439729 10.88792981791964
0 3.173828125 25.390625 8.523095729839442 11.364127639785922
0 50.29296875 19.791666666666664 7.524919437217989 10.033225916290652
0 56.73828125 16.341145833333336 6.837572174807153 9.116762899742872
0 62.548828125 18.619791666666664 7.298743129334349 9.731657505779133
0 55.37109375 16.341145833333336 6.837572174807153 9.116762899742872
0 67.87109375 23.567708333333336 8.211440458419013 10.948587277892017
0 98.6328125 31.510416666666668 9.494842032534208 12.659789376712277
0 49.0234375 18.489583333333336 7.273178276253042 9.697571035004056
0 36.62109375 17.1875 7.012405574387241 9.349874099182989
0 11.181640625 20.182291666666664 7.598815672600545 10.13175423013406
0 6.396484375 18.294270833333336 7.234661615679748 9.646215487572997
0 4.052734375 22.65625 8.051090062422436 10.734786749896582
0 1.806640625 17.643229166666664 7.104764847914316 9.473019797219088
0 25.927734375 18.1640625 7.208869513560617 9.611826018080823
0 20.849609375 16.015625 6.7691262856502785 9.025501714200372
0 93.1640625 28.450520833333332 9.02206146184966 12.029415282466214
0 99.609375 28.255208333333332 8.991039955234518 11.988053273646026
0 94.04296875 24.4140625 8.357582969744357 11.143443959659143
0 84.47265625 20.638020833333336 7.684129829110212 10.245506438813615
0 77.880859375 19.596354166666664 7.487697843252746 9.983597124336994
0 72.607421875 20.3125 7.62328857226367 10.164384763018226
0 90.673828125 23.763020833333336 8.245395560367612 10.993860747156816
0 95.654296875 22.0703125 7.946299173761924 10.595065565015899
0 76.171875 13.4765625 6.209408553886659 8.279211405182211
0 60.9375 18.619791666666664 7.298743129334349 9.731657505779133
0 61.81640625 11.5234375 5.74184805976159 7.6557974130154545
0 51.513671875 17.1875 7.012405574387241 9.349874099182989
0 55.95703125 14.0625 6.342959500374307 8.457279333832409
0 44.580078125 16.9921875 6.972448522214271 9.296598029619028
0 36.62109375 15.299479166666666 6.61605328023645 8.821404373648601
0 42.431640625 22.4609375 8.016311973000304 10.688415964000404
0 48.6328125 28.385416666666668 9.011732824849489 12.015643766465985
0 52.24609375 27.278645833333332 8.83429859993294 11.779064799910586
0 81.982421875 19.921875 7.549631882844837 10.066175843793117
0 42.724609375 14.518229166666666 6.444919458600731 8.593225944800976
0 49.609375 15.0390625 6.559504779115197 8.746006372153596
0 34.228515625 18.619791666666664 7.298743129334349 9.731657505779133
0 31.15234375 15.299479166666666 6.61605328023645 8.821404373648601
0 24.21875 14.322916666666666 6.401421192444773 8.53522825659303
0 20.41015625 19.596354166666664 7.487697843252746 9.983597124336994
0 16.50390625 19.791666666666664 7.524919437217989 10.033225916290652
0 14.55078125 15.690104166666666 6.699981201202437 8.933308268269917
0 18.115234375 17.447916666666664 7.065330140863174 9.420440187817565
0 19.23828125 12.174479166666668 5.901818727360142 7.8690916364801895
0 59.423828125 13.020833333333334 6.103515625 8.138020833333332
0 71.240234375 13.020833333333334 6.103515625 8.138020833333332
0 86.669921875 17.1875 7.012405574387241 9.349874099182989
0 95.5078125 18.489583333333336 7.273178276253042 9.697571035004056
0 87.79296875 21.940104166666664 7.92282408798045 10.5637654506406
0 51.7578125 14.322916666666666 6.401421192444773 8.53522825659303
0 40.72265625 14.322916666666666 6.401421192444773 8.53522825659303
0 45.8984375 14.388020833333334 6.415953381844678 8.554604509126236
0 39.2578125 19.921875 7.549631882844837 10.066175843793117
0 31.689453125 18.294270833333336 7.234661615679748 9.646215487572997
0 26.220703125 11.393229166666668 5.7093160808928545 7.612421441190473
0 10.986328125 13.8671875 6.298757153488249 8.398342871317666
0 25.5859375 12.369791666666668 5.948971157720314 7.931961543627086
0 3.857421875 16.536458333333336 6.878312786611722 9.171083715482297
0 22.216796875 14.388020833333334 6.415953381844678 8.554604509126236
0 18.26171875 15.299479166666666 6.61605328023645 8.821404373648601
0 12.060546875 16.341145833333336 6.837572174807153 9.116762899742872
0 7.6171875 16.341145833333336 6.837572174807153 9.116762899742872
0 18.896484375 13.997395833333334 6.328259690346595 8.437679587128793
0 28.466796875 16.015625 6.7691262856502785 9.025501714200372
0 38.818359375 13.151041666666666 6.133957288281793 8.178609717709058
0 68.75 13.151041666666666 6.133957288281793 8.178609717709058
0 91.69921875 19.921875 7.549631882844837 10.066175843793117
0 99.12109375 24.609375 8.39094670707246 11.187928942763282
0 88.720703125 26.106770833333332 8.642457433170346 11.52327657756046
0 79.541015625 21.614583333333336 7.863829789260941 10.485106385681254
0 76.07421875 22.65625 8.051090062422436 10.734786749896582
0 79.98046875 18.489583333333336 7.273178276253042 9.697571035004056
0 84.47265625 16.2109375 6.810276368536802 9.080368491382403
0 72.0703125 16.2109375 6.810276368536802 9.080368491382403
0 66.9921875 14.6484375 6.473755931273323 8.631674575031097
0 61.03515625 15.625 6.686066375795484 8.914755167727312
0 47.412109375 14.192708333333334 6.372257390692475 8.496343187589966
0 58.837890625 16.471354166666664 6.864759447755123 9.15301259700683
0 65.283203125 15.690104166666666 6.699981201202437 8.933308268269917
0 34.912109375 14.388020833333334 6.415953381844678 8.554604509126236
0 63.134765625 15.364583333333334 6.6301150458985685 8.840153394531425
0 82.12890625 17.122395833333336 6.9991119025755095 9.332149203434014
0 88.18359375 16.471354166666664 6.864759447755123 9.15301259700683
0 98.2421875 21.419270833333336 7.828219811023351 10.437626414697803
0 93.115234375 17.1875 7.012405574387241 9.349874099182989
0 99.609375 20.3125 7.62328857226367 10.164384763018226
0 93.310546875 19.010416666666664 7.37490598974278 9.833207986323707
0 97.998046875 17.643229166666664 7.104764847914316 9.473019797219088
0 92.87109375 21.809895833333336 7.8992792392241125 10.532372318965482
0 90.283203125 16.861979166666664 6.945682786096826 9.260910381462436
0 78.41796875 15.169270833333334 6.587839704871492 8.783786273161988
0 73.681640625 13.8671875 6.298757153488249 8.398342871317666
0 76.513671875 16.536458333333336 6.878312786611722 9.171083715482297
0 64.892578125 13.151041666666666 6.133957288281793 8.178609717709058
0 45.263671875 12.565104166666666 5.995752778438873 7.9943370379184975
0 31.201171875 12.890625 6.072921369058959 8.097228492078614
0 15.283203125 14.84375 6.516771394062079 8.689028525416106
0 9.716796875 16.145833333333336 6.796587356970242 9.062116475960323
0 16.748046875 14.713541666666666 6.488126106405426 8.650834808540568
0 32.763671875 12.890625 6.072921369058959 8.097228492078614
0 2.294921875 15.364583333333334 6.6301150458985685 8.840153394531425
0 67.3828125 13.4765625 6.209408553886659 8.279211405182211
0 57.71484375 12.6953125 6.026738787271576 8.0356517163621
