0 90.380859375 91.40625 16.171437133168666 21.561916177558217
0 86.669921875 65.29947916666666 13.668332322118342 18.224443096157792
0 43.115234375 81.70572916666666 15.28927618392987 20.38570157857316
0 65.771484375 60.026041666666664 13.104803804677667 17.473071739570223
0 36.572265625 64.12760416666666 13.545130017805265 18.060173357073687
0 6.34765625 73.828125 14.533546020252267 19.378061360336353
0 0.87890625 59.830729166666664 13.083466253800058 17.444621671733408
0 20.166015625 48.11197916666667 11.732411368860527 15.643215158480702
0 35.595703125 41.73177083333333 10.926827264384862 14.569103019179815
0 51.07421875 49.93489583333333 11.952609880106287 15.936813173475048
0 77.294921875 53.125 12.32849723921152 16.437996318948695
0 97.021484375 53.059895833333336 12.320940697135223 16.427920929513633
0 93.84765625 45.76822916666667 11.443074499055587 15.25743266540745
0 88.76953125 35.09114583333333 10.019809057239993 13.359745409653323
0 78.515625 38.28125 10.46534924284805 13.953798990464069
0 64.404296875 41.015625 10.832665618468535 14.443554157958047
0 59.765625 35.15625 10.029099563693228 13.372132751590971
0 48.92578125 36.39322916666667 10.204012144348443 13.605349525797925
0 31.884765625 36.06770833333333 10.158274522151634 13.544366029535512
0 17.67578125 32.6171875 9.660151239834237 12.880201653112316
0 4.19921875 31.25 9.4555257475767 12.607367663435602
0 9.27734375 28.385416666666668 9.011732824849489 12.015643766465985
0 4.833984375 25.846354166666668 8.59924487524742 11.465659833663226
0 11.9140625 20.377604166666664 7.635495607419925 10.180660809893233
0 17.626953125 18.75 7.32421875 9.765625
0 20.3125 21.809895833333336 7.8992792392241125 10.532372318965482
0 20.947265625 17.903645833333336 7.157006469457137 9.542675292609516
0 25.927734375 19.010416666666664 7.37490598974278 9.833207986323707
0 28.3203125 24.348958333333336 8.346432086900233 11.128576115866979
0 32.861328125 28.90625 9.094033462982996 12.125377950643994
0 21.6796875 27.1484375 8.81318913463968 11.750918846186241
0 31.25 21.614583333333336 7.863829789260941 10.485106385681254
0 30.126953125 19.7265625 7.512532730158185 10.01671030687758
0 36.03515625 17.057291666666664 6.985792933508055 9.31439057801074
0 40.8203125 19.53125 7.475249459177179 9.966999278902906
0 42.138671875 24.869791666666664 8.435226416678011 11.246968555570682
0 47.4609375 22.330729166666664 7.993042513249997 10.657390017666662
0 40.576171875 22.200520833333336 7.969705113037473 10.626273484049964
0 49.658203125 19.986979166666664 7.561957820656658 10.08261042754221
0 53.466796875 22.721354166666664 8.062649422377262 10.75019922983635
0 50.830078125 28.580729166666668 9.042683343523592 12.056911124698123
0 58.837890625 25.0 8.457279333832409 11.276372445109878
0 61.71875 30.46875 9.336583582018038 12.448778109357384
0 60.546875 20.963541666666664 7.7444931277157725 10.325990836954363
0 56.103515625 16.341145833333336 6.837572174807153 9.116762899742872
0 51.123046875 17.252604166666664 7.025674092542321 9.367565456723094
0 44.580078125 16.666666666666664 6.905339660024879 9.207119546699838
0 40.966796875 16.861979166666664 6.945682786096826 9.260910381462436
0 62.01171875 16.341145833333336 6.837572174807153 9.116762899742872
0 67.236328125 23.958333333333336 8.279211405182211 11.038948540242949
0 74.169921875 26.7578125 8.749555167743805 11.66607355699174
0 73.4375 33.0078125 9.717824296930333 12.957099062573777
0 76.513671875 23.4375 8.188725503539269 10.918300671385692
0 79.6875 25.065104166666668 8.468284256293707 11.291045675058275
0 71.337890625 19.140625 7.400119417103358 9.866825889471144
0 81.591796875 22.8515625 8.085718566584333 10.780958088779109
0 71.630859375 22.200520833333336 7.969705113037473 10.626273484049964
0 84.521484375 20.442708333333336 7.647683158045451 10.196910877393934
0 81.591796875 18.424479166666664 7.2603620931215325 9.680482790828709
0 86.279296875 17.903645833333336 7.157006469457137 9.542675292609516
0 78.271484375 16.341145833333336 6.837572174807153 9.116762899742872
0 86.62109375 22.721354166666664 8.062649422377262 10.75019922983635
0 92.236328125 30.143229166666668 9.286574740419274 12.382099653892366
0 91.455078125 24.283854166666664 8.33526628646708 11.113688381956106
0 95.068359375 20.572916666666664 7.672000176987631 10.229333569316841
0 99.0234375 28.255208333333332 8.991039955234518 11.988053273646026
0 99.560546875 33.13802083333333 9.736972737758677 12.982630317011571
0 99.0234375 41.86197916666667 10.943860520654974 14.591814027539964
