0 41.89453125 37.56510416666667 10.366996918617573 13.822662558156765
0 42.48046875 47.4609375 11.652760676291981 15.537014235055976
0 45.01953125 57.552083333333336 12.831906763689355 17.10920901825247
0 40.33203125 84.70052083333334 15.566956475655333 20.755941967540444
0 6.201171875 73.69791666666666 14.520724186243065 19.360965581657418
0 1.07421875 56.184895833333336 12.678575486963496 16.90476731595133
0 7.666015625 48.37239583333333 11.764120646604239 15.68549419547232
0 23.33984375 47.65625 11.676712933171991 15.568950577562655
0 22.509765625 60.091145833333336 13.111908605310568 17.482544807080757
0 19.970703125 39.71354166666667 10.65933178501769 14.212442380023585
0 12.841796875 34.24479166666667 9.898238977189243 13.197651969585658
0 6.73828125 30.338541666666668 9.316612257369233 12.42214967649231
0 3.662109375 27.799479166666668 8.918236814088415 11.890982418784553
0 63.232421875 53.841145833333336 12.411315556434788 16.54842074191305
0 61.03515625 45.3125 11.385960758165057 15.181281010886744
0 59.326171875 33.91927083333333 9.851081781963485 13.134775709284646
0 55.859375 34.765625 9.973226707988399 13.297635610651199
0 50.732421875 30.143229166666668 9.286574740419274 12.382099653892366
0 44.43359375 34.89583333333333 9.991885707852113 13.322514277136149
0 74.755859375 63.151041666666664 13.441598843716577 17.9221317916221
0 82.177734375 52.994791666666664 12.313379517719735 16.41783935695965
0 77.1484375 51.7578125 12.168824485703665 16.225099314271553
0 97.8515625 56.8359375 12.751820322129015 17.00242709617202
0 99.072265625 61.9140625 13.309303275974441 17.745737701299255
0 89.794921875 44.20572916666667 11.24604844524431 14.994731260325747
0 84.521484375 40.69010416666667 10.789593218788873 14.386124291718497
0 71.09375 42.7734375 11.062358984614171 14.74981197948556
0 73.2421875 37.43489583333333 10.349014256477766 13.798685675303688
0 77.099609375 30.533854166666668 9.346553241646458 12.462070988861944
0 81.15234375 29.557291666666668 9.195873518871684 12.261164691828911
0 86.328125 36.39322916666667 10.204012144348443 13.605349525797925
0 89.404296875 30.6640625 9.366460725843998 12.48861430112533
0 64.6484375 30.078125 9.276540621075844 12.368720828101127
0 57.080078125 27.473958333333332 8.865868558553435 11.821158078071248
0 54.638671875 24.088541666666664 8.301678777304348 11.068905036405797
0 46.630859375 25.520833333333332 8.544921875 11.393229166666668
0 38.818359375 26.236979166666668 8.66398288975732 11.551977186343091
0 29.638671875 31.705729166666668 9.524222738236839 12.698963650982451
0 25.1953125 31.25 9.4555257475767 12.607367663435602
0 20.751953125 29.947916666666668 9.25643975103949 12.341919668052654
0 17.96875 25.846354166666668 8.59924487524742 11.465659833663226
0 5.224609375 22.591145833333336 8.039514082226251 10.719352109635
0 1.513671875 22.591145833333336 8.039514082226251 10.719352109635
0 1.66015625 18.684895833333336 7.311492035346033 9.748656047128044
0 3.076171875 18.5546875 7.28597191547444 9.714629220632586
0 3.662109375 19.010416666666664 7.37490598974278 9.833207986323707
0 7.03125 19.596354166666664 7.487697843252746 9.983597124336994
0 7.91015625 19.010416666666664 7.37490598974278 9.833207986323707
0 10.64453125 21.875 7.911060422861158 10.548080563814876
0 11.181640625 20.638020833333336 7.684129829110212 10.245506438813615
0 12.060546875 20.5078125 7.659851317145468 10.21313508952729
0 12.109375 19.010416666666664 7.37490598974278 9.833207986323707
0 15.72265625 18.489583333333336 7.273178276253042 9.697571035004056
0 18.26171875 18.1640625 7.208869513560617 9.611826018080823
0 12.841796875 25.130208333333332 8.479274895904423 11.305699861205897
0 16.2109375 22.135416666666664 7.958010748538389 10.610680998051187
0 20.21484375 23.567708333333336 8.211440458419013 10.948587277892017
0 19.7265625 18.880208333333336 7.349606066157407 9.799474754876544
0 21.58203125 17.447916666666664 7.065330140863174 9.420440187817565
0 21.875 20.703125 7.6962403643301345 10.261653819106845
0 23.828125 20.703125 7.6962403643301345 10.261653819106845
0 26.708984375 22.395833333333336 8.00468569861084 10.672914264814453
0 31.4453125 23.502604166666664 8.200090846279542 10.933454461706056
0 31.103515625 19.010416666666664 7.37490598974278 9.833207986323707
0 94.091796875 40.16927083333333 10.720317425689878 14.293756567586504
0 99.31640625 36.71875 10.24954566879069 13.66606089172092
0 90.52734375 33.72395833333333 9.82267879603948 13.096905061385971
0 97.314453125 33.85416666666667 9.841623227903504 13.122164303871338
0 93.603515625 28.841145833333332 9.083786661460703 12.11171554861427
0 94.091796875 24.21875 8.324085508414218 11.098780677885625
0 96.38671875 31.510416666666668 9.494842032534208 12.659789376712277
0 98.779296875 26.953125 8.78142979122202 11.708573054962693
0 46.435546875 17.447916666666664 7.065330140863174 9.420440187817565
0 41.40625 17.317708333333336 7.038917599286375 9.385223465715166
0 37.79296875 21.744791666666664 7.887480458569388 10.51664061142585
0 37.939453125 17.057291666666664 6.985792933508055 9.31439057801074
0 33.251953125 17.447916666666664 7.065330140863174 9.420440187817565
0 56.640625 22.0703125 7.946299173761924 10.595065565015899
0 63.96484375 19.7265625 7.512532730158185 10.01671030687758
0 65.771484375 22.786458333333336 8.074192233473482 10.765589644631309
0 63.8671875 26.692708333333332 8.738904457566134 11.651872610088178
0 69.482421875 25.846354166666668 8.59924487524742 11.465659833663226
0 71.337890625 21.158854166666664 7.780486318348366 10.373981757797822
0 75.09765625 27.9296875 8.939098215256843 11.918797620342456
0 78.3203125 27.278645833333332 8.83429859993294 11.779064799910586
0 81.25 25.130208333333332 8.479274895904423 11.305699861205897
0 78.02734375 21.875 7.911060422861158 10.548080563814876
0 76.025390625 16.536458333333336 6.878312786611722 9.171083715482297
0 81.4453125 18.033854166666664 7.182984799767957 9.577313066357275
0 79.78515625 21.549479166666664 7.85197774064246 10.469303654189947
0 82.91015625 22.8515625 8.085718566584333 10.780958088779109
0 85.83984375 21.744791666666664 7.887480458569388 10.51664061142585
0 86.083984375 27.994791666666668 8.94951068030712 11.932680907076158
0 54.541015625 16.015625 6.7691262856502785 9.025501714200372
0 50.244140625 19.596354166666664 7.487697843252746 9.983597124336994
0 60.15625 17.252604166666664 7.025674092542321 9.367565456723094
0 53.41796875 18.489583333333336 7.273178276253042 9.697571035004056
0 51.416015625 16.341145833333336 6.837572174807153 9.116762899742872
0 27.587890625 17.7734375 7.130933499479933 9.50791133263991
0 34.814453125 19.466145833333336 7.462780310447684 9.950373747263578
0 27.83203125 19.270833333333336 7.425247229367944 9.900329639157258
0 29.248046875 21.028645833333336 7.756509415978292 10.342012554637723
0 73.486328125 16.536458333333336 6.878312786611722 9.171083715482297
0 91.162109375 26.041666666666668 8.631674575031099 11.508899433374797
0 98.14453125 24.21875 8.324085508414218 11.098780677885625
0 91.40625 21.6796875 7.875664001809045 10.500885335745393
0 86.9140625 19.010416666666664 7.37490598974278 9.833207986323707
0 78.369140625 17.317708333333336 7.038917599286375 9.385223465715166
0 66.796875 17.447916666666664 7.065330140863174 9.420440187817565
0 61.42578125 20.1171875 7.586549618320344 10.115399491093791
0 47.94921875 22.4609375 8.016311973000304 10.688415964000404
0 39.94140625 19.791666666666664 7.524919437217989 10.033225916290652
0 41.11328125 24.21875 8.324085508414218 11.098780677885625
0 56.54296875 15.690104166666666 6.699981201202437 8.933308268269917
0 42.626953125 16.080729166666664 6.782870718656271 9.043827624875028
0 59.326171875 24.4140625 8.357582969744357 11.143443959659143
0 80.078125 19.401041666666664 7.450290292806215 9.933720390408286
0 89.306640625 21.549479166666664 7.85197774064246 10.469303654189947
0 88.76953125 23.697916666666664 8.234092750996119 10.978790334661493
0 94.53125 21.875 7.911060422861158 10.548080563814876
0 99.755859375 28.7109375 9.063258303782652 12.084344405043536
0 91.30859375 19.921875 7.549631882844837 10.066175843793117
0 44.091796875 18.294270833333336 7.234661615679748 9.646215487572997
0 34.9609375 17.447916666666664 7.065330140863174 9.420440187817565
0 29.443359375 17.447916666666664 7.065330140863174 9.420440187817565
0 26.025390625 17.96875 7.170007400189656 9.56000986691954
0 19.677734375 15.494791666666666 6.658149484030587 8.877532645374115
