0 86.279296875 65.10416666666666 13.647875839232116 18.19716778564282
0 95.41015625 59.375 13.033542788124159 17.37805705083221
0 93.75 50.716145833333336 12.045748508295013 16.06099801106002
0 76.953125 53.450520833333336 12.366210686862065 16.488280915816087
0 66.89453125 57.552083333333336 12.831906763689355 17.10920901825247
0 65.869140625 68.22916666666666 13.97158586701611 18.62878115602148
0 34.912109375 63.151041666666664 13.441598843716577 17.9221317916221
0 7.32421875 73.69791666666666 14.520724186243065 19.360965581657418
0 2.392578125 60.15625 13.119009558230394 17.492012744307193
0 18.994140625 50.455729166666664 12.01478252260103 16.019710030134707
0 38.18359375 42.51302083333333 11.02863220189981 14.704842935866417
0 31.298828125 36.39322916666667 10.204012144348443 13.605349525797925
0 9.765625 38.02083333333333 10.429692071920813 13.906256095894417
0 19.091796875 32.8125 9.689030680168178 12.918707573557572
0 33.447265625 28.450520833333332 9.02206146184966 12.029415282466214
0 43.017578125 32.29166666666667 9.611826018080825 12.815768024107768
0 50.1953125 35.546875 10.084662867345157 13.44621715646021
0 61.181640625 35.80729166666667 10.121535615098267 13.495380820131023
0 65.673828125 40.75520833333333 10.79822144345345 14.397628591271266
0 79.541015625 38.99739583333333 10.562785827561513 14.083714436748682
0 98.681640625 40.88541666666667 10.81545724284018 14.42060965712024
0 99.0234375 32.421875 9.631185203893738 12.84158027185832
0 89.35546875 34.1796875 9.888825528576445 13.185100704768596
0 73.779296875 33.203125 9.746532850751532 12.995377134335376
0 61.181640625 30.078125 9.276540621075844 12.368720828101127
0 50.78125 28.059895833333332 8.959911044862793 11.946548059817056
0 41.796875 25.716145833333332 8.57755695956738 11.436742612756506
0 47.216796875 22.591145833333336 8.039514082226251 10.719352109635
0 21.240234375 26.692708333333332 8.738904457566134 11.651872610088178
0 29.150390625 23.502604166666664 8.200090846279542 10.933454461706056
0 9.66796875 28.3203125 9.001392336274797 12.001856448366395
0 4.736328125 30.078125 9.276540621075844 12.368720828101127
0 13.37890625 19.661458333333336 7.500125566067204 10.00016742142294
0 20.458984375 20.638020833333336 7.684129829110212 10.245506438813615
0 5.6640625 24.479166666666664 8.36871899463018 11.15829199284024
0 32.03125 20.8984375 7.732458166088822 10.309944221451763
0 41.455078125 22.005208333333336 7.9345703125 10.579427083333332
0 58.49609375 24.609375 8.39094670707246 11.187928942763282
0 68.017578125 23.958333333333336 8.279211405182211 11.038948540242949
0 75.390625 28.841145833333332 9.083786661460703 12.11171554861427
0 70.8984375 22.265625 7.981382342908947 10.641843123878598
0 79.638671875 24.869791666666664 8.435226416678011 11.246968555570682
0 89.55078125 28.450520833333332 9.02206146184966 12.029415282466214
0 92.138671875 30.794270833333332 9.386325988299376 12.515101317732501
0 89.35546875 25.846354166666668 8.59924487524742 11.465659833663226
0 90.576171875 23.372395833333336 8.177344364608315 10.903125819477753
0 96.337890625 22.981770833333336 8.108722079825698 10.811629439767596
0 89.453125 20.638020833333336 7.684129829110212 10.245506438813615
0 93.06640625 23.502604166666664 8.200090846279542 10.933454461706056
0 92.96875 18.294270833333336 7.234661615679748 9.646215487572997
0 92.138671875 20.5078125 7.659851317145468 10.21313508952729
0 95.3125 20.377604166666664 7.635495607419925 10.180660809893233
0 82.6171875 15.169270833333334 6.587839704871492 8.783786273161988
0 87.109375 22.395833333333336 8.00468569861084 10.672914264814453
0 77.880859375 15.299479166666666 6.61605328023645 8.821404373648601
0 85.888671875 18.033854166666664 7.182984799767957 9.577313066357275
0 71.09375 17.903645833333336 7.157006469457137 9.542675292609516
0 76.953125 21.614583333333336 7.863829789260941 10.485106385681254
0 84.228515625 20.1171875 7.586549618320344 10.115399491093791
0 80.224609375 16.015625 6.7691262856502785 9.025501714200372
0 81.591796875 18.880208333333336 7.349606066157407 9.799474754876544
0 65.869140625 15.4296875 6.644147051109997 8.858862734813329
0 59.423828125 18.619791666666664 7.298743129334349 9.731657505779133
0 60.9375 21.614583333333336 7.863829789260941 10.485106385681254
0 56.34765625 15.755208333333334 6.7138671875 8.951822916666668
0 54.39453125 14.192708333333334 6.372257390692475 8.496343187589966
0 51.318359375 16.796875 6.932261164306974 9.243014885742634
0 50.68359375 19.661458333333336 7.500125566067204 10.00016742142294
0 48.53515625 17.903645833333336 7.157006469457137 9.542675292609516
0 46.77734375 16.276041666666664 6.823937919616058 9.09858389282141
0 41.650390625 19.270833333333336 7.425247229367944 9.900329639157258
0 40.4296875 17.122395833333336 6.9991119025755095 9.332149203434014
0 40.52734375 15.299479166666666 6.61605328023645 8.821404373648601
0 36.23046875 19.401041666666664 7.450290292806215 9.933720390408286
0 25.87890625 19.010416666666664 7.37490598974278 9.833207986323707
0 31.93359375 16.276041666666664 6.823937919616058 9.09858389282141
0 24.853515625 15.0390625 6.559504779115197 8.746006372153596
0 8.447265625 15.559895833333334 6.672122530845778 8.896163374461038
0 29.8828125 19.661458333333336 7.500125566067204 10.00016742142294
0 35.595703125 15.4296875 6.644147051109997 8.858862734813329
0 28.41796875 18.1640625 7.208869513560617 9.611826018080823
0 26.806640625 12.044270833333332 5.870173358664351 7.826897811552468
0 29.052734375 13.541666666666666 6.224389054678692 8.299185406238257
0 28.41796875 15.4296875 6.644147051109997 8.858862734813329
0 32.763671875 13.802083333333334 6.283953943473511 8.378605257964681
0 21.142578125 15.0390625 6.559504779115197 8.746006372153596
0 21.142578125 17.513020833333336 7.0784994535786145 9.437999271438152
0 18.994140625 18.294270833333336 7.234661615679748 9.646215487572997
0 18.408203125 15.885416666666666 6.741553355216833 8.988737806955777
0 14.794921875 17.252604166666664 7.025674092542321 9.367565456723094
0 3.3203125 16.666666666666664 6.905339660024879 9.207119546699838
0 1.171875 16.015625 6.7691262856502785 9.025501714200372
0 1.7578125 18.880208333333336 7.349606066157407 9.799474754876544
0 4.833984375 20.768229166666664 7.708331872750909 10.277775830334546
0 6.201171875 18.1640625 7.208869513560617 9.611826018080823
0 11.5234375 19.010416666666664 7.37490598974278 9.833207986323707
0 8.0078125 19.661458333333336 7.500125566067204 10.00016742142294
0 92.724609375 94.07552083333334 16.405859443012222 21.87447925734963
0 99.21875 19.856770833333336 7.537285788103314 10.049714384137753
0 81.787109375 22.721354166666664 8.062649422377262 10.75019922983635
