0 75.048828125 52.278645833333336 12.229898016060718 16.306530688080954
0 70.703125 43.359375 11.137870844051916 14.850494458735888
0 83.642578125 45.24739583333333 11.377778248478545 15.170370997971395
0 88.18359375 45.96354166666667 11.467464738803672 15.289952985071562
0 91.455078125 57.161458333333336 12.788285424656348 17.05104723287513
0 95.361328125 42.12239583333333 10.977847746951262 14.63713032926835
0 61.81640625 34.63541666666667 9.954532733337459 13.272710311116612
0 58.0078125 27.604166666666668 8.886852892188134 11.849137189584178
0 65.771484375 30.924479166666668 9.406149296522488 12.541532395363317
0 76.3671875 31.705729166666668 9.524222738236839 12.698963650982451
0 73.583984375 38.28125 10.46534924284805 13.953798990464069
0 66.50390625 26.953125 8.78142979122202 11.708573054962693
0 58.49609375 35.546875 10.084662867345157 13.44621715646021
0 48.779296875 31.575520833333332 9.50464569238125 12.672860923174998
0 46.728515625 25.846354166666668 8.59924487524742 11.465659833663226
0 49.560546875 22.591145833333336 8.039514082226251 10.719352109635
0 39.84375 28.059895833333332 8.959911044862793 11.946548059817056
0 45.068359375 38.60677083333333 10.509750584547465 14.01300077939662
0 43.84765625 49.93489583333333 11.952609880106287 15.936813173475048
0 19.53125 60.15625 13.119009558230394 17.492012744307193
0 25.48828125 61.588541666666664 13.274269513508024 17.6990260180107
0 22.607421875 41.47135416666667 10.892680845687712 14.523574460916949
0 25.146484375 41.6015625 10.909767414379564 14.546356552506085
0 5.078125 79.36197916666666 15.06839220657777 20.091189608770357
0 45.60546875 90.29947916666666 16.0732349637008 21.430979951601064
0 19.3359375 24.869791666666664 8.435226416678011 11.246968555570682
0 29.150390625 27.9296875 8.939098215256843 11.918797620342456
0 49.8046875 19.856770833333336 7.537285788103314 10.049714384137753
0 79.443359375 28.971354166666668 9.104268731797058 12.139024975729411
0 82.12890625 26.236979166666668 8.66398288975732 11.551977186343091
0 95.21484375 27.213541666666668 8.823750179932228 11.765000239909636
0 39.306640625 49.4140625 11.89011214525034 15.853482860333786
0 24.853515625 54.166666666666664 12.448778109357384 16.598370812476514
0 42.1875 70.05208333333334 14.156998907157229 18.875998542876303
0 43.212890625 79.36197916666666 15.06839220657777 20.091189608770357
0 54.39453125 65.55989583333334 13.695560102732468 18.26074680364329
0 46.728515625 55.924479166666664 12.649158798866397 16.865545065155196
0 63.037109375 50.911458333333336 12.06892085771801 16.091894476957346
0 60.05859375 41.73177083333333 10.926827264384862 14.569103019179815
0 41.259765625 41.73177083333333 10.926827264384862 14.569103019179815
0 41.357421875 35.28645833333333 10.047654805392046 13.39687307385606
0 44.580078125 29.166666666666668 9.134905729428569 12.17987430590476
0 45.8984375 22.721354166666664 8.062649422377262 10.75019922983635
0 51.513671875 29.817708333333332 9.236295135755345 12.315060181007127
0 51.66015625 18.75 7.32421875 9.765625
0 39.013671875 23.502604166666664 8.200090846279542 10.933454461706056
0 31.103515625 27.669270833333332 8.897326499702912 11.863101999603883
0 25.78125 28.7109375 9.063258303782652 12.084344405043536
0 22.509765625 35.28645833333333 10.047654805392046 13.39687307385606
0 9.375 39.6484375 10.650591044076627 14.200788058768838
0 12.109375 34.30989583333333 9.907643481901811 13.210191309202415
0 6.884765625 28.580729166666668 9.042683343523592 12.056911124698123
0 3.3203125 24.21875 8.324085508414218 11.098780677885625
0 9.27734375 21.223958333333336 7.792447103762027 10.389929471682702
0 15.234375 23.372395833333336 8.177344364608315 10.903125819477753
0 19.82421875 22.265625 7.981382342908947 10.641843123878598
0 24.658203125 19.986979166666664 7.561957820656658 10.08261042754221
0 20.458984375 28.7109375 9.063258303782652 12.084344405043536
0 4.443359375 72.20052083333334 14.372450975728293 19.163267967637722
0 1.171875 55.6640625 12.619673540121662 16.826231386828884
0 0.927734375 37.890625 10.411817693623036 13.88242359149738
0 1.953125 20.963541666666664 7.7444931277157725 10.325990836954363
0 9.9609375 18.489583333333336 7.273178276253042 9.697571035004056
0 2.978515625 17.3828125 7.052136235529384 9.40284831403918
0 17.578125 15.0390625 6.559504779115197 8.746006372153596
0 3.80859375 19.401041666666664 7.450290292806215 9.933720390408286
0 15.8203125 18.229166666666664 7.221777078979024 9.629036105305365
0 1.46484375 18.489583333333336 7.273178276253042 9.697571035004056
0 23.095703125 18.229166666666664 7.221777078979024 9.629036105305365
0 7.2265625 18.033854166666664 7.182984799767957 9.577313066357275
0 29.4921875 18.880208333333336 7.349606066157407 9.799474754876544
0 5.6640625 18.75 7.32421875 9.765625
0 73.779296875 59.244791666666664 13.019243779114712 17.358991705486282
0 99.755859375 67.96875 13.944897044428542 18.593196059238057
0 93.505859375 52.5390625 12.260320694946696 16.347094259928927
0 90.234375 41.73177083333333 10.926827264384862 14.569103019179815
0 88.037109375 35.67708333333333 10.103116062772735 13.470821417030313
0 75.9765625 45.96354166666667 11.467464738803672 15.289952985071562
0 69.091796875 36.26302083333333 10.185741740892722 13.580988987856962
0 74.0234375 33.26822916666667 9.756083595670033 13.008111460893376
0 76.66015625 26.692708333333332 8.738904457566134 11.651872610088178
0 70.21484375 21.875 7.911060422861158 10.548080563814876
0 65.185546875 22.591145833333336 8.039514082226251 10.719352109635
0 64.6484375 28.580729166666668 9.042683343523592 12.056911124698123
0 59.765625 31.184895833333332 9.445671106287941 12.594228141717254
0 55.615234375 36.78385416666667 10.258628121320564 13.678170828427419
0 56.54296875 25.455729166666668 8.53401578009617 11.378687706794894
0 65.576171875 20.377604166666664 7.635495607419925 10.180660809893233
0 58.837890625 20.5078125 7.659851317145468 10.21313508952729
0 53.076171875 17.122395833333336 6.9991119025755095 9.332149203434014
0 59.326171875 16.861979166666664 6.945682786096826 9.260910381462436
0 55.95703125 20.8984375 7.732458166088822 10.309944221451763
0 55.126953125 13.932291666666666 6.313525654778199 8.418034206370931
0 59.716796875 14.6484375 6.473755931273323 8.631674575031097
0 66.796875 17.513020833333336 7.0784994535786145 9.437999271438152
0 86.328125 26.432291666666668 8.696171172348027 11.594894896464037
0 26.708984375 20.638020833333336 7.684129829110212 10.245506438813615
0 34.375 18.619791666666664 7.298743129334349 9.731657505779133
0 27.5390625 16.9921875 6.972448522214271 9.296598029619028
0 37.451171875 20.1171875 7.586549618320344 10.115399491093791
0 21.58203125 16.145833333333336 6.796587356970242 9.062116475960323
0 40.771484375 17.643229166666664 7.104764847914316 9.473019797219088
0 19.091796875 17.252604166666664 7.025674092542321 9.367565456723094
0 31.8359375 17.122395833333336 6.9991119025755095 9.332149203434014
0 23.92578125 16.145833333333336 6.796587356970242 9.062116475960323
0 36.572265625 16.015625 6.7691262856502785 9.025501714200372
0 25.146484375 16.276041666666664 6.823937919616058 9.09858389282141
0 44.140625 15.885416666666666 6.741553355216833 8.988737806955777
0 27.001953125 15.4296875 6.644147051109997 8.858862734813329
0 46.09375 15.755208333333334 6.7138671875 8.951822916666668
0 29.58984375 16.276041666666664 6.823937919616058 9.09858389282141
0 63.818359375 16.015625 6.7691262856502785 9.025501714200372
0 34.912109375 15.625 6.686066375795484 8.914755167727312
0 72.998046875 15.299479166666666 6.61605328023645 8.821404373648601
0 85.693359375 17.7734375 7.130933499479933 9.50791133263991
0 79.248046875 17.3828125 7.052136235529384 9.40284831403918
0 75.830078125 22.330729166666664 7.993042513249997 10.657390017666662
0 87.01171875 22.591145833333336 8.039514082226251 10.719352109635
0 75.146484375 17.7734375 7.130933499479933 9.50791133263991
0 84.375 22.721354166666664 8.062649422377262 10.75019922983635
0 90.234375 21.484375 7.840107775064166 10.453477033418888
0 98.6328125 24.609375 8.39094670707246 11.187928942763282
0 92.041015625 25.325520833333332 8.512161670520847 11.349548894027794
0 92.7734375 32.421875 9.631185203893738 12.84158027185832
0 89.0625 25.5859375 8.555814067917595 11.407752090556793
0 96.97265625 22.4609375 8.016311973000304 10.688415964000404
0 93.603515625 21.484375 7.840107775064166 10.453477033418888
0 94.82421875 23.828125 8.256682897014576 11.008910529352768
0 40.771484375 15.299479166666666 6.61605328023645 8.821404373648601
0 39.6484375 15.559895833333334 6.672122530845778 8.896163374461038
0 51.7578125 14.2578125 6.386855937639267 8.515807916852356
