0 99.4140625 46.02864583333333 11.475583298927713 15.300777731903617
0 84.619140625 40.16927083333333 10.720317425689878 14.293756567586504
0 72.16796875 43.81510416666667 11.196250200100184 14.928333600133579
0 63.37890625 42.90364583333333 11.079183874921476 14.772245166561968
0 72.265625 54.6875 12.508484821728025 16.677979762304034
0 52.24609375 46.2890625 11.508000265481447 15.344000353975263
0 47.36328125 49.0234375 11.843022407185213 15.790696542913619
0 18.994140625 63.020833333333336 13.427734375 17.903645833333336
0 21.337890625 46.54947916666667 11.54032617260073 15.38710156346764
0 4.8828125 47.65625 11.676712933171991 15.568950577562655
0 1.025390625 34.04947916666667 9.869971697263324 13.159962263017766
0 10.400390625 31.8359375 9.543759625922785 12.725012834563712
0 20.947265625 32.94270833333333 9.708235913444133 12.944314551258843
0 32.958984375 40.16927083333333 10.720317425689878 14.293756567586504
0 30.908203125 28.580729166666668 9.042683343523592 12.056911124698123
0 40.72265625 32.94270833333333 9.708235913444133 12.944314551258843
0 54.6875 33.7890625 9.832155574699105 13.109540766265473
0 43.798828125 30.208333333333332 9.296598029619028 12.395464039492039
0 53.466796875 25.5859375 8.555814067917595 11.407752090556793
0 59.375 29.947916666666668 9.25643975103949 12.341919668052654
0 59.08203125 37.04427083333333 10.29487780360901 13.726503738145347
0 72.16796875 32.421875 9.631185203893738 12.84158027185832
0 64.111328125 27.213541666666668 8.823750179932228 11.765000239909636
0 86.962890625 34.04947916666667 9.869971697263324 13.159962263017766
0 77.05078125 28.190104166666668 8.980675640601907 11.974234187469209
0 85.205078125 31.8359375 9.543759625922785 12.725012834563712
0 79.39453125 24.674479166666664 8.402038511923953 11.202718015898604
0 84.716796875 27.9296875 8.939098215256843 11.918797620342456
0 81.005859375 22.200520833333336 7.969705113037473 10.626273484049964
0 86.962890625 25.5859375 8.555814067917595 11.407752090556793
0 75.537109375 22.4609375 8.016311973000304 10.688415964000404
0 89.892578125 23.828125 8.256682897014576 11.008910529352768
0 96.044921875 28.841145833333332 9.083786661460703 12.11171554861427
0 99.51171875 32.94270833333333 9.708235913444133 12.944314551258843
0 94.921875 24.088541666666664 8.301678777304348 11.068905036405797
0 83.3984375 21.223958333333336 7.792447103762027 10.389929471682702
0 91.650390625 23.177083333333336 8.143105507889608 10.857474010519478
0 97.4609375 23.958333333333336 8.279211405182211 11.038948540242949
0 86.5234375 19.3359375 7.437779301119349 9.917039068159132
0 99.31640625 23.828125 8.256682897014576 11.008910529352768
0 88.28125 20.963541666666664 7.7444931277157725 10.325990836954363
0 94.580078125 21.09375 7.768507117527988 10.358009490037318
0 80.810546875 18.5546875 7.28597191547444 9.714629220632586
0 92.333984375 19.3359375 7.437779301119349 9.917039068159132
0 98.046875 22.200520833333336 7.969705113037473 10.626273484049964
0 85.107421875 19.075520833333336 7.3875234600282 9.850031280037602
0 90.33203125 19.7265625 7.512532730158185 10.01671030687758
0 99.609375 21.354166666666664 7.816313766397521 10.421751688530028
0 78.271484375 19.3359375 7.437779301119349 9.917039068159132
0 98.681640625 20.3125 7.62328857226367 10.164384763018226
0 70.60546875 22.721354166666664 8.062649422377262 10.75019922983635
0 56.25 22.8515625 8.085718566584333 10.780958088779109
0 65.625 19.205729166666664 7.412693970636669 9.883591960848893
0 54.19921875 19.3359375 7.437779301119349 9.917039068159132
0 47.8515625 22.4609375 8.016311973000304 10.688415964000404
0 36.1328125 24.934895833333336 8.446260072691679 11.26168009692224
0 45.1171875 24.934895833333336 8.446260072691679 11.26168009692224
0 50.537109375 19.3359375 7.437779301119349 9.917039068159132
0 60.9375 15.559895833333334 6.672122530845778 8.896163374461038
0 57.958984375 20.182291666666664 7.598815672600545 10.13175423013406
0 52.5390625 16.731770833333336 6.9188135063199665 9.225084675093289
0 64.111328125 16.341145833333336 6.837572174807153 9.116762899742872
0 75.1953125 15.4296875 6.644147051109997 8.858862734813329
0 48.046875 18.815104166666664 7.336923388776433 9.782564518368577
0 77.05078125 17.1875 7.012405574387241 9.349874099182989
0 67.96875 14.973958333333334 6.545291317604741 8.727055090139656
0 56.640625 14.713541666666666 6.488126106405426 8.650834808540568
0 66.2109375 16.080729166666664 6.782870718656271 9.043827624875028
0 59.716796875 14.192708333333334 6.372257390692475 8.496343187589966
0 53.662109375 14.322916666666666 6.401421192444773 8.53522825659303
0 45.80078125 16.6015625 6.891839471823862 9.189119295765149
0 40.91796875 17.1875 7.012405574387241 9.349874099182989
0 33.251953125 20.963541666666664 7.7444931277157725 10.325990836954363
0 41.748046875 22.200520833333336 7.969705113037473 10.626273484049964
0 42.7734375 16.2109375 6.810276368536802 9.080368491382403
0 35.7421875 17.447916666666664 7.065330140863174 9.420440187817565
0 28.369140625 20.3125 7.62328857226367 10.164384763018226
0 21.044921875 26.432291666666668 8.696171172348027 11.594894896464037
0 17.48046875 20.572916666666664 7.672000176987631 10.229333569316841
0 8.59375 27.083333333333332 8.802615418613255 11.736820558151006
0 10.64453125 19.7265625 7.512532730158185 10.01671030687758
0 5.224609375 28.7109375 9.063258303782652 12.084344405043536
0 22.55859375 22.4609375 8.016311973000304 10.688415964000404
0 5.029296875 22.721354166666664 8.062649422377262 10.75019922983635
0 16.11328125 18.9453125 7.3622668956389274 9.816355860851903
0 3.466796875 23.4375 8.188725503539269 10.918300671385692
0 25.0 18.229166666666664 7.221777078979024 9.629036105305365
0 1.7578125 19.466145833333336 7.462780310447684 9.950373747263578
0 7.470703125 19.466145833333336 7.462780310447684 9.950373747263578
0 0.1953125 20.963541666666664 7.7444931277157725 10.325990836954363
0 5.810546875 19.466145833333336 7.462780310447684 9.950373747263578
0 12.646484375 17.578125 7.091644310682526 9.455525747576702
0 4.00390625 18.815104166666664 7.336923388776433 9.782564518368577
0 13.96484375 17.708333333333336 7.117861199762329 9.490481599683106
0 2.783203125 18.684895833333336 7.311492035346033 9.748656047128044
0 17.48046875 16.6015625 6.891839471823862 9.189119295765149
0 27.5390625 15.8203125 6.72772451325946 8.970299351012613
0 15.4296875 17.1875 7.012405574387241 9.349874099182989
0 20.01953125 18.424479166666664 7.2603620931215325 9.680482790828709
0 31.34765625 17.1875 7.012405574387241 9.349874099182989
0 22.4609375 16.731770833333336 6.9188135063199665 9.225084675093289
0 37.451171875 15.8203125 6.72772451325946 8.970299351012613
0 20.3125 15.8203125 6.72772451325946 8.970299351012613
0 25.0 14.713541666666666 6.488126106405426 8.650834808540568
0 32.373046875 14.84375 6.516771394062079 8.689028525416106
0 38.96484375 16.927083333333336 6.959078522333606 9.278771363111476
0 47.4609375 15.559895833333334 6.672122530845778 8.896163374461038
0 30.517578125 16.471354166666664 6.864759447755123 9.15301259700683
0 73.779296875 18.098958333333336 7.195938795502683 9.594585060670244
0 70.01953125 14.84375 6.516771394062079 8.689028525416106
0 83.7890625 17.708333333333336 7.117861199762329 9.490481599683106
0 73.388671875 15.104166666666666 6.573687508709111 8.764916678278816
0 78.564453125 17.057291666666664 6.985792933508055 9.31439057801074
0 65.4296875 14.84375 6.516771394062079 8.689028525416106
0 35.7421875 14.713541666666666 6.488126106405426 8.650834808540568
