0 0.87890625 15.364583333333334 6.6301150458985685 8.840153394531425
0 1.26953125 16.9921875 6.972448522214271 9.296598029619028
0 3.125 16.731770833333336 6.9188135063199665 9.225084675093289
0 7.91015625 16.080729166666664 6.782870718656271 9.043827624875028
0 4.833984375 18.489583333333336 7.273178276253042 9.697571035004056
0 7.421875 17.578125 7.091644310682526 9.455525747576702
0 7.6171875 18.489583333333336 7.273178276253042 9.697571035004056
0 0.732421875 18.684895833333336 7.311492035346033 9.748656047128044
0 3.125 19.270833333333336 7.425247229367944 9.900329639157258
0 4.98046875 20.833333333333336 7.720404443770458 10.293872591693944
0 5.56640625 24.544270833333336 8.379840220792225 11.173120294389632
0 9.521484375 18.880208333333336 7.349606066157407 9.799474754876544
0 10.791015625 17.122395833333336 6.9991119025755095 9.332149203434014
0 13.96484375 16.341145833333336 6.837572174807153 9.116762899742872
0 11.962890625 19.466145833333336 7.462780310447684 9.950373747263578
0 19.140625 14.908854166666666 6.531046923532928 8.708062564710572
0 21.435546875 15.4296875 6.644147051109997 8.858862734813329
0 17.3828125 18.229166666666664 7.221777078979024 9.629036105305365
0 19.3359375 20.442708333333336 7.647683158045451 10.196910877393934
0 10.302734375 27.604166666666668 8.886852892188134 11.849137189584178
0 4.00390625 31.184895833333332 9.445671106287941 12.594228141717254
0 14.208984375 34.44010416666667 9.926425761285763 13.235234348381017
0 0.1953125 46.15885416666667 11.491803212745808 15.322404283661076
0 1.220703125 59.244791666666664 13.019243779114712 17.358991705486282
0 22.509765625 50.520833333333336 12.022531496333135 16.030041995110846
0 37.451171875 62.3046875 13.351222445207128 17.801629926942837
0 23.486328125 12.630208333333334 6.011265748166568 8.015020997555423
0 23.6328125 15.364583333333334 6.6301150458985685 8.840153394531425
0 25.341796875 14.583333333333334 6.459353786778786 8.612471715705048
0 27.05078125 13.020833333333334 6.103515625 8.138020833333332
0 28.515625 14.2578125 6.386855937639267 8.515807916852356
0 29.00390625 12.760416666666666 6.042172202521769 8.056229603362357
0 31.689453125 14.2578125 6.386855937639267 8.515807916852356
0 34.228515625 15.169270833333334 6.587839704871492 8.783786273161988
0 32.8125 15.559895833333334 6.672122530845778 8.896163374461038
0 28.759765625 15.234375 6.60196156395994 8.802615418613254
0 29.736328125 16.471354166666664 6.864759447755123 9.15301259700683
0 26.953125 18.489583333333336 7.273178276253042 9.697571035004056
0 30.95703125 20.638020833333336 7.684129829110212 10.245506438813615
0 27.099609375 23.6328125 8.222774405094897 10.963699206793196
0 23.14453125 26.692708333333332 8.738904457566134 11.651872610088178
0 21.19140625 28.90625 9.094033462982996 12.125377950643994
0 30.810546875 28.580729166666668 9.042683343523592 12.056911124698123
0 33.154296875 35.09114583333333 10.019809057239993 13.359745409653323
0 34.765625 41.66666666666667 10.918300671385692 14.557734228514258
0 35.400390625 14.778645833333334 6.502464524127966 8.669952698837287
0 35.888671875 16.536458333333336 6.878312786611722 9.171083715482297
0 35.25390625 19.075520833333336 7.3875234600282 9.850031280037602
0 37.98828125 15.234375 6.60196156395994 8.802615418613254
0 40.087890625 14.973958333333334 6.545291317604741 8.727055090139656
0 44.53125 14.713541666666666 6.488126106405426 8.650834808540568
0 46.77734375 14.2578125 6.386855937639267 8.515807916852356
0 40.72265625 16.666666666666664 6.905339660024879 9.207119546699838
0 43.06640625 18.489583333333336 7.273178276253042 9.697571035004056
0 40.4296875 19.986979166666664 7.561957820656658 10.08261042754221
0 43.84765625 24.153645833333336 8.312889692307273 11.083852923076364
0 42.236328125 29.231770833333332 9.145095253766906 12.193460338355873
0 51.46484375 16.015625 6.7691262856502785 9.025501714200372
0 49.0234375 16.927083333333336 6.959078522333606 9.278771363111476
0 50.48828125 18.880208333333336 7.349606066157407 9.799474754876544
0 47.216796875 22.786458333333336 8.074192233473482 10.765589644631309
0 48.2421875 27.9296875 8.939098215256843 11.918797620342456
0 50.68359375 28.385416666666668 9.011732824849489 12.015643766465985
0 50.048828125 36.84895833333333 10.267702539831983 13.690270053109312
0 51.171875 46.41927083333333 11.524174553527347 15.365566071369797
0 55.76171875 13.736979166666666 6.269115778861736 8.358821038482315
0 55.419921875 15.364583333333334 6.6301150458985685 8.840153394531425
0 58.69140625 13.606770833333334 6.2393335877260965 8.319111450301463
0 63.0859375 15.4296875 6.644147051109997 8.858862734813329
0 59.66796875 16.731770833333336 6.9188135063199665 9.225084675093289
0 58.837890625 18.424479166666664 7.2603620931215325 9.680482790828709
0 59.423828125 20.442708333333336 7.647683158045451 10.196910877393934
0 60.302734375 24.348958333333336 8.346432086900233 11.128576115866979
0 62.40234375 29.752604166666668 9.22620633412535 12.301608445500468
0 61.962890625 35.7421875 10.11233003282525 13.483106710433667
0 63.818359375 41.66666666666667 10.918300671385692 14.557734228514258
0 66.50390625 59.375 13.033542788124159 17.37805705083221
0 64.892578125 13.671875 6.254242410864013 8.338989881152017
0 66.30859375 14.713541666666666 6.488126106405426 8.650834808540568
0 66.9921875 16.276041666666664 6.823937919616058 9.09858389282141
0 70.703125 14.0625 6.342959500374307 8.457279333832409
0 70.556640625 18.619791666666664 7.298743129334349 9.731657505779133
0 67.431640625 19.596354166666664 7.487697843252746 9.983597124336994
0 71.19140625 21.744791666666664 7.887480458569388 10.51664061142585
0 67.822265625 23.6328125 8.222774405094897 10.963699206793196
0 75.244140625 14.0625 6.342959500374307 8.457279333832409
0 76.7578125 14.973958333333334 6.545291317604741 8.727055090139656
0 79.78515625 16.015625 6.7691262856502785 9.025501714200372
0 78.22265625 17.122395833333336 6.9991119025755095 9.332149203434014
0 76.220703125 22.0703125 7.946299173761924 10.595065565015899
0 82.373046875 17.3828125 7.052136235529384 9.40284831403918
0 83.0078125 19.986979166666664 7.561957820656658 10.08261042754221
0 84.5703125 19.7265625 7.512532730158185 10.01671030687758
0 82.568359375 21.484375 7.840107775064166 10.453477033418888
0 80.6640625 23.697916666666664 8.234092750996119 10.978790334661493
0 79.78515625 25.846354166666668 8.59924487524742 11.465659833663226
0 75.927734375 27.604166666666668 8.886852892188134 11.849137189584178
0 73.92578125 32.09635416666667 9.58271390875707 12.77695187834276
0 77.734375 38.8671875 10.545137050275265 14.060182733700355
0 78.7109375 52.083333333333336 12.20703125 16.276041666666664
0 86.42578125 65.10416666666666 13.647875839232116 18.19716778564282
0 87.79296875 91.08072916666666 16.14261615654076 21.523488208721016
0 33.88671875 95.8984375 16.564046319716688 22.085395092955583
0 86.5234375 17.513020833333336 7.0784994535786145 9.437999271438152
0 88.57421875 19.466145833333336 7.462780310447684 9.950373747263578
0 86.279296875 21.6796875 7.875664001809045 10.500885335745393
0 91.162109375 17.643229166666664 7.104764847914316 9.473019797219088
0 93.26171875 18.424479166666664 7.2603620931215325 9.680482790828709
0 94.580078125 19.466145833333336 7.462780310447684 9.950373747263578
0 97.021484375 18.294270833333336 7.234661615679748 9.646215487572997
0 96.923828125 19.986979166666664 7.561957820656658 10.08261042754221
0 99.853515625 19.53125 7.475249459177179 9.966999278902906
0 98.876953125 21.940104166666664 7.92282408798045 10.5637654506406
0 92.7734375 22.8515625 8.085718566584333 10.780958088779109
0 96.240234375 22.721354166666664 8.062649422377262 10.75019922983635
0 90.33203125 23.828125 8.256682897014576 11.008910529352768
0 89.35546875 26.302083333333332 8.674725588105405 11.56630078414054
0 92.626953125 29.752604166666668 9.22620633412535 12.301608445500468
0 87.79296875 34.44010416666667 9.926425761285763 13.235234348381017
0 90.52734375 33.65885416666667 9.813192865486773 13.084257153982362
0 99.365234375 26.627604166666668 8.728240750778255 11.637654334371007
0 99.21875 30.598958333333332 9.35651227829339 12.475349704391189
0 99.0234375 34.70052083333333 9.963884104806219 13.28517880640829
0 99.462890625 40.10416666666667 10.711626449453275 14.282168599271033
0 91.69921875 20.1171875 7.586549618320344 10.115399491093791
