0 65.087890625 90.55989583333334 16.09639525664135 21.461860342188466
0 44.23828125 88.0859375 15.875008305224553 21.166677740299402
0 35.986328125 67.25260416666666 13.871238009476944 18.494984012635925
0 41.89453125 66.796875 13.824159732551422 18.43221297673523
0 45.263671875 58.723958333333336 12.9618900034151 17.28252000455347
0 3.173828125 73.2421875 14.475758332069608 19.301011109426145
0 0.390625 55.6640625 12.619673540121662 16.826231386828884
0 24.072265625 56.119791666666664 12.67122771730145 16.894970289735266
0 61.1328125 53.190104166666664 12.336049152470542 16.44806553662739
0 78.90625 59.830729166666664 13.083466253800058 17.444621671733408
0 98.73046875 68.29427083333334 13.978250110594223 18.63766681412563
0 94.091796875 54.8828125 12.530801493925663 16.707735325234218
0 76.220703125 50.390625 12.007028547916262 16.00937139722168
0 60.3515625 43.75 11.187928942763282 14.917238590351042
0 41.30859375 44.98697916666667 11.344989193994817 15.126652258659753
0 21.38671875 41.27604166666667 10.867000619363317 14.489334159151088
0 5.029296875 39.12760416666667 10.580405165624827 14.107206887499771
0 12.109375 33.984375 9.860531263063667 13.147375017418222
0 23.92578125 35.41666666666667 10.066175843793117 13.421567791724156
0 39.697265625 37.23958333333333 10.321981521782082 13.762642029042777
0 42.96875 31.0546875 9.425930915210266 12.567907886947022
0 54.638671875 36.65364583333333 10.240455160865794 13.653940214487726
0 59.765625 33.85416666666667 9.841623227903504 13.122164303871338
0 69.82421875 41.08072916666667 10.841259563190683 14.45501275092091
0 83.056640625 36.328125 10.194881035455362 13.593174713940485
0 72.412109375 35.87239583333333 10.130732832457173 13.507643776609566
0 89.55078125 44.66145833333333 11.303869126862875 15.071825502483835
0 99.51171875 42.1875 10.986328125 14.6484375
0 94.873046875 37.890625 10.411817693623036 13.88242359149738
0 85.595703125 32.29166666666667 9.611826018080825 12.815768024107768
0 98.486328125 35.67708333333333 10.103116062772735 13.470821417030313
0 87.59765625 36.78385416666667 10.258628121320564 13.678170828427419
0 74.951171875 29.4921875 9.185740321833748 12.247653762444997
0 99.169921875 27.5390625 8.876366926421502 11.835155901895336
0 91.50390625 32.29166666666667 9.611826018080825 12.815768024107768
0 65.673828125 30.013020833333332 9.266495636406846 12.35532751520913
0 87.79296875 30.013020833333332 9.266495636406846 12.35532751520913
0 65.576171875 25.9765625 8.620878229873984 11.494504306498644
0 57.568359375 25.78125 8.588407763348565 11.451210351131419
0 50.732421875 30.143229166666668 9.286574740419274 12.382099653892366
0 44.43359375 24.4140625 8.357582969744357 11.143443959659143
0 38.76953125 26.432291666666668 8.696171172348027 11.594894896464037
0 30.76171875 31.8359375 9.543759625922785 12.725012834563712
0 46.6796875 23.828125 8.256682897014576 11.008910529352768
0 34.47265625 27.799479166666668 8.918236814088415 11.890982418784553
0 30.6640625 22.8515625 8.085718566584333 10.780958088779109
0 20.21484375 28.450520833333332 9.02206146184966 12.029415282466214
0 26.513671875 24.544270833333336 8.379840220792225 11.173120294389632
0 15.72265625 25.520833333333332 8.544921875 11.393229166666668
0 9.814453125 29.817708333333332 9.236295135755345 12.315060181007127
0 4.00390625 26.5625 8.717563999686098 11.62341866624813
0 1.220703125 20.1171875 7.586549618320344 10.115399491093791
0 13.37890625 23.6328125 8.222774405094897 10.963699206793196
0 3.759765625 19.3359375 7.437779301119349 9.917039068159132
0 10.15625 21.028645833333336 7.756509415978292 10.342012554637723
0 19.287109375 23.6328125 8.222774405094897 10.963699206793196
0 5.76171875 21.354166666666664 7.816313766397521 10.421751688530028
0 18.017578125 20.703125 7.6962403643301345 10.261653819106845
0 8.544921875 17.7734375 7.130933499479933 9.50791133263991
0 16.064453125 20.572916666666664 7.672000176987631 10.229333569316841
0 25.78125 20.377604166666664 7.635495607419925 10.180660809893233
0 15.8203125 15.4296875 6.644147051109997 8.858862734813329
0 23.33984375 19.791666666666664 7.524919437217989 10.033225916290652
0 30.078125 18.880208333333336 7.349606066157407 9.799474754876544
0 18.359375 16.861979166666664 6.945682786096826 9.260910381462436
0 34.375 20.572916666666664 7.672000176987631 10.229333569316841
0 21.142578125 19.010416666666664 7.37490598974278 9.833207986323707
0 27.5390625 15.950520833333334 6.755353888299149 9.0071385177322
0 40.185546875 20.833333333333336 7.720404443770458 10.293872591693944
0 27.5390625 18.880208333333336 7.349606066157407 9.799474754876544
0 38.330078125 20.377604166666664 7.635495607419925 10.180660809893233
0 32.03125 18.684895833333336 7.311492035346033 9.748656047128044
0 38.916015625 16.40625 6.8511792970714245 9.134905729428567
0 48.291015625 21.354166666666664 7.816313766397521 10.421751688530028
0 36.23046875 16.666666666666664 6.905339660024879 9.207119546699838
0 45.60546875 18.098958333333336 7.195938795502683 9.594585060670244
0 32.421875 16.2109375 6.810276368536802 9.080368491382403
0 43.310546875 16.666666666666664 6.905339660024879 9.207119546699838
0 31.005859375 16.2109375 6.810276368536802 9.080368491382403
0 50.244140625 15.625 6.686066375795484 8.914755167727312
0 57.568359375 21.354166666666664 7.816313766397521 10.421751688530028
0 51.7578125 18.880208333333336 7.349606066157407 9.799474754876544
0 65.33203125 21.158854166666664 7.780486318348366 10.373981757797822
0 53.271484375 16.080729166666664 6.782870718656271 9.043827624875028
0 62.060546875 19.010416666666664 7.37490598974278 9.833207986323707
0 56.884765625 15.950520833333334 6.755353888299149 9.0071385177322
0 70.3125 23.958333333333336 8.279211405182211 11.038948540242949
0 54.638671875 15.169270833333334 6.587839704871492 8.783786273161988
0 64.84375 16.40625 6.8511792970714245 9.134905729428567
0 58.935546875 17.1875 7.012405574387241 9.349874099182989
0 75.87890625 24.088541666666664 8.301678777304348 11.068905036405797
0 69.970703125 19.466145833333336 7.462780310447684 9.950373747263578
0 78.41796875 27.018229166666668 8.792028986137655 11.722705314850208
0 96.728515625 27.34375 8.84483443981289 11.793112586417188
0 91.30859375 28.450520833333332 9.02206146184966 12.029415282466214
0 96.484375 23.502604166666664 8.200090846279542 10.933454461706056
0 87.6953125 25.065104166666668 8.468284256293707 11.291045675058275
0 94.287109375 24.869791666666664 8.435226416678011 11.246968555570682
0 80.615234375 24.283854166666664 8.33526628646708 11.113688381956106
0 90.91796875 23.828125 8.256682897014576 11.008910529352768
0 81.298828125 22.0703125 7.946299173761924 10.595065565015899
0 77.587890625 21.940104166666664 7.92282408798045 10.5637654506406
0 96.97265625 21.484375 7.840107775064166 10.453477033418888
0 89.892578125 21.158854166666664 7.780486318348366 10.373981757797822
0 76.318359375 18.5546875 7.28597191547444 9.714629220632586
0 93.505859375 21.809895833333336 7.8992792392241125 10.532372318965482
0 85.400390625 19.596354166666664 7.487697843252746 9.983597124336994
0 73.53515625 16.40625 6.8511792970714245 9.134905729428567
0 85.009765625 27.5390625 8.876366926421502 11.835155901895336
