0 32.421875 21.875 7.911060422861158 10.548080563814876
0 5.126953125 19.270833333333336 7.425247229367944 9.900329639157258
0 25.0 15.625 6.686066375795484 8.914755167727312
0 31.34765625 16.145833333333336 6.796587356970242 9.062116475960323
0 36.71875 16.40625 6.8511792970714245 9.134905729428567
0 45.947265625 15.885416666666666 6.741553355216833 8.988737806955777
0 41.455078125 16.40625 6.8511792970714245 9.134905729428567
0 61.23046875 17.578125 7.091644310682526 9.455525747576702
0 78.857421875 16.666666666666664 6.905339660024879 9.207119546699838
0 99.4140625 31.4453125 9.485028239697298 12.646704319596397
0 93.994140625 20.833333333333336 7.720404443770458 10.293872591693944
0 89.404296875 21.09375 7.768507117527988 10.358009490037318
0 85.107421875 18.359375 7.247523246483103 9.663364328644137
0 67.28515625 16.276041666666664 6.823937919616058 9.09858389282141
0 57.91015625 15.104166666666666 6.573687508709111 8.764916678278816
0 73.73046875 18.359375 7.247523246483103 9.663364328644137
0 81.982421875 16.666666666666664 6.905339660024879 9.207119546699838
0 87.939453125 17.838541666666664 7.143981879101334 9.525309172135112
0 65.4296875 16.015625 6.7691262856502785 9.025501714200372
0 70.166015625 14.908854166666666 6.531046923532928 8.708062564710572
0 63.96484375 15.690104166666666 6.699981201202437 8.933308268269917
