0 71.484375 66.53645833333334 13.79718573664223 18.39624764885631
0 83.935546875 61.71875 13.288294102219997 17.717725469626664
0 83.447265625 88.21614583333334 15.886737164087366 21.182316218783157
0 77.83203125 50.390625 12.007028547916262 16.00937139722168
0 91.455078125 50.390625 12.007028547916262 16.00937139722168
0 33.154296875 57.747395833333336 12.853661919343681 17.13821589245824
0 34.033203125 39.2578125 10.597995211294762 14.130660281726351
0 45.01953125 35.09114583333333 10.019809057239993 13.359745409653323
0 50.244140625 47.59114583333333 11.66873431048899 15.55831241398532
0 33.544921875 33.13802083333333 9.736972737758677 12.982630317011571
0 41.650390625 18.619791666666664 7.298743129334349 9.731657505779133
0 60.107421875 24.283854166666664 8.33526628646708 11.113688381956106
0 64.84375 42.25260416666667 10.994801962067763 14.659735949423682
0 76.07421875 28.645833333333332 9.052976668817948 12.07063555842393
0 59.619140625 32.6171875 9.660151239834237 12.880201653112316
0 80.46875 25.260416666666668 8.501213548086012 11.334951397448016
0 21.2890625 27.799479166666668 8.918236814088415 11.890982418784553
0 7.177734375 36.45833333333333 10.21313508952729 13.617513452703053
0 86.81640625 32.09635416666667 9.58271390875707 12.77695187834276
0 26.416015625 22.981770833333336 8.108722079825698 10.811629439767596
0 72.0703125 19.466145833333336 7.462780310447684 9.950373747263578
0 78.955078125 40.4296875 10.755011100284483 14.340014800379311
0 46.630859375 25.9765625 8.620878229873984 11.494504306498644
0 41.89453125 27.604166666666668 8.886852892188134 11.849137189584178
0 51.26953125 27.9296875 8.939098215256843 11.918797620342456
0 22.802734375 48.89322916666667 11.82728416447516 15.76971221930021
0 11.669921875 16.796875 6.932261164306974 9.243014885742634
0 21.044921875 15.8203125 6.72772451325946 8.970299351012613
0 66.11328125 15.299479166666666 6.61605328023645 8.821404373648601
0 74.072265625 12.5 5.980199567341744 7.973599423122326
0 56.103515625 15.494791666666666 6.658149484030587 8.877532645374115
0 43.65234375 11.653645833333332 5.7741967555006415 7.698929007334189
0 30.17578125 12.955729166666666 6.088237714617921 8.117650286157229
0 38.134765625 10.286458333333332 5.424923350412347 7.233231133883129
0 36.1328125 18.489583333333336 7.273178276253042 9.697571035004056
0 92.041015625 16.471354166666664 6.864759447755123 9.15301259700683
0 86.328125 18.1640625 7.208869513560617 9.611826018080823
0 93.5546875 25.455729166666668 8.53401578009617 11.378687706794894
0 65.478515625 57.747395833333336 12.853661919343681 17.13821589245824
0 66.845703125 24.283854166666664 8.33526628646708 11.113688381956106
