0 93.9453125 66.40625 13.783678943647724 18.378238591530298
0 95.1171875 56.705729166666664 12.737205050481693 16.982940067308924
0 93.84765625 48.2421875 11.748276705883885 15.664368941178514
0 90.087890625 32.48697916666667 9.640850219074288 12.854466958765718
0 99.072265625 29.622395833333332 9.205995562132786 12.274660749510382
0 93.06640625 22.591145833333336 8.039514082226251 10.719352109635
0 91.015625 45.37760416666667 11.394137391720257 15.192183188960342
0 99.51171875 40.95052083333333 10.824064850444458 14.432086467259278
0 93.9453125 31.705729166666668 9.524222738236839 12.698963650982451
0 82.71484375 25.651041666666668 8.566692411876344 11.422256549168457
0 77.490234375 32.94270833333333 9.708235913444133 12.944314551258843
0 68.505859375 23.046875 8.120199399200482 10.82693253226731
0 75.537109375 29.427083333333332 9.175595934065496 12.234127912087327
0 76.708984375 51.236979166666664 12.107442886277694 16.14325718170359
0 73.291015625 64.58333333333334 13.593174713940485 18.124232951920646
0 63.525390625 29.752604166666668 9.22620633412535 12.301608445500468
0 67.138671875 37.3046875 10.331000292853245 13.77466705713766
0 69.189453125 64.2578125 13.55887444550968 18.078499260679575
0 62.59765625 35.3515625 10.056919588186085 13.409226117581447
0 54.8828125 49.609375 11.913587216762167 15.884782955682889
0 24.755859375 53.515625 12.37373958295489 16.498319443939856
0 3.515625 60.221354166666664 13.126106669681741 17.501475559575656
0 1.3671875 45.96354166666667 11.467464738803672 15.289952985071562
0 4.736328125 32.6171875 9.660151239834237 12.880201653112316
0 20.654296875 34.44010416666667 9.926425761285763 13.235234348381017
0 22.119140625 26.692708333333332 8.738904457566134 11.651872610088178
0 28.515625 34.89583333333333 9.991885707852113 13.322514277136149
0 51.220703125 37.95572916666667 10.420758715187912 13.894344953583882
0 52.1484375 26.692708333333332 8.738904457566134 11.651872610088178
0 43.603515625 26.106770833333332 8.642457433170346 11.52327657756046
0 33.251953125 22.591145833333336 8.039514082226251 10.719352109635
0 58.154296875 25.520833333333332 8.544921875 11.393229166666668
0 52.1484375 16.9921875 6.972448522214271 9.296598029619028
0 42.822265625 21.744791666666664 7.887480458569388 10.51664061142585
0 32.470703125 19.140625 7.400119417103358 9.866825889471144
0 26.123046875 24.283854166666664 8.33526628646708 11.113688381956106
0 4.052734375 23.2421875 8.154534433525017 10.872712578033356
0 12.5 18.684895833333336 7.311492035346033 9.748656047128044
0 6.103515625 25.065104166666668 8.468284256293707 11.291045675058275
0 12.841796875 21.549479166666664 7.85197774064246 10.469303654189947
0 22.36328125 18.359375 7.247523246483103 9.663364328644137
0 10.302734375 20.833333333333336 7.720404443770458 10.293872591693944
0 21.337890625 15.0390625 6.559504779115197 8.746006372153596
0 35.64453125 17.7734375 7.130933499479933 9.50791133263991
0 50.0 23.372395833333336 8.177344364608315 10.903125819477753
0 62.841796875 20.638020833333336 7.684129829110212 10.245506438813615
0 53.271484375 11.588541666666668 5.758045124546267 7.677393499395023
0 48.974609375 19.010416666666664 7.37490598974278 9.833207986323707
0 63.96484375 16.276041666666664 6.823937919616058 9.09858389282141
0 56.005859375 17.903645833333336 7.157006469457137 9.542675292609516
0 69.091796875 15.364583333333334 6.6301150458985685 8.840153394531425
0 54.98046875 14.127604166666666 6.3576253222655215 8.476833763020695
0 64.404296875 13.671875 6.254242410864013 8.338989881152017
0 57.12890625 12.174479166666668 5.901818727360142 7.8690916364801895
0 72.94921875 20.182291666666664 7.598815672600545 10.13175423013406
0 59.08203125 16.861979166666664 6.945682786096826 9.260910381462436
0 82.373046875 20.963541666666664 7.7444931277157725 10.325990836954363
0 61.9140625 13.541666666666666 6.224389054678692 8.299185406238257
0 79.541015625 18.359375 7.247523246483103 9.663364328644137
0 95.8984375 17.7734375 7.130933499479933 9.50791133263991
0 87.158203125 23.2421875 8.154534433525017 10.872712578033356
0 72.265625 27.018229166666668 8.792028986137655 11.722705314850208
0 67.822265625 18.815104166666664 7.336923388776433 9.782564518368577
0 61.1328125 18.684895833333336 7.311492035346033 9.748656047128044
0 47.94921875 29.8828125 9.24637292940864 12.32849723921152
0 40.869140625 30.208333333333332 9.296598029619028 12.395464039492039
0 85.205078125 39.71354166666667 10.65933178501769 14.212442380023585
0 98.828125 24.609375 8.39094670707246 11.187928942763282
0 89.6484375 27.34375 8.84483443981289 11.793112586417188
0 73.6328125 16.861979166666664 6.945682786096826 9.260910381462436
0 88.96484375 90.36458333333334 16.079028164452502 21.43870421927
0 87.01171875 59.309895833333336 13.02639524561343 17.368526994151242
0 98.974609375 50.78125 12.053477574543152 16.0713034327242
0 86.669921875 30.533854166666668 9.346553241646458 12.462070988861944
0 96.923828125 25.9765625 8.620878229873984 11.494504306498644
0 87.939453125 20.963541666666664 7.7444931277157725 10.325990836954363
0 97.705078125 22.200520833333336 7.969705113037473 10.626273484049964
0 90.771484375 15.625 6.686066375795484 8.914755167727312
0 82.71484375 16.40625 6.8511792970714245 9.134905729428567
0 71.77734375 13.216145833333334 6.149121606326259 8.198828808435012
0 64.84375 19.921875 7.549631882844837 10.066175843793117
0 60.64453125 32.48697916666667 9.640850219074288 12.854466958765718
0 66.89453125 54.752604166666664 12.515928133795093 16.687904178393456
0 63.623046875 38.671875 10.518608361580863 14.024811148774482
0 49.51171875 45.18229166666667 11.36958984997385 15.159453133298467
0 48.291015625 35.48177083333333 10.075423595714831 13.433898127619774
0 41.69921875 58.203125 12.904281318277572 17.205708424370094
0 52.1484375 76.69270833333334 14.812818724989743 19.75042496665299
0 43.06640625 83.984375 15.501007201172234 20.66800960156298
0 4.39453125 71.875 14.340014800379311 19.12001973383908
0 0.439453125 52.9296875 12.305813692416963 16.407751589889283
0 23.14453125 49.73958333333333 11.929211600153849 15.905615466871797
0 31.787109375 39.90885416666667 10.685511108405517 14.24734814454069
0 38.96484375 36.58854166666667 10.231356576074347 13.641808768099132
0 36.669921875 25.520833333333332 8.544921875 11.393229166666668
0 46.435546875 19.596354166666664 7.487697843252746 9.983597124336994
0 36.1328125 31.8359375 9.543759625922785 12.725012834563712
0 29.8828125 16.731770833333336 6.9188135063199665 9.225084675093289
0 16.11328125 14.2578125 6.386855937639267 8.515807916852356
0 8.837890625 24.609375 8.39094670707246 11.187928942763282
0 8.837890625 38.0859375 10.438617783500408 13.918157044667211
0 18.505859375 30.794270833333332 9.386325988299376 12.515101317732501
0 18.75 19.140625 7.400119417103358 9.866825889471144
0 20.556640625 23.958333333333336 8.279211405182211 11.038948540242949
0 24.169921875 13.8671875 6.298757153488249 8.398342871317666
0 25.537109375 16.861979166666664 6.945682786096826 9.260910381462436
0 14.84375 16.276041666666664 6.823937919616058 9.09858389282141
0 8.59375 18.684895833333336 7.311492035346033 9.748656047128044
0 2.34375 23.2421875 8.154534433525017 10.872712578033356
0 12.5 16.080729166666664 6.782870718656271 9.043827624875028
0 5.078125 18.5546875 7.28597191547444 9.714629220632586
0 18.84765625 15.494791666666666 6.658149484030587 8.877532645374115
0 10.546875 16.276041666666664 6.823937919616058 9.09858389282141
0 3.857421875 15.8203125 6.72772451325946 8.970299351012613
0 27.685546875 13.216145833333334 6.149121606326259 8.198828808435012
0 1.5625 17.447916666666664 7.065330140863174 9.420440187817565
0 31.4453125 13.997395833333334 6.328259690346595 8.437679587128793
0 41.2109375 13.216145833333334 6.149121606326259 8.198828808435012
0 39.990234375 21.419270833333336 7.828219811023351 10.437626414697803
0 49.072265625 13.411458333333334 6.194391824397107 8.259189099196142
0 41.796875 15.169270833333334 6.587839704871492 8.783786273161988
0 34.765625 14.908854166666666 6.531046923532928 8.708062564710572
0 13.623046875 14.2578125 6.386855937639267 8.515807916852356
0 7.6171875 15.8203125 6.72772451325946 8.970299351012613
0 66.89453125 14.127604166666666 6.3576253222655215 8.476833763020695
0 76.220703125 13.997395833333334 6.328259690346595 8.437679587128793
0 85.302734375 16.536458333333336 6.878312786611722 9.171083715482297
0 69.091796875 12.955729166666666 6.088237714617921 8.117650286157229
0 59.08203125 21.09375 7.768507117527988 10.358009490037318
0 47.021484375 25.651041666666668 8.566692411876344 11.422256549168457
0 70.3125 19.596354166666664 7.487697843252746 9.983597124336994
0 76.806640625 17.7734375 7.130933499479933 9.50791133263991
0 87.841796875 15.494791666666666 6.658149484030587 8.877532645374115
0 77.1484375 23.046875 8.120199399200482 10.82693253226731
0 61.23046875 26.692708333333332 8.738904457566134 11.651872610088178
