0 20.5078125 63.997395833333336 13.531371629269632 18.041828839026174
0 10.83984375 42.96875 11.087586745962493 14.783448994616657
0 24.853515625 40.95052083333333 10.824064850444458 14.432086467259278
0 54.78515625 36.84895833333333 10.267702539831983 13.690270053109312
0 61.181640625 34.30989583333333 9.907643481901811 13.210191309202415
0 65.8203125 32.48697916666667 9.640850219074288 12.854466958765718
0 75.830078125 32.48697916666667 9.640850219074288 12.854466958765718
0 82.32421875 31.8359375 9.543759625922785 12.725012834563712
0 88.18359375 31.380208333333332 9.475204282385269 12.633605709847027
0 91.162109375 34.50520833333333 9.935803586486637 13.247738115315515
0 92.919921875 29.622395833333332 9.205995562132786 12.274660749510382
0 94.775390625 20.963541666666664 7.7444931277157725 10.325990836954363
0 87.109375 21.2890625 7.804389558437758 10.405852744583676
0 80.908203125 24.21875 8.324085508414218 11.098780677885625
0 79.833984375 17.838541666666664 7.143981879101334 9.525309172135112
0 37.646484375 17.122395833333336 6.9991119025755095 9.332149203434014
0 5.419921875 28.580729166666668 9.042683343523592 12.056911124698123
0 9.66796875 22.135416666666664 7.958010748538389 10.610680998051187
0 17.333984375 14.2578125 6.386855937639267 8.515807916852356
0 25.9765625 15.494791666666666 6.658149484030587 8.877532645374115
0 32.03125 15.625 6.686066375795484 8.914755167727312
0 49.90234375 12.3046875 5.933295317145868 7.911060422861158
0 54.8828125 14.973958333333334 6.545291317604741 8.727055090139656
0 61.5234375 13.346354166666666 6.179338602086361 8.239118136115147
0 68.017578125 19.140625 7.400119417103358 9.866825889471144
0 71.533203125 13.541666666666666 6.224389054678692 8.299185406238257
0 74.462890625 16.796875 6.932261164306974 9.243014885742634
0 82.91015625 18.424479166666664 7.2603620931215325 9.680482790828709
0 92.529296875 20.377604166666664 7.635495607419925 10.180660809893233
0 42.87109375 17.122395833333336 6.9991119025755095 9.332149203434014
0 19.23828125 15.950520833333334 6.755353888299149 9.0071385177322
0 1.171875 19.856770833333336 7.537285788103314 10.049714384137753
0 7.51953125 19.466145833333336 7.462780310447684 9.950373747263578
0 12.98828125 21.2890625 7.804389558437758 10.405852744583676
0 15.4296875 15.690104166666666 6.699981201202437 8.933308268269917
0 3.3203125 20.377604166666664 7.635495607419925 10.180660809893233
0 6.4453125 18.489583333333336 7.273178276253042 9.697571035004056
0 11.572265625 17.838541666666664 7.143981879101334 9.525309172135112
0 24.0234375 16.796875 6.932261164306974 9.243014885742634
0 9.5703125 18.033854166666664 7.182984799767957 9.577313066357275
0 29.541015625 16.080729166666664 6.782870718656271 9.043827624875028
0 22.216796875 16.9921875 6.972448522214271 9.296598029619028
0 27.34375 16.276041666666664 6.823937919616058 9.09858389282141
0 34.716796875 17.513020833333336 7.0784994535786145 9.437999271438152
0 46.044921875 16.796875 6.932261164306974 9.243014885742634
0 46.923828125 21.6796875 7.875664001809045 10.500885335745393
0 63.427734375 14.518229166666666 6.444919458600731 8.593225944800976
0 66.259765625 16.666666666666664 6.905339660024879 9.207119546699838
0 77.783203125 16.666666666666664 6.905339660024879 9.207119546699838
0 69.04296875 15.885416666666666 6.741553355216833 8.988737806955777
0 84.814453125 18.033854166666664 7.182984799767957 9.577313066357275
0 88.525390625 18.619791666666664 7.298743129334349 9.731657505779133
0 92.138671875 18.489583333333336 7.273178276253042 9.697571035004056
0 99.365234375 31.966145833333332 9.56325660155786 12.751008802077147
0 99.169921875 20.963541666666664 7.7444931277157725 10.325990836954363
