0 61.03515625 14.192708333333334 6.372257390692475 8.496343187589966
0 62.59765625 13.28125 6.16424861960576 8.218998159474348
0 58.056640625 13.0859375 6.118755388111396 8.15834051748186
0 59.27734375 13.606770833333334 6.2393335877260965 8.319111450301463
0 55.126953125 13.932291666666666 6.313525654778199 8.418034206370931
0 53.22265625 15.494791666666666 6.658149484030587 8.877532645374115
0 51.318359375 17.513020833333336 7.0784994535786145 9.437999271438152
0 49.21875 12.630208333333334 6.011265748166568 8.015020997555423
0 50.48828125 15.299479166666666 6.61605328023645 8.821404373648601
0 48.486328125 14.388020833333334 6.415953381844678 8.554604509126236
0 47.0703125 14.0625 6.342959500374307 8.457279333832409
0 45.263671875 13.932291666666666 6.313525654778199 8.418034206370931
0 65.33203125 13.411458333333334 6.194391824397107 8.259189099196142
0 66.259765625 12.955729166666666 6.088237714617921 8.117650286157229
0 67.1875 14.388020833333334 6.415953381844678 8.554604509126236
0 67.919921875 13.28125 6.16424861960576 8.218998159474348
0 69.43359375 13.736979166666666 6.269115778861736 8.358821038482315
0 70.751953125 14.192708333333334 6.372257390692475 8.496343187589966
0 72.16796875 13.736979166666666 6.269115778861736 8.358821038482315
0 74.90234375 13.606770833333334 6.2393335877260965 8.319111450301463
0 76.220703125 14.388020833333334 6.415953381844678 8.554604509126236
0 77.978515625 14.0625 6.342959500374307 8.457279333832409
0 79.8828125 14.713541666666666 6.488126106405426 8.650834808540568
0 83.30078125 15.950520833333334 6.755353888299149 9.0071385177322
0 86.5234375 16.276041666666664 6.823937919616058 9.09858389282141
0 89.111328125 16.145833333333336 6.796587356970242 9.062116475960323
0 92.578125 14.84375 6.516771394062079 8.689028525416106
0 94.677734375 18.1640625 7.208869513560617 9.611826018080823
0 95.654296875 17.708333333333336 7.117861199762329 9.490481599683106
0 96.09375 21.940104166666664 7.92282408798045 10.5637654506406
0 93.84765625 20.703125 7.6962403643301345 10.261653819106845
0 91.748046875 19.401041666666664 7.450290292806215 9.933720390408286
0 87.451171875 18.9453125 7.3622668956389274 9.816355860851903
0 85.9375 19.921875 7.549631882844837 10.066175843793117
0 84.27734375 18.033854166666664 7.182984799767957 9.577313066357275
0 90.4296875 22.916666666666664 8.097228492078614 10.796304656104818
0 91.943359375 25.78125 8.588407763348565 11.451210351131419
0 95.654296875 27.34375 8.84483443981289 11.793112586417188
0 94.43359375 32.55208333333333 9.650505554713073 12.86734073961743
0 95.654296875 35.87239583333333 10.130732832457173 13.507643776609566
0 95.751953125 43.61979166666667 11.171267833082963 14.895023777443953
0 91.50390625 48.828125 11.819407184470878 15.759209579294502
0 90.673828125 44.40104166666667 11.270865058971795 15.027820078629059
0 85.107421875 56.25 12.685919000748614 16.914558667664817
0 76.220703125 57.486979166666664 12.824646844147154 17.099529125529536
0 70.41015625 68.75 14.024811148774486 18.69974819836598
0 40.4296875 86.06770833333334 15.69209000510552 20.922786673474025
0 59.375 95.1171875 16.49643768522898 21.995250246971974
0 7.470703125 45.18229166666667 11.36958984997385 15.159453133298467
0 3.466796875 56.0546875 12.663875684354508 16.885167579139345
0 0.830078125 44.20572916666667 11.24604844524431 14.994731260325747
0 0.634765625 35.67708333333333 10.103116062772735 13.470821417030313
0 3.125 23.567708333333336 8.211440458419013 10.948587277892017
0 5.712890625 15.950520833333334 6.755353888299149 9.0071385177322
0 6.640625 16.40625 6.8511792970714245 9.134905729428567
0 9.033203125 16.276041666666664 6.823937919616058 9.09858389282141
0 12.20703125 18.619791666666664 7.298743129334349 9.731657505779133
0 13.8671875 17.3828125 7.052136235529384 9.40284831403918
0 15.673828125 15.0390625 6.559504779115197 8.746006372153596
0 14.697265625 16.145833333333336 6.796587356970242 9.062116475960323
0 17.7734375 14.713541666666666 6.488126106405426 8.650834808540568
0 20.263671875 14.192708333333334 6.372257390692475 8.496343187589966
0 24.072265625 14.518229166666666 6.444919458600731 8.593225944800976
0 25.390625 13.932291666666666 6.313525654778199 8.418034206370931
0 27.05078125 13.736979166666666 6.269115778861736 8.358821038482315
0 28.3203125 15.169270833333334 6.587839704871492 8.783786273161988
0 25.634765625 18.294270833333336 7.234661615679748 9.646215487572997
0 29.150390625 13.736979166666666 6.269115778861736 8.358821038482315
0 29.98046875 16.276041666666664 6.823937919616058 9.09858389282141
0 31.54296875 13.606770833333334 6.2393335877260965 8.319111450301463
0 32.71484375 12.825520833333334 6.057566296777102 8.076755062369468
0 33.7890625 14.192708333333334 6.372257390692475 8.496343187589966
0 31.787109375 17.1875 7.012405574387241 9.349874099182989
0 34.130859375 17.3828125 7.052136235529384 9.40284831403918
0 34.9609375 17.3828125 7.052136235529384 9.40284831403918
0 35.693359375 13.736979166666666 6.269115778861736 8.358821038482315
0 37.59765625 14.0625 6.342959500374307 8.457279333832409
0 39.501953125 15.169270833333334 6.587839704871492 8.783786273161988
0 37.841796875 16.6015625 6.891839471823862 9.189119295765149
0 42.7734375 14.518229166666666 6.444919458600731 8.593225944800976
0 41.943359375 17.1875 7.012405574387241 9.349874099182989
0 39.599609375 20.703125 7.6962403643301345 10.261653819106845
0 40.4296875 18.619791666666664 7.298743129334349 9.731657505779133
0 42.08984375 21.484375 7.840107775064166 10.453477033418888
0 43.408203125 24.674479166666664 8.402038511923953 11.202718015898604
0 43.603515625 17.057291666666664 6.985792933508055 9.31439057801074
0 44.82421875 16.145833333333336 6.796587356970242 9.062116475960323
0 58.447265625 22.916666666666664 8.097228492078614 10.796304656104818
0 59.27734375 18.294270833333336 7.234661615679748 9.646215487572997
0 67.1875 18.815104166666664 7.336923388776433 9.782564518368577
0 73.828125 17.1875 7.012405574387241 9.349874099182989
0 77.880859375 17.1875 7.012405574387241 9.349874099182989
0 79.296875 19.7265625 7.512532730158185 10.01671030687758
0 81.54296875 23.828125 8.256682897014576 11.008910529352768
0 88.525390625 28.125 8.970299351012615 11.960399134683486
0 91.015625 30.794270833333332 9.386325988299376 12.515101317732501
0 87.6953125 32.55208333333333 9.650505554713073 12.86734073961743
0 64.599609375 45.3125 11.385960758165057 15.181281010886744
0 74.8046875 28.125 8.970299351012615 11.960399134683486
0 77.490234375 28.255208333333332 8.991039955234518 11.988053273646026
0 82.6171875 33.0078125 9.717824296930333 12.957099062573777
0 76.806640625 36.97916666666667 10.285827359834423 13.714436479779232
0 69.921875 21.809895833333336 7.8992792392241125 10.532372318965482
0 73.388671875 23.697916666666664 8.234092750996119 10.978790334661493
0 78.955078125 22.721354166666664 8.062649422377262 10.75019922983635
0 76.46484375 21.614583333333336 7.863829789260941 10.485106385681254
0 70.5078125 27.1484375 8.81318913463968 11.750918846186241
0 64.111328125 25.455729166666668 8.53401578009617 11.378687706794894
0 71.923828125 31.25 9.4555257475767 12.607367663435602
0 60.9375 22.265625 7.981382342908947 10.641843123878598
0 52.63671875 21.158854166666664 7.780486318348366 10.373981757797822
0 47.900390625 23.046875 8.120199399200482 10.82693253226731
0 49.560546875 26.692708333333332 8.738904457566134 11.651872610088178
0 52.1484375 28.90625 9.094033462982996 12.125377950643994
0 60.791015625 28.580729166666668 9.042683343523592 12.056911124698123
0 63.671875 31.770833333333332 9.53399618640949 12.711994915212655
0 50.9765625 32.2265625 9.60213178866716 12.802842384889546
0 51.904296875 36.00260416666667 10.149102263376399 13.53213635116853
0 57.275390625 38.41145833333333 10.483132346995646 13.977509795994195
0 54.541015625 43.29427083333333 11.129505937994672 14.839341250659563
0 56.884765625 49.15364583333333 11.85873976301602 15.811653017354693
0 47.65625 43.61979166666667 11.171267833082963 14.895023777443953
0 35.3515625 56.705729166666664 12.737205050481693 16.982940067308924
0 43.505859375 28.450520833333332 9.02206146184966 12.029415282466214
0 41.162109375 30.6640625 9.366460725843998 12.48861430112533
0 42.578125 37.890625 10.411817693623036 13.88242359149738
0 29.98046875 18.815104166666664 7.336923388776433 9.782564518368577
0 28.7109375 21.158854166666664 7.780486318348366 10.373981757797822
0 32.373046875 21.158854166666664 7.780486318348366 10.373981757797822
0 27.1484375 23.697916666666664 8.234092750996119 10.978790334661493
0 20.068359375 16.731770833333336 6.9188135063199665 9.225084675093289
0 22.412109375 18.489583333333336 7.273178276253042 9.697571035004056
0 20.41015625 21.614583333333336 7.863829789260941 10.485106385681254
0 17.431640625 21.028645833333336 7.756509415978292 10.342012554637723
0 13.18359375 25.78125 8.588407763348565 11.451210351131419
0 7.470703125 21.354166666666664 7.816313766397521 10.421751688530028
0 7.03125 26.5625 8.717563999686098 11.62341866624813
0 9.521484375 29.557291666666668 9.195873518871684 12.261164691828911
0 4.052734375 30.143229166666668 9.286574740419274 12.382099653892366
0 4.8828125 40.88541666666667 10.81545724284018 14.42060965712024
0 23.388671875 26.236979166666668 8.66398288975732 11.551977186343091
0 21.484375 29.557291666666668 9.195873518871684 12.261164691828911
0 17.08984375 33.33333333333333 9.765625 13.020833333333334
0 22.998046875 43.09895833333333 11.10437341226822 14.805831216357626
0 27.734375 39.32291666666667 10.606779295033428 14.142372393377903
0 33.056640625 26.3671875 8.685454999241765 11.580606665655687
0 35.3515625 28.580729166666668 9.042683343523592 12.056911124698123
0 32.275390625 32.87760416666667 9.698638050580264 12.931517400773687
