0 49.31640625 37.04427083333333 10.29487780360901 13.726503738145347
0 43.994140625 29.8828125 9.24637292940864 12.32849723921152
0 34.9609375 27.669270833333332 8.897326499702912 11.863101999603883
0 29.736328125 36.39322916666667 10.204012144348443 13.605349525797925
0 35.9375 43.359375 11.137870844051916 14.850494458735888
0 23.2421875 50.455729166666664 12.01478252260103 16.019710030134707
0 36.181640625 62.955729166666664 13.420796769589858 17.89439569278648
0 5.76171875 72.78645833333334 14.430652365157334 19.24086982020978
0 2.197265625 78.97135416666666 15.031262641631777 20.041683522175703
0 0.537109375 59.049479166666664 12.99776577090262 17.330354361203494
0 0.341796875 45.57291666666667 11.418632161785709 15.224842882380946
0 6.005859375 38.15104166666667 10.447535869521296 13.930047826028394
0 3.173828125 31.640625 9.51443925056146 12.685919000748614
0 9.228515625 28.3203125 9.001392336274797 12.001856448366395
0 18.359375 30.989583333333332 9.416045300623482 12.554727067497975
0 49.072265625 48.89322916666667 11.82728416447516 15.76971221930021
0 65.478515625 60.416666666666664 13.147375017418222 17.52983335655763
0 74.951171875 52.669270833333336 12.275503760448466 16.36733834726462
0 88.232421875 64.38802083333334 13.572604954795583 18.09680660639411
0 92.1875 51.7578125 12.168824485703665 16.225099314271553
0 93.115234375 41.796875 10.935347208965403 14.580462945287206
0 99.072265625 36.39322916666667 10.204012144348443 13.605349525797925
0 85.986328125 34.9609375 10.001202153426476 13.334936204568635
0 98.33984375 41.92708333333333 10.952367214920875 14.603156286561166
0 97.8515625 22.65625 8.051090062422436 10.734786749896582
0 92.7734375 30.533854166666668 9.346553241646458 12.462070988861944
0 79.248046875 25.9765625 8.620878229873984 11.494504306498644
0 89.208984375 28.645833333333332 9.052976668817948 12.07063555842393
0 79.00390625 38.73697916666667 10.527458685705774 14.036611580941033
0 89.306640625 33.203125 9.746532850751532 12.995377134335376
0 73.681640625 32.421875 9.631185203893738 12.84158027185832
0 64.306640625 42.25260416666667 10.994801962067763 14.659735949423682
0 60.009765625 34.83072916666667 9.982560567502519 13.310080756670025
0 60.25390625 24.544270833333336 8.379840220792225 11.173120294389632
0 66.89453125 23.893229166666664 8.267954824306681 11.023939765742242
0 61.42578125 30.078125 9.276540621075844 12.368720828101127
0 51.3671875 27.669270833333332 8.897326499702912 11.863101999603883
0 31.15234375 28.971354166666668 9.104268731797058 12.139024975729411
0 41.845703125 25.0 8.457279333832409 11.276372445109878
0 48.486328125 22.786458333333336 8.074192233473482 10.765589644631309
0 32.373046875 24.348958333333336 8.346432086900233 11.128576115866979
0 26.171875 23.2421875 8.154534433525017 10.872712578033356
0 17.28515625 23.2421875 8.154534433525017 10.872712578033356
0 4.6875 24.869791666666664 8.435226416678011 11.246968555570682
0 23.095703125 25.9765625 8.620878229873984 11.494504306498644
0 11.23046875 20.442708333333336 7.647683158045451 10.196910877393934
0 47.314453125 15.169270833333334 6.587839704871492 8.783786273161988
0 41.015625 21.354166666666664 7.816313766397521 10.421751688530028
0 44.482421875 14.713541666666666 6.488126106405426 8.650834808540568
0 55.76171875 15.494791666666666 6.658149484030587 8.877532645374115
0 71.630859375 22.135416666666664 7.958010748538389 10.610680998051187
0 89.306640625 24.869791666666664 8.435226416678011 11.246968555570682
0 81.15234375 21.028645833333336 7.756509415978292 10.342012554637723
0 73.779296875 27.34375 8.84483443981289 11.793112586417188
0 60.009765625 19.140625 7.400119417103358 9.866825889471144
0 49.560546875 19.791666666666664 7.524919437217989 10.033225916290652
0 60.25390625 17.3828125 7.052136235529384 9.40284831403918
0 71.533203125 18.489583333333336 7.273178276253042 9.697571035004056
0 77.197265625 21.809895833333336 7.8992792392241125 10.532372318965482
0 86.474609375 17.578125 7.091644310682526 9.455525747576702
0 93.9453125 18.359375 7.247523246483103 9.663364328644137
0 81.982421875 25.325520833333332 8.512161670520847 11.349548894027794
0 99.072265625 28.450520833333332 9.02206146184966 12.029415282466214
0 41.6015625 18.684895833333336 7.311492035346033 9.748656047128044
0 31.640625 21.223958333333336 7.792447103762027 10.389929471682702
0 19.189453125 19.921875 7.549631882844837 10.066175843793117
0 7.666015625 19.921875 7.549631882844837 10.066175843793117
0 30.322265625 19.270833333333336 7.425247229367944 9.900329639157258
0 36.181640625 16.6015625 6.891839471823862 9.189119295765149
0 62.98828125 14.388020833333334 6.415953381844678 8.554604509126236
0 79.1015625 16.145833333333336 6.796587356970242 9.062116475960323
0 84.912109375 20.442708333333336 7.647683158045451 10.196910877393934
0 91.943359375 19.791666666666664 7.524919437217989 10.033225916290652
0 81.25 17.708333333333336 7.117861199762329 9.490481599683106
0 66.796875 15.950520833333334 6.755353888299149 9.0071385177322
0 49.560546875 17.057291666666664 6.985792933508055 9.31439057801074
0 41.015625 16.796875 6.932261164306974 9.243014885742634
0 26.806640625 18.815104166666664 7.336923388776433 9.782564518368577
0 16.357421875 18.489583333333336 7.273178276253042 9.697571035004056
0 8.88671875 18.1640625 7.208869513560617 9.611826018080823
0 25.927734375 16.6015625 6.891839471823862 9.189119295765149
0 18.45703125 15.169270833333334 6.587839704871492 8.783786273161988
0 71.142578125 12.955729166666666 6.088237714617921 8.117650286157229
0 89.697265625 20.572916666666664 7.672000176987631 10.229333569316841
0 74.70703125 17.903645833333336 7.157006469457137 9.542675292609516
0 65.234375 14.713541666666666 6.488126106405426 8.650834808540568
0 40.673828125 14.388020833333334 6.415953381844678 8.554604509126236
0 33.056640625 16.145833333333336 6.796587356970242 9.062116475960323
0 24.169921875 14.84375 6.516771394062079 8.689028525416106
0 3.759765625 16.145833333333336 6.796587356970242 9.062116475960323
0 95.1171875 22.330729166666664 7.993042513249997 10.657390017666662
0 82.080078125 15.494791666666666 6.658149484030587 8.877532645374115
0 93.017578125 22.786458333333336 8.074192233473482 10.765589644631309
0 68.06640625 14.2578125 6.386855937639267 8.515807916852356
0 91.6015625 24.674479166666664 8.402038511923953 11.202718015898604
0 61.083984375 15.8203125 6.72772451325946 8.970299351012613
0 30.56640625 14.84375 6.516771394062079 8.689028525416106
0 57.177734375 13.736979166666666 6.269115778861736 8.358821038482315
0 62.40234375 17.903645833333336 7.157006469457137 9.542675292609516
0 28.3203125 16.796875 6.932261164306974 9.243014885742634
0 3.02734375 19.791666666666664 7.524919437217989 10.033225916290652
0 20.60546875 16.145833333333336 6.796587356970242 9.062116475960323
0 1.26953125 17.252604166666664 7.025674092542321 9.367565456723094
0 20.751953125 18.815104166666664 7.336923388776433 9.782564518368577
0 6.15234375 16.796875 6.932261164306974 9.243014885742634
0 38.18359375 14.84375 6.516771394062079 8.689028525416106
0 21.77734375 13.932291666666666 6.313525654778199 8.418034206370931
0 13.232421875 16.796875 6.932261164306974 9.243014885742634
