0 0.927734375 20.052083333333336 7.574263699945591 10.099018266594122
0 2.685546875 19.401041666666664 7.450290292806215 9.933720390408286
0 2.5390625 23.697916666666664 8.234092750996119 10.978790334661493
0 1.025390625 25.5859375 8.555814067917595 11.407752090556793
0 14.306640625 18.489583333333336 7.273178276253042 9.697571035004056
0 12.98828125 18.033854166666664 7.182984799767957 9.577313066357275
0 16.845703125 20.833333333333336 7.720404443770458 10.293872591693944
0 11.81640625 26.953125 8.78142979122202 11.708573054962693
0 9.912109375 24.283854166666664 8.33526628646708 11.113688381956106
0 21.19140625 18.9453125 7.3622668956389274 9.816355860851903
0 27.392578125 18.294270833333336 7.234661615679748 9.646215487572997
0 28.3203125 21.028645833333336 7.756509415978292 10.342012554637723
0 30.078125 20.833333333333336 7.720404443770458 10.293872591693944
0 24.658203125 23.828125 8.256682897014576 11.008910529352768
0 27.197265625 23.828125 8.256682897014576 11.008910529352768
0 33.10546875 17.3828125 7.052136235529384 9.40284831403918
0 35.107421875 17.578125 7.091644310682526 9.455525747576702
0 41.259765625 17.447916666666664 7.065330140863174 9.420440187817565
0 35.205078125 26.236979166666668 8.66398288975732 11.551977186343091
0 30.419921875 34.375 9.91703906815913 13.222718757545508
0 32.8125 38.28125 10.46534924284805 13.953798990464069
0 16.2109375 55.078125 12.553078491945271 16.73743798926036
0 18.359375 59.765625 13.076345999529144 17.43512799937219
0 21.97265625 49.28385416666667 11.874436314907054 15.832581753209407
0 24.462890625 48.828125 11.819407184470878 15.759209579294502
0 26.171875 48.17708333333333 11.740346717328702 15.653795623104935
0 31.25 47.52604166666667 11.660750228602783 15.547666971470377
0 29.8828125 49.93489583333333 11.952609880106287 15.936813173475048
0 31.884765625 52.408854166666664 12.245118803551563 16.32682507140208
0 30.615234375 57.03125 12.773711875278535 17.031615833704713
0 22.4609375 51.5625 12.145842738117919 16.194456984157227
0 25.537109375 51.171875 12.099748291991583 16.132997722655443
0 26.220703125 55.338541666666664 12.582719804741396 16.776959739655194
0 26.904296875 60.416666666666664 13.147375017418222 17.52983335655763
0 52.1484375 76.171875 14.762434841855255 19.683246455807005
0 65.0390625 68.359375 13.984911178454102 18.646548237938802
0 64.74609375 54.036458333333336 12.433806632973244 16.578408843964322
0 85.400390625 52.473958333333336 12.25272210686324 16.336962809150986
0 85.205078125 59.375 13.033542788124159 17.37805705083221
0 88.96484375 63.8671875 13.517599237274231 18.023465649698974
0 91.357421875 82.94270833333334 15.404576982573195 20.53943597676426
0 95.556640625 82.94270833333334 15.404576982573195 20.53943597676426
0 82.03125 42.83854166666667 11.070774625986973 14.761032834649296
0 87.158203125 38.54166666666667 10.500885335745396 14.001180447660527
0 99.12109375 25.78125 8.588407763348565 11.451210351131419
0 99.31640625 35.22135416666667 10.038381471800859 13.384508629067811
0 97.998046875 29.427083333333332 9.175595934065496 12.234127912087327
0 89.16015625 30.338541666666668 9.316612257369233 12.42214967649231
0 91.748046875 25.9765625 8.620878229873984 11.494504306498644
0 96.38671875 23.697916666666664 8.234092750996119 10.978790334661493
0 97.998046875 22.981770833333336 8.108722079825698 10.811629439767596
0 81.884765625 23.828125 8.256682897014576 11.008910529352768
0 84.814453125 24.674479166666664 8.402038511923953 11.202718015898604
0 89.892578125 25.651041666666668 8.566692411876344 11.422256549168457
0 73.92578125 33.72395833333333 9.82267879603948 13.096905061385971
0 60.400390625 29.6875 9.216106488367615 12.288141984490153
0 64.404296875 21.6796875 7.875664001809045 10.500885335745393
0 60.888671875 24.283854166666664 8.33526628646708 11.113688381956106
0 64.306640625 23.828125 8.256682897014576 11.008910529352768
0 65.869140625 26.041666666666668 8.631674575031099 11.508899433374797
0 68.115234375 24.479166666666664 8.36871899463018 11.15829199284024
0 76.07421875 22.981770833333336 8.108722079825698 10.811629439767596
0 79.1015625 18.684895833333336 7.311492035346033 9.748656047128044
0 82.080078125 18.9453125 7.3622668956389274 9.816355860851903
0 75.68359375 17.708333333333336 7.117861199762329 9.490481599683106
0 73.291015625 18.033854166666664 7.182984799767957 9.577313066357275
0 69.82421875 19.401041666666664 7.450290292806215 9.933720390408286
0 56.103515625 20.377604166666664 7.635495607419925 10.180660809893233
0 50.390625 16.9921875 6.972448522214271 9.296598029619028
0 49.072265625 17.708333333333336 7.117861199762329 9.490481599683106
0 48.291015625 18.033854166666664 7.182984799767957 9.577313066357275
0 47.4609375 19.075520833333336 7.3875234600282 9.850031280037602
0 49.462890625 20.638020833333336 7.684129829110212 10.245506438813615
0 47.314453125 20.182291666666664 7.598815672600545 10.13175423013406
0 47.509765625 21.744791666666664 7.887480458569388 10.51664061142585
0 46.435546875 22.395833333333336 8.00468569861084 10.672914264814453
0 46.728515625 23.177083333333336 8.143105507889608 10.857474010519478
0 46.044921875 13.736979166666666 6.269115778861736 8.358821038482315
0 46.337890625 14.127604166666666 6.3576253222655215 8.476833763020695
0 44.62890625 25.0 8.457279333832409 11.276372445109878
0 42.48046875 23.697916666666664 8.234092750996119 10.978790334661493
0 4.39453125 20.377604166666664 7.635495607419925 10.180660809893233
0 5.76171875 18.098958333333336 7.195938795502683 9.594585060670244
0 6.8359375 17.447916666666664 7.065330140863174 9.420440187817565
0 8.10546875 17.578125 7.091644310682526 9.455525747576702
0 9.814453125 19.075520833333336 7.3875234600282 9.850031280037602
0 11.03515625 17.057291666666664 6.985792933508055 9.31439057801074
0 12.646484375 15.755208333333334 6.7138671875 8.951822916666668
0 12.20703125 20.377604166666664 7.635495607419925 10.180660809893233
0 7.32421875 24.739583333333336 8.413115693414442 11.217487591219255
0 4.150390625 38.34635416666667 10.474244568927316 13.965659425236424
0 8.935546875 33.52864583333333 9.794193442310311 13.05892458974708
0 12.3046875 35.546875 10.084662867345157 13.44621715646021
0 9.228515625 72.4609375 14.398347304791809 19.197796406389077
0 22.998046875 57.877604166666664 12.868144923283701 17.157526564378266
0 15.91796875 17.578125 7.091644310682526 9.455525747576702
0 19.3359375 14.2578125 6.386855937639267 8.515807916852356
0 17.041015625 16.9921875 6.972448522214271 9.296598029619028
0 18.603515625 18.033854166666664 7.182984799767957 9.577313066357275
0 21.533203125 15.4296875 6.644147051109997 8.858862734813329
0 23.6328125 15.625 6.686066375795484 8.914755167727312
0 24.462890625 14.2578125 6.386855937639267 8.515807916852356
0 23.828125 19.140625 7.400119417103358 9.866825889471144
0 18.84765625 21.2890625 7.804389558437758 10.405852744583676
0 21.19140625 24.283854166666664 8.33526628646708 11.113688381956106
0 27.05078125 15.0390625 6.559504779115197 8.746006372153596
0 27.1484375 16.080729166666664 6.782870718656271 9.043827624875028
0 28.466796875 16.927083333333336 6.959078522333606 9.278771363111476
0 30.078125 16.40625 6.8511792970714245 9.134905729428567
0 30.2734375 17.903645833333336 7.157006469457137 9.542675292609516
0 32.8125 19.7265625 7.512532730158185 10.01671030687758
0 31.396484375 18.9453125 7.3622668956389274 9.816355860851903
0 25.732421875 20.572916666666664 7.672000176987631 10.229333569316841
0 37.98828125 14.6484375 6.473755931273323 8.631674575031097
0 37.79296875 17.903645833333336 7.157006469457137 9.542675292609516
0 35.888671875 21.484375 7.840107775064166 10.453477033418888
0 40.0390625 20.638020833333336 7.684129829110212 10.245506438813615
0 39.404296875 23.372395833333336 8.177344364608315 10.903125819477753
0 37.060546875 28.190104166666668 8.980675640601907 11.974234187469209
0 41.845703125 34.375 9.91703906815913 13.222718757545508
0 43.603515625 15.625 6.686066375795484 8.914755167727312
0 45.21484375 17.903645833333336 7.157006469457137 9.542675292609516
0 47.8515625 15.4296875 6.644147051109997 8.858862734813329
0 51.220703125 13.736979166666666 6.269115778861736 8.358821038482315
0 55.46875 12.434895833333332 5.964605800076924 7.952807733435899
0 56.689453125 15.104166666666666 6.573687508709111 8.764916678278816
0 55.224609375 16.145833333333336 6.796587356970242 9.062116475960323
0 51.5625 18.75 7.32421875 9.765625
0 51.220703125 25.325520833333332 8.512161670520847 11.349548894027794
0 48.291015625 27.669270833333332 8.897326499702912 11.863101999603883
0 56.8359375 35.48177083333333 10.075423595714831 13.433898127619774
0 56.494140625 44.79166666666667 11.320335077509403 15.093780103345871
0 59.619140625 13.802083333333334 6.283953943473511 8.378605257964681
0 59.130859375 17.057291666666664 6.985792933508055 9.31439057801074
0 59.423828125 22.330729166666664 7.993042513249997 10.657390017666662
0 60.9375 21.354166666666664 7.816313766397521 10.421751688530028
0 58.349609375 14.127604166666666 6.3576253222655215 8.476833763020695
0 65.771484375 16.6015625 6.891839471823862 9.189119295765149
0 68.603515625 18.294270833333336 7.234661615679748 9.646215487572997
0 72.216796875 18.424479166666664 7.2603620931215325 9.680482790828709
0 70.849609375 19.856770833333336 7.537285788103314 10.049714384137753
0 66.015625 19.3359375 7.437779301119349 9.917039068159132
0 71.337890625 23.828125 8.256682897014576 11.008910529352768
0 71.435546875 39.38802083333333 10.615556110184379 14.154074813579173
0 73.6328125 66.47135416666666 13.790433993768314 18.387245325024416
0 55.56640625 78.64583333333334 15.000251132134409 20.00033484284588
0 99.560546875 86.45833333333334 15.727659578521882 20.970212771362508
0 84.912109375 47.78645833333333 11.69265384562257 15.590205127496759
0 90.0390625 41.34114583333333 10.87556743237638 14.500756576501841
0 85.44921875 40.8203125 10.806842779312605 14.40912370575014
0 89.892578125 34.765625 9.973226707988399 13.297635610651199
0 87.158203125 29.427083333333332 9.175595934065496 12.234127912087327
0 96.728515625 29.1015625 9.124704826492952 12.166273101990603
0 94.775390625 21.484375 7.840107775064166 10.453477033418888
0 91.50390625 22.591145833333336 8.039514082226251 10.719352109635
0 93.65234375 25.846354166666668 8.59924487524742 11.465659833663226
0 83.935546875 16.145833333333336 6.796587356970242 9.062116475960323
0 77.490234375 16.080729166666664 6.782870718656271 9.043827624875028
0 79.1015625 17.057291666666664 6.985792933508055 9.31439057801074
0 81.0546875 19.401041666666664 7.450290292806215 9.933720390408286
0 79.78515625 24.0234375 8.290452702152177 11.053936936202902
0 78.271484375 26.497395833333332 8.706874156303165 11.609165541737553
0 74.4140625 28.580729166666668 9.042683343523592 12.056911124698123
0 74.755859375 16.9921875 6.972448522214271 9.296598029619028
0 91.40625 19.986979166666664 7.561957820656658 10.08261042754221
0 93.1640625 19.205729166666664 7.412693970636669 9.883591960848893
0 97.0703125 20.703125 7.6962403643301345 10.261653819106845
0 70.068359375 14.908854166666666 6.531046923532928 8.708062564710572
0 68.45703125 14.84375 6.516771394062079 8.689028525416106
0 66.89453125 14.192708333333334 6.372257390692475 8.496343187589966
0 61.376953125 14.192708333333334 6.372257390692475 8.496343187589966
0 1.025390625 17.1875 7.012405574387241 9.349874099182989
0 2.392578125 17.252604166666664 7.025674092542321 9.367565456723094
