0 1.3671875 59.114583333333336 13.004929048255931 17.339905397674574
0 8.0078125 67.25260416666666 13.871238009476944 18.494984012635925
0 22.94921875 48.69791666666667 11.803637454720285 15.738183272960379
0 37.890625 63.671875 13.496914299008777 17.995885732011704
0 47.265625 54.296875 12.463731601966636 16.61830880262218
0 50.87890625 48.11197916666667 11.732411368860527 15.643215158480702
0 67.138671875 58.463541666666664 12.93311773707098 17.244156982761304
0 77.099609375 54.231770833333336 12.456257099584077 16.608342799445435
0 86.376953125 63.541666666666664 13.483106710433667 17.977475613911555
0 92.431640625 52.799479166666664 12.290668069825603 16.38755742643414
0 90.966796875 43.03385416666667 11.095983253599758 14.794644338133011
0 95.068359375 41.9921875 10.960867307170393 14.614489742893857
0 99.12109375 40.49479166666667 10.763667046233154 14.351556061644205
0 89.208984375 35.48177083333333 10.075423595714831 13.433898127619774
0 85.595703125 33.7890625 9.832155574699105 13.109540766265473
0 78.7109375 39.51822916666667 10.633088006704314 14.177450675605751
0 74.365234375 33.07291666666667 9.727403229070575 12.9698709720941
0 74.951171875 27.34375 8.84483443981289 11.793112586417188
0 79.8828125 26.5625 8.717563999686098 11.62341866624813
0 82.080078125 22.265625 7.981382342908947 10.641843123878598
0 89.74609375 27.278645833333332 8.83429859993294 11.779064799910586
0 93.505859375 31.184895833333332 9.445671106287941 12.594228141717254
0 99.072265625 31.25 9.4555257475767 12.607367663435602
0 97.8515625 26.5625 8.717563999686098 11.62341866624813
0 94.384765625 23.567708333333336 8.211440458419013 10.948587277892017
0 66.69921875 42.3828125 11.01173007365034 14.682306764867118
0 61.181640625 36.78385416666667 10.258628121320564 13.678170828427419
0 66.6015625 31.380208333333332 9.475204282385269 12.633605709847027
0 61.81640625 29.6875 9.216106488367615 12.288141984490153
0 60.498046875 22.981770833333336 8.108722079825698 10.811629439767596
0 57.421875 24.869791666666664 8.435226416678011 11.246968555570682
0 50.87890625 27.34375 8.84483443981289 11.793112586417188
0 50.0 35.80729166666667 10.121535615098267 13.495380820131023
0 42.3828125 33.59375 9.803697756475225 13.071597008633635
0 46.09375 26.953125 8.78142979122202 11.708573054962693
0 36.23046875 41.796875 10.935347208965403 14.580462945287206
0 34.228515625 34.9609375 10.001202153426476 13.334936204568635
0 32.6171875 28.450520833333332 9.02206146184966 12.029415282466214
0 41.796875 24.153645833333336 8.312889692307273 11.083852923076364
0 48.4375 22.135416666666664 7.958010748538389 10.610680998051187
0 50.732421875 17.838541666666664 7.143981879101334 9.525309172135112
0 49.21875 16.666666666666664 6.905339660024879 9.207119546699838
0 45.1171875 14.2578125 6.386855937639267 8.515807916852356
0 41.2109375 14.84375 6.516771394062079 8.689028525416106
0 36.5234375 17.96875 7.170007400189656 9.56000986691954
0 31.982421875 19.53125 7.475249459177179 9.966999278902906
0 26.5625 23.2421875 8.154534433525017 10.872712578033356
0 22.65625 25.455729166666668 8.53401578009617 11.378687706794894
0 20.60546875 27.473958333333332 8.865868558553435 11.821158078071248
0 18.359375 30.794270833333332 9.386325988299376 12.515101317732501
0 16.30859375 34.70052083333333 9.963884104806219 13.28517880640829
0 14.599609375 39.51822916666667 10.633088006704314 14.177450675605751
0 5.859375 31.575520833333332 9.50464569238125 12.672860923174998
0 10.7421875 27.994791666666668 8.94951068030712 11.932680907076158
0 15.4296875 21.2890625 7.804389558437758 10.405852744583676
0 20.60546875 20.572916666666664 7.672000176987631 10.229333569316841
0 4.98046875 24.544270833333336 8.379840220792225 11.173120294389632
0 6.689453125 20.182291666666664 7.598815672600545 10.13175423013406
0 2.9296875 19.140625 7.400119417103358 9.866825889471144
0 14.453125 15.625 6.686066375795484 8.914755167727312
0 10.7421875 16.276041666666664 6.823937919616058 9.09858389282141
0 3.7109375 16.471354166666664 6.864759447755123 9.15301259700683
0 42.7734375 19.3359375 7.437779301119349 9.917039068159132
0 37.59765625 15.234375 6.60196156395994 8.802615418613254
0 56.8359375 15.8203125 6.72772451325946 8.970299351012613
0 52.9296875 16.731770833333336 6.9188135063199665 9.225084675093289
0 55.322265625 12.434895833333332 5.964605800076924 7.952807733435899
0 58.544921875 13.8671875 6.298757153488249 8.398342871317666
0 60.15625 18.424479166666664 7.2603620931215325 9.680482790828709
0 64.0625 15.8203125 6.72772451325946 8.970299351012613
0 67.138671875 23.372395833333336 8.177344364608315 10.903125819477753
0 72.75390625 22.591145833333336 8.039514082226251 10.719352109635
0 68.45703125 18.424479166666664 7.2603620931215325 9.680482790828709
0 74.658203125 24.674479166666664 8.402038511923953 11.202718015898604
0 77.44140625 18.9453125 7.3622668956389274 9.816355860851903
0 77.099609375 21.549479166666664 7.85197774064246 10.469303654189947
0 86.083984375 21.940104166666664 7.92282408798045 10.5637654506406
0 90.8203125 24.544270833333336 8.379840220792225 11.173120294389632
0 99.267578125 21.354166666666664 7.816313766397521 10.421751688530028
0 97.998046875 19.270833333333336 7.425247229367944 9.900329639157258
0 99.267578125 19.3359375 7.437779301119349 9.917039068159132
0 95.21484375 19.075520833333336 7.3875234600282 9.850031280037602
0 92.138671875 18.229166666666664 7.221777078979024 9.629036105305365
0 88.76953125 19.140625 7.400119417103358 9.866825889471144
0 85.595703125 16.276041666666664 6.823937919616058 9.09858389282141
0 92.236328125 22.786458333333336 8.074192233473482 10.765589644631309
0 82.8125 15.4296875 6.644147051109997 8.858862734813329
0 83.984375 20.442708333333336 7.647683158045451 10.196910877393934
0 81.689453125 14.84375 6.516771394062079 8.689028525416106
0 75.341796875 14.127604166666666 6.3576253222655215 8.476833763020695
0 69.287109375 12.825520833333334 6.057566296777102 8.076755062369468
0 70.654296875 17.447916666666664 7.065330140863174 9.420440187817565
0 72.55859375 13.216145833333334 6.149121606326259 8.198828808435012
0 80.859375 17.96875 7.170007400189656 9.56000986691954
0 78.90625 14.322916666666666 6.401421192444773 8.53522825659303
0 47.75390625 14.0625 6.342959500374307 8.457279333832409
0 47.0703125 13.736979166666666 6.269115778861736 8.358821038482315
0 57.666015625 11.458333333333332 5.72560517556571 7.634140234087614
0 60.986328125 15.169270833333334 6.587839704871492 8.783786273161988
0 63.427734375 11.9140625 5.838356466585996 7.784475288781327
0 66.455078125 14.0625 6.342959500374307 8.457279333832409
0 67.822265625 14.6484375 6.473755931273323 8.631674575031097
0 5.56640625 18.359375 7.247523246483103 9.663364328644137
0 11.42578125 18.033854166666664 7.182984799767957 9.577313066357275
0 8.740234375 17.96875 7.170007400189656 9.56000986691954
0 18.212890625 19.53125 7.475249459177179 9.966999278902906
0 17.529296875 15.8203125 6.72772451325946 8.970299351012613
0 15.8203125 16.861979166666664 6.945682786096826 9.260910381462436
0 19.23828125 14.518229166666666 6.444919458600731 8.593225944800976
0 20.8984375 15.169270833333334 6.587839704871492 8.783786273161988
0 22.412109375 15.234375 6.60196156395994 8.802615418613254
0 24.951171875 18.229166666666664 7.221777078979024 9.629036105305365
0 25.78125 15.0390625 6.559504779115197 8.746006372153596
0 24.658203125 12.044270833333332 5.870173358664351 7.826897811552468
0 23.14453125 13.346354166666666 6.179338602086361 8.239118136115147
0 23.92578125 13.4765625 6.209408553886659 8.279211405182211
0 24.31640625 12.434895833333332 5.964605800076924 7.952807733435899
0 26.26953125 12.955729166666666 6.088237714617921 8.117650286157229
0 27.5390625 13.151041666666666 6.133957288281793 8.178609717709058
0 28.80859375 16.341145833333336 6.837572174807153 9.116762899742872
0 32.03125 16.276041666666664 6.823937919616058 9.09858389282141
0 33.30078125 14.518229166666666 6.444919458600731 8.593225944800976
0 33.935546875 14.322916666666666 6.401421192444773 8.53522825659303
0 30.517578125 13.671875 6.254242410864013 8.338989881152017
0 35.693359375 14.518229166666666 6.444919458600731 8.593225944800976
0 39.599609375 13.020833333333334 6.103515625 8.138020833333332
0 39.013671875 15.364583333333334 6.6301150458985685 8.840153394531425
0 33.447265625 18.5546875 7.28597191547444 9.714629220632586
0 20.3125 17.252604166666664 7.025674092542321 9.367565456723094
0 46.826171875 15.169270833333334 6.587839704871492 8.783786273161988
