0 92.67578125 47.65625 11.676712933171991 15.568950577562655
0 79.00390625 68.88020833333334 14.0380859375 18.717447916666664
0 68.896484375 63.411458333333336 13.469284967476753 17.959046623302335
0 65.966796875 40.95052083333333 10.824064850444458 14.432086467259278
0 87.98828125 32.6171875 9.660151239834237 12.880201653112316
0 74.658203125 28.125 8.970299351012615 11.960399134683486
0 68.798828125 18.5546875 7.28597191547444 9.714629220632586
0 77.001953125 15.950520833333334 6.755353888299149 9.0071385177322
0 83.447265625 26.5625 8.717563999686098 11.62341866624813
0 79.58984375 20.638020833333336 7.684129829110212 10.245506438813615
0 85.64453125 17.513020833333336 7.0784994535786145 9.437999271438152
0 89.990234375 23.111979166666664 8.131660519088275 10.842214025451032
0 98.681640625 31.575520833333332 9.50464569238125 12.672860923174998
0 95.01953125 20.768229166666664 7.708331872750909 10.277775830334546
0 97.36328125 28.450520833333332 9.02206146184966 12.029415282466214
0 85.64453125 20.442708333333336 7.647683158045451 10.196910877393934
0 73.14453125 16.40625 6.8511792970714245 9.134905729428567
0 67.626953125 15.755208333333334 6.7138671875 8.951822916666668
0 62.79296875 17.7734375 7.130933499479933 9.50791133263991
0 56.8359375 19.3359375 7.437779301119349 9.917039068159132
0 83.203125 20.3125 7.62328857226367 10.164384763018226
0 91.748046875 18.75 7.32421875 9.765625
0 81.689453125 17.96875 7.170007400189656 9.56000986691954
0 92.578125 22.4609375 8.016311973000304 10.688415964000404
0 48.291015625 22.65625 8.051090062422436 10.734786749896582
0 93.84765625 24.348958333333336 8.346432086900233 11.128576115866979
0 45.21484375 34.9609375 10.001202153426476 13.334936204568635
0 44.189453125 58.268229166666664 12.911496460758165 17.21532861434422
0 56.25 76.3671875 14.78134892372111 19.708465231628146
0 29.8828125 37.63020833333333 10.3759765625 13.834635416666666
0 31.396484375 24.544270833333336 8.379840220792225 11.173120294389632
0 36.81640625 20.638020833333336 7.684129829110212 10.245506438813615
0 29.8828125 16.731770833333336 6.9188135063199665 9.225084675093289
0 42.529296875 14.973958333333334 6.545291317604741 8.727055090139656
0 22.509765625 15.169270833333334 6.587839704871492 8.783786273161988
0 21.923828125 28.580729166666668 9.042683343523592 12.056911124698123
0 8.447265625 34.83072916666667 9.982560567502519 13.310080756670025
0 6.4453125 22.981770833333336 8.108722079825698 10.811629439767596
0 17.822265625 14.0625 6.342959500374307 8.457279333832409
0 10.791015625 18.880208333333336 7.349606066157407 9.799474754876544
0 16.064453125 22.200520833333336 7.969705113037473 10.626273484049964
0 26.708984375 15.755208333333334 6.7138671875 8.951822916666668
0 32.568359375 17.1875 7.012405574387241 9.349874099182989
0 35.15625 15.299479166666666 6.61605328023645 8.821404373648601
0 41.11328125 17.317708333333336 7.038917599286375 9.385223465715166
0 46.97265625 16.080729166666664 6.782870718656271 9.043827624875028
0 38.0859375 16.2109375 6.810276368536802 9.080368491382403
0 45.21484375 15.4296875 6.644147051109997 8.858862734813329
0 36.572265625 14.84375 6.516771394062079 8.689028525416106
0 16.748046875 17.513020833333336 7.0784994535786145 9.437999271438152
0 8.88671875 19.53125 7.475249459177179 9.966999278902906
0 1.416015625 18.098958333333336 7.195938795502683 9.594585060670244
0 2.587890625 19.53125 7.475249459177179 9.966999278902906
