0 54.443359375 51.5625 12.145842738117919 16.194456984157227
0 28.759765625 35.80729166666667 10.121535615098267 13.495380820131023
0 6.15234375 44.3359375 11.262598930203817 15.016798573605088
0 22.36328125 55.143229166666664 12.560495377964282 16.74732717061904
0 51.123046875 21.09375 7.768507117527988 10.358009490037318
0 44.3359375 23.2421875 8.154534433525017 10.872712578033356
0 19.140625 21.744791666666664 7.887480458569388 10.51664061142585
0 8.0078125 25.0 8.457279333832409 11.276372445109878
0 21.875 23.697916666666664 8.234092750996119 10.978790334661493
0 28.271484375 22.591145833333336 8.039514082226251 10.719352109635
0 25.78125 33.52864583333333 9.794193442310311 13.05892458974708
0 2.587890625 60.091145833333336 13.111908605310568 17.482544807080757
0 32.8125 33.3984375 9.775157091093119 13.033542788124159
0 4.052734375 19.596354166666664 7.487697843252746 9.983597124336994
0 12.890625 17.838541666666664 7.143981879101334 9.525309172135112
0 56.15234375 69.7265625 14.124067950935224 18.832090601246964
0 48.14453125 78.58072916666666 14.99404113346954 19.992054844626054
0 6.005859375 74.67447916666666 14.616613787631893 19.48881838350919
0 39.55078125 58.268229166666664 12.911496460758165 17.21532861434422
0 27.63671875 58.463541666666664 12.93311773707098 17.244156982761304
0 20.263671875 48.4375 11.772034620352729 15.696046160470303
0 8.0078125 39.453125 10.624325674761481 14.165767566348642
0 2.685546875 29.947916666666668 9.25643975103949 12.341919668052654
0 0.9765625 51.692708333333336 12.161168728742233 16.214891638322978
0 34.66796875 42.70833333333333 11.053936936202902 14.738582581603868
0 42.529296875 36.1328125 10.167438506443897 13.556584675258529
0 45.21484375 27.669270833333332 8.897326499702912 11.863101999603883
0 59.814453125 25.846354166666668 8.59924487524742 11.465659833663226
0 25.537109375 28.450520833333332 9.02206146184966 12.029415282466214
0 20.166015625 26.627604166666668 8.728240750778255 11.637654334371007
0 10.44921875 26.171875 8.653226854710587 11.537635806280782
0 1.46484375 16.861979166666664 6.945682786096826 9.260910381462436
0 11.181640625 14.713541666666666 6.488126106405426 8.650834808540568
0 18.65234375 12.760416666666666 6.042172202521769 8.056229603362357
0 29.736328125 14.192708333333334 6.372257390692475 8.496343187589966
0 39.0625 14.388020833333334 6.415953381844678 8.554604509126236
0 50.634765625 13.736979166666666 6.269115778861736 8.358821038482315
0 59.228515625 15.0390625 6.559504779115197 8.746006372153596
0 40.771484375 20.442708333333336 7.647683158045451 10.196910877393934
0 48.6328125 41.2109375 10.85842704752026 14.477902730027015
0 36.865234375 24.348958333333336 8.346432086900233 11.128576115866979
0 19.53125 17.513020833333336 7.0784994535786145 9.437999271438152
0 1.85546875 22.591145833333336 8.039514082226251 10.719352109635
0 47.802734375 13.0859375 6.118755388111396 8.15834051748186
0 33.544921875 19.140625 7.400119417103358 9.866825889471144
0 5.6640625 34.50520833333333 9.935803586486637 13.247738115315515
