0 1.07421875 19.596354166666664 7.487697843252746 9.983597124336994
0 2.197265625 18.229166666666664 7.221777078979024 9.629036105305365
0 4.052734375 19.140625 7.400119417103358 9.866825889471144
0 6.25 22.65625 8.051090062422436 10.734786749896582
0 7.470703125 27.734375 8.907787792557633 11.877050390076842
0 8.056640625 19.010416666666664 7.37490598974278 9.833207986323707
0 6.591796875 19.466145833333336 7.462780310447684 9.950373747263578
0 8.544921875 17.317708333333336 7.038917599286375 9.385223465715166
0 10.25390625 17.903645833333336 7.157006469457137 9.542675292609516
0 13.57421875 16.861979166666664 6.945682786096826 9.260910381462436
0 12.890625 21.744791666666664 7.887480458569388 10.51664061142585
0 17.138671875 20.833333333333336 7.720404443770458 10.293872591693944
0 15.185546875 18.359375 7.247523246483103 9.663364328644137
0 19.62890625 16.861979166666664 6.945682786096826 9.260910381462436
0 11.03515625 34.44010416666667 9.926425761285763 13.235234348381017
0 23.779296875 15.299479166666666 6.61605328023645 8.821404373648601
0 26.85546875 16.40625 6.8511792970714245 9.134905729428567
0 25.146484375 17.7734375 7.130933499479933 9.50791133263991
0 22.265625 22.526041666666664 8.027921409891299 10.703895213188398
0 28.7109375 15.625 6.686066375795484 8.914755167727312
0 30.908203125 16.9921875 6.972448522214271 9.296598029619028
0 28.369140625 18.815104166666664 7.336923388776433 9.782564518368577
0 31.787109375 15.299479166666666 6.61605328023645 8.821404373648601
0 33.3984375 15.950520833333334 6.755353888299149 9.0071385177322
0 35.44921875 15.755208333333334 6.7138671875 8.951822916666668
0 36.03515625 19.140625 7.400119417103358 9.866825889471144
0 37.548828125 16.536458333333336 6.878312786611722 9.171083715482297
0 40.869140625 16.9921875 6.972448522214271 9.296598029619028
0 39.697265625 21.158854166666664 7.780486318348366 10.373981757797822
0 46.044921875 18.684895833333336 7.311492035346033 9.748656047128044
0 40.72265625 15.299479166666666 6.61605328023645 8.821404373648601
0 51.416015625 11.653645833333332 5.7741967555006415 7.698929007334189
0 45.654296875 15.299479166666666 6.61605328023645 8.821404373648601
0 43.9453125 17.447916666666664 7.065330140863174 9.420440187817565
0 49.0234375 31.0546875 9.425930915210266 12.567907886947022
0 38.232421875 32.29166666666667 9.611826018080825 12.815768024107768
0 52.001953125 24.479166666666664 8.36871899463018 11.15829199284024
0 62.744140625 24.0234375 8.290452702152177 11.053936936202902
0 54.39453125 15.494791666666666 6.658149484030587 8.877532645374115
0 55.322265625 13.932291666666666 6.313525654778199 8.418034206370931
0 57.958984375 14.713541666666666 6.488126106405426 8.650834808540568
0 59.5703125 14.713541666666666 6.488126106405426 8.650834808540568
0 61.181640625 16.9921875 6.972448522214271 9.296598029619028
0 65.380859375 22.526041666666664 8.027921409891299 10.703895213188398
0 65.283203125 15.494791666666666 6.658149484030587 8.877532645374115
0 63.916015625 14.84375 6.516771394062079 8.689028525416106
0 68.017578125 15.169270833333334 6.587839704871492 8.783786273161988
0 66.552734375 15.169270833333334 6.587839704871492 8.783786273161988
0 70.458984375 15.494791666666666 6.658149484030587 8.877532645374115
0 69.189453125 19.596354166666664 7.487697843252746 9.983597124336994
0 76.513671875 15.950520833333334 6.755353888299149 9.0071385177322
0 72.8515625 16.40625 6.8511792970714245 9.134905729428567
0 78.466796875 16.536458333333336 6.878312786611722 9.171083715482297
0 76.85546875 18.815104166666664 7.336923388776433 9.782564518368577
0 33.154296875 25.390625 8.523095729839442 11.364127639785922
0 3.271484375 50.0 11.960399134683488 15.947198846244651
0 25.390625 91.14583333333334 16.148384466946965 21.531179289262617
0 46.58203125 72.78645833333334 14.430652365157334 19.24086982020978
0 58.056640625 53.515625 12.37373958295489 16.498319443939856
0 54.98046875 42.3828125 11.01173007365034 14.682306764867118
0 78.955078125 56.315104166666664 12.693258266043348 16.924344354724465
0 84.912109375 42.83854166666667 11.070774625986973 14.761032834649296
0 71.728515625 31.966145833333332 9.56325660155786 12.751008802077147
0 86.865234375 30.143229166666668 9.286574740419274 12.382099653892366
0 79.052734375 23.2421875 8.154534433525017 10.872712578033356
0 91.9921875 28.645833333333332 9.052976668817948 12.07063555842393
0 99.0234375 24.934895833333336 8.446260072691679 11.26168009692224
0 90.52734375 19.7265625 7.512532730158185 10.01671030687758
0 83.740234375 23.697916666666664 8.234092750996119 10.978790334661493
0 81.93359375 20.182291666666664 7.598815672600545 10.13175423013406
0 84.66796875 18.098958333333336 7.195938795502683 9.594585060670244
0 82.71484375 18.229166666666664 7.221777078979024 9.629036105305365
0 87.40234375 22.0703125 7.946299173761924 10.595065565015899
0 95.1171875 21.875 7.911060422861158 10.548080563814876
0 99.12109375 33.984375 9.860531263063667 13.147375017418222
0 99.365234375 20.052083333333336 7.574263699945591 10.099018266594122
0 78.466796875 27.408854166666668 8.855357744474432 11.807143659299243
0 53.125 30.2734375 9.306610523667546 12.408814031556727
0 24.365234375 62.6953125 13.393010411066705 17.857347214755606
0 91.552734375 22.981770833333336 8.108722079825698 10.811629439767596
0 7.6171875 57.8125 12.860905460025315 17.14787394670042
0 13.330078125 57.03125 12.773711875278535 17.031615833704713
0 70.654296875 53.385416666666664 12.358677204172722 16.478236272230294
0 75.830078125 51.888020833333336 12.184121568406452 16.245495424541936
0 98.193359375 47.265625 11.628759084019562 15.505012112026082
0 96.240234375 40.234375 10.72900136184506 14.305335149126746
0 90.52734375 34.5703125 9.945172568847854 13.26023009179714
0 76.7578125 29.557291666666668 9.195873518871684 12.261164691828911
0 59.326171875 39.6484375 10.650591044076627 14.200788058768838
0 45.556640625 31.25 9.4555257475767 12.607367663435602
0 57.12890625 34.765625 9.973226707988399 13.297635610651199
0 62.646484375 37.17447916666667 10.31295486371814 13.75060648495752
0 39.94140625 30.2734375 9.306610523667546 12.408814031556727
0 25.390625 31.380208333333332 9.475204282385269 12.633605709847027
0 28.61328125 23.893229166666664 8.267954824306681 11.023939765742242
0 21.728515625 30.013020833333332 9.266495636406846 12.35532751520913
0 16.89453125 26.302083333333332 8.674725588105405 11.56630078414054
0 2.001953125 25.716145833333332 8.57755695956738 11.436742612756506
0 44.287109375 24.479166666666664 8.36871899463018 11.15829199284024
0 46.728515625 23.2421875 8.154534433525017 10.872712578033356
0 43.017578125 20.377604166666664 7.635495607419925 10.180660809893233
0 53.61328125 18.5546875 7.28597191547444 9.714629220632586
0 62.40234375 30.013020833333332 9.266495636406846 12.35532751520913
0 56.787109375 24.21875 8.324085508414218 11.098780677885625
0 59.228515625 19.596354166666664 7.487697843252746 9.983597124336994
0 68.26171875 26.7578125 8.749555167743805 11.66607355699174
0 71.728515625 24.0234375 8.290452702152177 11.053936936202902
0 75.244140625 24.479166666666664 8.36871899463018 11.15829199284024
0 94.62890625 30.013020833333332 9.266495636406846 12.35532751520913
0 97.8515625 29.231770833333332 9.145095253766906 12.193460338355873
0 27.783203125 45.8984375 11.459340426952263 15.279120569269683
0 96.484375 24.479166666666664 8.36871899463018 11.15829199284024
0 75.48828125 35.80729166666667 10.121535615098267 13.495380820131023
0 74.8046875 20.5078125 7.659851317145468 10.21313508952729
0 35.693359375 36.1328125 10.167438506443897 13.556584675258529
0 17.138671875 16.080729166666664 6.782870718656271 9.043827624875028
0 65.966796875 66.66666666666666 13.810679320049758 18.414239093399676
0 58.88671875 88.99739583333334 15.956929275392302 21.27590570052307
0 99.21875 54.166666666666664 12.448778109357384 16.598370812476514
0 55.6640625 20.377604166666664 7.635495607419925 10.180660809893233
