0 40.771484375 82.8125 15.392480728660269 20.52330763821369
0 52.392578125 66.796875 13.824159732551422 18.43221297673523
0 64.84375 56.901041666666664 12.75912167991142 17.012162239881892
0 78.564453125 54.361979166666664 12.47120162457431 16.628268832765748
0 86.376953125 61.588541666666664 13.274269513508024 17.6990260180107
0 91.845703125 50.390625 12.007028547916262 16.00937139722168
0 82.275390625 75.65104166666666 14.711878409660583 19.615837879547446
0 93.26171875 41.9921875 10.960867307170393 14.614489742893857
0 94.580078125 87.5 15.822120845722315 21.096161127629752
0 98.2421875 44.20572916666667 11.24604844524431 14.994731260325747
0 51.806640625 45.83333333333333 11.45121035113142 15.268280468175227
0 63.28125 42.83854166666667 11.070774625986973 14.761032834649296
0 98.14453125 37.890625 10.411817693623036 13.88242359149738
0 66.357421875 35.41666666666667 10.066175843793117 13.421567791724156
0 88.18359375 35.22135416666667 10.038381471800859 13.384508629067811
0 78.125 37.43489583333333 10.349014256477766 13.798685675303688
0 99.072265625 28.255208333333332 8.991039955234518 11.988053273646026
0 83.69140625 36.97916666666667 10.285827359834423 13.714436479779232
0 96.484375 25.78125 8.588407763348565 11.451210351131419
0 84.375 30.338541666666668 9.316612257369233 12.42214967649231
0 92.7734375 29.361979166666668 9.16544031840894 12.220587091211922
0 79.78515625 28.450520833333332 9.02206146184966 12.029415282466214
0 92.333984375 25.130208333333332 8.479274895904423 11.305699861205897
0 73.388671875 30.794270833333332 9.386325988299376 12.515101317732501
0 89.94140625 30.143229166666668 9.286574740419274 12.382099653892366
0 74.21875 25.911458333333332 8.610068346964042 11.480091129285388
0 89.697265625 26.692708333333332 8.738904457566134 11.651872610088178
0 66.50390625 21.940104166666664 7.92282408798045 10.5637654506406
0 98.486328125 20.052083333333336 7.574263699945591 10.099018266594122
0 71.826171875 21.028645833333336 7.756509415978292 10.342012554637723
0 97.998046875 17.838541666666664 7.143981879101334 9.525309172135112
0 70.751953125 15.494791666666666 6.658149484030587 8.877532645374115
0 95.654296875 18.489583333333336 7.273178276253042 9.697571035004056
0 72.412109375 12.955729166666666 6.088237714617921 8.117650286157229
0 83.203125 19.596354166666664 7.487697843252746 9.983597124336994
0 67.7734375 14.192708333333334 6.372257390692475 8.496343187589966
0 81.298828125 15.950520833333334 6.755353888299149 9.0071385177322
0 82.275390625 14.518229166666666 6.444919458600731 8.593225944800976
0 83.7890625 14.84375 6.516771394062079 8.689028525416106
0 81.640625 17.708333333333336 7.117861199762329 9.490481599683106
0 84.716796875 17.708333333333336 7.117861199762329 9.490481599683106
0 86.376953125 16.145833333333336 6.796587356970242 9.062116475960323
0 87.841796875 16.40625 6.8511792970714245 9.134905729428567
0 88.671875 18.489583333333336 7.273178276253042 9.697571035004056
0 92.7734375 17.513020833333336 7.0784994535786145 9.437999271438152
0 88.76953125 24.0234375 8.290452702152177 11.053936936202902
0 91.015625 22.265625 7.981382342908947 10.641843123878598
0 95.654296875 21.614583333333336 7.863829789260941 10.485106385681254
0 91.162109375 20.052083333333336 7.574263699945591 10.099018266594122
0 80.37109375 23.828125 8.256682897014576 11.008910529352768
0 76.220703125 23.2421875 8.154534433525017 10.872712578033356
0 78.466796875 20.377604166666664 7.635495607419925 10.180660809893233
0 78.80859375 12.630208333333334 6.011265748166568 8.015020997555423
0 77.734375 13.932291666666666 6.313525654778199 8.418034206370931
0 74.8046875 13.736979166666666 6.269115778861736 8.358821038482315
0 74.4140625 17.3828125 7.052136235529384 9.40284831403918
0 68.75 11.5234375 5.74184805976159 7.6557974130154545
0 69.43359375 13.606770833333334 6.2393335877260965 8.319111450301463
0 69.3359375 20.247395833333336 7.611061958825638 10.148082611767517
0 59.9609375 32.55208333333333 9.650505554713073 12.86734073961743
0 62.841796875 29.036458333333332 9.114492506755418 12.15265667567389
0 37.109375 58.59375 12.947511862546646 17.263349150062194
0 12.20703125 67.64322916666666 13.91146401372251 18.548618684963348
0 23.73046875 51.171875 12.099748291991583 16.132997722655443
0 0.634765625 57.486979166666664 12.824646844147154 17.099529125529536
0 16.357421875 42.51302083333333 11.02863220189981 14.704842935866417
0 33.88671875 41.40625 10.884127502518925 14.512170003358568
0 2.880859375 31.25 9.4555257475767 12.607367663435602
0 32.861328125 35.67708333333333 10.103116062772735 13.470821417030313
0 6.884765625 39.77864583333333 10.668065364348472 14.224087152464628
0 23.486328125 32.35677083333333 9.621510480001493 12.828680640001991
0 49.560546875 34.30989583333333 9.907643481901811 13.210191309202415
0 17.67578125 32.55208333333333 9.650505554713073 12.86734073961743
0 51.5625 27.34375 8.84483443981289 11.793112586417188
0 32.470703125 28.776041666666668 9.073528288158268 12.098037717544358
0 54.150390625 23.828125 8.256682897014576 11.008910529352768
0 38.427734375 29.231770833333332 9.145095253766906 12.193460338355873
0 52.880859375 17.513020833333336 7.0784994535786145 9.437999271438152
0 44.677734375 27.799479166666668 8.918236814088415 11.890982418784553
0 60.107421875 22.135416666666664 7.958010748538389 10.610680998051187
0 42.578125 23.567708333333336 8.211440458419013 10.948587277892017
0 60.44921875 17.838541666666664 7.143981879101334 9.525309172135112
0 27.1484375 22.265625 7.981382342908947 10.641843123878598
0 49.072265625 21.028645833333336 7.756509415978292 10.342012554637723
0 35.44921875 24.153645833333336 8.312889692307273 11.083852923076364
0 49.90234375 16.6015625 6.891839471823862 9.189119295765149
0 21.240234375 25.130208333333332 8.479274895904423 11.305699861205897
0 9.86328125 28.580729166666668 9.042683343523592 12.056911124698123
0 5.810546875 24.934895833333336 8.446260072691679 11.26168009692224
0 50.830078125 13.606770833333334 6.2393335877260965 8.319111450301463
0 57.373046875 12.5 5.980199567341744 7.973599423122326
0 60.546875 11.067708333333332 5.627163365046928 7.502884486729237
0 59.130859375 14.518229166666666 6.444919458600731 8.593225944800976
0 62.20703125 15.625 6.686066375795484 8.914755167727312
0 65.33203125 14.713541666666666 6.488126106405426 8.650834808540568
0 65.52734375 12.630208333333334 6.011265748166568 8.015020997555423
0 48.388671875 15.494791666666666 6.658149484030587 8.877532645374115
0 46.826171875 14.0625 6.342959500374307 8.457279333832409
0 44.921875 13.606770833333334 6.2393335877260965 8.319111450301463
0 43.017578125 13.736979166666666 6.269115778861736 8.358821038482315
0 41.943359375 14.713541666666666 6.488126106405426 8.650834808540568
0 40.771484375 14.0625 6.342959500374307 8.457279333832409
0 39.2578125 14.713541666666666 6.488126106405426 8.650834808540568
0 37.939453125 14.388020833333334 6.415953381844678 8.554604509126236
0 36.62109375 17.057291666666664 6.985792933508055 9.31439057801074
0 41.943359375 19.140625 7.400119417103358 9.866825889471144
0 35.44921875 14.0625 6.342959500374307 8.457279333832409
0 33.88671875 16.276041666666664 6.823937919616058 9.09858389282141
0 32.861328125 14.84375 6.516771394062079 8.689028525416106
0 32.470703125 12.955729166666666 6.088237714617921 8.117650286157229
0 31.0546875 13.28125 6.16424861960576 8.218998159474348
0 29.98046875 14.518229166666666 6.444919458600731 8.593225944800976
0 25.9765625 12.825520833333334 6.057566296777102 8.076755062369468
0 27.63671875 14.388020833333334 6.415953381844678 8.554604509126236
0 26.66015625 17.1875 7.012405574387241 9.349874099182989
0 30.712890625 19.401041666666664 7.450290292806215 9.933720390408286
0 24.21875 15.299479166666666 6.61605328023645 8.821404373648601
0 21.728515625 15.8203125 6.72772451325946 8.970299351012613
0 55.224609375 13.932291666666666 6.313525654778199 8.418034206370931
0 56.884765625 15.494791666666666 6.658149484030587 8.877532645374115
0 58.88671875 17.3828125 7.052136235529384 9.40284831403918
0 85.693359375 20.703125 7.6962403643301345 10.261653819106845
0 42.08984375 17.1875 7.012405574387241 9.349874099182989
0 44.43359375 16.145833333333336 6.796587356970242 9.062116475960323
0 0.830078125 17.1875 7.012405574387241 9.349874099182989
0 2.734375 18.294270833333336 7.234661615679748 9.646215487572997
0 4.78515625 15.950520833333334 6.755353888299149 9.0071385177322
0 5.46875 18.9453125 7.3622668956389274 9.816355860851903
0 10.546875 17.1875 7.012405574387241 9.349874099182989
0 12.353515625 14.713541666666666 6.488126106405426 8.650834808540568
0 14.013671875 15.8203125 6.72772451325946 8.970299351012613
0 15.673828125 17.708333333333336 7.117861199762329 9.490481599683106
0 18.75 17.1875 7.012405574387241 9.349874099182989
0 19.23828125 12.3046875 5.933295317145868 7.911060422861158
0 11.279296875 22.135416666666664 7.958010748538389 10.610680998051187
0 15.91796875 23.828125 8.256682897014576 11.008910529352768
0 19.921875 20.377604166666664 7.635495607419925 10.180660809893233
0 1.904296875 28.776041666666668 9.073528288158268 12.098037717544358
0 86.5234375 66.53645833333334 13.79718573664223 18.39624764885631
0 91.6015625 55.2734375 12.575316026633615 16.767088035511488
0 79.541015625 40.75520833333333 10.79822144345345 14.397628591271266
0 74.21875 34.11458333333333 9.87940311049722 13.17253748066296
0 72.55859375 33.984375 9.860531263063667 13.147375017418222
0 93.26171875 32.09635416666667 9.58271390875707 12.77695187834276
0 60.3515625 25.78125 8.588407763348565 11.451210351131419
0 67.919921875 24.479166666666664 8.36871899463018 11.15829199284024
0 66.162109375 24.8046875 8.424178309229896 11.23223774563986
0 63.18359375 31.901041666666668 9.55351308746248 12.738017449949975
0 58.88671875 36.5234375 10.22224989284926 13.629666523799013
0 65.4296875 62.239583333333336 13.344245061691556 17.792326748922076
0 51.904296875 51.041666666666664 12.084344405043538 16.112459206724715
0 49.90234375 50.846354166666664 12.061201687847598 16.081602250463465
0 48.73046875 23.567708333333336 8.211440458419013 10.948587277892017
0 51.904296875 29.8828125 9.24637292940864 12.32849723921152
0 27.63671875 25.130208333333332 8.479274895904423 11.305699861205897
0 21.337890625 27.473958333333332 8.865868558553435 11.821158078071248
0 2.978515625 26.041666666666668 8.631674575031099 11.508899433374797
0 1.46484375 62.239583333333336 13.344245061691556 17.792326748922076
