0 46.58203125 88.4765625 15.91016894255014 21.213558590066853
0 53.02734375 63.151041666666664 13.441598843716577 17.9221317916221
0 40.771484375 56.770833333333336 12.74451478138495 16.992686375179932
0 23.974609375 57.682291666666664 12.846414294341546 17.128552392455397
0 4.8828125 74.47916666666666 14.597486258668699 19.463315011558265
0 2.880859375 57.2265625 12.795565974875872 17.06075463316783
0 8.30078125 49.86979166666667 11.944815546130936 15.92642072817458
0 13.76953125 43.22916666666667 11.121134740166381 14.828179653555177
0 21.77734375 46.35416666666667 11.516090249092533 15.354786998790045
0 22.216796875 37.63020833333333 10.3759765625 13.834635416666666
0 4.98046875 39.2578125 10.597995211294762 14.130660281726351
0 10.64453125 34.11458333333333 9.87940311049722 13.17253748066296
0 8.447265625 29.752604166666668 9.22620633412535 12.301608445500468
0 41.11328125 46.54947916666667 11.54032617260073 15.38710156346764
0 47.705078125 41.2109375 10.85842704752026 14.477902730027015
0 39.55078125 36.39322916666667 10.204012144348443 13.605349525797925
0 60.498046875 44.40104166666667 11.270865058971795 15.027820078629059
0 62.744140625 53.515625 12.37373958295489 16.498319443939856
0 76.220703125 51.822916666666664 12.176475429235841 16.235300572314458
0 92.822265625 55.859375 12.641793931401354 16.855725241868473
0 88.037109375 43.22916666666667 11.121134740166381 14.828179653555177
0 4.8828125 26.692708333333332 8.738904457566134 11.651872610088178
0 1.5625 21.419270833333336 7.828219811023351 10.437626414697803
0 6.25 20.768229166666664 7.708331872750909 10.277775830334546
0 4.8828125 23.177083333333336 8.143105507889608 10.857474010519478
0 2.63671875 19.466145833333336 7.462780310447684 9.950373747263578
0 0.390625 19.856770833333336 7.537285788103314 10.049714384137753
0 12.255859375 23.567708333333336 8.211440458419013 10.948587277892017
0 10.107421875 21.354166666666664 7.816313766397521 10.421751688530028
0 8.88671875 18.424479166666664 7.2603620931215325 9.680482790828709
0 13.0859375 17.057291666666664 6.985792933508055 9.31439057801074
0 9.033203125 19.921875 7.549631882844837 10.066175843793117
0 11.1328125 18.880208333333336 7.349606066157407 9.799474754876544
0 20.703125 23.4375 8.188725503539269 10.918300671385692
0 17.138671875 19.466145833333336 7.462780310447684 9.950373747263578
0 15.52734375 21.419270833333336 7.828219811023351 10.437626414697803
0 19.43359375 17.708333333333336 7.117861199762329 9.490481599683106
0 17.431640625 14.84375 6.516771394062079 8.689028525416106
0 21.77734375 19.205729166666664 7.412693970636669 9.883591960848893
0 24.12109375 19.856770833333336 7.537285788103314 10.049714384137753
0 22.4609375 16.796875 6.932261164306974 9.243014885742634
0 28.369140625 28.645833333333332 9.052976668817948 12.07063555842393
0 21.77734375 33.07291666666667 9.727403229070575 12.9698709720941
0 20.556640625 29.296875 9.1552734375 12.20703125
0 26.07421875 26.041666666666668 8.631674575031099 11.508899433374797
0 31.4453125 24.0234375 8.290452702152177 11.053936936202902
0 27.685546875 22.200520833333336 7.969705113037473 10.626273484049964
0 26.025390625 20.638020833333336 7.684129829110212 10.245506438813615
0 27.099609375 17.96875 7.170007400189656 9.56000986691954
0 29.98046875 18.684895833333336 7.311492035346033 9.748656047128044
0 24.8046875 17.447916666666664 7.065330140863174 9.420440187817565
0 28.3203125 17.513020833333336 7.0784994535786145 9.437999271438152
0 30.517578125 16.471354166666664 6.864759447755123 9.15301259700683
0 34.375 19.661458333333336 7.500125566067204 10.00016742142294
0 37.98828125 27.1484375 8.81318913463968 11.750918846186241
0 40.0390625 22.395833333333336 8.00468569861084 10.672914264814453
0 38.0859375 20.377604166666664 7.635495607419925 10.180660809893233
0 47.314453125 24.869791666666664 8.435226416678011 11.246968555570682
0 45.166015625 32.8125 9.689030680168178 12.918707573557572
0 50.146484375 33.13802083333333 9.736972737758677 12.982630317011571
0 50.390625 29.036458333333332 9.114492506755418 12.15265667567389
0 50.78125 21.09375 7.768507117527988 10.358009490037318
0 46.240234375 20.377604166666664 7.635495607419925 10.180660809893233
0 43.798828125 17.643229166666664 7.104764847914316 9.473019797219088
0 38.525390625 17.317708333333336 7.038917599286375 9.385223465715166
0 32.861328125 17.252604166666664 7.025674092542321 9.367565456723094
0 42.236328125 16.6015625 6.891839471823862 9.189119295765149
0 45.751953125 18.033854166666664 7.182984799767957 9.577313066357275
0 51.123046875 11.848958333333332 5.8223828211483495 7.763177094864466
0 56.982421875 25.325520833333332 8.512161670520847 11.349548894027794
0 56.4453125 21.2890625 7.804389558437758 10.405852744583676
0 59.9609375 21.940104166666664 7.92282408798045 10.5637654506406
0 60.986328125 17.513020833333336 7.0784994535786145 9.437999271438152
0 59.716796875 33.3984375 9.775157091093119 13.033542788124159
0 66.11328125 30.338541666666668 9.316612257369233 12.42214967649231
0 70.458984375 42.05729166666667 10.969360812751116 14.62581441700149
0 73.583984375 37.109375 10.30392029793343 13.738560397244573
0 75.390625 31.184895833333332 9.445671106287941 12.594228141717254
0 65.13671875 26.497395833333332 8.706874156303165 11.609165541737553
0 65.283203125 22.200520833333336 7.969705113037473 10.626273484049964
0 64.501953125 18.1640625 7.208869513560617 9.611826018080823
0 66.9921875 16.796875 6.932261164306974 9.243014885742634
0 70.947265625 18.880208333333336 7.349606066157407 9.799474754876544
0 70.80078125 25.260416666666668 8.501213548086012 11.334951397448016
0 76.025390625 25.455729166666668 8.53401578009617 11.378687706794894
0 78.90625 27.734375 8.907787792557633 11.877050390076842
0 80.56640625 23.958333333333336 8.279211405182211 11.038948540242949
0 79.1015625 45.3125 11.385960758165057 15.181281010886744
0 94.3359375 39.90885416666667 10.685511108405517 14.24734814454069
0 85.546875 38.28125 10.46534924284805 13.953798990464069
0 86.62109375 33.3984375 9.775157091093119 13.033542788124159
0 90.625 33.65885416666667 9.813192865486773 13.084257153982362
0 87.3046875 28.450520833333332 9.02206146184966 12.029415282466214
0 90.478515625 28.450520833333332 9.02206146184966 12.029415282466214
0 75.1953125 17.252604166666664 7.025674092542321 9.367565456723094
0 80.126953125 21.09375 7.768507117527988 10.358009490037318
0 80.17578125 18.1640625 7.208869513560617 9.611826018080823
0 73.046875 16.927083333333336 6.959078522333606 9.278771363111476
0 83.544921875 23.893229166666664 8.267954824306681 11.023939765742242
0 84.619140625 21.223958333333336 7.792447103762027 10.389929471682702
0 87.20703125 23.177083333333336 8.143105507889608 10.857474010519478
0 91.162109375 24.544270833333336 8.379840220792225 11.173120294389632
0 99.462890625 36.84895833333333 10.267702539831983 13.690270053109312
0 98.583984375 33.33333333333333 9.765625 13.020833333333334
0 98.92578125 25.911458333333332 8.610068346964042 11.480091129285388
0 94.23828125 26.302083333333332 8.674725588105405 11.56630078414054
0 97.0703125 21.419270833333336 7.828219811023351 10.437626414697803
0 93.84765625 21.028645833333336 7.756509415978292 10.342012554637723
0 95.751953125 21.940104166666664 7.92282408798045 10.5637654506406
0 81.4453125 18.815104166666664 7.336923388776433 9.782564518368577
0 56.103515625 15.625 6.686066375795484 8.914755167727312
