0 80.17578125 63.151041666666664 13.441598843716577 17.9221317916221
0 87.841796875 53.125 12.32849723921152 16.437996318948695
0 89.892578125 42.64322916666667 11.045508466097326 14.7273446214631
0 94.580078125 30.924479166666668 9.406149296522488 12.541532395363317
0 88.623046875 25.390625 8.523095729839442 11.364127639785922
0 86.23046875 24.8046875 8.424178309229896 11.23223774563986
0 88.8671875 20.377604166666664 7.635495607419925 10.180660809893233
0 93.896484375 20.247395833333336 7.611061958825638 10.148082611767517
0 85.205078125 16.40625 6.8511792970714245 9.134905729428567
0 76.26953125 27.994791666666668 8.94951068030712 11.932680907076158
0 79.58984375 24.348958333333336 8.346432086900233 11.128576115866979
0 78.7109375 21.614583333333336 7.863829789260941 10.485106385681254
0 80.615234375 18.5546875 7.28597191547444 9.714629220632586
0 76.611328125 16.40625 6.8511792970714245 9.134905729428567
0 78.369140625 16.731770833333336 6.9188135063199665 9.225084675093289
0 70.703125 21.614583333333336 7.863829789260941 10.485106385681254
0 69.23828125 31.0546875 9.425930915210266 12.567907886947022
0 63.96484375 40.49479166666667 10.763667046233154 14.351556061644205
0 57.8125 40.49479166666667 10.763667046233154 14.351556061644205
0 56.201171875 31.0546875 9.425930915210266 12.567907886947022
0 56.787109375 23.763020833333336 8.245395560367612 10.993860747156816
0 64.74609375 26.497395833333332 8.706874156303165 11.609165541737553
0 67.28515625 25.716145833333332 8.57755695956738 11.436742612756506
0 64.306640625 21.484375 7.840107775064166 10.453477033418888
0 69.43359375 15.0390625 6.559504779115197 8.746006372153596
0 63.720703125 15.364583333333334 6.6301150458985685 8.840153394531425
0 73.779296875 15.0390625 6.559504779115197 8.746006372153596
0 77.5390625 20.247395833333336 7.611061958825638 10.148082611767517
0 41.357421875 39.2578125 10.597995211294762 14.130660281726351
0 3.22265625 38.4765625 10.492012596234792 13.989350128313058
0 11.474609375 31.380208333333332 9.475204282385269 12.633605709847027
0 4.58984375 23.111979166666664 8.131660519088275 10.842214025451032
0 1.07421875 17.3828125 7.052136235529384 9.40284831403918
0 1.26953125 21.614583333333336 7.863829789260941 10.485106385681254
0 8.0078125 18.880208333333336 7.349606066157407 9.799474754876544
0 9.27734375 21.940104166666664 7.92282408798045 10.5637654506406
0 20.263671875 26.497395833333332 8.706874156303165 11.609165541737553
0 17.724609375 19.010416666666664 7.37490598974278 9.833207986323707
0 10.546875 16.40625 6.8511792970714245 9.134905729428567
0 11.9140625 17.96875 7.170007400189656 9.56000986691954
0 12.939453125 17.3828125 7.052136235529384 9.40284831403918
0 16.69921875 15.0390625 6.559504779115197 8.746006372153596
0 19.775390625 19.205729166666664 7.412693970636669 9.883591960848893
0 21.826171875 15.494791666666666 6.658149484030587 8.877532645374115
0 27.685546875 15.950520833333334 6.755353888299149 9.0071385177322
0 24.365234375 16.145833333333336 6.796587356970242 9.062116475960323
0 25.830078125 15.364583333333334 6.6301150458985685 8.840153394531425
0 29.4921875 21.614583333333336 7.863829789260941 10.485106385681254
0 33.837890625 20.703125 7.6962403643301345 10.261653819106845
0 40.91796875 27.864583333333332 8.928673607377803 11.904898143170405
0 29.931640625 15.234375 6.60196156395994 8.802615418613254
0 31.884765625 15.690104166666666 6.699981201202437 8.933308268269917
0 35.107421875 16.40625 6.8511792970714245 9.134905729428567
0 37.01171875 19.205729166666664 7.412693970636669 9.883591960848893
0 37.255859375 15.0390625 6.559504779115197 8.746006372153596
0 41.6015625 15.494791666666666 6.658149484030587 8.877532645374115
0 43.1640625 15.690104166666666 6.699981201202437 8.933308268269917
0 44.775390625 16.40625 6.8511792970714245 9.134905729428567
0 47.16796875 15.0390625 6.559504779115197 8.746006372153596
0 48.095703125 19.661458333333336 7.500125566067204 10.00016742142294
0 45.947265625 21.744791666666664 7.887480458569388 10.51664061142585
0 49.90234375 17.1875 7.012405574387241 9.349874099182989
0 53.369140625 17.057291666666664 6.985792933508055 9.31439057801074
0 54.248046875 13.216145833333334 6.149121606326259 8.198828808435012
0 55.17578125 19.3359375 7.437779301119349 9.917039068159132
0 58.251953125 19.3359375 7.437779301119349 9.917039068159132
0 57.666015625 14.778645833333334 6.502464524127966 8.669952698837287
0 59.521484375 14.127604166666666 6.3576253222655215 8.476833763020695
0 61.23046875 14.583333333333334 6.459353786778786 8.612471715705048
0 67.28515625 14.583333333333334 6.459353786778786 8.612471715705048
0 83.59375 18.098958333333336 7.195938795502683 9.594585060670244
0 93.310546875 23.111979166666664 8.131660519088275 10.842214025451032
0 111.474609375 63.346354166666664 13.462368774482897 17.94982503264386
