0 96.630859375 21.09375 7.768507117527988 10.358009490037318
0 94.53125 20.572916666666664 7.672000176987631 10.229333569316841
0 69.580078125 22.0703125 7.946299173761924 10.595065565015899
0 95.80078125 28.515625 9.03237828793258 12.043171050576774
0 53.369140625 22.786458333333336 8.074192233473482 10.765589644631309
0 58.544921875 14.908854166666666 6.531046923532928 8.708062564710572
0 77.44140625 21.549479166666664 7.85197774064246 10.469303654189947
0 66.2109375 19.791666666666664 7.524919437217989 10.033225916290652
0 76.66015625 18.1640625 7.208869513560617 9.611826018080823
0 68.115234375 15.690104166666666 6.699981201202437 8.933308268269917
0 61.328125 14.2578125 6.386855937639267 8.515807916852356
0 43.45703125 15.885416666666666 6.741553355216833 8.988737806955777
0 19.04296875 14.2578125 6.386855937639267 8.515807916852356
0 31.15234375 16.40625 6.8511792970714245 9.134905729428567
0 24.267578125 16.666666666666664 6.905339660024879 9.207119546699838
0 34.08203125 16.40625 6.8511792970714245 9.134905729428567
0 21.630859375 16.015625 6.7691262856502785 9.025501714200372
0 71.19140625 15.0390625 6.559504779115197 8.746006372153596
0 90.91796875 18.1640625 7.208869513560617 9.611826018080823
0 85.986328125 17.3828125 7.052136235529384 9.40284831403918
0 81.689453125 16.731770833333336 6.9188135063199665 9.225084675093289
0 77.099609375 15.755208333333334 6.7138671875 8.951822916666668
0 55.322265625 14.908854166666666 6.531046923532928 8.708062564710572
0 66.2109375 15.559895833333334 6.672122530845778 8.896163374461038
0 75.29296875 14.388020833333334 6.415953381844678 8.554604509126236
0 80.029296875 18.1640625 7.208869513560617 9.611826018080823
0 94.43359375 18.619791666666664 7.298743129334349 9.731657505779133
0 45.849609375 14.453125 6.430452730012657 8.57393697335021
0 82.71484375 17.1875 7.012405574387241 9.349874099182989
0 39.453125 16.861979166666664 6.945682786096826 9.260910381462436
0 64.013671875 14.713541666666666 6.488126106405426 8.650834808540568
