0 78.80859375 66.86197916666666 13.830895011748852 18.44119334899847
0 40.13671875 72.13541666666666 14.365969599535914 19.15462613271455
0 67.919921875 59.700520833333336 13.069221866066808 17.425629154755743
0 86.5234375 33.26822916666667 9.756083595670033 13.008111460893376
0 71.533203125 33.26822916666667 9.756083595670033 13.008111460893376
0 37.01171875 28.580729166666668 9.042683343523592 12.056911124698123
0 9.08203125 29.622395833333332 9.205995562132786 12.274660749510382
0 21.044921875 17.7734375 7.130933499479933 9.50791133263991
0 41.11328125 21.809895833333336 7.8992792392241125 10.532372318965482
0 53.61328125 25.130208333333332 8.479274895904423 11.305699861205897
0 64.55078125 26.7578125 8.749555167743805 11.66607355699174
0 84.375 26.236979166666668 8.66398288975732 11.551977186343091
0 93.75 24.088541666666664 8.301678777304348 11.068905036405797
0 96.97265625 34.04947916666667 9.869971697263324 13.159962263017766
0 84.375 19.140625 7.400119417103358 9.866825889471144
0 70.947265625 19.791666666666664 7.524919437217989 10.033225916290652
0 58.69140625 19.466145833333336 7.462780310447684 9.950373747263578
0 47.216796875 20.1171875 7.586549618320344 10.115399491093791
0 36.376953125 16.471354166666664 6.864759447755123 9.15301259700683
0 8.59375 18.098958333333336 7.195938795502683 9.594585060670244
0 2.34375 20.442708333333336 7.647683158045451 10.196910877393934
0 17.67578125 14.778645833333334 6.502464524127966 8.669952698837287
0 27.685546875 16.276041666666664 6.823937919616058 9.09858389282141
0 44.970703125 14.973958333333334 6.545291317604741 8.727055090139656
0 53.466796875 15.104166666666666 6.573687508709111 8.764916678278816
0 61.71875 12.825520833333334 6.057566296777102 8.076755062369468
0 66.943359375 14.453125 6.430452730012657 8.57393697335021
0 76.416015625 18.294270833333336 7.234661615679748 9.646215487572997
0 38.8671875 36.39322916666667 10.204012144348443 13.605349525797925
0 44.384765625 34.89583333333333 9.991885707852113 13.322514277136149
0 89.892578125 53.190104166666664 12.336049152470542 16.44806553662739
0 87.890625 23.4375 8.188725503539269 10.918300671385692
0 78.80859375 22.4609375 8.016311973000304 10.688415964000404
0 12.3046875 19.140625 7.400119417103358 9.866825889471144
0 24.8046875 15.104166666666666 6.573687508709111 8.764916678278816
0 99.853515625 27.083333333333332 8.802615418613255 11.736820558151006
