0 64.94140625 31.4453125 9.485028239697298 12.646704319596397
0 60.498046875 35.22135416666667 10.038381471800859 13.384508629067811
0 66.455078125 60.286458333333336 13.133199945892343 17.51093326118979
0 50.146484375 50.325520833333336 11.999269562583924 15.99902608344523
0 46.728515625 35.87239583333333 10.130732832457173 13.507643776609566
0 33.740234375 41.6015625 10.909767414379564 14.546356552506085
0 24.31640625 50.0 11.960399134683488 15.947198846244651
0 13.623046875 40.49479166666667 10.763667046233154 14.351556061644205
0 3.857421875 38.28125 10.46534924284805 13.953798990464069
0 0.634765625 57.942708333333336 12.875380315996695 17.16717375466226
0 4.19921875 72.8515625 14.437104702776942 19.249472937035925
0 35.05859375 66.53645833333334 13.79718573664223 18.39624764885631
0 85.25390625 61.1328125 13.225066333020294 17.633421777360393
0 95.41015625 80.79427083333334 15.203758187354921 20.271677583139894
0 77.5390625 52.994791666666664 12.313379517719735 16.41783935695965
0 91.015625 52.408854166666664 12.245118803551563 16.32682507140208
0 93.017578125 40.625 10.780958088779109 14.374610785038813
0 98.486328125 42.05729166666667 10.969360812751116 14.62581441700149
0 87.548828125 35.546875 10.084662867345157 13.44621715646021
0 89.306640625 27.473958333333332 8.865868558553435 11.821158078071248
0 80.17578125 24.283854166666664 8.33526628646708 11.113688381956106
0 74.21875 33.33333333333333 9.765625 13.020833333333334
0 79.78515625 38.0859375 10.438617783500408 13.918157044667211
0 62.548828125 29.817708333333332 9.236295135755345 12.315060181007127
0 50.29296875 27.473958333333332 8.865868558553435 11.821158078071248
0 44.82421875 32.87760416666667 9.698638050580264 12.931517400773687
0 31.25 33.46354166666667 9.784679896167846 13.046239861557126
0 21.09375 26.171875 8.653226854710587 11.537635806280782
0 37.158203125 25.5859375 8.555814067917595 11.407752090556793
0 27.5390625 22.721354166666664 8.062649422377262 10.75019922983635
0 8.59375 28.7109375 9.063258303782652 12.084344405043536
