0 62.40234375 52.473958333333336 12.25272210686324 16.336962809150986
0 83.88671875 41.796875 10.935347208965403 14.580462945287206
0 98.828125 39.19270833333333 10.589203840879804 14.118938454506406
0 93.84765625 33.203125 9.746532850751532 12.995377134335376
0 91.50390625 25.911458333333332 8.610068346964042 11.480091129285388
0 98.73046875 24.544270833333336 8.379840220792225 11.173120294389632
0 99.072265625 31.4453125 9.485028239697298 12.646704319596397
0 77.1484375 33.65885416666667 9.813192865486773 13.084257153982362
0 57.373046875 32.94270833333333 9.708235913444133 12.944314551258843
0 55.712890625 24.153645833333336 8.312889692307273 11.083852923076364
0 70.60546875 26.106770833333332 8.642457433170346 11.52327657756046
0 85.693359375 25.911458333333332 8.610068346964042 11.480091129285388
0 96.77734375 20.052083333333336 7.574263699945591 10.099018266594122
0 90.8203125 21.419270833333336 7.828219811023351 10.437626414697803
0 78.22265625 22.65625 8.051090062422436 10.734786749896582
0 82.373046875 19.921875 7.549631882844837 10.066175843793117
0 92.08984375 20.3125 7.62328857226367 10.164384763018226
0 89.990234375 16.341145833333336 6.837572174807153 9.116762899742872
0 73.2421875 19.466145833333336 7.462780310447684 9.950373747263578
0 64.013671875 21.744791666666664 7.887480458569388 10.51664061142585
0 32.8125 28.190104166666668 8.980675640601907 11.974234187469209
0 19.970703125 44.79166666666667 11.320335077509403 15.093780103345871
0 11.23046875 43.88020833333333 11.2045652775182 14.939420370024267
0 9.423828125 29.296875 9.1552734375 12.20703125
0 1.85546875 26.3671875 8.685454999241765 11.580606665655687
0 30.17578125 21.354166666666664 7.816313766397521 10.421751688530028
0 4.1015625 21.549479166666664 7.85197774064246 10.469303654189947
0 21.044921875 18.815104166666664 7.336923388776433 9.782564518368577
0 14.0625 19.010416666666664 7.37490598974278 9.833207986323707
0 0.78125 18.033854166666664 7.182984799767957 9.577313066357275
0 6.689453125 16.536458333333336 6.878312786611722 9.171083715482297
0 27.734375 18.033854166666664 7.182984799767957 9.577313066357275
0 33.7890625 18.5546875 7.28597191547444 9.714629220632586
0 39.892578125 17.122395833333336 6.9991119025755095 9.332149203434014
0 46.19140625 19.205729166666664 7.412693970636669 9.883591960848893
0 50.048828125 17.447916666666664 7.065330140863174 9.420440187817565
0 60.44921875 17.708333333333336 7.117861199762329 9.490481599683106
0 65.380859375 17.903645833333336 7.157006469457137 9.542675292609516
0 79.8828125 17.708333333333336 7.117861199762329 9.490481599683106
0 98.828125 18.9453125 7.3622668956389274 9.816355860851903
0 69.43359375 15.494791666666666 6.658149484030587 8.877532645374115
0 44.140625 14.127604166666666 6.3576253222655215 8.476833763020695
0 71.044921875 16.341145833333336 6.837572174807153 9.116762899742872
0 56.591796875 13.0859375 6.118755388111396 8.15834051748186
0 67.431640625 14.518229166666666 6.444919458600731 8.593225944800976
0 41.943359375 14.322916666666666 6.401421192444773 8.53522825659303
0 59.47265625 13.216145833333334 6.149121606326259 8.198828808435012
0 30.615234375 14.778645833333334 6.502464524127966 8.669952698837287
0 37.79296875 14.583333333333334 6.459353786778786 8.612471715705048
0 17.48046875 18.033854166666664 7.182984799767957 9.577313066357275
0 26.5625 14.322916666666666 6.401421192444773 8.53522825659303
0 10.44921875 16.40625 6.8511792970714245 9.134905729428567
0 22.412109375 15.234375 6.60196156395994 8.802615418613254
0 46.240234375 13.671875 6.254242410864013 8.338989881152017
0 32.91015625 14.127604166666666 6.3576253222655215 8.476833763020695
0 51.611328125 13.802083333333334 6.283953943473511 8.378605257964681
0 75.87890625 14.973958333333334 6.545291317604741 8.727055090139656
0 16.259765625 14.908854166666666 6.531046923532928 8.708062564710572
0 49.951171875 13.216145833333334 6.149121606326259 8.198828808435012
0 19.287109375 13.4765625 6.209408553886659 8.279211405182211
0 24.8046875 14.518229166666666 6.444919458600731 8.593225944800976
0 36.572265625 14.518229166666666 6.444919458600731 8.593225944800976
0 53.22265625 11.979166666666668 5.854286527481347 7.805715369975129
0 87.890625 15.625 6.686066375795484 8.914755167727312
0 8.349609375 16.2109375 6.810276368536802 9.080368491382403
0 13.8671875 14.583333333333334 6.459353786778786 8.612471715705048
0 35.44921875 14.973958333333334 6.545291317604741 8.727055090139656
0 40.771484375 13.671875 6.254242410864013 8.338989881152017
0 54.638671875 12.760416666666666 6.042172202521769 8.056229603362357
0 63.76953125 14.518229166666666 6.444919458600731 8.593225944800976
0 61.1328125 11.393229166666668 5.7093160808928545 7.612421441190473
0 68.5546875 11.979166666666668 5.854286527481347 7.805715369975129
0 77.734375 13.997395833333334 6.328259690346595 8.437679587128793
0 70.1171875 12.3046875 5.933295317145868 7.911060422861158
0 34.912109375 12.760416666666666 6.042172202521769 8.056229603362357
0 28.90625 14.518229166666666 6.444919458600731 8.593225944800976
0 64.599609375 12.5 5.980199567341744 7.973599423122326
0 72.998046875 13.997395833333334 6.328259690346595 8.437679587128793
0 63.4765625 11.783854166666668 5.806365231457656 7.741820308610207
0 74.4140625 14.127604166666666 6.3576253222655215 8.476833763020695
0 3.076171875 15.885416666666666 6.741553355216833 8.988737806955777
