0 93.84765625 55.6640625 12.619673540121662 16.826231386828884
0 65.185546875 64.58333333333334 13.593174713940485 18.124232951920646
0 89.111328125 64.58333333333334 13.593174713940485 18.124232951920646
0 81.103515625 65.29947916666666 13.668332322118342 18.224443096157792
0 75.048828125 50.390625 12.007028547916262 16.00937139722168
0 83.3984375 44.07552083333333 11.229473567489073 14.972631423318763
0 79.58984375 45.57291666666667 11.418632161785709 15.224842882380946
0 56.0546875 82.03125 15.319702634290936 20.42627017905458
0 50.732421875 50.390625 12.007028547916262 16.00937139722168
0 55.46875 45.05208333333333 11.353195335533615 15.137593780711486
0 47.900390625 38.21614583333333 10.456446349494515 13.941928465992687
0 62.3046875 33.65885416666667 9.813192865486773 13.084257153982362
0 66.69921875 32.68229166666667 9.669787303317175 12.893049737756234
0 76.3671875 32.94270833333333 9.708235913444133 12.944314551258843
0 48.4375 32.94270833333333 9.708235913444133 12.944314551258843
0 87.40234375 36.19791666666667 10.17659423860661 13.568792318142146
0 97.802734375 48.6328125 11.795744683891412 15.727659578521882
0 54.931640625 60.7421875 13.18274601224071 17.57699468298761
0 42.7734375 84.83072916666666 15.57891725842312 20.77188967789749
0 39.55078125 53.190104166666664 12.336049152470542 16.44806553662739
0 43.505859375 31.640625 9.51443925056146 12.685919000748614
0 64.404296875 41.27604166666667 10.867000619363317 14.489334159151088
0 81.689453125 36.97916666666667 10.285827359834423 13.714436479779232
0 83.0078125 85.09114583333334 15.602811317339132 20.803748423118844
0 90.4296875 32.421875 9.631185203893738 12.84158027185832
