0 0.5859375 19.140625 7.400119417103358 9.866825889471144
0 1.46484375 20.963541666666664 7.7444931277157725 10.325990836954363
0 0.87890625 22.721354166666664 8.062649422377262 10.75019922983635
0 2.783203125 19.661458333333336 7.500125566067204 10.00016742142294
0 3.271484375 18.489583333333336 7.273178276253042 9.697571035004056
0 4.638671875 18.75 7.32421875 9.765625
0 3.662109375 21.09375 7.768507117527988 10.358009490037318
0 5.56640625 21.419270833333336 7.828219811023351 10.437626414697803
0 4.19921875 23.111979166666664 8.131660519088275 10.842214025451032
0 10.05859375 18.098958333333336 7.195938795502683 9.594585060670244
0 9.130859375 19.661458333333336 7.500125566067204 10.00016742142294
0 9.9609375 21.2890625 7.804389558437758 10.405852744583676
0 11.279296875 21.809895833333336 7.8992792392241125 10.532372318965482
0 6.201171875 27.278645833333332 8.83429859993294 11.779064799910586
0 11.181640625 26.822916666666668 8.760192928715409 11.680257238287211
0 8.984375 32.6171875 9.660151239834237 12.880201653112316
0 11.962890625 32.87760416666667 9.698638050580264 12.931517400773687
0 2.392578125 57.161458333333336 12.788285424656348 17.05104723287513
0 3.857421875 74.609375 14.610240727033478 19.48032096937797
0 42.822265625 87.04427083333334 15.780863615536983 21.041151487382646
0 51.26953125 96.94010416666666 16.653764220754702 22.20501896100627
0 90.52734375 61.653645833333336 13.28128365905087 17.708378212067824
0 96.240234375 56.640625 12.729891122201057 16.97318816293474
0 42.724609375 56.315104166666664 12.693258266043348 16.924344354724465
0 60.546875 54.622395833333336 12.501037077797877 16.668049437063836
0 77.24609375 48.6328125 11.795744683891412 15.727659578521882
0 42.1875 47.0703125 11.604707850238979 15.472943800318639
0 16.6015625 18.294270833333336 7.234661615679748 9.646215487572997
0 18.896484375 17.578125 7.091644310682526 9.455525747576702
0 16.455078125 20.182291666666664 7.598815672600545 10.13175423013406
0 19.04296875 20.963541666666664 7.7444931277157725 10.325990836954363
0 20.1171875 23.4375 8.188725503539269 10.918300671385692
0 16.11328125 25.390625 8.523095729839442 11.364127639785922
0 13.037109375 25.846354166666668 8.59924487524742 11.465659833663226
0 21.826171875 16.276041666666664 6.823937919616058 9.09858389282141
0 21.826171875 17.578125 7.091644310682526 9.455525747576702
0 24.365234375 17.1875 7.012405574387241 9.349874099182989
0 24.169921875 18.424479166666664 7.2603620931215325 9.680482790828709
0 23.53515625 19.856770833333336 7.537285788103314 10.049714384137753
0 30.078125 17.252604166666664 7.025674092542321 9.367565456723094
0 27.099609375 18.294270833333336 7.234661615679748 9.646215487572997
0 28.369140625 17.903645833333336 7.157006469457137 9.542675292609516
0 28.02734375 19.466145833333336 7.462780310447684 9.950373747263578
0 26.7578125 20.768229166666664 7.708331872750909 10.277775830334546
0 28.076171875 22.395833333333336 8.00468569861084 10.672914264814453
0 30.712890625 22.916666666666664 8.097228492078614 10.796304656104818
0 26.220703125 25.1953125 8.490251308132054 11.320335077509403
0 22.4609375 28.580729166666668 9.042683343523592 12.056911124698123
0 27.9296875 30.859375 9.396242870080965 12.52832382677462
0 24.31640625 38.54166666666667 10.500885335745396 14.001180447660527
0 22.0703125 47.00520833333333 11.5966796875 15.462239583333334
0 22.36328125 55.338541666666664 12.582719804741396 16.776959739655194
0 35.009765625 15.625 6.686066375795484 8.914755167727312
0 35.498046875 16.276041666666664 6.823937919616058 9.09858389282141
0 33.251953125 17.578125 7.091644310682526 9.455525747576702
0 35.546875 18.489583333333336 7.273178276253042 9.697571035004056
0 36.62109375 19.205729166666664 7.412693970636669 9.883591960848893
0 35.693359375 21.419270833333336 7.828219811023351 10.437626414697803
0 37.6953125 21.419270833333336 7.828219811023351 10.437626414697803
0 39.794921875 17.708333333333336 7.117861199762329 9.490481599683106
0 41.943359375 17.3828125 7.052136235529384 9.40284831403918
0 44.482421875 16.666666666666664 6.905339660024879 9.207119546699838
0 47.119140625 16.9921875 6.972448522214271 9.296598029619028
0 51.416015625 11.71875 5.790303332827843 7.720404443770458
0 52.34375 15.755208333333334 6.7138671875 8.951822916666668
0 53.41796875 17.708333333333336 7.117861199762329 9.490481599683106
0 49.8046875 19.3359375 7.437779301119349 9.917039068159132
0 45.361328125 20.703125 7.6962403643301345 10.261653819106845
0 49.21875 22.721354166666664 8.062649422377262 10.75019922983635
0 40.4296875 23.111979166666664 8.131660519088275 10.842214025451032
0 43.26171875 23.372395833333336 8.177344364608315 10.903125819477753
0 44.82421875 24.479166666666664 8.36871899463018 11.15829199284024
0 38.57421875 26.627604166666668 8.728240750778255 11.637654334371007
0 50.29296875 30.338541666666668 9.316612257369233 12.42214967649231
0 45.556640625 33.13802083333333 9.736972737758677 12.982630317011571
0 41.259765625 34.9609375 10.001202153426476 13.334936204568635
0 56.15234375 16.341145833333336 6.837572174807153 9.116762899742872
0 56.54296875 15.364583333333334 6.6301150458985685 8.840153394531425
0 57.666015625 16.276041666666664 6.823937919616058 9.09858389282141
0 59.27734375 15.234375 6.60196156395994 8.802615418613254
0 60.15625 16.536458333333336 6.878312786611722 9.171083715482297
0 58.349609375 18.815104166666664 7.336923388776433 9.782564518368577
0 61.23046875 19.3359375 7.437779301119349 9.917039068159132
0 55.517578125 20.572916666666664 7.672000176987631 10.229333569316841
0 57.080078125 23.111979166666664 8.131660519088275 10.842214025451032
0 64.84375 22.005208333333336 7.9345703125 10.579427083333332
0 64.94140625 25.5859375 8.555814067917595 11.407752090556793
0 56.689453125 26.5625 8.717563999686098 11.62341866624813
0 59.08203125 26.432291666666668 8.696171172348027 11.594894896464037
0 64.94140625 29.622395833333332 9.205995562132786 12.274660749510382
0 60.986328125 33.72395833333333 9.82267879603948 13.096905061385971
0 58.30078125 44.01041666666667 11.221176947540428 14.961569263387236
0 65.13671875 17.057291666666664 6.985792933508055 9.31439057801074
0 68.603515625 16.080729166666664 6.782870718656271 9.043827624875028
0 65.771484375 19.3359375 7.437779301119349 9.917039068159132
0 71.240234375 15.950520833333334 6.755353888299149 9.0071385177322
0 74.12109375 19.986979166666664 7.561957820656658 10.08261042754221
0 69.873046875 20.247395833333336 7.611061958825638 10.148082611767517
0 69.921875 24.479166666666664 8.36871899463018 11.15829199284024
0 75.1953125 16.861979166666664 6.945682786096826 9.260910381462436
0 76.416015625 18.75 7.32421875 9.765625
0 79.19921875 18.815104166666664 7.336923388776433 9.782564518368577
0 80.95703125 17.708333333333336 7.117861199762329 9.490481599683106
0 80.517578125 20.768229166666664 7.708331872750909 10.277775830334546
0 77.734375 21.419270833333336 7.828219811023351 10.437626414697803
0 76.025390625 21.809895833333336 7.8992792392241125 10.532372318965482
0 83.203125 17.708333333333336 7.117861199762329 9.490481599683106
0 85.107421875 20.247395833333336 7.611061958825638 10.148082611767517
0 84.423828125 21.419270833333336 7.828219811023351 10.437626414697803
0 82.958984375 23.111979166666664 8.131660519088275 10.842214025451032
0 84.326171875 23.567708333333336 8.211440458419013 10.948587277892017
0 79.58984375 23.567708333333336 8.211440458419013 10.948587277892017
0 78.271484375 26.627604166666668 8.728240750778255 11.637654334371007
0 75.5859375 25.325520833333332 8.512161670520847 11.349548894027794
0 72.55859375 29.231770833333332 9.145095253766906 12.193460338355873
0 75.1953125 29.1015625 9.124704826492952 12.166273101990603
0 74.12109375 36.71875 10.24954566879069 13.66606089172092
0 71.533203125 40.29947916666667 10.737678274999501 14.316904366666003
0 92.578125 20.377604166666664 7.635495607419925 10.180660809893233
0 93.75 22.8515625 8.085718566584333 10.780958088779109
0 91.845703125 22.330729166666664 7.993042513249997 10.657390017666662
0 89.74609375 22.330729166666664 7.993042513249997 10.657390017666662
0 87.890625 23.046875 8.120199399200482 10.82693253226731
0 96.435546875 20.963541666666664 7.7444931277157725 10.325990836954363
0 98.53515625 23.6328125 8.222774405094897 10.963699206793196
0 98.681640625 26.041666666666668 8.631674575031099 11.508899433374797
0 93.994140625 25.390625 8.523095729839442 11.364127639785922
0 95.1171875 26.627604166666668 8.728240750778255 11.637654334371007
0 91.6015625 26.041666666666668 8.631674575031099 11.508899433374797
0 88.720703125 26.5625 8.717563999686098 11.62341866624813
0 86.572265625 27.799479166666668 8.918236814088415 11.890982418784553
0 92.138671875 29.296875 9.1552734375 12.20703125
0 86.71875 30.729166666666668 9.376398618003673 12.501864824004896
0 90.52734375 33.203125 9.746532850751532 12.995377134335376
0 84.423828125 34.5703125 9.945172568847854 13.26023009179714
0 87.20703125 37.5 10.358009490037318 13.810679320049758
0 99.70703125 29.1015625 9.124704826492952 12.166273101990603
0 96.6796875 31.575520833333332 9.50464569238125 12.672860923174998
0 98.779296875 34.63541666666667 9.954532733337459 13.272710311116612
0 97.16796875 41.92708333333333 10.952367214920875 14.603156286561166
0 99.462890625 38.73697916666667 10.527458685705774 14.036611580941033
0 99.51171875 32.16145833333333 9.592427762147041 12.789903682862722
0 99.51171875 22.721354166666664 8.062649422377262 10.75019922983635
0 31.15234375 16.536458333333336 6.878312786611722 9.171083715482297
0 13.37890625 19.010416666666664 7.37490598974278 9.833207986323707
0 7.32421875 19.856770833333336 7.537285788103314 10.049714384137753
