0 92.431640625 49.0234375 11.843022407185213 15.790696542913619
0 98.4375 42.578125 11.037073559585647 14.716098079447528
0 75.341796875 53.515625 12.37373958295489 16.498319443939856
0 88.134765625 82.2265625 15.33792953262825 20.450572710171
0 84.521484375 61.848958333333336 13.302303904848248 17.73640520646433
0 67.236328125 56.510416666666664 12.715250644531043 16.95366752604139
0 52.197265625 72.00520833333334 14.352998066778378 19.137330755704504
0 41.015625 55.794270833333336 12.634424770803498 16.845899694404665
0 23.2421875 52.604166666666664 12.267914576563586 16.357219435418116
0 8.0078125 64.51822916666666 13.586321587861368 18.115095450481824
0 2.880859375 60.221354166666664 13.126106669681741 17.501475559575656
0 5.6640625 39.90885416666667 10.685511108405517 14.24734814454069
0 9.326171875 32.8125 9.689030680168178 12.918707573557572
0 2.783203125 30.403645833333332 9.326603265341873 12.43547102045583
0 4.78515625 23.177083333333336 8.143105507889608 10.857474010519478
0 11.62109375 22.591145833333336 8.039514082226251 10.719352109635
0 11.1328125 28.515625 9.03237828793258 12.043171050576774
0 21.533203125 25.325520833333332 8.512161670520847 11.349548894027794
0 24.462890625 29.296875 9.1552734375 12.20703125
0 30.908203125 31.575520833333332 9.50464569238125 12.672860923174998
0 35.986328125 36.9140625 10.276768945607138 13.702358594142853
0 34.716796875 27.018229166666668 8.792028986137655 11.722705314850208
0 20.458984375 21.6796875 7.875664001809045 10.500885335745393
0 20.068359375 12.3046875 5.933295317145868 7.911060422861158
0 2.685546875 17.96875 7.170007400189656 9.56000986691954
0 12.40234375 16.471354166666664 6.864759447755123 9.15301259700683
0 6.005859375 18.359375 7.247523246483103 9.663364328644137
0 14.697265625 15.364583333333334 6.6301150458985685 8.840153394531425
0 4.4921875 15.950520833333334 6.755353888299149 9.0071385177322
0 13.525390625 14.0625 6.342959500374307 8.457279333832409
0 7.373046875 15.494791666666666 6.658149484030587 8.877532645374115
0 0.87890625 16.2109375 6.810276368536802 9.080368491382403
0 10.498046875 16.861979166666664 6.945682786096826 9.260910381462436
0 2.197265625 15.8203125 6.72772451325946 8.970299351012613
0 8.59375 16.861979166666664 6.945682786096826 9.260910381462436
0 16.40625 16.341145833333336 6.837572174807153 9.116762899742872
0 21.337890625 19.270833333333336 7.425247229367944 9.900329639157258
0 18.65234375 13.932291666666666 6.313525654778199 8.418034206370931
0 24.462890625 14.583333333333334 6.459353786778786 8.612471715705048
0 17.431640625 14.713541666666666 6.488126106405426 8.650834808540568
0 23.14453125 14.192708333333334 6.372257390692475 8.496343187589966
0 33.3984375 21.549479166666664 7.85197774064246 10.469303654189947
0 28.076171875 21.549479166666664 7.85197774064246 10.469303654189947
0 26.66015625 14.322916666666666 6.401421192444773 8.53522825659303
0 29.58984375 16.861979166666664 6.945682786096826 9.260910381462436
0 30.6640625 18.489583333333336 7.273178276253042 9.697571035004056
0 35.107421875 14.453125 6.430452730012657 8.57393697335021
0 28.662109375 12.825520833333334 6.057566296777102 8.076755062369468
0 32.51953125 14.322916666666666 6.401421192444773 8.53522825659303
0 42.236328125 14.84375 6.516771394062079 8.689028525416106
0 31.005859375 13.151041666666666 6.133957288281793 8.178609717709058
0 37.3046875 14.973958333333334 6.545291317604741 8.727055090139656
0 42.431640625 22.0703125 7.946299173761924 10.595065565015899
0 37.109375 18.489583333333336 7.273178276253042 9.697571035004056
0 46.97265625 13.0859375 6.118755388111396 8.15834051748186
0 39.111328125 13.411458333333334 6.194391824397107 8.259189099196142
0 48.4375 19.53125 7.475249459177179 9.966999278902906
0 39.599609375 16.9921875 6.972448522214271 9.296598029619028
0 44.82421875 14.453125 6.430452730012657 8.57393697335021
0 51.5625 14.453125 6.430452730012657 8.57393697335021
0 42.822265625 11.783854166666668 5.806365231457656 7.741820308610207
0 49.267578125 17.252604166666664 7.025674092542321 9.367565456723094
0 51.85546875 28.255208333333332 8.991039955234518 11.988053273646026
0 55.17578125 13.541666666666666 6.224389054678692 8.299185406238257
0 60.302734375 19.010416666666664 7.37490598974278 9.833207986323707
0 49.169921875 25.1953125 8.490251308132054 11.320335077509403
0 48.33984375 35.3515625 10.056919588186085 13.409226117581447
0 43.9453125 33.203125 9.746532850751532 12.995377134335376
0 52.587890625 44.01041666666667 11.221176947540428 14.961569263387236
0 59.423828125 40.4296875 10.755011100284483 14.340014800379311
0 64.74609375 39.6484375 10.650591044076627 14.200788058768838
0 62.40234375 30.2734375 9.306610523667546 12.408814031556727
0 60.888671875 12.825520833333334 6.057566296777102 8.076755062369468
0 67.724609375 20.377604166666664 7.635495607419925 10.180660809893233
0 61.42578125 16.6015625 6.891839471823862 9.189119295765149
0 71.630859375 16.2109375 6.810276368536802 9.080368491382403
0 59.08203125 15.690104166666666 6.699981201202437 8.933308268269917
0 65.234375 15.559895833333334 6.672122530845778 8.896163374461038
0 58.30078125 12.565104166666666 5.995752778438873 7.9943370379184975
0 61.328125 22.4609375 8.016311973000304 10.688415964000404
0 57.275390625 25.455729166666668 8.53401578009617 11.378687706794894
0 63.232421875 15.234375 6.60196156395994 8.802615418613254
0 65.52734375 13.0859375 6.118755388111396 8.15834051748186
0 63.916015625 12.434895833333332 5.964605800076924 7.952807733435899
0 67.333984375 14.192708333333334 6.372257390692475 8.496343187589966
0 69.43359375 13.671875 6.254242410864013 8.338989881152017
0 72.0703125 12.825520833333334 6.057566296777102 8.076755062369468
0 73.33984375 13.411458333333334 6.194391824397107 8.259189099196142
0 75.146484375 13.802083333333334 6.283953943473511 8.378605257964681
0 76.26953125 16.9921875 6.972448522214271 9.296598029619028
0 72.75390625 20.247395833333336 7.611061958825638 10.148082611767517
0 80.46875 13.0859375 6.118755388111396 8.15834051748186
0 91.748046875 19.921875 7.549631882844837 10.066175843793117
0 82.71484375 15.494791666666666 6.658149484030587 8.877532645374115
0 77.880859375 17.513020833333336 7.0784994535786145 9.437999271438152
0 84.27734375 15.494791666666666 6.658149484030587 8.877532645374115
0 80.078125 21.419270833333336 7.828219811023351 10.437626414697803
0 78.466796875 14.322916666666666 6.401421192444773 8.53522825659303
0 76.26953125 21.6796875 7.875664001809045 10.500885335745393
0 81.591796875 17.838541666666664 7.143981879101334 9.525309172135112
0 89.013671875 17.7734375 7.130933499479933 9.50791133263991
0 79.78515625 15.690104166666666 6.699981201202437 8.933308268269917
0 86.62109375 15.364583333333334 6.6301150458985685 8.840153394531425
0 79.00390625 18.098958333333336 7.195938795502683 9.594585060670244
0 84.814453125 17.3828125 7.052136235529384 9.40284831403918
0 90.8203125 17.643229166666664 7.104764847914316 9.473019797219088
0 96.240234375 17.643229166666664 7.104764847914316 9.473019797219088
0 86.62109375 20.052083333333336 7.574263699945591 10.099018266594122
0 95.166015625 20.5078125 7.659851317145468 10.21313508952729
0 98.583984375 27.018229166666668 8.792028986137655 11.722705314850208
0 97.94921875 19.921875 7.549631882844837 10.066175843793117
0 93.115234375 17.643229166666664 7.104764847914316 9.473019797219088
0 97.36328125 24.21875 8.324085508414218 11.098780677885625
0 92.626953125 21.940104166666664 7.92282408798045 10.5637654506406
0 99.267578125 19.140625 7.400119417103358 9.866825889471144
0 90.234375 22.4609375 8.016311973000304 10.688415964000404
0 74.072265625 24.609375 8.39094670707246 11.187928942763282
0 89.501953125 28.125 8.970299351012615 11.960399134683486
0 89.404296875 37.76041666666667 10.393912576859377 13.85855010247917
0 93.115234375 29.166666666666668 9.134905729428569 12.17987430590476
0 74.072265625 27.473958333333332 8.865868558553435 11.821158078071248
0 77.294921875 34.11458333333333 9.87940311049722 13.17253748066296
0 84.1796875 67.44791666666666 13.891365572193653 18.52182076292487
0 91.40625 56.380208333333336 12.700593290212897 16.93412438695053
0 65.91796875 62.760416666666664 13.399962402404874 17.866616536539834
0 51.07421875 51.171875 12.099748291991583 16.132997722655443
0 48.779296875 46.2890625 11.508000265481447 15.344000353975263
0 47.36328125 38.54166666666667 10.500885335745396 14.001180447660527
0 49.560546875 38.54166666666667 10.500885335745396 14.001180447660527
0 28.173828125 24.609375 8.39094670707246 11.187928942763282
0 4.6875 33.46354166666667 9.784679896167846 13.046239861557126
0 2.197265625 33.07291666666667 9.727403229070575 12.9698709720941
0 28.564453125 31.4453125 9.485028239697298 12.646704319596397
0 30.46875 36.26302083333333 10.185741740892722 13.580988987856962
0 89.306640625 34.11458333333333 9.87940311049722 13.17253748066296
0 93.65234375 32.29166666666667 9.611826018080825 12.815768024107768
0 73.4375 32.421875 9.631185203893738 12.84158027185832
0 74.853515625 32.94270833333333 9.708235913444133 12.944314551258843
0 66.11328125 22.330729166666664 7.993042513249997 10.657390017666662
0 71.826171875 22.591145833333336 8.039514082226251 10.719352109635
0 79.4921875 25.325520833333332 8.512161670520847 11.349548894027794
0 87.01171875 25.325520833333332 8.512161670520847 11.349548894027794
0 50.68359375 20.638020833333336 7.684129829110212 10.245506438813615
0 86.23046875 22.4609375 8.016311973000304 10.688415964000404
