0 83.349609375 56.966145833333336 12.766418861909113 17.021891815878817
0 69.921875 46.875 11.580606665655687 15.440808887540916
0 76.708984375 46.875 11.580606665655687 15.440808887540916
0 85.107421875 41.40625 10.884127502518925 14.512170003358568
0 60.15625 41.9921875 10.960867307170393 14.614489742893857
0 53.515625 42.44791666666667 11.020184378215204 14.693579170953605
0 51.953125 34.30989583333333 9.907643481901811 13.210191309202415
0 29.19921875 46.74479166666667 11.564511304624277 15.419348406165703
0 6.640625 72.33072916666666 14.385404967520355 19.180539956693806
0 0.87890625 53.7109375 12.396298835198914 16.528398446931885
0 0.78125 44.40104166666667 11.270865058971795 15.027820078629059
0 3.41796875 34.1796875 9.888825528576445 13.185100704768596
0 12.451171875 40.8203125 10.806842779312605 14.40912370575014
0 23.095703125 39.77864583333333 10.668065364348472 14.224087152464628
0 10.107421875 28.7109375 9.063258303782652 12.084344405043536
0 4.19921875 27.213541666666668 8.823750179932228 11.765000239909636
0 22.509765625 26.7578125 8.749555167743805 11.66607355699174
0 7.568359375 22.591145833333336 8.039514082226251 10.719352109635
0 24.31640625 22.330729166666664 7.993042513249997 10.657390017666662
0 3.125 19.3359375 7.437779301119349 9.917039068159132
0 14.111328125 23.2421875 8.154534433525017 10.872712578033356
0 10.986328125 18.1640625 7.208869513560617 9.611826018080823
0 55.37109375 25.455729166666668 8.53401578009617 11.378687706794894
0 43.505859375 21.614583333333336 7.863829789260941 10.485106385681254
0 34.9609375 28.125 8.970299351012615 11.960399134683486
0 46.484375 22.005208333333336 7.9345703125 10.579427083333332
0 34.521484375 22.591145833333336 8.039514082226251 10.719352109635
0 25.537109375 18.75 7.32421875 9.765625
0 17.96875 18.489583333333336 7.273178276253042 9.697571035004056
0 63.57421875 28.385416666666668 9.011732824849489 12.015643766465985
0 91.455078125 37.109375 10.30392029793343 13.738560397244573
0 86.81640625 32.421875 9.631185203893738 12.84158027185832
0 77.001953125 27.9296875 8.939098215256843 11.918797620342456
0 88.916015625 28.971354166666668 9.104268731797058 12.139024975729411
0 99.12109375 31.510416666666668 9.494842032534208 12.659789376712277
0 97.4609375 23.828125 8.256682897014576 11.008910529352768
0 87.353515625 25.455729166666668 8.53401578009617 11.378687706794894
0 79.931640625 24.21875 8.324085508414218 11.098780677885625
0 90.33203125 24.544270833333336 8.379840220792225 11.173120294389632
0 82.470703125 22.786458333333336 8.074192233473482 10.765589644631309
0 71.38671875 21.614583333333336 7.863829789260941 10.485106385681254
0 76.26953125 22.786458333333336 8.074192233473482 10.765589644631309
0 59.27734375 22.200520833333336 7.969705113037473 10.626273484049964
0 47.8515625 18.1640625 7.208869513560617 9.611826018080823
0 57.275390625 23.6328125 8.222774405094897 10.963699206793196
0 42.28515625 17.447916666666664 7.065330140863174 9.420440187817565
0 56.8359375 18.489583333333336 7.273178276253042 9.697571035004056
0 30.322265625 23.046875 8.120199399200482 10.82693253226731
0 28.955078125 16.536458333333336 6.878312786611722 9.171083715482297
0 19.970703125 16.9921875 6.972448522214271 9.296598029619028
