0 78.369140625 22.4609375 8.016311973000304 10.688415964000404
0 66.11328125 19.140625 7.400119417103358 9.866825889471144
0 58.740234375 19.856770833333336 7.537285788103314 10.049714384137753
0 67.822265625 15.625 6.686066375795484 8.914755167727312
0 80.615234375 22.135416666666664 7.958010748538389 10.610680998051187
0 77.294921875 17.3828125 7.052136235529384 9.40284831403918
0 95.1171875 20.703125 7.6962403643301345 10.261653819106845
0 85.7421875 19.140625 7.400119417103358 9.866825889471144
0 47.119140625 16.341145833333336 6.837572174807153 9.116762899742872
0 2.099609375 18.294270833333336 7.234661615679748 9.646215487572997
0 8.544921875 19.140625 7.400119417103358 9.866825889471144
0 4.736328125 18.9453125 7.3622668956389274 9.816355860851903
0 59.375 15.104166666666666 6.573687508709111 8.764916678278816
0 57.666015625 15.104166666666666 6.573687508709111 8.764916678278816
0 56.640625 21.09375 7.768507117527988 10.358009490037318
0 54.248046875 14.583333333333334 6.459353786778786 8.612471715705048
0 84.27734375 17.3828125 7.052136235529384 9.40284831403918
0 82.32421875 17.903645833333336 7.157006469457137 9.542675292609516
0 97.75390625 20.572916666666664 7.672000176987631 10.229333569316841
