0 45.5078125 85.22135416666666 15.614744635578651 20.819659514104867
0 48.876953125 69.921875 14.143835725410728 18.85844763388097
0 46.435546875 57.8125 12.860905460025315 17.14787394670042
0 4.638671875 72.13541666666666 14.365969599535914 19.15462613271455
0 1.806640625 57.2265625 12.795565974875872 17.06075463316783
0 4.833984375 49.34895833333333 11.882276815143912 15.843035753525218
0 0.537109375 37.5 10.358009490037318 13.810679320049758
0 5.2734375 39.97395833333333 10.694223308065938 14.258964410754585
0 24.4140625 51.822916666666664 12.176475429235841 16.235300572314458
0 40.13671875 50.1953125 11.983736521039955 15.978315361386604
0 40.234375 41.015625 10.832665618468535 14.443554157958047
0 88.671875 46.54947916666667 11.54032617260073 15.38710156346764
0 92.236328125 44.79166666666667 11.320335077509403 15.093780103345871
0 59.47265625 45.96354166666667 11.467464738803672 15.289952985071562
0 62.01171875 56.510416666666664 12.715250644531043 16.95366752604139
0 2.099609375 78.64583333333334 15.000251132134409 20.00033484284588
0 24.560546875 41.6015625 10.909767414379564 14.546356552506085
0 20.849609375 41.34114583333333 10.87556743237638 14.500756576501841
0 10.107421875 30.989583333333332 9.416045300623482 12.554727067497975
0 3.076171875 28.255208333333332 8.991039955234518 11.988053273646026
0 48.92578125 30.729166666666668 9.376398618003673 12.501864824004896
0 72.94921875 38.4765625 10.492012596234792 13.989350128313058
0 68.212890625 42.83854166666667 11.070774625986973 14.761032834649296
0 93.798828125 41.14583333333333 10.849846700824694 14.466462267766259
0 77.490234375 31.380208333333332 9.475204282385269 12.633605709847027
0 67.822265625 22.916666666666664 8.097228492078614 10.796304656104818
0 72.021484375 24.934895833333336 8.446260072691679 11.26168009692224
0 80.37109375 28.450520833333332 9.02206146184966 12.029415282466214
0 41.6015625 35.3515625 10.056919588186085 13.409226117581447
0 30.029296875 26.497395833333332 8.706874156303165 11.609165541737553
0 20.849609375 27.473958333333332 8.865868558553435 11.821158078071248
0 7.958984375 27.864583333333332 8.928673607377803 11.904898143170405
0 3.7109375 25.130208333333332 8.479274895904423 11.305699861205897
0 0.732421875 19.596354166666664 7.487697843252746 9.983597124336994
0 22.265625 36.19791666666667 10.17659423860661 13.568792318142146
0 43.798828125 31.0546875 9.425930915210266 12.567907886947022
0 38.330078125 23.372395833333336 8.177344364608315 10.903125819477753
0 33.49609375 19.596354166666664 7.487697843252746 9.983597124336994
0 53.125 16.276041666666664 6.823937919616058 9.09858389282141
0 56.103515625 13.151041666666666 6.133957288281793 8.178609717709058
0 67.919921875 18.75 7.32421875 9.765625
0 64.16015625 30.338541666666668 9.316612257369233 12.42214967649231
0 56.0546875 27.408854166666668 8.855357744474432 11.807143659299243
0 44.82421875 25.78125 8.588407763348565 11.451210351131419
0 38.96484375 27.473958333333332 8.865868558553435 11.821158078071248
0 26.025390625 27.018229166666668 8.792028986137655 11.722705314850208
0 19.921875 24.348958333333336 8.346432086900233 11.128576115866979
0 27.880859375 26.3671875 8.685454999241765 11.580606665655687
0 48.4375 23.111979166666664 8.131660519088275 10.842214025451032
0 52.392578125 20.182291666666664 7.598815672600545 10.13175423013406
0 49.70703125 22.265625 7.981382342908947 10.641843123878598
0 88.232421875 31.4453125 9.485028239697298 12.646704319596397
0 82.421875 24.8046875 8.424178309229896 11.23223774563986
0 94.482421875 26.822916666666668 8.760192928715409 11.680257238287211
0 23.92578125 59.505208333333336 13.047826126972625 17.397101502630168
0 23.974609375 22.0703125 7.946299173761924 10.595065565015899
0 2.001953125 26.692708333333332 8.738904457566134 11.651872610088178
0 2.587890625 21.419270833333336 7.828219811023351 10.437626414697803
0 58.447265625 35.80729166666667 10.121535615098267 13.495380820131023
0 53.857421875 32.8125 9.689030680168178 12.918707573557572
0 50.1953125 27.734375 8.907787792557633 11.877050390076842
0 65.087890625 27.408854166666668 8.855357744474432 11.807143659299243
0 73.974609375 33.91927083333333 9.851081781963485 13.134775709284646
0 82.080078125 35.09114583333333 10.019809057239993 13.359745409653323
0 85.205078125 38.34635416666667 10.474244568927316 13.965659425236424
0 89.74609375 40.95052083333333 10.824064850444458 14.432086467259278
0 96.97265625 38.4765625 10.492012596234792 13.989350128313058
0 98.53515625 32.29166666666667 9.611826018080825 12.815768024107768
0 97.705078125 28.059895833333332 8.959911044862793 11.946548059817056
0 85.05859375 31.901041666666668 9.55351308746248 12.738017449949975
0 76.513671875 28.645833333333332 9.052976668817948 12.07063555842393
0 71.09375 22.916666666666664 8.097228492078614 10.796304656104818
0 75.87890625 23.502604166666664 8.200090846279542 10.933454461706056
0 79.931640625 19.401041666666664 7.450290292806215 9.933720390408286
0 91.064453125 25.325520833333332 8.512161670520847 11.349548894027794
0 86.5234375 25.651041666666668 8.566692411876344 11.422256549168457
0 97.705078125 24.609375 8.39094670707246 11.187928942763282
0 93.408203125 23.893229166666664 8.267954824306681 11.023939765742242
0 94.873046875 54.231770833333336 12.456257099584077 16.608342799445435
0 97.412109375 66.27604166666666 13.770158902195407 18.360211869593876
0 79.00390625 64.453125 13.579465003226924 18.105953337635896
0 78.369140625 54.296875 12.463731601966636 16.61830880262218
0 75.732421875 46.22395833333333 11.499904590708478 15.33320612094464
0 68.84765625 37.43489583333333 10.349014256477766 13.798685675303688
0 61.962890625 41.796875 10.935347208965403 14.580462945287206
0 63.28125 50.5859375 12.03027547877626 16.040367305035012
0 11.5234375 33.91927083333333 9.851081781963485 13.134775709284646
0 11.474609375 21.223958333333336 7.792447103762027 10.389929471682702
0 26.26953125 23.763020833333336 8.245395560367612 10.993860747156816
0 28.22265625 19.53125 7.475249459177179 9.966999278902906
0 35.15625 16.40625 6.8511792970714245 9.134905729428567
0 40.13671875 17.513020833333336 7.0784994535786145 9.437999271438152
0 36.42578125 16.861979166666664 6.945682786096826 9.260910381462436
0 25.048828125 16.015625 6.7691262856502785 9.025501714200372
0 21.826171875 14.84375 6.516771394062079 8.689028525416106
0 13.8671875 17.122395833333336 6.9991119025755095 9.332149203434014
0 4.443359375 21.09375 7.768507117527988 10.358009490037318
0 6.201171875 16.927083333333336 6.959078522333606 9.278771363111476
0 15.380859375 19.596354166666664 7.487697843252746 9.983597124336994
0 31.005859375 21.09375 7.768507117527988 10.358009490037318
0 38.916015625 20.377604166666664 7.635495607419925 10.180660809893233
0 46.435546875 15.169270833333334 6.587839704871492 8.783786273161988
0 42.08984375 17.447916666666664 7.065330140863174 9.420440187817565
0 38.76953125 15.8203125 6.72772451325946 8.970299351012613
0 51.220703125 18.098958333333336 7.195938795502683 9.594585060670244
0 47.55859375 20.247395833333336 7.611061958825638 10.148082611767517
0 47.021484375 24.739583333333336 8.413115693414442 11.217487591219255
0 59.814453125 21.484375 7.840107775064166 10.453477033418888
0 56.0546875 18.684895833333336 7.311492035346033 9.748656047128044
0 57.763671875 25.1953125 8.490251308132054 11.320335077509403
0 85.05859375 23.502604166666664 8.200090846279542 10.933454461706056
0 66.50390625 16.796875 6.932261164306974 9.243014885742634
0 61.279296875 17.708333333333336 7.117861199762329 9.490481599683106
0 57.03125 15.559895833333334 6.672122530845778 8.896163374461038
0 64.306640625 16.40625 6.8511792970714245 9.134905729428567
0 43.505859375 17.122395833333336 6.9991119025755095 9.332149203434014
0 40.52734375 15.559895833333334 6.672122530845778 8.896163374461038
0 27.197265625 16.471354166666664 6.864759447755123 9.15301259700683
0 32.51953125 15.559895833333334 6.672122530845778 8.896163374461038
0 26.416015625 16.015625 6.7691262856502785 9.025501714200372
0 15.283203125 16.6015625 6.891839471823862 9.189119295765149
0 19.091796875 16.080729166666664 6.782870718656271 9.043827624875028
0 9.033203125 17.252604166666664 7.025674092542321 9.367565456723094
0 3.857421875 18.294270833333336 7.234661615679748 9.646215487572997
0 7.763671875 19.401041666666664 7.450290292806215 9.933720390408286
0 0.732421875 17.96875 7.170007400189656 9.56000986691954
0 11.376953125 17.252604166666664 7.025674092542321 9.367565456723094
0 2.63671875 18.9453125 7.3622668956389274 9.816355860851903
0 13.232421875 25.455729166666668 8.53401578009617 11.378687706794894
0 24.90234375 19.205729166666664 7.412693970636669 9.883591960848893
0 19.921875 21.484375 7.840107775064166 10.453477033418888
0 17.431640625 17.708333333333336 7.117861199762329 9.490481599683106
0 28.857421875 17.838541666666664 7.143981879101334 9.525309172135112
0 17.3828125 14.973958333333334 6.545291317604741 8.727055090139656
0 30.6640625 16.080729166666664 6.782870718656271 9.043827624875028
0 34.716796875 18.684895833333336 7.311492035346033 9.748656047128044
0 56.689453125 38.0859375 10.438617783500408 13.918157044667211
0 80.908203125 22.0703125 7.946299173761924 10.595065565015899
0 93.65234375 20.963541666666664 7.7444931277157725 10.325990836954363
0 87.890625 21.223958333333336 7.792447103762027 10.389929471682702
0 84.765625 19.140625 7.400119417103358 9.866825889471144
0 76.66015625 17.643229166666664 7.104764847914316 9.473019797219088
0 72.65625 15.625 6.686066375795484 8.914755167727312
0 59.326171875 15.364583333333334 6.6301150458985685 8.840153394531425
0 49.267578125 16.471354166666664 6.864759447755123 9.15301259700683
0 73.53515625 19.010416666666664 7.37490598974278 9.833207986323707
0 69.970703125 19.7265625 7.512532730158185 10.01671030687758
0 70.751953125 15.234375 6.60196156395994 8.802615418613254
0 84.765625 16.796875 6.932261164306974 9.243014885742634
0 90.087890625 19.140625 7.400119417103358 9.866825889471144
0 81.787109375 17.838541666666664 7.143981879101334 9.525309172135112
0 77.734375 16.927083333333336 6.959078522333606 9.278771363111476
0 91.064453125 31.640625 9.51443925056146 12.685919000748614
0 88.671875 25.390625 8.523095729839442 11.364127639785922
0 82.763671875 23.111979166666664 8.131660519088275 10.842214025451032
0 87.6953125 18.880208333333336 7.349606066157407 9.799474754876544
0 97.900390625 21.484375 7.840107775064166 10.453477033418888
0 99.462890625 28.3203125 9.001392336274797 12.001856448366395
0 22.900390625 19.596354166666664 7.487697843252746 9.983597124336994
0 45.3125 16.276041666666664 6.823937919616058 9.09858389282141
0 37.841796875 16.6015625 6.891839471823862 9.189119295765149
0 20.263671875 16.40625 6.8511792970714245 9.134905729428567
0 88.8671875 18.880208333333336 7.349606066157407 9.799474754876544
0 83.642578125 17.96875 7.170007400189656 9.56000986691954
0 79.78515625 16.666666666666664 6.905339660024879 9.207119546699838
0 86.5234375 18.359375 7.247523246483103 9.663364328644137
0 92.578125 19.140625 7.400119417103358 9.866825889471144
0 97.55859375 22.8515625 8.085718566584333 10.780958088779109
0 22.412109375 17.513020833333336 7.0784994535786145 9.437999271438152
0 78.90625 25.325520833333332 8.512161670520847 11.349548894027794
0 99.267578125 23.697916666666664 8.234092750996119 10.978790334661493
0 80.76171875 12.044270833333332 5.870173358664351 7.826897811552468
0 76.220703125 14.973958333333334 6.545291317604741 8.727055090139656
0 60.595703125 31.0546875 9.425930915210266 12.567907886947022
0 34.423828125 21.875 7.911060422861158 10.548080563814876
0 6.0546875 21.09375 7.768507117527988 10.358009490037318
0 66.11328125 23.893229166666664 8.267954824306681 11.023939765742242
