0 90.52734375 93.359375 16.343295701899272 21.7910609358657
0 43.45703125 82.6171875 15.374318503186032 20.499091337581376
0 36.71875 64.6484375 13.600024386692622 18.133365848923496
0 22.0703125 49.15364583333333 11.85873976301602 15.811653017354693
0 0.830078125 58.268229166666664 12.911496460758165 17.21532861434422
0 0.537109375 71.02864583333334 14.2553353443929 19.007113792523867
0 0.927734375 45.44270833333333 11.402308161785525 15.203077549047366
0 6.93359375 39.453125 10.624325674761481 14.165767566348642
0 4.4921875 31.0546875 9.425930915210266 12.567907886947022
0 2.880859375 24.8046875 8.424178309229896 11.23223774563986
0 11.5234375 27.799479166666668 8.918236814088415 11.890982418784553
0 17.236328125 32.55208333333333 9.650505554713073 12.86734073961743
0 30.322265625 36.06770833333333 10.158274522151634 13.544366029535512
0 34.814453125 42.90364583333333 11.079183874921476 14.772245166561968
0 51.85546875 49.15364583333333 11.85873976301602 15.811653017354693
0 69.287109375 58.7890625 12.969073096237658 17.29209746165021
0 86.23046875 62.890625 13.413855576071724 17.88514076809563
0 97.75390625 53.385416666666664 12.358677204172722 16.478236272230294
0 99.4140625 41.796875 10.935347208965403 14.580462945287206
0 88.76953125 33.91927083333333 9.851081781963485 13.134775709284646
0 79.6875 38.54166666666667 10.500885335745396 14.001180447660527
0 80.615234375 46.54947916666667 11.54032617260073 15.38710156346764
0 66.943359375 42.31770833333333 11.00326927326657 14.671025697688759
0 79.296875 53.515625 12.37373958295489 16.498319443939856
0 87.255859375 39.0625 10.57159916729051 14.095465556387346
0 92.87109375 31.184895833333332 9.445671106287941 12.594228141717254
0 98.779296875 24.934895833333336 8.446260072691679 11.26168009692224
0 92.138671875 18.229166666666664 7.221777078979024 9.629036105305365
0 70.01953125 18.815104166666664 7.336923388776433 9.782564518368577
0 61.71875 14.453125 6.430452730012657 8.57393697335021
0 53.466796875 25.065104166666668 8.468284256293707 11.291045675058275
0 41.845703125 31.4453125 9.485028239697298 12.646704319596397
0 32.861328125 29.166666666666668 9.134905729428569 12.17987430590476
0 26.7578125 23.567708333333336 8.211440458419013 10.948587277892017
0 19.287109375 21.09375 7.768507117527988 10.358009490037318
0 12.158203125 18.815104166666664 7.336923388776433 9.782564518368577
0 26.66015625 17.578125 7.091644310682526 9.455525747576702
0 5.419921875 18.684895833333336 7.311492035346033 9.748656047128044
0 10.107421875 16.6015625 6.891839471823862 9.189119295765149
0 22.36328125 14.713541666666666 6.488126106405426 8.650834808540568
0 33.59375 15.234375 6.60196156395994 8.802615418613254
0 31.4453125 21.223958333333336 7.792447103762027 10.389929471682702
0 27.34375 14.0625 6.342959500374307 8.457279333832409
0 13.76953125 17.1875 7.012405574387241 9.349874099182989
0 6.8359375 21.549479166666664 7.85197774064246 10.469303654189947
0 21.533203125 27.083333333333332 8.802615418613255 11.736820558151006
0 29.296875 19.7265625 7.512532730158185 10.01671030687758
0 37.060546875 19.205729166666664 7.412693970636669 9.883591960848893
0 40.52734375 24.934895833333336 8.446260072691679 11.26168009692224
0 49.609375 28.450520833333332 9.02206146184966 12.029415282466214
0 49.8046875 37.95572916666667 10.420758715187912 13.894344953583882
0 60.498046875 34.83072916666667 9.982560567502519 13.310080756670025
0 58.7890625 25.716145833333332 8.57755695956738 11.436742612756506
0 66.552734375 23.958333333333336 8.279211405182211 11.038948540242949
0 59.814453125 30.46875 9.336583582018038 12.448778109357384
0 74.072265625 32.421875 9.631185203893738 12.84158027185832
0 79.4921875 24.348958333333336 8.346432086900233 11.128576115866979
0 75.439453125 27.799479166666668 8.918236814088415 11.890982418784553
0 71.044921875 22.0703125 7.946299173761924 10.595065565015899
0 76.66015625 21.940104166666664 7.92282408798045 10.5637654506406
0 88.57421875 29.036458333333332 9.114492506755418 12.15265667567389
0 80.419921875 15.950520833333334 6.755353888299149 9.0071385177322
0 40.72265625 17.708333333333336 7.117861199762329 9.490481599683106
0 80.517578125 22.8515625 8.085718566584333 10.780958088779109
0 60.64453125 21.549479166666664 7.85197774064246 10.469303654189947
0 57.03125 16.2109375 6.810276368536802 9.080368491382403
0 36.1328125 14.192708333333334 6.372257390692475 8.496343187589966
0 21.337890625 17.317708333333336 7.038917599286375 9.385223465715166
0 9.08203125 17.578125 7.091644310682526 9.455525747576702
0 5.322265625 16.6015625 6.891839471823862 9.189119295765149
0 2.05078125 21.354166666666664 7.816313766397521 10.421751688530028
0 46.728515625 22.591145833333336 8.039514082226251 10.719352109635
0 35.107421875 25.455729166666668 8.53401578009617 11.378687706794894
0 41.650390625 21.809895833333336 7.8992792392241125 10.532372318965482
0 49.8046875 19.596354166666664 7.487697843252746 9.983597124336994
0 37.548828125 15.4296875 6.644147051109997 8.858862734813329
0 45.21484375 16.2109375 6.810276368536802 9.080368491382403
0 51.123046875 16.927083333333336 6.959078522333606 9.278771363111476
0 57.666015625 13.736979166666666 6.269115778861736 8.358821038482315
0 42.48046875 15.8203125 6.72772451325946 8.970299351012613
0 72.65625 18.424479166666664 7.2603620931215325 9.680482790828709
0 79.4921875 19.3359375 7.437779301119349 9.917039068159132
0 85.9375 21.809895833333336 7.8992792392241125 10.532372318965482
0 92.48046875 23.567708333333336 8.211440458419013 10.948587277892017
0 87.060546875 17.057291666666664 6.985792933508055 9.31439057801074
0 88.8671875 25.716145833333332 8.57755695956738 11.436742612756506
0 96.142578125 20.703125 7.6962403643301345 10.261653819106845
0 12.158203125 22.591145833333336 8.039514082226251 10.719352109635
0 94.580078125 19.205729166666664 7.412693970636669 9.883591960848893
0 28.564453125 16.731770833333336 6.9188135063199665 9.225084675093289
0 89.111328125 20.572916666666664 7.672000176987631 10.229333569316841
0 95.21484375 22.8515625 8.085718566584333 10.780958088779109
0 59.521484375 18.815104166666664 7.336923388776433 9.782564518368577
0 23.291015625 13.346354166666666 6.179338602086361 8.239118136115147
0 2.1484375 19.205729166666664 7.412693970636669 9.883591960848893
