0 42.822265625 85.02604166666666 15.596841234351363 20.795788312468485
0 35.7421875 65.69010416666666 13.709153714121216 18.278871618828287
0 20.849609375 47.72135416666667 11.684686107834867 15.579581477113155
0 32.91015625 43.75 11.187928942763282 14.917238590351042
0 50.341796875 50.0 11.960399134683488 15.947198846244651
0 64.501953125 59.765625 13.076345999529144 17.43512799937219
0 77.24609375 53.645833333333336 12.388783648794213 16.518378198392284
0 83.984375 65.69010416666666 13.709153714121216 18.278871618828287
0 90.185546875 92.51302083333334 16.2690465518333 21.692062069111063
0 0.09765625 58.854166666666664 12.976252212810852 17.301669617081135
0 9.033203125 41.08072916666667 10.841259563190683 14.45501275092091
0 18.84765625 33.0078125 9.717824296930333 12.957099062573777
0 30.517578125 36.00260416666667 10.149102263376399 13.53213635116853
0 48.681640625 37.6953125 10.38494844187839 13.84659792250452
0 42.041015625 32.2265625 9.60213178866716 12.802842384889546
0 50.48828125 28.059895833333332 8.959911044862793 11.946548059817056
0 61.9140625 29.947916666666668 9.25643975103949 12.341919668052654
0 61.71875 34.50520833333333 9.935803586486637 13.247738115315515
0 74.658203125 33.26822916666667 9.756083595670033 13.008111460893376
0 79.638671875 38.80208333333333 10.536301575703167 14.048402100937555
0 87.79296875 35.41666666666667 10.066175843793117 13.421567791724156
0 93.06640625 45.44270833333333 11.402308161785525 15.203077549047366
0 92.3828125 30.338541666666668 9.316612257369233 12.42214967649231
0 75.732421875 28.059895833333332 8.959911044862793 11.946548059817056
0 67.431640625 24.088541666666664 8.301678777304348 11.068905036405797
0 76.5625 21.940104166666664 7.92282408798045 10.5637654506406
0 80.029296875 25.390625 8.523095729839442 11.364127639785922
0 58.69140625 26.106770833333332 8.642457433170346 11.52327657756046
0 47.8515625 23.2421875 8.154534433525017 10.872712578033356
0 40.72265625 25.651041666666668 8.566692411876344 11.422256549168457
0 32.12890625 29.166666666666668 9.134905729428569 12.17987430590476
