0 41.50390625 86.00260416666666 15.686153901240719 20.914871868320958
0 35.986328125 65.88541666666666 13.729518895510246 18.30602519401366
0 22.412109375 51.5625 12.145842738117919 16.194456984157227
0 2.294921875 59.114583333333336 13.004929048255931 17.339905397674574
0 35.888671875 44.40104166666667 11.270865058971795 15.027820078629059
0 51.26953125 49.8046875 11.937016122807584 15.916021497076779
0 67.7734375 59.9609375 13.097695150070152 17.46359353342687
0 87.841796875 63.28125 13.455449026518924 17.94059870202523
0 85.986328125 91.34114583333334 16.16567704852176 21.554236064695683
0 89.208984375 84.44010416666666 15.543007297664605 20.72400973021947
0 77.34375 55.403645833333336 12.590119228965008 16.78682563862001
0 79.052734375 38.80208333333333 10.536301575703167 14.048402100937555
0 62.939453125 41.66666666666667 10.918300671385692 14.557734228514258
0 62.20703125 33.52864583333333 9.794193442310311 13.05892458974708
0 50.1953125 37.82552083333333 10.40286898746296 13.870491983283944
0 41.455078125 32.94270833333333 9.708235913444133 12.944314551258843
0 30.95703125 35.09114583333333 10.019809057239993 13.359745409653323
0 32.763671875 28.255208333333332 8.991039955234518 11.988053273646026
0 18.212890625 31.966145833333332 9.56325660155786 12.751008802077147
0 10.15625 40.49479166666667 10.763667046233154 14.351556061644205
0 8.984375 28.645833333333332 9.052976668817948 12.07063555842393
0 15.4296875 22.200520833333336 7.969705113037473 10.626273484049964
0 23.33984375 27.5390625 8.876366926421502 11.835155901895336
0 4.248046875 30.403645833333332 9.326603265341873 12.43547102045583
0 4.58984375 24.8046875 8.424178309229896 11.23223774563986
0 27.001953125 23.111979166666664 8.131660519088275 10.842214025451032
0 31.8359375 21.09375 7.768507117527988 10.358009490037318
0 7.470703125 20.377604166666664 7.635495607419925 10.180660809893233
0 2.5390625 16.927083333333336 6.959078522333606 9.278771363111476
0 31.103515625 12.630208333333334 6.011265748166568 8.015020997555423
0 20.458984375 17.057291666666664 6.985792933508055 9.31439057801074
0 12.109375 21.223958333333336 7.792447103762027 10.389929471682702
0 47.509765625 23.2421875 8.154534433525017 10.872712578033356
0 47.802734375 29.1015625 9.124704826492952 12.166273101990603
0 41.259765625 25.260416666666668 8.501213548086012 11.334951397448016
0 58.349609375 25.520833333333332 8.544921875 11.393229166666668
0 61.767578125 30.338541666666668 9.316612257369233 12.42214967649231
0 69.287109375 19.791666666666664 7.524919437217989 10.033225916290652
0 59.423828125 21.354166666666664 7.816313766397521 10.421751688530028
0 49.31640625 18.9453125 7.3622668956389274 9.816355860851903
0 41.50390625 19.205729166666664 7.412693970636669 9.883591960848893
0 36.5234375 19.075520833333336 7.3875234600282 9.850031280037602
0 42.431640625 21.223958333333336 7.792447103762027 10.389929471682702
0 73.974609375 28.385416666666668 9.011732824849489 12.015643766465985
0 74.31640625 34.83072916666667 9.982560567502519 13.310080756670025
0 87.744140625 33.52864583333333 9.794193442310311 13.05892458974708
0 87.841796875 39.6484375 10.650591044076627 14.200788058768838
0 92.431640625 44.53125 11.287379155826983 15.049838874435977
0 12.109375 18.75 7.32421875 9.765625
0 2.734375 19.466145833333336 7.462780310447684 9.950373747263578
0 24.21875 15.494791666666666 6.658149484030587 8.877532645374115
0 18.84765625 15.625 6.686066375795484 8.914755167727312
0 13.916015625 17.057291666666664 6.985792933508055 9.31439057801074
0 5.419921875 17.903645833333336 7.157006469457137 9.542675292609516
0 36.03515625 16.471354166666664 6.864759447755123 9.15301259700683
0 32.03125 16.080729166666664 6.782870718656271 9.043827624875028
0 37.744140625 15.364583333333334 6.6301150458985685 8.840153394531425
0 28.61328125 15.234375 6.60196156395994 8.802615418613254
0 45.1171875 17.317708333333336 7.038917599286375 9.385223465715166
0 61.42578125 15.364583333333334 6.6301150458985685 8.840153394531425
0 66.89453125 23.111979166666664 8.131660519088275 10.842214025451032
0 70.8984375 17.317708333333336 7.038917599286375 9.385223465715166
0 78.41796875 14.6484375 6.473755931273323 8.631674575031097
0 79.58984375 24.674479166666664 8.402038511923953 11.202718015898604
0 89.990234375 24.348958333333336 8.346432086900233 11.128576115866979
0 81.93359375 21.940104166666664 7.92282408798045 10.5637654506406
0 88.916015625 20.182291666666664 7.598815672600545 10.13175423013406
0 92.333984375 30.6640625 9.366460725843998 12.48861430112533
0 97.0703125 53.515625 12.37373958295489 16.498319443939856
0 65.625 15.234375 6.60196156395994 8.802615418613254
0 77.001953125 21.6796875 7.875664001809045 10.500885335745393
0 70.99609375 22.65625 8.051090062422436 10.734786749896582
0 73.33984375 16.2109375 6.810276368536802 9.080368491382403
0 83.740234375 20.638020833333336 7.684129829110212 10.245506438813615
0 79.58984375 17.1875 7.012405574387241 9.349874099182989
0 86.962890625 19.3359375 7.437779301119349 9.917039068159132
0 98.2421875 19.3359375 7.437779301119349 9.917039068159132
0 86.328125 21.6796875 7.875664001809045 10.500885335745393
0 93.408203125 21.484375 7.840107775064166 10.453477033418888
0 98.046875 24.934895833333336 8.446260072691679 11.26168009692224
0 98.974609375 31.8359375 9.543759625922785 12.725012834563712
0 94.189453125 29.231770833333332 9.145095253766906 12.193460338355873
0 96.435546875 23.372395833333336 8.177344364608315 10.903125819477753
0 81.201171875 17.903645833333336 7.157006469457137 9.542675292609516
0 95.361328125 20.5078125 7.659851317145468 10.21313508952729
0 59.08203125 16.796875 6.932261164306974 9.243014885742634
0 54.58984375 14.322916666666666 6.401421192444773 8.53522825659303
0 51.220703125 17.1875 7.012405574387241 9.349874099182989
0 97.802734375 21.223958333333336 7.792447103762027 10.389929471682702
0 63.37890625 14.322916666666666 6.401421192444773 8.53522825659303
0 46.97265625 14.908854166666666 6.531046923532928 8.708062564710572
0 27.5390625 17.7734375 7.130933499479933 9.50791133263991
0 17.333984375 18.229166666666664 7.221777078979024 9.629036105305365
0 20.263671875 22.526041666666664 8.027921409891299 10.703895213188398
0 29.150390625 19.3359375 7.437779301119349 9.917039068159132
0 10.15625 22.200520833333336 7.969705113037473 10.626273484049964
0 7.275390625 17.317708333333336 7.038917599286375 9.385223465715166
0 1.123046875 17.7734375 7.130933499479933 9.50791133263991
0 26.66015625 15.0390625 6.559504779115197 8.746006372153596
0 43.408203125 15.755208333333334 6.7138671875 8.951822916666668
0 87.646484375 25.520833333333332 8.544921875 11.393229166666668
0 82.373046875 18.489583333333336 7.273178276253042 9.697571035004056
0 92.87109375 19.3359375 7.437779301119349 9.917039068159132
0 57.03125 16.080729166666664 6.782870718656271 9.043827624875028
0 40.72265625 15.494791666666666 6.658149484030587 8.877532645374115
0 89.2578125 28.971354166666668 9.104268731797058 12.139024975729411
0 99.51171875 21.809895833333336 7.8992792392241125 10.532372318965482
0 22.265625 15.234375 6.60196156395994 8.802615418613254
