0 31.34765625 48.76302083333333 11.811524951393816 15.748699935191754
0 37.40234375 39.38802083333333 10.615556110184379 14.154074813579173
0 40.4296875 31.119791666666668 9.4358061729372 12.5810748972496
0 53.759765625 38.93229166666667 10.553965128046011 14.07195350406135
0 60.791015625 40.16927083333333 10.720317425689878 14.293756567586504
0 69.287109375 39.58333333333333 10.641843123878598 14.189124165171464
0 88.818359375 40.0390625 10.70292841598522 14.270571221313624
0 83.447265625 42.3828125 11.01173007365034 14.682306764867118
0 77.587890625 43.75 11.187928942763282 14.917238590351042
0 91.162109375 36.78385416666667 10.258628121320564 13.678170828427419
0 86.81640625 32.09635416666667 9.58271390875707 12.77695187834276
0 64.74609375 34.24479166666667 9.898238977189243 13.197651969585658
0 56.201171875 27.408854166666668 8.855357744474432 11.807143659299243
0 56.787109375 34.44010416666667 9.926425761285763 13.235234348381017
0 49.31640625 33.65885416666667 9.813192865486773 13.084257153982362
0 51.66015625 31.4453125 9.485028239697298 12.646704319596397
0 46.875 26.953125 8.78142979122202 11.708573054962693
0 20.263671875 31.770833333333332 9.53399618640949 12.711994915212655
0 10.205078125 34.44010416666667 9.926425761285763 13.235234348381017
0 2.001953125 40.0390625 10.70292841598522 14.270571221313624
0 20.263671875 24.934895833333336 8.446260072691679 11.26168009692224
0 10.791015625 27.083333333333332 8.802615418613255 11.736820558151006
0 4.931640625 27.5390625 8.876366926421502 11.835155901895336
0 71.97265625 30.208333333333332 9.296598029619028 12.395464039492039
0 74.560546875 37.56510416666667 10.366996918617573 13.822662558156765
0 81.689453125 27.083333333333332 8.802615418613255 11.736820558151006
0 77.001953125 29.752604166666668 9.22620633412535 12.301608445500468
0 91.6015625 42.1875 10.986328125 14.6484375
0 97.4609375 28.645833333333332 9.052976668817948 12.07063555842393
0 64.990234375 28.515625 9.03237828793258 12.043171050576774
0 71.875 22.4609375 8.016311973000304 10.688415964000404
