0 75.29296875 92.90364583333334 16.303357408682963 21.73780987824395
0 97.0703125 86.9140625 15.76905600923317 21.025408012310894
0 91.40625 61.328125 13.246175789923525 17.661567719898034
0 63.427734375 66.47135416666666 13.790433993768314 18.387245325024416
0 75.87890625 44.85677083333333 11.328559077923941 15.104745437231923
0 93.26171875 47.91666666666667 11.708573054962693 15.611430739950258
0 90.771484375 37.04427083333333 10.29487780360901 13.726503738145347
0 87.98828125 28.3203125 9.001392336274797 12.001856448366395
0 16.796875 31.380208333333332 9.475204282385269 12.633605709847027
0 3.759765625 28.971354166666668 9.104268731797058 12.139024975729411
0 8.740234375 21.549479166666664 7.85197774064246 10.469303654189947
0 28.7109375 29.8828125 9.24637292940864 12.32849723921152
0 21.435546875 27.34375 8.84483443981289 11.793112586417188
0 5.859375 19.140625 7.400119417103358 9.866825889471144
0 56.0546875 23.111979166666664 8.131660519088275 10.842214025451032
0 65.234375 21.809895833333336 7.8992792392241125 10.532372318965482
0 95.556640625 32.8125 9.689030680168178 12.918707573557572
0 91.89453125 21.549479166666664 7.85197774064246 10.469303654189947
0 79.248046875 20.768229166666664 7.708331872750909 10.277775830334546
0 71.2890625 20.768229166666664 7.708331872750909 10.277775830334546
0 66.69921875 15.4296875 6.644147051109997 8.858862734813329
0 62.255859375 17.96875 7.170007400189656 9.56000986691954
0 46.728515625 15.8203125 6.72772451325946 8.970299351012613
0 38.8671875 16.927083333333336 6.959078522333606 9.278771363111476
0 34.47265625 21.028645833333336 7.756509415978292 10.342012554637723
0 29.00390625 21.6796875 7.875664001809045 10.500885335745393
0 38.57421875 24.088541666666664 8.301678777304348 11.068905036405797
0 20.263671875 22.4609375 8.016311973000304 10.688415964000404
0 17.08984375 16.2109375 6.810276368536802 9.080368491382403
0 4.345703125 19.140625 7.400119417103358 9.866825889471144
0 36.181640625 15.950520833333334 6.755353888299149 9.0071385177322
0 1.3671875 18.880208333333336 7.349606066157407 9.799474754876544
0 22.55859375 19.140625 7.400119417103358 9.866825889471144
0 73.681640625 17.1875 7.012405574387241 9.349874099182989
0 87.20703125 20.5078125 7.659851317145468 10.21313508952729
0 58.740234375 18.880208333333336 7.349606066157407 9.799474754876544
0 50.87890625 11.458333333333332 5.72560517556571 7.634140234087614
0 43.65234375 16.6015625 6.891839471823862 9.189119295765149
0 94.873046875 25.78125 8.588407763348565 11.451210351131419
0 45.60546875 18.880208333333336 7.349606066157407 9.799474754876544
0 24.658203125 20.5078125 7.659851317145468 10.21313508952729
0 83.642578125 21.419270833333336 7.828219811023351 10.437626414697803
0 98.2421875 24.479166666666664 8.36871899463018 11.15829199284024
0 26.513671875 18.880208333333336 7.349606066157407 9.799474754876544
0 99.560546875 21.6796875 7.875664001809045 10.500885335745393
0 35.205078125 17.838541666666664 7.143981879101334 9.525309172135112
0 27.34375 16.731770833333336 6.9188135063199665 9.225084675093289
0 19.482421875 15.950520833333334 6.755353888299149 9.0071385177322
0 71.2890625 15.559895833333334 6.672122530845778 8.896163374461038
0 89.892578125 23.502604166666664 8.200090846279542 10.933454461706056
0 78.271484375 16.731770833333336 6.9188135063199665 9.225084675093289
