0 4.8828125 75.65104166666666 14.711878409660583 19.615837879547446
0 2.34375 72.52604166666666 14.404814112800226 19.206418817066968
0 0.927734375 57.096354166666664 12.781000727155718 17.04133430287429
0 20.99609375 48.56770833333333 11.787846628312968 15.717128837750623
0 24.609375 58.268229166666664 12.911496460758165 17.21532861434422
0 41.30859375 46.74479166666667 11.564511304624277 15.419348406165703
0 42.48046875 55.924479166666664 12.649158798866397 16.865545065155196
0 50.439453125 70.3125 14.183288621365053 18.911051495153405
0 43.408203125 87.109375 15.786764106906205 21.049018809208274
0 98.388671875 66.40625 13.783678943647724 18.378238591530298
0 95.068359375 56.966145833333336 12.766418861909113 17.021891815878817
0 77.099609375 51.041666666666664 12.084344405043538 16.112459206724715
0 63.134765625 52.994791666666664 12.313379517719735 16.41783935695965
0 59.66796875 43.09895833333333 11.10437341226822 14.805831216357626
0 70.703125 41.6015625 10.909767414379564 14.546356552506085
0 88.76953125 43.359375 11.137870844051916 14.850494458735888
0 73.33984375 36.39322916666667 10.204012144348443 13.605349525797925
0 58.30078125 36.5234375 10.22224989284926 13.629666523799013
0 42.7734375 37.04427083333333 10.29487780360901 13.726503738145347
0 22.265625 38.99739583333333 10.562785827561513 14.083714436748682
0 10.888671875 33.13802083333333 9.736972737758677 12.982630317011571
0 20.80078125 28.645833333333332 9.052976668817948 12.07063555842393
0 28.662109375 28.90625 9.094033462982996 12.125377950643994
0 8.10546875 30.078125 9.276540621075844 12.368720828101127
0 50.634765625 29.947916666666668 9.25643975103949 12.341919668052654
0 84.9609375 38.34635416666667 10.474244568927316 13.965659425236424
0 96.044921875 41.2109375 10.85842704752026 14.477902730027015
0 91.11328125 33.3984375 9.775157091093119 13.033542788124159
0 45.947265625 27.213541666666668 8.823750179932228 11.765000239909636
0 39.0625 26.692708333333332 8.738904457566134 11.651872610088178
0 17.333984375 24.609375 8.39094670707246 11.187928942763282
0 10.693359375 22.65625 8.051090062422436 10.734786749896582
0 3.90625 27.213541666666668 8.823750179932228 11.765000239909636
0 19.3359375 21.223958333333336 7.792447103762027 10.389929471682702
0 26.66015625 25.78125 8.588407763348565 11.451210351131419
0 31.884765625 23.046875 8.120199399200482 10.82693253226731
0 39.84375 21.614583333333336 7.863829789260941 10.485106385681254
0 49.267578125 22.526041666666664 8.027921409891299 10.703895213188398
0 44.873046875 24.869791666666664 8.435226416678011 11.246968555570682
0 53.515625 19.3359375 7.437779301119349 9.917039068159132
0 64.892578125 26.432291666666668 8.696171172348027 11.594894896464037
0 72.265625 24.869791666666664 8.435226416678011 11.246968555570682
0 65.380859375 29.817708333333332 9.236295135755345 12.315060181007127
0 58.0078125 23.958333333333336 8.279211405182211 11.038948540242949
0 11.865234375 18.424479166666664 7.2603620931215325 9.680482790828709
0 3.80859375 19.856770833333336 7.537285788103314 10.049714384137753
0 60.791015625 18.424479166666664 7.2603620931215325 9.680482790828709
0 84.033203125 23.307291666666664 8.165947363439729 10.88792981791964
0 90.625 29.036458333333332 9.114492506755418 12.15265667567389
0 72.16796875 30.338541666666668 9.316612257369233 12.42214967649231
0 99.560546875 36.78385416666667 10.258628121320564 13.678170828427419
0 99.853515625 44.40104166666667 11.270865058971795 15.027820078629059
0 1.806640625 19.3359375 7.437779301119349 9.917039068159132
0 8.49609375 18.9453125 7.3622668956389274 9.816355860851903
0 17.529296875 19.3359375 7.437779301119349 9.917039068159132
0 27.294921875 19.075520833333336 7.3875234600282 9.850031280037602
0 43.505859375 16.9921875 6.972448522214271 9.296598029619028
0 59.47265625 17.252604166666664 7.025674092542321 9.367565456723094
0 69.3359375 25.260416666666668 8.501213548086012 11.334951397448016
0 64.990234375 21.875 7.911060422861158 10.548080563814876
0 81.005859375 24.088541666666664 8.301678777304348 11.068905036405797
0 75.87890625 24.348958333333336 8.346432086900233 11.128576115866979
0 76.3671875 30.46875 9.336583582018038 12.448778109357384
0 90.72265625 24.609375 8.39094670707246 11.187928942763282
0 86.328125 28.515625 9.03237828793258 12.043171050576774
0 79.443359375 28.125 8.970299351012615 11.960399134683486
0 95.654296875 23.567708333333336 8.211440458419013 10.948587277892017
0 5.56640625 18.1640625 7.208869513560617 9.611826018080823
0 33.740234375 17.3828125 7.052136235529384 9.40284831403918
0 21.97265625 18.815104166666664 7.336923388776433 9.782564518368577
0 4.19921875 22.786458333333336 8.074192233473482 10.765589644631309
0 81.103515625 18.294270833333336 7.234661615679748 9.646215487572997
0 69.04296875 16.471354166666664 6.864759447755123 9.15301259700683
0 60.302734375 13.997395833333334 6.328259690346595 8.437679587128793
0 51.953125 19.075520833333336 7.3875234600282 9.850031280037602
0 47.705078125 15.559895833333334 6.672122530845778 8.896163374461038
0 41.6015625 16.861979166666664 6.945682786096826 9.260910381462436
0 33.935546875 20.247395833333336 7.611061958825638 10.148082611767517
0 24.609375 17.122395833333336 6.9991119025755095 9.332149203434014
0 36.42578125 16.731770833333336 6.9188135063199665 9.225084675093289
0 56.34765625 16.2109375 6.810276368536802 9.080368491382403
0 45.751953125 18.1640625 7.208869513560617 9.611826018080823
0 97.314453125 21.875 7.911060422861158 10.548080563814876
0 97.998046875 33.7890625 9.832155574699105 13.109540766265473
0 59.5703125 34.30989583333333 9.907643481901811 13.210191309202415
0 35.9375 19.075520833333336 7.3875234600282 9.850031280037602
0 78.271484375 19.075520833333336 7.3875234600282 9.850031280037602
0 98.974609375 23.958333333333336 8.279211405182211 11.038948540242949
0 75.78125 17.903645833333336 7.157006469457137 9.542675292609516
0 99.462890625 22.526041666666664 8.027921409891299 10.703895213188398
0 58.10546875 16.9921875 6.972448522214271 9.296598029619028
0 29.052734375 17.7734375 7.130933499479933 9.50791133263991
0 7.03125 21.09375 7.768507117527988 10.358009490037318
0 85.9375 34.30989583333333 9.907643481901811 13.210191309202415
0 89.16015625 21.875 7.911060422861158 10.548080563814876
0 84.814453125 20.247395833333336 7.611061958825638 10.148082611767517
0 65.576171875 17.252604166666664 7.025674092542321 9.367565456723094
0 37.5 17.252604166666664 7.025674092542321 9.367565456723094
0 92.87109375 26.171875 8.653226854710587 11.537635806280782
0 31.103515625 16.6015625 6.891839471823862 9.189119295765149
0 1.611328125 22.786458333333336 8.074192233473482 10.765589644631309
0 27.880859375 22.135416666666664 7.958010748538389 10.610680998051187
0 20.41015625 18.424479166666664 7.2603620931215325 9.680482790828709
0 56.25 31.575520833333332 9.50464569238125 12.672860923174998
0 41.89453125 31.8359375 9.543759625922785 12.725012834563712
0 55.56640625 27.473958333333332 8.865868558553435 11.821158078071248
0 86.9140625 31.705729166666668 9.524222738236839 12.698963650982451
0 71.19140625 20.963541666666664 7.7444931277157725 10.325990836954363
0 23.4375 20.247395833333336 7.611061958825638 10.148082611767517
0 15.283203125 22.786458333333336 8.074192233473482 10.765589644631309
0 88.18359375 23.697916666666664 8.234092750996119 10.978790334661493
0 89.0625 20.703125 7.6962403643301345 10.261653819106845
0 37.20703125 22.005208333333336 7.9345703125 10.579427083333332
0 41.30859375 19.596354166666664 7.487697843252746 9.983597124336994
0 25.390625 20.833333333333336 7.720404443770458 10.293872591693944
0 30.224609375 18.9453125 7.3622668956389274 9.816355860851903
0 58.10546875 20.247395833333336 7.611061958825638 10.148082611767517
0 56.15234375 22.005208333333336 7.9345703125 10.579427083333332
0 93.310546875 23.307291666666664 8.165947363439729 10.88792981791964
