0 96.58203125 89.453125 15.997732448829538 21.330309931772717
0 86.376953125 91.015625 16.13684578418248 21.515794378909973
0 66.89453125 83.13802083333334 15.422703574820895 20.563604766427858
0 34.765625 83.52864583333334 15.458892995500415 20.611857327333887
0 6.982421875 68.48958333333334 13.998223805151019 18.664298406868028
0 1.3671875 60.611979166666664 13.16860901513148 17.55814535350864
0 52.294921875 52.213541666666664 12.222280514221671 16.29637401896223
0 50.48828125 49.21875 11.866590634291736 15.822120845722315
0 49.70703125 39.51822916666667 10.633088006704314 14.177450675605751
0 60.44921875 34.04947916666667 9.869971697263324 13.159962263017766
0 70.166015625 69.01041666666666 14.051348185084642 18.735130913446188
0 75.927734375 68.48958333333334 13.998223805151019 18.664298406868028
0 86.962890625 65.88541666666666 13.729518895510246 18.30602519401366
0 80.46875 44.27083333333333 11.254326730093856 15.005768973458474
0 82.6171875 41.47135416666667 10.892680845687712 14.523574460916949
0 85.888671875 31.705729166666668 9.524222738236839 12.698963650982451
0 92.431640625 30.598958333333332 9.35651227829339 12.475349704391189
0 90.771484375 29.166666666666668 9.134905729428569 12.17987430590476
0 87.255859375 25.390625 8.523095729839442 11.364127639785922
0 75.439453125 29.6875 9.216106488367615 12.288141984490153
0 74.169921875 33.26822916666667 9.756083595670033 13.008111460893376
0 70.849609375 24.479166666666664 8.36871899463018 11.15829199284024
0 71.240234375 23.046875 8.120199399200482 10.82693253226731
0 68.603515625 25.390625 8.523095729839442 11.364127639785922
0 60.25390625 23.828125 8.256682897014576 11.008910529352768
0 59.228515625 25.651041666666668 8.566692411876344 11.422256549168457
0 62.40234375 17.903645833333336 7.157006469457137 9.542675292609516
0 61.5234375 20.572916666666664 7.672000176987631 10.229333569316841
0 60.3515625 19.075520833333336 7.3875234600282 9.850031280037602
0 48.73046875 22.526041666666664 8.027921409891299 10.703895213188398
0 50.09765625 19.075520833333336 7.3875234600282 9.850031280037602
0 31.73828125 20.833333333333336 7.720404443770458 10.293872591693944
0 20.654296875 19.986979166666664 7.561957820656658 10.08261042754221
0 12.6953125 18.815104166666664 7.336923388776433 9.782564518368577
0 1.904296875 23.828125 8.256682897014576 11.008910529352768
0 4.638671875 25.651041666666668 8.566692411876344 11.422256549168457
0 3.369140625 32.6171875 9.660151239834237 12.880201653112316
0 20.166015625 26.692708333333332 8.738904457566134 11.651872610088178
0 41.064453125 25.78125 8.588407763348565 11.451210351131419
0 91.943359375 62.3046875 13.351222445207128 17.801629926942837
0 95.99609375 52.994791666666664 12.313379517719735 16.41783935695965
0 82.71484375 49.34895833333333 11.882276815143912 15.843035753525218
0 75.048828125 53.645833333333336 12.388783648794213 16.518378198392284
0 69.384765625 61.002604166666664 13.210974622749855 17.61463283033314
0 45.80078125 54.752604166666664 12.515928133795093 16.687904178393456
0 51.904296875 44.140625 11.237764062208234 14.983685416277645
0 65.234375 42.83854166666667 11.070774625986973 14.761032834649296
0 71.142578125 41.34114583333333 10.87556743237638 14.500756576501841
0 80.17578125 38.34635416666667 10.474244568927316 13.965659425236424
0 85.986328125 37.43489583333333 10.349014256477766 13.798685675303688
0 90.771484375 43.359375 11.137870844051916 14.850494458735888
0 90.185546875 34.5703125 9.945172568847854 13.26023009179714
0 99.609375 41.47135416666667 10.892680845687712 14.523574460916949
0 99.70703125 28.776041666666668 9.073528288158268 12.098037717544358
0 94.53125 29.427083333333332 9.175595934065496 12.234127912087327
0 89.599609375 25.520833333333332 8.544921875 11.393229166666668
0 72.998046875 29.817708333333332 9.236295135755345 12.315060181007127
0 64.35546875 32.6171875 9.660151239834237 12.880201653112316
0 47.94921875 36.00260416666667 10.149102263376399 13.53213635116853
0 48.73046875 29.947916666666668 9.25643975103949 12.341919668052654
0 44.04296875 32.74739583333333 9.679413773897526 12.905885031863368
0 37.255859375 42.83854166666667 11.070774625986973 14.761032834649296
0 28.515625 36.65364583333333 10.240455160865794 13.653940214487726
0 22.216796875 50.0 11.960399134683488 15.947198846244651
0 31.54296875 34.83072916666667 9.982560567502519 13.310080756670025
0 8.154296875 38.99739583333333 10.562785827561513 14.083714436748682
0 30.37109375 26.302083333333332 8.674725588105405 11.56630078414054
0 36.376953125 25.0 8.457279333832409 11.276372445109878
0 44.23828125 22.005208333333336 7.9345703125 10.579427083333332
0 34.08203125 18.5546875 7.28597191547444 9.714629220632586
0 27.83203125 19.466145833333336 7.462780310447684 9.950373747263578
0 22.216796875 24.479166666666664 8.36871899463018 11.15829199284024
0 27.24609375 22.916666666666664 8.097228492078614 10.796304656104818
0 18.701171875 30.859375 9.396242870080965 12.52832382677462
0 9.521484375 26.953125 8.78142979122202 11.708573054962693
0 6.103515625 31.8359375 9.543759625922785 12.725012834563712
0 1.3671875 29.6875 9.216106488367615 12.288141984490153
0 5.322265625 22.005208333333336 7.9345703125 10.579427083333332
0 16.9921875 22.786458333333336 8.074192233473482 10.765589644631309
0 50.1953125 26.302083333333332 8.674725588105405 11.56630078414054
0 42.236328125 20.377604166666664 7.635495607419925 10.180660809893233
0 52.978515625 24.869791666666664 8.435226416678011 11.246968555570682
0 52.001953125 9.700520833333332 5.268150787851583 7.024201050468777
0 99.31640625 22.265625 7.981382342908947 10.641843123878598
0 93.359375 22.526041666666664 8.027921409891299 10.703895213188398
0 87.060546875 20.703125 7.6962403643301345 10.261653819106845
0 96.19140625 22.265625 7.981382342908947 10.641843123878598
0 82.12890625 25.390625 8.523095729839442 11.364127639785922
0 76.513671875 19.596354166666664 7.487697843252746 9.983597124336994
0 66.69921875 21.614583333333336 7.863829789260941 10.485106385681254
0 46.875 20.5078125 7.659851317145468 10.21313508952729
0 64.94140625 16.341145833333336 6.837572174807153 9.116762899742872
0 0.78125 17.643229166666664 7.104764847914316 9.473019797219088
0 2.685546875 15.690104166666666 6.699981201202437 8.933308268269917
0 6.591796875 18.9453125 7.3622668956389274 9.816355860851903
0 3.759765625 16.861979166666664 6.945682786096826 9.260910381462436
0 8.349609375 17.252604166666664 7.025674092542321 9.367565456723094
0 6.787109375 15.299479166666666 6.61605328023645 8.821404373648601
0 5.126953125 15.559895833333334 6.672122530845778 8.896163374461038
0 10.107421875 15.4296875 6.644147051109997 8.858862734813329
0 11.03515625 16.471354166666664 6.864759447755123 9.15301259700683
0 15.0390625 15.950520833333334 6.755353888299149 9.0071385177322
0 18.896484375 19.205729166666664 7.412693970636669 9.883591960848893
0 20.751953125 16.2109375 6.810276368536802 9.080368491382403
0 17.67578125 16.2109375 6.810276368536802 9.080368491382403
0 19.091796875 13.346354166666666 6.179338602086361 8.239118136115147
0 20.556640625 13.997395833333334 6.328259690346595 8.437679587128793
0 21.826171875 13.8671875 6.298757153488249 8.398342871317666
0 23.388671875 15.8203125 6.72772451325946 8.970299351012613
0 24.853515625 14.2578125 6.386855937639267 8.515807916852356
0 26.025390625 16.2109375 6.810276368536802 9.080368491382403
0 28.22265625 15.690104166666666 6.699981201202437 8.933308268269917
0 29.78515625 18.684895833333336 7.311492035346033 9.748656047128044
0 32.32421875 14.6484375 6.473755931273323 8.631674575031097
0 30.859375 13.346354166666666 6.179338602086361 8.239118136115147
0 28.61328125 12.565104166666666 5.995752778438873 7.9943370379184975
0 27.1484375 13.8671875 6.298757153488249 8.398342871317666
0 33.30078125 12.565104166666666 5.995752778438873 7.9943370379184975
0 35.05859375 14.388020833333334 6.415953381844678 8.554604509126236
0 30.078125 16.080729166666664 6.782870718656271 9.043827624875028
0 36.474609375 13.8671875 6.298757153488249 8.398342871317666
0 37.744140625 15.690104166666666 6.699981201202437 8.933308268269917
0 39.306640625 14.778645833333334 6.502464524127966 8.669952698837287
0 38.134765625 18.815104166666664 7.336923388776433 9.782564518368577
0 40.283203125 13.216145833333334 6.149121606326259 8.198828808435012
0 41.357421875 17.122395833333336 6.9991119025755095 9.332149203434014
0 43.84765625 16.080729166666664 6.782870718656271 9.043827624875028
0 45.5078125 14.518229166666666 6.444919458600731 8.593225944800976
0 43.75 12.174479166666668 5.901818727360142 7.8690916364801895
0 47.16796875 12.955729166666666 6.088237714617921 8.117650286157229
0 48.33984375 15.690104166666666 6.699981201202437 8.933308268269917
0 49.51171875 16.2109375 6.810276368536802 9.080368491382403
0 49.90234375 13.736979166666666 6.269115778861736 8.358821038482315
0 51.171875 17.252604166666664 7.025674092542321 9.367565456723094
0 52.490234375 20.247395833333336 7.611061958825638 10.148082611767517
0 42.724609375 17.122395833333336 6.9991119025755095 9.332149203434014
0 55.517578125 11.1328125 5.6436895779134915 7.524919437217989
0 55.517578125 14.127604166666666 6.3576253222655215 8.476833763020695
0 57.373046875 11.783854166666668 5.806365231457656 7.741820308610207
0 58.544921875 12.565104166666666 5.995752778438873 7.9943370379184975
0 57.568359375 14.6484375 6.473755931273323 8.631674575031097
0 58.251953125 16.6015625 6.891839471823862 9.189119295765149
0 58.837890625 18.5546875 7.28597191547444 9.714629220632586
0 60.3515625 13.4765625 6.209408553886659 8.279211405182211
0 61.9140625 13.736979166666666 6.269115778861736 8.358821038482315
0 61.03515625 15.690104166666666 6.699981201202437 8.933308268269917
0 65.8203125 13.216145833333334 6.149121606326259 8.198828808435012
0 67.28515625 15.299479166666666 6.61605328023645 8.821404373648601
0 71.826171875 12.825520833333334 6.057566296777102 8.076755062369468
0 73.095703125 12.955729166666666 6.088237714617921 8.117650286157229
0 75.146484375 13.4765625 6.209408553886659 8.279211405182211
0 77.5390625 14.518229166666666 6.444919458600731 8.593225944800976
0 79.00390625 12.825520833333334 6.057566296777102 8.076755062369468
0 79.78515625 17.903645833333336 7.157006469457137 9.542675292609516
0 80.95703125 14.6484375 6.473755931273323 8.631674575031097
0 82.32421875 16.6015625 6.891839471823862 9.189119295765149
0 84.814453125 19.596354166666664 7.487697843252746 9.983597124336994
0 83.203125 21.875 7.911060422861158 10.548080563814876
0 86.474609375 16.341145833333336 6.837572174807153 9.116762899742872
0 88.134765625 15.950520833333334 6.755353888299149 9.0071385177322
0 89.501953125 15.4296875 6.644147051109997 8.858862734813329
0 88.720703125 18.815104166666664 7.336923388776433 9.782564518368577
0 91.259765625 21.744791666666664 7.887480458569388 10.51664061142585
0 91.650390625 19.3359375 7.437779301119349 9.917039068159132
0 93.65234375 17.643229166666664 7.104764847914316 9.473019797219088
0 95.41015625 19.075520833333336 7.3875234600282 9.850031280037602
0 96.875 19.596354166666664 7.487697843252746 9.983597124336994
0 69.873046875 13.736979166666666 6.269115778861736 8.358821038482315
0 68.798828125 12.044270833333332 5.870173358664351 7.826897811552468
0 0.48828125 52.213541666666664 12.222280514221671 16.29637401896223
