0 88.134765625 76.953125 14.837946510184594 19.783928680246124
0 85.05859375 39.58333333333333 10.641843123878598 14.189124165171464
0 72.705078125 42.31770833333333 11.00326927326657 14.671025697688759
0 99.462890625 52.864583333333336 12.298243212652517 16.397657616870024
0 94.873046875 38.671875 10.518608361580863 14.024811148774482
0 91.552734375 33.46354166666667 9.784679896167846 13.046239861557126
0 98.4375 35.61197916666667 10.093893681970965 13.458524909294619
0 84.5703125 28.450520833333332 9.02206146184966 12.029415282466214
0 90.966796875 27.994791666666668 8.94951068030712 11.932680907076158
0 98.388671875 29.6875 9.216106488367615 12.288141984490153
0 75.9765625 29.361979166666668 9.16544031840894 12.220587091211922
0 65.0390625 35.28645833333333 10.047654805392046 13.39687307385606
0 43.26171875 40.95052083333333 10.824064850444458 14.432086467259278
0 36.71875 31.184895833333332 9.445671106287941 12.594228141717254
0 29.8828125 34.83072916666667 9.982560567502519 13.310080756670025
0 11.9140625 47.72135416666667 11.684686107834867 15.579581477113155
0 0.68359375 36.5234375 10.22224989284926 13.629666523799013
0 3.3203125 29.036458333333332 9.114492506755418 12.15265667567389
0 7.373046875 22.330729166666664 7.993042513249997 10.657390017666662
0 14.208984375 20.963541666666664 7.7444931277157725 10.325990836954363
0 29.296875 22.8515625 8.085718566584333 10.780958088779109
0 18.798828125 19.791666666666664 7.524919437217989 10.033225916290652
0 11.1328125 16.2109375 6.810276368536802 9.080368491382403
0 3.564453125 15.364583333333334 6.6301150458985685 8.840153394531425
0 32.6171875 18.098958333333336 7.195938795502683 9.594585060670244
0 36.71875 25.9765625 8.620878229873984 11.494504306498644
0 49.90234375 27.734375 8.907787792557633 11.877050390076842
0 62.744140625 27.734375 8.907787792557633 11.877050390076842
0 78.857421875 23.567708333333336 8.211440458419013 10.948587277892017
0 64.306640625 25.065104166666668 8.468284256293707 11.291045675058275
0 59.86328125 18.229166666666664 7.221777078979024 9.629036105305365
0 87.40234375 22.981770833333336 8.108722079825698 10.811629439767596
0 93.505859375 25.390625 8.523095729839442 11.364127639785922
0 93.359375 17.447916666666664 7.065330140863174 9.420440187817565
0 75.732421875 16.2109375 6.810276368536802 9.080368491382403
0 79.638671875 20.247395833333336 7.611061958825638 10.148082611767517
0 86.42578125 20.638020833333336 7.684129829110212 10.245506438813615
0 99.462890625 23.697916666666664 8.234092750996119 10.978790334661493
0 54.736328125 18.880208333333336 7.349606066157407 9.799474754876544
0 46.58203125 21.614583333333336 7.863829789260941 10.485106385681254
0 44.04296875 11.979166666666668 5.854286527481347 7.805715369975129
0 37.890625 12.760416666666666 6.042172202521769 8.056229603362357
0 40.52734375 22.330729166666664 7.993042513249997 10.657390017666662
0 50.390625 17.057291666666664 6.985792933508055 9.31439057801074
0 40.283203125 18.815104166666664 7.336923388776433 9.782564518368577
0 53.7109375 11.067708333333332 5.627163365046928 7.502884486729237
0 48.73046875 11.653645833333332 5.7741967555006415 7.698929007334189
0 53.466796875 13.0859375 6.118755388111396 8.15834051748186
0 48.4375 13.4765625 6.209408553886659 8.279211405182211
0 42.822265625 16.731770833333336 6.9188135063199665 9.225084675093289
0 28.076171875 19.596354166666664 7.487697843252746 9.983597124336994
0 19.82421875 16.080729166666664 6.782870718656271 9.043827624875028
0 29.541015625 16.2109375 6.810276368536802 9.080368491382403
0 25.1953125 15.8203125 6.72772451325946 8.970299351012613
