0 18.06640625 68.359375 13.984911178454102 18.646548237938802
0 83.251953125 88.73697916666666 15.933566262459244 21.244755016612327
0 26.7578125 43.09895833333333 11.10437341226822 14.805831216357626
0 33.251953125 36.5234375 10.22224989284926 13.629666523799013
0 22.265625 35.9375 10.139921707663666 13.51989561021822
0 23.291015625 25.390625 8.523095729839442 11.364127639785922
0 13.96484375 25.716145833333332 8.57755695956738 11.436742612756506
0 8.59375 30.2734375 9.306610523667546 12.408814031556727
0 1.171875 35.02604166666667 10.010509928501419 13.347346571335224
0 6.982421875 21.614583333333336 7.863829789260941 10.485106385681254
0 1.611328125 20.1171875 7.586549618320344 10.115399491093791
0 24.12109375 17.057291666666664 6.985792933508055 9.31439057801074
0 31.982421875 16.927083333333336 6.959078522333606 9.278771363111476
0 37.59765625 26.7578125 8.749555167743805 11.66607355699174
0 50.244140625 19.010416666666664 7.37490598974278 9.833207986323707
0 42.48046875 27.5390625 8.876366926421502 11.835155901895336
0 53.564453125 19.010416666666664 7.37490598974278 9.833207986323707
0 61.669921875 20.247395833333336 7.611061958825638 10.148082611767517
0 87.79296875 32.09635416666667 9.58271390875707 12.77695187834276
0 71.923828125 31.8359375 9.543759625922785 12.725012834563712
0 0.927734375 17.838541666666664 7.143981879101334 9.525309172135112
0 17.96875 15.494791666666666 6.658149484030587 8.877532645374115
0 29.345703125 17.3828125 7.052136235529384 9.40284831403918
0 39.84375 18.5546875 7.28597191547444 9.714629220632586
0 56.54296875 16.731770833333336 6.9188135063199665 9.225084675093289
0 64.990234375 16.6015625 6.891839471823862 9.189119295765149
0 35.64453125 21.158854166666664 7.780486318348366 10.373981757797822
0 16.357421875 19.3359375 7.437779301119349 9.917039068159132
0 5.2734375 18.5546875 7.28597191547444 9.714629220632586
0 98.876953125 34.375 9.91703906815913 13.222718757545508
0 96.826171875 24.0234375 8.290452702152177 11.053936936202902
0 82.91015625 20.703125 7.6962403643301345 10.261653819106845
0 73.876953125 21.744791666666664 7.887480458569388 10.51664061142585
0 83.59375 27.213541666666668 8.823750179932228 11.765000239909636
0 91.015625 22.395833333333336 8.00468569861084 10.672914264814453
0 78.22265625 21.614583333333336 7.863829789260941 10.485106385681254
0 69.873046875 15.0390625 6.559504779115197 8.746006372153596
0 79.6875 17.1875 7.012405574387241 9.349874099182989
0 67.626953125 15.8203125 6.72772451325946 8.970299351012613
0 47.607421875 14.908854166666666 6.531046923532928 8.708062564710572
0 85.7421875 17.1875 7.012405574387241 9.349874099182989
0 75.927734375 16.6015625 6.891839471823862 9.189119295765149
0 43.65234375 17.057291666666664 6.985792933508055 9.31439057801074
0 24.90234375 13.997395833333334 6.328259690346595 8.437679587128793
0 95.458984375 29.361979166666668 9.16544031840894 12.220587091211922
0 51.416015625 13.541666666666666 6.224389054678692 8.299185406238257
0 72.265625 15.494791666666666 6.658149484030587 8.877532645374115
0 94.53125 24.21875 8.324085508414218 11.098780677885625
0 45.458984375 15.494791666666666 6.658149484030587 8.877532645374115
0 35.64453125 17.643229166666664 7.104764847914316 9.473019797219088
0 94.53125 20.703125 7.6962403643301345 10.261653819106845
0 38.37890625 17.1875 7.012405574387241 9.349874099182989
0 9.1796875 19.661458333333336 7.500125566067204 10.00016742142294
0 60.05859375 13.997395833333334 6.328259690346595 8.437679587128793
0 44.53125 22.65625 8.051090062422436 10.734786749896582
