0 78.125 35.48177083333333 10.075423595714831 13.433898127619774
0 98.92578125 32.421875 9.631185203893738 12.84158027185832
0 90.087890625 17.838541666666664 7.143981879101334 9.525309172135112
0 72.4609375 19.205729166666664 7.412693970636669 9.883591960848893
0 66.064453125 22.135416666666664 7.958010748538389 10.610680998051187
0 75.830078125 15.625 6.686066375795484 8.914755167727312
0 57.32421875 16.471354166666664 6.864759447755123 9.15301259700683
0 68.505859375 14.778645833333334 6.502464524127966 8.669952698837287
0 55.615234375 15.4296875 6.644147051109997 8.858862734813329
0 26.708984375 15.950520833333334 6.755353888299149 9.0071385177322
0 4.8828125 20.442708333333336 7.647683158045451 10.196910877393934
0 24.267578125 16.471354166666664 6.864759447755123 9.15301259700683
0 5.908203125 16.666666666666664 6.905339660024879 9.207119546699838
0 23.876953125 16.796875 6.932261164306974 9.243014885742634
0 65.52734375 14.778645833333334 6.502464524127966 8.669952698837287
0 77.099609375 16.666666666666664 6.905339660024879 9.207119546699838
0 98.92578125 27.994791666666668 8.94951068030712 11.932680907076158
0 71.6796875 13.736979166666666 6.269115778861736 8.358821038482315
