0 96.240234375 42.64322916666667 11.045508466097326 14.7273446214631
0 99.4140625 51.822916666666664 12.176475429235841 16.235300572314458
0 70.654296875 39.77864583333333 10.668065364348472 14.224087152464628
0 54.8828125 47.39583333333333 11.644765642296699 15.526354189728933
0 70.5078125 30.989583333333332 9.416045300623482 12.554727067497975
0 64.35546875 24.8046875 8.424178309229896 11.23223774563986
0 67.08984375 30.794270833333332 9.386325988299376 12.515101317732501
0 91.162109375 36.78385416666667 10.258628121320564 13.678170828427419
0 97.75390625 37.3046875 10.331000292853245 13.77466705713766
0 96.58203125 28.450520833333332 9.02206146184966 12.029415282466214
0 85.205078125 28.90625 9.094033462982996 12.125377950643994
0 79.638671875 30.013020833333332 9.266495636406846 12.35532751520913
0 98.974609375 32.35677083333333 9.621510480001493 12.828680640001991
0 77.880859375 26.236979166666668 8.66398288975732 11.551977186343091
0 52.734375 34.44010416666667 9.926425761285763 13.235234348381017
0 54.39453125 24.8046875 8.424178309229896 11.23223774563986
0 49.560546875 27.473958333333332 8.865868558553435 11.821158078071248
0 37.353515625 25.78125 8.588407763348565 11.451210351131419
0 29.98046875 30.989583333333332 9.416045300623482 12.554727067497975
0 23.388671875 31.575520833333332 9.50464569238125 12.672860923174998
0 19.677734375 40.625 10.780958088779109 14.374610785038813
0 16.6015625 26.5625 8.717563999686098 11.62341866624813
0 6.201171875 26.236979166666668 8.66398288975732 11.551977186343091
0 2.1484375 32.35677083333333 9.621510480001493 12.828680640001991
0 41.015625 23.697916666666664 8.234092750996119 10.978790334661493
0 2.1484375 16.276041666666664 6.823937919616058 9.09858389282141
0 3.955078125 21.028645833333336 7.756509415978292 10.342012554637723
0 7.373046875 18.489583333333336 7.273178276253042 9.697571035004056
0 5.810546875 16.145833333333336 6.796587356970242 9.062116475960323
0 8.88671875 15.625 6.686066375795484 8.914755167727312
0 10.107421875 15.494791666666666 6.658149484030587 8.877532645374115
0 13.18359375 15.299479166666666 6.61605328023645 8.821404373648601
0 14.501953125 14.0625 6.342959500374307 8.457279333832409
0 16.50390625 13.932291666666666 6.313525654778199 8.418034206370931
0 14.111328125 20.703125 7.6962403643301345 10.261653819106845
0 16.259765625 18.815104166666664 7.336923388776433 9.782564518368577
0 18.505859375 17.1875 7.012405574387241 9.349874099182989
0 20.99609375 23.697916666666664 8.234092750996119 10.978790334661493
0 18.603515625 12.825520833333334 6.057566296777102 8.076755062369468
0 19.23828125 14.0625 6.342959500374307 8.457279333832409
0 21.484375 14.713541666666666 6.488126106405426 8.650834808540568
0 23.388671875 13.606770833333334 6.2393335877260965 8.319111450301463
0 24.8046875 12.825520833333334 6.057566296777102 8.076755062369468
0 25.634765625 14.0625 6.342959500374307 8.457279333832409
0 25.48828125 16.6015625 6.891839471823862 9.189119295765149
0 26.904296875 18.294270833333336 7.234661615679748 9.646215487572997
0 28.125 15.494791666666666 6.658149484030587 8.877532645374115
0 29.39453125 20.247395833333336 7.611061958825638 10.148082611767517
0 26.806640625 22.916666666666664 8.097228492078614 10.796304656104818
0 31.298828125 13.932291666666666 6.313525654778199 8.418034206370931
0 32.03125 12.825520833333334 6.057566296777102 8.076755062369468
0 33.88671875 15.299479166666666 6.61605328023645 8.821404373648601
0 30.810546875 16.276041666666664 6.823937919616058 9.09858389282141
0 32.373046875 19.596354166666664 7.487697843252746 9.983597124336994
0 34.716796875 19.140625 7.400119417103358 9.866825889471144
0 36.865234375 13.606770833333334 6.2393335877260965 8.319111450301463
0 38.28125 12.955729166666666 6.088237714617921 8.117650286157229
0 39.35546875 15.494791666666666 6.658149484030587 8.877532645374115
0 42.333984375 13.0859375 6.118755388111396 8.15834051748186
0 42.333984375 17.708333333333336 7.117861199762329 9.490481599683106
0 44.43359375 21.028645833333336 7.756509415978292 10.342012554637723
0 44.091796875 13.411458333333334 6.194391824397107 8.259189099196142
0 45.654296875 12.955729166666666 6.088237714617921 8.117650286157229
0 48.583984375 12.630208333333334 6.011265748166568 8.015020997555423
0 45.654296875 16.40625 6.8511792970714245 9.134905729428567
0 49.90234375 20.052083333333336 7.574263699945591 10.099018266594122
0 49.658203125 16.40625 6.8511792970714245 9.134905729428567
0 49.4140625 14.192708333333334 6.372257390692475 8.496343187589966
0 52.490234375 11.197916666666668 5.660167538754702 7.546890051672936
0 55.95703125 12.630208333333334 6.011265748166568 8.015020997555423
0 58.056640625 12.825520833333334 6.057566296777102 8.076755062369468
0 60.9375 10.7421875 5.543793372981247 7.391724497308329
0 60.205078125 12.825520833333334 6.057566296777102 8.076755062369468
0 60.693359375 14.84375 6.516771394062079 8.689028525416106
0 58.88671875 16.927083333333336 6.959078522333606 9.278771363111476
0 59.375 21.158854166666664 7.780486318348366 10.373981757797822
0 68.603515625 22.4609375 8.016311973000304 10.688415964000404
0 64.013671875 19.401041666666664 7.450290292806215 9.933720390408286
0 65.087890625 15.950520833333334 6.755353888299149 9.0071385177322
0 65.4296875 13.28125 6.16424861960576 8.218998159474348
0 68.1640625 15.625 6.686066375795484 8.914755167727312
0 70.5078125 13.28125 6.16424861960576 8.218998159474348
0 71.826171875 13.606770833333334 6.2393335877260965 8.319111450301463
0 72.900390625 13.932291666666666 6.313525654778199 8.418034206370931
0 74.31640625 14.0625 6.342959500374307 8.457279333832409
0 75.732421875 13.0859375 6.118755388111396 8.15834051748186
0 76.220703125 14.84375 6.516771394062079 8.689028525416106
0 77.392578125 16.145833333333336 6.796587356970242 9.062116475960323
0 72.0703125 18.9453125 7.3622668956389274 9.816355860851903
0 74.4140625 22.265625 7.981382342908947 10.641843123878598
0 79.8828125 16.40625 6.8511792970714245 9.134905729428567
0 81.298828125 14.518229166666666 6.444919458600731 8.593225944800976
0 82.470703125 15.625 6.686066375795484 8.914755167727312
0 83.544921875 19.140625 7.400119417103358 9.866825889471144
0 87.109375 16.40625 6.8511792970714245 9.134905729428567
0 85.9375 15.8203125 6.72772451325946 8.970299351012613
0 88.525390625 19.270833333333336 7.425247229367944 9.900329639157258
0 91.015625 17.1875 7.012405574387241 9.349874099182989
0 87.939453125 24.153645833333336 8.312889692307273 11.083852923076364
0 90.52734375 26.888020833333332 8.770817787597604 11.694423716796805
0 91.6015625 21.809895833333336 7.8992792392241125 10.532372318965482
0 93.1640625 17.708333333333336 7.117861199762329 9.490481599683106
0 95.751953125 18.815104166666664 7.336923388776433 9.782564518368577
0 94.82421875 22.265625 7.981382342908947 10.641843123878598
0 98.486328125 19.921875 7.549631882844837 10.066175843793117
0 96.826171875 23.567708333333336 8.211440458419013 10.948587277892017
0 99.31640625 27.1484375 8.81318913463968 11.750918846186241
0 80.126953125 23.372395833333336 8.177344364608315 10.903125819477753
