0 33.056640625 49.86979166666667 11.944815546130936 15.92642072817458
0 48.583984375 56.705729166666664 12.737205050481693 16.982940067308924
0 58.447265625 41.53645833333333 10.901227477717134 14.53496997028951
0 85.107421875 58.528645833333336 12.940316801217158 17.25375573495621
0 86.962890625 32.03125 9.572990198582838 12.763986931443785
0 70.5078125 17.7734375 7.130933499479933 9.50791133263991
0 78.466796875 15.104166666666666 6.573687508709111 8.764916678278816
0 44.677734375 14.518229166666666 6.444919458600731 8.593225944800976
0 38.4765625 17.057291666666664 6.985792933508055 9.31439057801074
0 8.88671875 23.567708333333336 8.211440458419013 10.948587277892017
0 3.759765625 17.7734375 7.130933499479933 9.50791133263991
0 24.951171875 16.666666666666664 6.905339660024879 9.207119546699838
0 34.130859375 19.596354166666664 7.487697843252746 9.983597124336994
0 23.486328125 14.192708333333334 6.372257390692475 8.496343187589966
0 15.087890625 17.7734375 7.130933499479933 9.50791133263991
0 6.689453125 15.625 6.686066375795484 8.914755167727312
0 12.646484375 19.401041666666664 7.450290292806215 9.933720390408286
0 32.373046875 15.8203125 6.72772451325946 8.970299351012613
0 56.689453125 14.192708333333334 6.372257390692475 8.496343187589966
0 95.751953125 21.940104166666664 7.92282408798045 10.5637654506406
0 99.0234375 53.971354166666664 12.426314130555623 16.568418840740833
0 99.267578125 39.38802083333333 10.615556110184379 14.154074813579173
0 55.908203125 19.921875 7.549631882844837 10.066175843793117
0 46.826171875 26.953125 8.78142979122202 11.708573054962693
0 13.720703125 91.27604166666666 16.15991491073453 21.546553214312706
0 4.150390625 78.515625 14.98782856177817 19.983771415704226
0 33.740234375 74.86979166666666 14.635716318703368 19.514288424937824
0 54.931640625 80.2734375 15.154674094159102 20.20623212554547
0 65.771484375 76.88802083333334 14.831668554959554 19.775558073279406
0 73.193359375 83.52864583333334 15.458892995500415 20.611857327333887
0 71.19140625 91.66666666666666 16.194456984157227 21.592609312209635
0 58.59375 63.020833333333336 13.427734375 17.903645833333336
0 49.4140625 46.94010416666667 11.588645963163772 15.45152795088503
0 46.58203125 37.23958333333333 10.321981521782082 13.762642029042777
0 25.78125 35.09114583333333 10.019809057239993 13.359745409653323
0 22.412109375 25.911458333333332 8.610068346964042 11.480091129285388
0 32.373046875 32.35677083333333 9.621510480001493 12.828680640001991
0 25.634765625 29.4921875 9.185740321833748 12.247653762444997
0 7.51953125 46.41927083333333 11.524174553527347 15.365566071369797
0 4.39453125 37.95572916666667 10.420758715187912 13.894344953583882
0 2.392578125 25.1953125 8.490251308132054 11.320335077509403
0 11.71875 25.325520833333332 8.512161670520847 11.349548894027794
0 19.970703125 20.1171875 7.586549618320344 10.115399491093791
0 22.65625 31.4453125 9.485028239697298 12.646704319596397
0 41.30859375 25.716145833333332 8.57755695956738 11.436742612756506
0 28.3203125 20.833333333333336 7.720404443770458 10.293872591693944
0 38.0859375 25.325520833333332 8.512161670520847 11.349548894027794
0 29.98046875 18.1640625 7.208869513560617 9.611826018080823
0 39.013671875 30.598958333333332 9.35651227829339 12.475349704391189
0 65.91796875 40.8203125 10.806842779312605 14.40912370575014
0 73.876953125 37.43489583333333 10.349014256477766 13.798685675303688
0 56.298828125 32.94270833333333 9.708235913444133 12.944314551258843
0 50.09765625 33.26822916666667 9.756083595670033 13.008111460893376
0 74.4140625 31.4453125 9.485028239697298 12.646704319596397
0 81.0546875 28.580729166666668 9.042683343523592 12.056911124698123
0 68.310546875 22.135416666666664 7.958010748538389 10.610680998051187
0 92.138671875 45.5078125 11.410473080956981 15.213964107942642
0 51.171875 22.981770833333336 8.108722079825698 10.811629439767596
0 47.802734375 31.315104166666668 9.465370128949479 12.62049350526597
0 59.27734375 29.4921875 9.185740321833748 12.247653762444997
0 52.001953125 32.74739583333333 9.679413773897526 12.905885031863368
0 64.404296875 26.627604166666668 8.728240750778255 11.637654334371007
0 78.466796875 28.059895833333332 8.959911044862793 11.946548059817056
0 65.478515625 23.177083333333336 8.143105507889608 10.857474010519478
0 81.8359375 24.088541666666664 8.301678777304348 11.068905036405797
0 89.16015625 24.8046875 8.424178309229896 11.23223774563986
0 96.19140625 29.6875 9.216106488367615 12.288141984490153
0 84.130859375 37.76041666666667 10.393912576859377 13.85855010247917
0 84.5703125 25.1953125 8.490251308132054 11.320335077509403
0 60.107421875 18.1640625 7.208869513560617 9.611826018080823
0 87.255859375 21.549479166666664 7.85197774064246 10.469303654189947
0 79.6875 18.880208333333336 7.349606066157407 9.799474754876544
0 63.8671875 18.294270833333336 7.234661615679748 9.646215487572997
0 90.771484375 28.776041666666668 9.073528288158268 12.098037717544358
0 78.857421875 23.372395833333336 8.177344364608315 10.903125819477753
0 42.529296875 19.921875 7.549631882844837 10.066175843793117
0 34.9609375 22.135416666666664 7.958010748538389 10.610680998051187
0 97.802734375 47.52604166666667 11.660750228602783 15.547666971470377
0 99.560546875 27.5390625 8.876366926421502 11.835155901895336
0 88.8671875 16.145833333333336 6.796587356970242 9.062116475960323
0 60.205078125 25.1953125 8.490251308132054 11.320335077509403
0 52.392578125 17.7734375 7.130933499479933 9.50791133263991
0 40.478515625 15.4296875 6.644147051109997 8.858862734813329
0 51.318359375 15.234375 6.60196156395994 8.802615418613254
0 67.236328125 17.96875 7.170007400189656 9.56000986691954
0 86.962890625 25.911458333333332 8.610068346964042 11.480091129285388
0 93.603515625 21.940104166666664 7.92282408798045 10.5637654506406
0 99.267578125 32.74739583333333 9.679413773897526 12.905885031863368
0 96.97265625 24.8046875 8.424178309229896 11.23223774563986
0 18.359375 21.223958333333336 7.792447103762027 10.389929471682702
0 0.634765625 17.7734375 7.130933499479933 9.50791133263991
0 80.76171875 39.77864583333333 10.668065364348472 14.224087152464628
0 69.287109375 28.776041666666668 9.073528288158268 12.098037717544358
0 76.025390625 19.921875 7.549631882844837 10.066175843793117
0 72.265625 26.627604166666668 8.728240750778255 11.637654334371007
0 35.791015625 15.234375 6.60196156395994 8.802615418613254
0 13.720703125 15.234375 6.60196156395994 8.802615418613254
0 27.099609375 18.880208333333336 7.349606066157407 9.799474754876544
0 55.224609375 27.34375 8.84483443981289 11.793112586417188
0 66.30859375 34.70052083333333 9.963884104806219 13.28517880640829
0 54.150390625 29.8828125 9.24637292940864 12.32849723921152
0 64.404296875 32.2265625 9.60213178866716 12.802842384889546
0 73.876953125 27.34375 8.84483443981289 11.793112586417188
0 73.583984375 23.177083333333336 8.143105507889608 10.857474010519478
