0 31.982421875 59.244791666666664 13.019243779114712 17.358991705486282
0 22.509765625 46.875 11.580606665655687 15.440808887540916
0 12.79296875 40.0390625 10.70292841598522 14.270571221313624
0 13.916015625 24.21875 8.324085508414218 11.098780677885625
0 24.169921875 24.609375 8.39094670707246 11.187928942763282
0 11.5234375 22.265625 7.981382342908947 10.641843123878598
0 3.515625 21.744791666666664 7.887480458569388 10.51664061142585
0 6.982421875 17.7734375 7.130933499479933 9.50791133263991
0 10.44921875 17.513020833333336 7.0784994535786145 9.437999271438152
0 6.005859375 16.9921875 6.972448522214271 9.296598029619028
0 43.1640625 38.02083333333333 10.429692071920813 13.906256095894417
0 46.923828125 30.794270833333332 9.386325988299376 12.515101317732501
0 62.79296875 42.25260416666667 10.994801962067763 14.659735949423682
0 76.85546875 48.56770833333333 11.787846628312968 15.717128837750623
0 91.845703125 34.11458333333333 9.87940311049722 13.17253748066296
0 73.681640625 25.520833333333332 8.544921875 11.393229166666668
0 72.412109375 19.205729166666664 7.412693970636669 9.883591960848893
0 58.740234375 19.205729166666664 7.412693970636669 9.883591960848893
0 50.9765625 17.7734375 7.130933499479933 9.50791133263991
0 25.927734375 18.5546875 7.28597191547444 9.714629220632586
0 13.18359375 18.9453125 7.3622668956389274 9.816355860851903
0 19.04296875 13.932291666666666 6.313525654778199 8.418034206370931
0 22.998046875 17.3828125 7.052136235529384 9.40284831403918
0 29.19921875 16.2109375 6.810276368536802 9.080368491382403
0 61.5234375 16.6015625 6.891839471823862 9.189119295765149
0 57.373046875 15.755208333333334 6.7138671875 8.951822916666668
0 66.162109375 16.471354166666664 6.864759447755123 9.15301259700683
0 67.236328125 15.625 6.686066375795484 8.914755167727312
0 69.23828125 21.028645833333336 7.756509415978292 10.342012554637723
0 60.64453125 12.760416666666666 6.042172202521769 8.056229603362357
0 45.21484375 15.364583333333334 6.6301150458985685 8.840153394531425
0 79.1015625 22.395833333333336 8.00468569861084 10.672914264814453
0 77.44140625 20.5078125 7.659851317145468 10.21313508952729
0 33.740234375 18.684895833333336 7.311492035346033 9.748656047128044
0 83.837890625 23.177083333333336 8.143105507889608 10.857474010519478
0 80.419921875 26.041666666666668 8.631674575031099 11.508899433374797
0 89.599609375 28.3203125 9.001392336274797 12.001856448366395
0 92.7734375 26.692708333333332 8.738904457566134 11.651872610088178
0 98.876953125 32.8125 9.689030680168178 12.918707573557572
0 91.064453125 22.916666666666664 8.097228492078614 10.796304656104818
0 84.47265625 20.1171875 7.586549618320344 10.115399491093791
0 79.4921875 17.643229166666664 7.104764847914316 9.473019797219088
0 74.169921875 19.7265625 7.512532730158185 10.01671030687758
0 78.41796875 15.885416666666666 6.741553355216833 8.988737806955777
0 37.98828125 18.9453125 7.3622668956389274 9.816355860851903
0 35.9375 16.080729166666664 6.782870718656271 9.043827624875028
0 81.298828125 18.5546875 7.28597191547444 9.714629220632586
