0 91.943359375 22.981770833333336 8.108722079825698 10.811629439767596
0 84.130859375 21.940104166666664 7.92282408798045 10.5637654506406
0 92.333984375 19.3359375 7.437779301119349 9.917039068159132
0 93.5546875 27.864583333333332 8.928673607377803 11.904898143170405
0 84.765625 18.359375 7.247523246483103 9.663364328644137
0 40.4296875 23.893229166666664 8.267954824306681 11.023939765742242
0 27.978515625 24.4140625 8.357582969744357 11.143443959659143
0 17.333984375 19.791666666666664 7.524919437217989 10.033225916290652
0 9.521484375 22.0703125 7.946299173761924 10.595065565015899
0 57.666015625 15.234375 6.60196156395994 8.802615418613254
0 5.029296875 18.359375 7.247523246483103 9.663364328644137
0 0.9765625 18.489583333333336 7.273178276253042 9.697571035004056
0 6.93359375 18.815104166666664 7.336923388776433 9.782564518368577
0 87.3046875 17.96875 7.170007400189656 9.56000986691954
0 77.734375 16.731770833333336 6.9188135063199665 9.225084675093289
0 74.70703125 18.815104166666664 7.336923388776433 9.782564518368577
0 4.1015625 18.359375 7.247523246483103 9.663364328644137
0 81.396484375 17.447916666666664 7.065330140863174 9.420440187817565
0 99.072265625 20.442708333333336 7.647683158045451 10.196910877393934
