0 10.44921875 68.42447916666666 13.991569075131407 18.655425433508544
0 20.8984375 49.47916666666667 11.897942315440629 15.863923087254172
0 5.078125 33.984375 9.860531263063667 13.147375017418222
0 18.26171875 33.3984375 9.775157091093119 13.033542788124159
0 31.494140625 35.546875 10.084662867345157 13.44621715646021
0 36.71875 43.68489583333333 11.179601491707887 14.906135322277184
0 51.806640625 49.08854166666667 11.850883690763915 15.801178254351885
0 34.814453125 63.736979166666664 13.503812798973136 18.00508373196418
0 64.990234375 58.528645833333336 12.940316801217158 17.25375573495621
0 83.984375 72.4609375 14.398347304791809 19.197796406389077
0 77.9296875 53.515625 12.37373958295489 16.498319443939856
0 85.44921875 63.216145833333336 13.448525718097354 17.931367624129805
0 96.19140625 52.734375 12.283088255308904 16.377451007078538
0 87.20703125 37.63020833333333 10.3759765625 13.834635416666666
0 79.4921875 39.19270833333333 10.589203840879804 14.118938454506406
0 67.333984375 41.92708333333333 10.952367214920875 14.603156286561166
0 49.169921875 37.23958333333333 10.321981521782082 13.762642029042777
0 61.083984375 35.9375 10.139921707663666 13.51989561021822
0 98.92578125 40.75520833333333 10.79822144345345 14.397628591271266
0 8.984375 26.822916666666668 8.760192928715409 11.680257238287211
0 20.751953125 26.627604166666668 8.728240750778255 11.637654334371007
0 28.271484375 23.893229166666664 8.267954824306681 11.023939765742242
0 41.50390625 25.065104166666668 8.468284256293707 11.291045675058275
0 31.787109375 27.604166666666668 8.886852892188134 11.849137189584178
0 60.64453125 30.143229166666668 9.286574740419274 12.382099653892366
0 44.384765625 30.46875 9.336583582018038 12.448778109357384
0 7.568359375 15.8203125 6.72772451325946 8.970299351012613
0 61.083984375 13.4765625 6.209408553886659 8.279211405182211
0 47.16796875 14.6484375 6.473755931273323 8.631674575031097
0 14.35546875 21.614583333333336 7.863829789260941 10.485106385681254
0 73.14453125 32.8125 9.689030680168178 12.918707573557572
0 82.275390625 28.385416666666668 9.011732824849489 12.015643766465985
0 89.501953125 33.203125 9.746532850751532 12.995377134335376
0 75.5859375 28.385416666666668 9.011732824849489 12.015643766465985
0 49.169921875 27.994791666666668 8.94951068030712 11.932680907076158
0 59.326171875 25.260416666666668 8.501213548086012 11.334951397448016
0 66.30859375 18.880208333333336 7.349606066157407 9.799474754876544
0 82.421875 16.2109375 6.810276368536802 9.080368491382403
0 93.408203125 23.567708333333336 8.211440458419013 10.948587277892017
0 66.6015625 24.088541666666664 8.301678777304348 11.068905036405797
0 88.4765625 28.776041666666668 9.073528288158268 12.098037717544358
0 16.259765625 18.489583333333336 7.273178276253042 9.697571035004056
0 79.78515625 24.283854166666664 8.33526628646708 11.113688381956106
0 90.380859375 25.065104166666668 8.468284256293707 11.291045675058275
0 70.5078125 17.513020833333336 7.0784994535786145 9.437999271438152
0 49.609375 19.466145833333336 7.462780310447684 9.950373747263578
0 70.361328125 22.591145833333336 8.039514082226251 10.719352109635
0 47.021484375 22.981770833333336 8.108722079825698 10.811629439767596
0 73.53515625 16.2109375 6.810276368536802 9.080368491382403
0 30.46875 20.638020833333336 7.684129829110212 10.245506438813615
0 78.22265625 15.625 6.686066375795484 8.914755167727312
0 92.87109375 18.294270833333336 7.234661615679748 9.646215487572997
0 81.8359375 22.395833333333336 8.00468569861084 10.672914264814453
0 35.986328125 17.708333333333336 7.117861199762329 9.490481599683106
0 20.3125 20.442708333333336 7.647683158045451 10.196910877393934
0 31.201171875 14.453125 6.430452730012657 8.57393697335021
0 40.33203125 21.419270833333336 7.828219811023351 10.437626414697803
0 18.1640625 15.625 6.686066375795484 8.914755167727312
0 88.916015625 20.052083333333336 7.574263699945591 10.099018266594122
0 25.830078125 14.84375 6.516771394062079 8.689028525416106
0 39.453125 16.796875 6.932261164306974 9.243014885742634
0 28.857421875 16.9921875 6.972448522214271 9.296598029619028
0 10.888671875 17.903645833333336 7.157006469457137 9.542675292609516
0 33.935546875 15.4296875 6.644147051109997 8.858862734813329
0 56.4453125 13.671875 6.254242410864013 8.338989881152017
0 43.115234375 16.2109375 6.810276368536802 9.080368491382403
0 60.05859375 21.419270833333336 7.828219811023351 10.437626414697803
0 51.513671875 17.122395833333336 6.9991119025755095 9.332149203434014
0 41.796875 18.098958333333336 7.195938795502683 9.594585060670244
0 59.47265625 18.489583333333336 7.273178276253042 9.697571035004056
0 27.294921875 18.294270833333336 7.234661615679748 9.646215487572997
0 14.35546875 17.122395833333336 6.9991119025755095 9.332149203434014
0 3.3203125 18.880208333333336 7.349606066157407 9.799474754876544
0 5.95703125 20.247395833333336 7.611061958825638 10.148082611767517
0 1.318359375 18.098958333333336 7.195938795502683 9.594585060670244
0 63.37890625 16.9921875 6.972448522214271 9.296598029619028
