0 12.060546875 89.51822916666666 16.00355298111193 21.338070641482577
0 44.775390625 84.375 15.537014235055976 20.716018980074637
0 87.451171875 85.3515625 15.62666884093275 20.835558454577
0 51.513671875 47.39583333333333 11.644765642296699 15.526354189728933
0 33.0078125 49.21875 11.866590634291736 15.822120845722315
0 20.556640625 43.75 11.187928942763282 14.917238590351042
0 12.79296875 54.8828125 12.530801493925663 16.707735325234218
0 1.806640625 60.416666666666664 13.147375017418222 17.52983335655763
0 69.3359375 56.901041666666664 12.75912167991142 17.012162239881892
0 79.58984375 48.4375 11.772034620352729 15.696046160470303
0 86.9140625 53.580729166666664 12.381263900818356 16.508351867757806
0 87.451171875 61.393229166666664 13.253204803838173 17.670939738450897
0 90.8203125 40.4296875 10.755011100284483 14.340014800379311
0 91.796875 52.734375 12.283088255308904 16.377451007078538
0 64.453125 40.10416666666667 10.711626449453275 14.282168599271033
0 37.79296875 63.216145833333336 13.448525718097354 17.931367624129805
0 10.05859375 36.78385416666667 10.258628121320564 13.678170828427419
0 17.578125 30.46875 9.336583582018038 12.448778109357384
0 4.052734375 28.255208333333332 8.991039955234518 11.988053273646026
0 11.9140625 28.255208333333332 8.991039955234518 11.988053273646026
0 49.609375 36.9140625 10.276768945607138 13.702358594142853
0 42.138671875 31.966145833333332 9.56325660155786 12.751008802077147
0 33.0078125 35.09114583333333 10.019809057239993 13.359745409653323
0 49.853515625 27.473958333333332 8.865868558553435 11.821158078071248
0 30.17578125 26.7578125 8.749555167743805 11.66607355699174
0 21.2890625 25.455729166666668 8.53401578009617 11.378687706794894
0 12.939453125 19.466145833333336 7.462780310447684 9.950373747263578
0 70.458984375 38.41145833333333 10.483132346995646 13.977509795994195
0 79.833984375 38.93229166666667 10.553965128046011 14.07195350406135
0 72.4609375 32.94270833333333 9.708235913444133 12.944314551258843
0 75.68359375 29.427083333333332 9.175595934065496 12.234127912087327
0 87.20703125 33.13802083333333 9.736972737758677 12.982630317011571
0 83.056640625 28.255208333333332 8.991039955234518 11.988053273646026
0 60.107421875 34.765625 9.973226707988399 13.297635610651199
0 63.330078125 30.143229166666668 9.286574740419274 12.382099653892366
0 58.349609375 25.9765625 8.620878229873984 11.494504306498644
0 60.107421875 22.135416666666664 7.958010748538389 10.610680998051187
0 48.2421875 21.940104166666664 7.92282408798045 10.5637654506406
0 42.138671875 26.106770833333332 8.642457433170346 11.52327657756046
0 36.9140625 41.92708333333333 10.952367214920875 14.603156286561166
0 21.2890625 21.2890625 7.804389558437758 10.405852744583676
0 34.912109375 24.934895833333336 8.446260072691679 11.26168009692224
0 35.546875 29.752604166666668 9.22620633412535 12.301608445500468
0 66.69921875 23.958333333333336 8.279211405182211 11.038948540242949
0 72.4609375 22.65625 8.051090062422436 10.734786749896582
0 91.69921875 31.119791666666668 9.4358061729372 12.5810748972496
0 87.060546875 27.799479166666668 8.918236814088415 11.890982418784553
0 32.51953125 16.796875 6.932261164306974 9.243014885742634
0 28.173828125 24.283854166666664 8.33526628646708 11.113688381956106
0 42.3828125 21.809895833333336 7.8992792392241125 10.532372318965482
0 41.40625 16.145833333333336 6.796587356970242 9.062116475960323
0 51.513671875 19.140625 7.400119417103358 9.866825889471144
0 56.73828125 15.950520833333334 6.755353888299149 9.0071385177322
0 79.19921875 24.283854166666664 8.33526628646708 11.113688381956106
0 75.439453125 21.484375 7.840107775064166 10.453477033418888
0 82.32421875 26.432291666666668 8.696171172348027 11.594894896464037
0 86.083984375 21.809895833333336 7.8992792392241125 10.532372318965482
0 92.1875 22.65625 8.051090062422436 10.734786749896582
0 93.06640625 27.278645833333332 8.83429859993294 11.779064799910586
0 21.77734375 16.145833333333336 6.796587356970242 9.062116475960323
0 18.5546875 16.9921875 6.972448522214271 9.296598029619028
0 29.150390625 19.466145833333336 7.462780310447684 9.950373747263578
0 28.173828125 15.950520833333334 6.755353888299149 9.0071385177322
0 36.5234375 16.796875 6.932261164306974 9.243014885742634
0 45.361328125 16.471354166666664 6.864759447755123 9.15301259700683
0 58.740234375 13.997395833333334 6.328259690346595 8.437679587128793
0 8.203125 22.65625 8.051090062422436 10.734786749896582
0 5.46875 30.794270833333332 9.386325988299376 12.515101317732501
0 2.44140625 19.270833333333336 7.425247229367944 9.900329639157258
0 6.201171875 19.140625 7.400119417103358 9.866825889471144
0 69.580078125 12.825520833333334 6.057566296777102 8.076755062369468
0 68.45703125 17.122395833333336 6.9991119025755095 9.332149203434014
0 63.0859375 14.127604166666666 6.3576253222655215 8.476833763020695
0 61.962890625 19.466145833333336 7.462780310447684 9.950373747263578
0 80.078125 17.122395833333336 6.9991119025755095 9.332149203434014
0 72.8515625 17.122395833333336 6.9991119025755095 9.332149203434014
0 82.8125 18.9453125 7.3622668956389274 9.816355860851903
0 89.55078125 25.9765625 8.620878229873984 11.494504306498644
0 91.69921875 16.796875 6.932261164306974 9.243014885742634
0 88.037109375 17.643229166666664 7.104764847914316 9.473019797219088
