0 88.818359375 64.38802083333334 13.572604954795583 18.09680660639411
0 95.068359375 53.580729166666664 12.381263900818356 16.508351867757806
0 51.7578125 82.35677083333334 15.35006877436437 20.46675836581916
0 66.30859375 59.9609375 13.097695150070152 17.46359353342687
0 75.146484375 53.255208333333336 12.343596445408132 16.45812859387751
0 97.4609375 42.83854166666667 11.070774625986973 14.761032834649296
0 89.697265625 32.68229166666667 9.669787303317175 12.893049737756234
0 81.494140625 38.671875 10.518608361580863 14.024811148774482
0 92.626953125 31.4453125 9.485028239697298 12.646704319596397
0 64.013671875 40.95052083333333 10.824064850444458 14.432086467259278
0 53.271484375 49.0234375 11.843022407185213 15.790696542913619
0 74.267578125 31.575520833333332 9.50464569238125 12.672860923174998
0 78.955078125 24.479166666666664 8.36871899463018 11.15829199284024
0 60.498046875 34.70052083333333 9.963884104806219 13.28517880640829
0 75.87890625 27.734375 8.907787792557633 11.877050390076842
0 87.6953125 28.125 8.970299351012615 11.960399134683486
0 81.787109375 25.846354166666668 8.59924487524742 11.465659833663226
0 94.140625 23.567708333333336 8.211440458419013 10.948587277892017
0 90.13671875 25.846354166666668 8.59924487524742 11.465659833663226
0 81.005859375 21.6796875 7.875664001809045 10.500885335745393
0 62.5 29.166666666666668 9.134905729428569 12.17987430590476
0 59.1796875 25.5859375 8.555814067917595 11.407752090556793
0 66.40625 24.088541666666664 8.301678777304348 11.068905036405797
0 71.337890625 22.200520833333336 7.969705113037473 10.626273484049964
0 86.9140625 21.940104166666664 7.92282408798045 10.5637654506406
0 92.041015625 20.247395833333336 7.611061958825638 10.148082611767517
0 81.494140625 16.080729166666664 6.782870718656271 9.043827624875028
0 51.26953125 28.90625 9.094033462982996 12.125377950643994
0 48.876953125 36.5234375 10.22224989284926 13.629666523799013
0 36.1328125 43.359375 11.137870844051916 14.850494458735888
0 44.23828125 31.705729166666668 9.524222738236839 12.698963650982451
0 22.36328125 51.171875 12.099748291991583 16.132997722655443
0 2.197265625 59.309895833333336 13.02639524561343 17.368526994151242
0 1.3671875 47.00520833333333 11.5966796875 15.462239583333334
0 15.13671875 39.19270833333333 10.589203840879804 14.118938454506406
0 19.82421875 31.705729166666668 9.524222738236839 12.698963650982451
0 32.275390625 34.9609375 10.001202153426476 13.334936204568635
0 33.10546875 29.296875 9.1552734375 12.20703125
0 42.333984375 25.325520833333332 8.512161670520847 11.349548894027794
0 21.044921875 26.3671875 8.685454999241765 11.580606665655687
0 28.466796875 24.088541666666664 8.301678777304348 11.068905036405797
0 3.955078125 30.533854166666668 9.346553241646458 12.462070988861944
0 9.912109375 28.385416666666668 9.011732824849489 12.015643766465985
0 5.37109375 24.348958333333336 8.346432086900233 11.128576115866979
0 12.79296875 20.052083333333336 7.574263699945591 10.099018266594122
0 20.361328125 22.330729166666664 7.993042513249997 10.657390017666662
0 32.080078125 21.940104166666664 7.92282408798045 10.5637654506406
0 18.45703125 18.489583333333336 7.273178276253042 9.697571035004056
0 29.8828125 19.661458333333336 7.500125566067204 10.00016742142294
0 22.0703125 15.950520833333334 6.755353888299149 9.0071385177322
0 27.685546875 18.489583333333336 7.273178276253042 9.697571035004056
0 21.435546875 17.838541666666664 7.143981879101334 9.525309172135112
0 29.1015625 17.513020833333336 7.0784994535786145 9.437999271438152
0 19.140625 15.234375 6.60196156395994 8.802615418613254
0 8.7890625 17.252604166666664 7.025674092542321 9.367565456723094
0 4.296875 20.182291666666664 7.598815672600545 10.13175423013406
0 35.107421875 18.489583333333336 7.273178276253042 9.697571035004056
0 6.591796875 16.2109375 6.810276368536802 9.080368491382403
0 33.49609375 16.2109375 6.810276368536802 9.080368491382403
0 4.58984375 16.731770833333336 6.9188135063199665 9.225084675093289
0 31.787109375 14.973958333333334 6.545291317604741 8.727055090139656
0 3.759765625 15.690104166666666 6.699981201202437 8.933308268269917
0 29.6875 13.541666666666666 6.224389054678692 8.299185406238257
0 2.197265625 18.229166666666664 7.221777078979024 9.629036105305365
0 26.26953125 13.671875 6.254242410864013 8.338989881152017
0 47.65625 22.786458333333336 8.074192233473482 10.765589644631309
0 52.197265625 15.8203125 6.72772451325946 8.970299351012613
0 41.455078125 20.638020833333336 7.684129829110212 10.245506438813615
0 50.390625 20.8984375 7.732458166088822 10.309944221451763
0 40.8203125 17.252604166666664 7.025674092542321 9.367565456723094
0 50.68359375 17.96875 7.170007400189656 9.56000986691954
0 71.142578125 18.75 7.32421875 9.765625
0 59.27734375 21.158854166666664 7.780486318348366 10.373981757797822
0 66.748046875 18.619791666666664 7.298743129334349 9.731657505779133
0 48.4375 15.950520833333334 6.755353888299149 9.0071385177322
0 64.74609375 16.861979166666664 6.945682786096826 9.260910381462436
0 57.8125 15.950520833333334 6.755353888299149 9.0071385177322
0 70.947265625 13.28125 6.16424861960576 8.218998159474348
0 46.435546875 14.583333333333334 6.459353786778786 8.612471715705048
0 59.08203125 14.0625 6.342959500374307 8.457279333832409
0 40.0390625 15.494791666666666 6.658149484030587 8.877532645374115
0 60.205078125 13.411458333333334 6.194391824397107 8.259189099196142
0 76.953125 22.916666666666664 8.097228492078614 10.796304656104818
0 79.00390625 15.364583333333334 6.6301150458985685 8.840153394531425
0 84.814453125 20.247395833333336 7.611061958825638 10.148082611767517
0 77.978515625 16.341145833333336 6.837572174807153 9.116762899742872
0 36.328125 14.583333333333334 6.459353786778786 8.612471715705048
0 38.232421875 15.950520833333334 6.755353888299149 9.0071385177322
0 37.5 17.7734375 7.130933499479933 9.50791133263991
