0 86.865234375 61.588541666666664 13.274269513508024 17.6990260180107
0 70.01953125 58.138020833333336 12.897062139352686 17.196082852470248
0 38.623046875 63.020833333333336 13.427734375 17.903645833333336
0 51.025390625 44.66145833333333 11.303869126862875 15.071825502483835
0 94.970703125 53.3203125 12.351139126494179 16.468185501992238
0 79.19921875 38.21614583333333 10.456446349494515 13.941928465992687
0 68.9453125 39.6484375 10.650591044076627 14.200788058768838
0 77.83203125 52.083333333333336 12.20703125 16.276041666666664
0 36.083984375 44.3359375 11.262598930203817 15.016798573605088
0 12.59765625 31.380208333333332 9.475204282385269 12.633605709847027
0 3.61328125 31.380208333333332 9.475204282385269 12.633605709847027
0 32.421875 31.901041666666668 9.55351308746248 12.738017449949975
0 45.21484375 27.604166666666668 8.886852892188134 11.849137189584178
0 23.53515625 25.130208333333332 8.479274895904423 11.305699861205897
0 10.05859375 17.903645833333336 7.157006469457137 9.542675292609516
0 29.58984375 14.6484375 6.473755931273323 8.631674575031097
0 87.939453125 35.87239583333333 10.130732832457173 13.507643776609566
0 60.595703125 32.48697916666667 9.640850219074288 12.854466958765718
0 72.998046875 29.622395833333332 9.205995562132786 12.274660749510382
0 50.341796875 27.799479166666668 8.918236814088415 11.890982418784553
0 16.552734375 17.3828125 7.052136235529384 9.40284831403918
0 3.7109375 16.471354166666664 6.864759447755123 9.15301259700683
0 20.3125 19.140625 7.400119417103358 9.866825889471144
0 12.5 16.861979166666664 6.945682786096826 9.260910381462436
0 42.529296875 15.0390625 6.559504779115197 8.746006372153596
0 36.328125 17.708333333333336 7.117861199762329 9.490481599683106
0 56.8359375 14.322916666666666 6.401421192444773 8.53522825659303
0 50.341796875 16.276041666666664 6.823937919616058 9.09858389282141
0 43.505859375 21.484375 7.840107775064166 10.453477033418888
0 68.017578125 22.916666666666664 8.097228492078614 10.796304656104818
0 49.560546875 21.875 7.911060422861158 10.548080563814876
0 94.970703125 29.036458333333332 9.114492506755418 12.15265667567389
0 87.3046875 30.338541666666668 9.316612257369233 12.42214967649231
0 77.44140625 27.604166666666668 8.886852892188134 11.849137189584178
0 84.5703125 23.828125 8.256682897014576 11.008910529352768
0 61.1328125 20.638020833333336 7.684129829110212 10.245506438813615
0 42.138671875 18.424479166666664 7.2603620931215325 9.680482790828709
0 77.294921875 16.9921875 6.972448522214271 9.296598029619028
0 68.1640625 17.708333333333336 7.117861199762329 9.490481599683106
0 60.3515625 18.294270833333336 7.234661615679748 9.646215487572997
0 80.029296875 20.768229166666664 7.708331872750909 10.277775830334546
0 93.75 21.484375 7.840107775064166 10.453477033418888
0 73.14453125 23.111979166666664 8.131660519088275 10.842214025451032
0 82.177734375 26.171875 8.653226854710587 11.537635806280782
0 91.748046875 28.125 8.970299351012615 11.960399134683486
0 52.24609375 11.458333333333332 5.72560517556571 7.634140234087614
0 39.84375 12.890625 6.072921369058959 8.097228492078614
0 70.3125 11.979166666666668 5.854286527481347 7.805715369975129
0 61.962890625 13.802083333333334 6.283953943473511 8.378605257964681
0 84.033203125 13.411458333333334 6.194391824397107 8.259189099196142
0 93.359375 15.234375 6.60196156395994 8.802615418613254
0 75.9765625 13.0859375 6.118755388111396 8.15834051748186
0 83.3984375 16.861979166666664 6.945682786096826 9.260910381462436
0 99.12109375 19.7265625 7.512532730158185 10.01671030687758
0 92.3828125 18.424479166666664 7.2603620931215325 9.680482790828709
0 80.126953125 14.84375 6.516771394062079 8.689028525416106
0 87.841796875 17.3828125 7.052136235529384 9.40284831403918
0 65.869140625 12.369791666666668 5.948971157720314 7.931961543627086
0 47.412109375 14.6484375 6.473755931273323 8.631674575031097
0 36.181640625 13.411458333333334 6.194391824397107 8.259189099196142
0 20.458984375 15.234375 6.60196156395994 8.802615418613254
0 27.294921875 17.1875 7.012405574387241 9.349874099182989
0 47.802734375 17.578125 7.091644310682526 9.455525747576702
0 71.533203125 16.471354166666664 6.864759447755123 9.15301259700683
0 87.40234375 20.247395833333336 7.611061958825638 10.148082611767517
0 99.0234375 28.90625 9.094033462982996 12.125377950643994
0 73.681640625 17.578125 7.091644310682526 9.455525747576702
0 4.931640625 20.638020833333336 7.684129829110212 10.245506438813615
0 17.08984375 14.127604166666666 6.3576253222655215 8.476833763020695
0 24.072265625 14.84375 6.516771394062079 8.689028525416106
0 70.01953125 19.3359375 7.437779301119349 9.917039068159132
0 97.265625 21.875 7.911060422861158 10.548080563814876
0 88.623046875 24.544270833333336 8.379840220792225 11.173120294389632
0 79.58984375 23.6328125 8.222774405094897 10.963699206793196
