0 95.3125 67.31770833333334 13.877950440554287 18.503933920739048
0 76.953125 66.66666666666666 13.810679320049758 18.414239093399676
0 57.2265625 68.1640625 13.96491844317328 18.619891257564372
0 33.935546875 64.32291666666666 13.565741437312543 18.087655249750057
0 43.310546875 81.90104166666666 15.30753931150446 20.410052415339276
0 3.125 74.21875 14.57194383094888 19.429258441265173
0 1.123046875 56.901041666666664 12.75912167991142 17.012162239881892
0 22.75390625 54.361979166666664 12.47120162457431 16.628268832765748
0 41.748046875 44.07552083333333 11.229473567489073 14.972631423318763
0 62.40234375 51.302083333333336 12.115132593554204 16.153510124738936
0 76.708984375 51.822916666666664 12.176475429235841 16.235300572314458
0 95.458984375 55.143229166666664 12.560495377964282 16.74732717061904
0 88.134765625 41.9921875 10.960867307170393 14.614489742893857
0 71.6796875 38.4765625 10.492012596234792 13.989350128313058
0 60.3515625 44.7265625 11.312105098175438 15.082806797567253
0 53.759765625 36.58854166666667 10.231356576074347 13.641808768099132
0 40.283203125 36.26302083333333 10.185741740892722 13.580988987856962
0 22.8515625 37.36979166666667 10.340011197569225 13.786681596758967
0 5.322265625 40.88541666666667 10.81545724284018 14.42060965712024
0 8.447265625 28.059895833333332 8.959911044862793 11.946548059817056
0 11.42578125 35.15625 10.029099563693228 13.372132751590971
0 21.2890625 29.361979166666668 9.16544031840894 12.220587091211922
0 3.369140625 25.651041666666668 8.566692411876344 11.422256549168457
0 14.94140625 20.377604166666664 7.635495607419925 10.180660809893233
0 8.203125 21.6796875 7.875664001809045 10.500885335745393
0 18.994140625 22.65625 8.051090062422436 10.734786749896582
0 13.623046875 25.0 8.457279333832409 11.276372445109878
0 29.248046875 26.497395833333332 8.706874156303165 11.609165541737553
0 36.083984375 26.953125 8.78142979122202 11.708573054962693
0 42.578125 30.338541666666668 9.316612257369233 12.42214967649231
0 50.87890625 28.580729166666668 9.042683343523592 12.056911124698123
0 58.935546875 33.07291666666667 9.727403229070575 12.9698709720941
0 65.52734375 30.338541666666668 9.316612257369233 12.42214967649231
0 75.146484375 28.385416666666668 9.011732824849489 12.015643766465985
0 80.6640625 33.07291666666667 9.727403229070575 12.9698709720941
0 82.8125 39.58333333333333 10.641843123878598 14.189124165171464
0 95.21484375 38.4765625 10.492012596234792 13.989350128313058
0 90.0390625 31.770833333333332 9.53399618640949 12.711994915212655
0 79.4921875 25.846354166666668 8.59924487524742 11.465659833663226
0 98.583984375 32.87760416666667 9.698638050580264 12.931517400773687
0 86.083984375 33.65885416666667 9.813192865486773 13.084257153982362
0 98.2421875 29.817708333333332 9.236295135755345 12.315060181007127
0 88.720703125 30.143229166666668 9.286574740419274 12.382099653892366
0 98.4375 26.822916666666668 8.760192928715409 11.680257238287211
0 91.9921875 28.385416666666668 9.011732824849489 12.015643766465985
0 87.40234375 23.893229166666664 8.267954824306681 11.023939765742242
0 80.419921875 23.2421875 8.154534433525017 10.872712578033356
0 86.42578125 27.9296875 8.939098215256843 11.918797620342456
0 75.732421875 22.916666666666664 8.097228492078614 10.796304656104818
0 88.4765625 25.846354166666668 8.59924487524742 11.465659833663226
0 70.1171875 23.763020833333336 8.245395560367612 10.993860747156816
0 58.69140625 24.869791666666664 8.435226416678011 11.246968555570682
0 65.52734375 25.1953125 8.490251308132054 11.320335077509403
0 46.533203125 24.088541666666664 8.301678777304348 11.068905036405797
0 63.720703125 22.005208333333336 7.9345703125 10.579427083333332
0 49.072265625 21.809895833333336 7.8992792392241125 10.532372318965482
0 57.958984375 21.158854166666664 7.780486318348366 10.373981757797822
0 47.021484375 20.377604166666664 7.635495607419925 10.180660809893233
0 56.884765625 19.596354166666664 7.487697843252746 9.983597124336994
0 39.453125 26.497395833333332 8.706874156303165 11.609165541737553
0 31.0546875 23.111979166666664 8.131660519088275 10.842214025451032
0 40.185546875 23.893229166666664 8.267954824306681 11.023939765742242
0 28.759765625 22.135416666666664 7.958010748538389 10.610680998051187
0 39.208984375 20.377604166666664 7.635495607419925 10.180660809893233
0 26.953125 23.4375 8.188725503539269 10.918300671385692
0 39.0625 16.2109375 6.810276368536802 9.080368491382403
0 1.5625 20.703125 7.6962403643301345 10.261653819106845
0 34.765625 18.294270833333336 7.234661615679748 9.646215487572997
0 3.857421875 19.921875 7.549631882844837 10.066175843793117
0 30.078125 18.619791666666664 7.298743129334349 9.731657505779133
0 7.958984375 16.861979166666664 6.945682786096826 9.260910381462436
0 25.9765625 20.377604166666664 7.635495607419925 10.180660809893233
0 10.83984375 21.158854166666664 7.780486318348366 10.373981757797822
0 23.095703125 19.075520833333336 7.3875234600282 9.850031280037602
0 9.27734375 18.1640625 7.208869513560617 9.611826018080823
0 21.2890625 19.270833333333336 7.425247229367944 9.900329639157258
0 27.5390625 16.40625 6.8511792970714245 9.134905729428567
0 19.62890625 18.294270833333336 7.234661615679748 9.646215487572997
0 31.884765625 17.1875 7.012405574387241 9.349874099182989
0 18.1640625 17.1875 7.012405574387241 9.349874099182989
0 29.6875 15.4296875 6.644147051109997 8.858862734813329
0 17.333984375 21.028645833333336 7.756509415978292 10.342012554637723
0 36.328125 17.513020833333336 7.0784994535786145 9.437999271438152
0 16.748046875 19.596354166666664 7.487697843252746 9.983597124336994
0 41.9921875 16.861979166666664 6.945682786096826 9.260910381462436
0 52.5390625 15.885416666666666 6.741553355216833 8.988737806955777
0 43.65234375 16.666666666666664 6.905339660024879 9.207119546699838
0 51.3671875 18.75 7.32421875 9.765625
0 61.669921875 18.75 7.32421875 9.765625
0 46.533203125 17.513020833333336 7.0784994535786145 9.437999271438152
0 56.982421875 15.4296875 6.644147051109997 8.858862734813329
0 45.1171875 16.080729166666664 6.782870718656271 9.043827624875028
0 54.00390625 18.489583333333336 7.273178276253042 9.697571035004056
0 65.4296875 19.7265625 7.512532730158185 10.01671030687758
0 58.203125 17.317708333333336 7.038917599286375 9.385223465715166
0 69.62890625 19.7265625 7.512532730158185 10.01671030687758
0 59.765625 19.075520833333336 7.3875234600282 9.850031280037602
0 71.6796875 15.104166666666666 6.573687508709111 8.764916678278816
0 62.98828125 14.908854166666666 6.531046923532928 8.708062564710572
0 76.953125 18.1640625 7.208869513560617 9.611826018080823
0 64.794921875 16.9921875 6.972448522214271 9.296598029619028
0 78.759765625 18.1640625 7.208869513560617 9.611826018080823
0 67.919921875 17.317708333333336 7.038917599286375 9.385223465715166
0 76.708984375 16.40625 6.8511792970714245 9.134905729428567
0 80.322265625 19.7265625 7.512532730158185 10.01671030687758
0 90.185546875 21.354166666666664 7.816313766397521 10.421751688530028
0 78.857421875 21.6796875 7.875664001809045 10.500885335745393
0 94.7265625 24.4140625 8.357582969744357 11.143443959659143
0 84.1796875 23.2421875 8.154534433525017 10.872712578033356
0 97.021484375 23.2421875 8.154534433525017 10.872712578033356
0 87.5 21.028645833333336 7.756509415978292 10.342012554637723
0 93.75 22.005208333333336 7.9345703125 10.579427083333332
0 92.1875 21.354166666666664 7.816313766397521 10.421751688530028
0 98.33984375 22.4609375 8.016311973000304 10.688415964000404
0 99.31640625 23.567708333333336 8.211440458419013 10.948587277892017
0 88.37890625 46.484375 11.532253190729483 15.376337587639311
0 61.572265625 54.817708333333336 12.523367021901361 16.69782269586848
0 24.658203125 59.9609375 13.097695150070152 17.46359353342687
0 4.6875 78.58072916666666 14.99404113346954 19.992054844626054
0 21.875 59.9609375 13.097695150070152 17.46359353342687
0 1.806640625 78.7109375 15.006458560967099 20.0086114146228
0 42.333984375 47.65625 11.676712933171991 15.568950577562655
0 23.681640625 41.53645833333333 10.901227477717134 14.53496997028951
0 39.94140625 47.65625 11.676712933171991 15.568950577562655
0 21.435546875 40.88541666666667 10.81545724284018 14.42060965712024
0 8.056640625 31.575520833333332 9.50464569238125 12.672860923174998
0 2.783203125 27.9296875 8.939098215256843 11.918797620342456
0 58.203125 35.7421875 10.11233003282525 13.483106710433667
0 50.732421875 32.09635416666667 9.58271390875707 12.77695187834276
0 60.3515625 35.9375 10.139921707663666 13.51989561021822
0 70.3125 42.64322916666667 11.045508466097326 14.7273446214631
0 75.634765625 31.575520833333332 9.50464569238125 12.672860923174998
0 59.1796875 27.9296875 8.939098215256843 11.918797620342456
0 74.072265625 30.6640625 9.366460725843998 12.48861430112533
0 56.982421875 27.604166666666668 8.886852892188134 11.849137189584178
0 43.5546875 33.203125 9.746532850751532 12.995377134335376
0 47.265625 26.302083333333332 8.674725588105405 11.56630078414054
0 41.9921875 32.09635416666667 9.58271390875707 12.77695187834276
0 46.19140625 26.302083333333332 8.674725588105405 11.56630078414054
0 91.259765625 34.63541666666667 9.954532733337459 13.272710311116612
0 85.595703125 19.7265625 7.512532730158185 10.01671030687758
0 81.640625 17.643229166666664 7.104764847914316 9.473019797219088
