0 25.29296875 11.783854166666668 5.806365231457656 7.741820308610207
0 25.439453125 14.6484375 6.473755931273323 8.631674575031097
0 29.150390625 12.760416666666666 6.042172202521769 8.056229603362357
0 1.85546875 17.643229166666664 7.104764847914316 9.473019797219088
0 6.591796875 16.40625 6.8511792970714245 9.134905729428567
0 13.623046875 15.625 6.686066375795484 8.914755167727312
0 4.1015625 19.53125 7.475249459177179 9.966999278902906
0 7.51953125 17.838541666666664 7.143981879101334 9.525309172135112
0 8.349609375 19.205729166666664 7.412693970636669 9.883591960848893
0 11.572265625 17.578125 7.091644310682526 9.455525747576702
0 12.060546875 19.596354166666664 7.487697843252746 9.983597124336994
0 13.76953125 17.057291666666664 6.985792933508055 9.31439057801074
0 16.69921875 18.684895833333336 7.311492035346033 9.748656047128044
0 18.65234375 18.229166666666664 7.221777078979024 9.629036105305365
0 18.994140625 15.4296875 6.644147051109997 8.858862734813329
0 19.482421875 16.6015625 6.891839471823862 9.189119295765149
0 20.849609375 17.708333333333336 7.117861199762329 9.490481599683106
0 22.802734375 18.229166666666664 7.221777078979024 9.629036105305365
0 21.6796875 15.885416666666666 6.741553355216833 8.988737806955777
0 4.248046875 24.348958333333336 8.346432086900233 11.128576115866979
0 11.865234375 21.940104166666664 7.92282408798045 10.5637654506406
0 20.21484375 19.7265625 7.512532730158185 10.01671030687758
0 5.224609375 31.119791666666668 9.4358061729372 12.5810748972496
0 9.130859375 28.190104166666668 8.980675640601907 11.974234187469209
0 25.927734375 18.9453125 7.3622668956389274 9.816355860851903
0 32.03125 16.080729166666664 6.782870718656271 9.043827624875028
0 29.8828125 16.731770833333336 6.9188135063199665 9.225084675093289
0 28.759765625 17.903645833333336 7.157006469457137 9.542675292609516
0 29.931640625 18.880208333333336 7.349606066157407 9.799474754876544
0 30.126953125 21.2890625 7.804389558437758 10.405852744583676
0 27.490234375 24.479166666666664 8.36871899463018 11.15829199284024
0 20.8984375 26.432291666666668 8.696171172348027 11.594894896464037
0 19.43359375 19.140625 7.400119417103358 9.866825889471144
0 19.921875 31.640625 9.51443925056146 12.685919000748614
0 13.76953125 41.14583333333333 10.849846700824694 14.466462267766259
0 1.708984375 45.83333333333333 11.45121035113142 15.268280468175227
0 2.392578125 58.854166666666664 12.976252212810852 17.301669617081135
0 2.392578125 71.15885416666666 14.268395663526562 19.02452755136875
0 19.23828125 49.47916666666667 11.897942315440629 15.863923087254172
0 36.9140625 62.369791666666664 13.358196184228083 17.810928245637445
0 47.314453125 75.45572916666666 14.692874898938872 19.59049986525183
0 35.44921875 44.140625 11.237764062208234 14.983685416277645
0 29.443359375 35.87239583333333 10.130732832457173 13.507643776609566
0 33.203125 29.1015625 9.124704826492952 12.166273101990603
0 34.423828125 15.4296875 6.644147051109997 8.858862734813329
0 35.791015625 17.057291666666664 6.985792933508055 9.31439057801074
0 41.11328125 14.388020833333334 6.415953381844678 8.554604509126236
0 39.794921875 15.104166666666666 6.573687508709111 8.764916678278816
0 40.869140625 16.145833333333336 6.796587356970242 9.062116475960323
0 41.357421875 17.3828125 7.052136235529384 9.40284831403918
0 41.2109375 19.596354166666664 7.487697843252746 9.983597124336994
0 42.529296875 22.200520833333336 7.969705113037473 10.626273484049964
0 41.357421875 24.934895833333336 8.446260072691679 11.26168009692224
0 48.681640625 27.669270833333332 8.897326499702912 11.863101999603883
0 44.140625 31.575520833333332 9.50464569238125 12.672860923174998
0 47.94921875 38.0859375 10.438617783500408 13.918157044667211
0 49.658203125 49.4140625 11.89011214525034 15.853482860333786
0 66.11328125 58.854166666666664 12.976252212810852 17.301669617081135
0 87.40234375 65.234375 13.661516897948847 18.215355863931794
0 97.705078125 53.125 12.32849723921152 16.437996318948695
0 76.708984375 52.669270833333336 12.275503760448466 16.36733834726462
0 65.869140625 41.08072916666667 10.841259563190683 14.45501275092091
0 60.25390625 35.48177083333333 10.075423595714831 13.433898127619774
0 62.353515625 30.794270833333332 9.386325988299376 12.515101317732501
0 59.326171875 24.348958333333336 8.346432086900233 11.128576115866979
0 61.5234375 20.8984375 7.732458166088822 10.309944221451763
0 59.228515625 18.684895833333336 7.311492035346033 9.748656047128044
0 61.23046875 17.838541666666664 7.143981879101334 9.525309172135112
0 61.23046875 15.299479166666666 6.61605328023645 8.821404373648601
0 48.046875 22.591145833333336 8.039514082226251 10.719352109635
0 48.33984375 18.098958333333336 7.195938795502683 9.594585060670244
0 50.439453125 20.052083333333336 7.574263699945591 10.099018266594122
0 52.34375 16.796875 6.932261164306974 9.243014885742634
0 55.419921875 13.4765625 6.209408553886659 8.279211405182211
0 56.005859375 16.145833333333336 6.796587356970242 9.062116475960323
0 44.775390625 15.234375 6.60196156395994 8.802615418613254
0 43.359375 16.927083333333336 6.959078522333606 9.278771363111476
0 47.509765625 14.778645833333334 6.502464524127966 8.669952698837287
0 66.40625 15.885416666666666 6.741553355216833 8.988737806955777
0 66.9921875 16.9921875 6.972448522214271 9.296598029619028
0 70.068359375 13.151041666666666 6.133957288281793 8.178609717709058
0 73.291015625 12.955729166666666 6.088237714617921 8.117650286157229
0 71.240234375 18.424479166666664 7.2603620931215325 9.680482790828709
0 71.533203125 22.135416666666664 7.958010748538389 10.610680998051187
0 66.650390625 23.6328125 8.222774405094897 10.963699206793196
0 79.248046875 19.140625 7.400119417103358 9.866825889471144
0 81.982421875 21.875 7.911060422861158 10.548080563814876
0 78.271484375 22.200520833333336 7.969705113037473 10.626273484049964
0 79.150390625 23.893229166666664 8.267954824306681 11.023939765742242
0 78.466796875 27.1484375 8.81318913463968 11.750918846186241
0 75.537109375 28.385416666666668 9.011732824849489 12.015643766465985
0 74.8046875 33.26822916666667 9.756083595670033 13.008111460893376
0 79.8828125 38.8671875 10.545137050275265 14.060182733700355
0 86.03515625 36.97916666666667 10.285827359834423 13.714436479779232
0 82.32421875 18.75 7.32421875 9.765625
0 87.5 16.080729166666664 6.782870718656271 9.043827624875028
0 84.423828125 20.377604166666664 7.635495607419925 10.180660809893233
0 86.5234375 22.981770833333336 8.108722079825698 10.811629439767596
0 91.650390625 20.703125 7.6962403643301345 10.261653819106845
0 94.62890625 24.674479166666664 8.402038511923953 11.202718015898604
0 91.015625 24.088541666666664 8.301678777304348 11.068905036405797
0 88.96484375 25.520833333333332 8.544921875 11.393229166666668
0 88.76953125 28.841145833333332 9.083786661460703 12.11171554861427
0 89.16015625 33.3984375 9.775157091093119 13.033542788124159
0 91.9921875 30.924479166666668 9.406149296522488 12.541532395363317
0 99.560546875 24.739583333333336 8.413115693414442 11.217487591219255
0 98.046875 29.296875 9.1552734375 12.20703125
0 98.92578125 31.4453125 9.485028239697298 12.646704319596397
0 98.291015625 41.86197916666667 10.943860520654974 14.591814027539964
