0 80.6640625 24.8046875 8.424178309229896 11.23223774563986
0 80.517578125 21.028645833333336 7.756509415978292 10.342012554637723
0 86.62109375 19.3359375 7.437779301119349 9.917039068159132
0 98.291015625 22.591145833333336 8.039514082226251 10.719352109635
0 91.064453125 21.614583333333336 7.863829789260941 10.485106385681254
0 85.009765625 19.856770833333336 7.537285788103314 10.049714384137753
0 73.486328125 15.8203125 6.72772451325946 8.970299351012613
0 66.69921875 16.40625 6.8511792970714245 9.134905729428567
0 9.423828125 25.1953125 8.490251308132054 11.320335077509403
0 4.150390625 20.442708333333336 7.647683158045451 10.196910877393934
0 12.98828125 22.591145833333336 8.039514082226251 10.719352109635
0 16.015625 20.5078125 7.659851317145468 10.21313508952729
0 23.53515625 17.96875 7.170007400189656 9.56000986691954
0 57.421875 15.494791666666666 6.658149484030587 8.877532645374115
0 45.21484375 16.015625 6.7691262856502785 9.025501714200372
0 95.361328125 20.5078125 7.659851317145468 10.21313508952729
0 78.466796875 17.96875 7.170007400189656 9.56000986691954
0 95.99609375 21.549479166666664 7.85197774064246 10.469303654189947
0 88.37890625 17.317708333333336 7.038917599286375 9.385223465715166
0 63.818359375 16.015625 6.7691262856502785 9.025501714200372
0 66.015625 15.8203125 6.72772451325946 8.970299351012613
0 7.470703125 18.75 7.32421875 9.765625
0 26.26953125 18.880208333333336 7.349606066157407 9.799474754876544
0 37.59765625 16.341145833333336 6.837572174807153 9.116762899742872
