0 88.330078125 54.1015625 12.441294623193059 16.58839283092408
0 97.75390625 42.51302083333333 11.02863220189981 14.704842935866417
0 98.974609375 35.9375 10.139921707663666 13.51989561021822
0 98.583984375 29.622395833333332 9.205995562132786 12.274660749510382
0 99.951171875 23.372395833333336 8.177344364608315 10.903125819477753
0 95.556640625 24.283854166666664 8.33526628646708 11.113688381956106
0 90.869140625 27.213541666666668 8.823750179932228 11.765000239909636
0 77.099609375 29.622395833333332 9.205995562132786 12.274660749510382
0 74.21875 25.0 8.457279333832409 11.276372445109878
0 78.22265625 20.247395833333336 7.611061958825638 10.148082611767517
0 81.93359375 22.265625 7.981382342908947 10.641843123878598
0 88.0859375 21.09375 7.768507117527988 10.358009490037318
0 93.798828125 20.572916666666664 7.672000176987631 10.229333569316841
0 97.607421875 18.880208333333336 7.349606066157407 9.799474754876544
0 93.1640625 18.5546875 7.28597191547444 9.714629220632586
0 89.306640625 16.927083333333336 6.959078522333606 9.278771363111476
0 87.40234375 14.322916666666666 6.401421192444773 8.53522825659303
0 84.619140625 14.322916666666666 6.401421192444773 8.53522825659303
0 81.8359375 15.169270833333334 6.587839704871492 8.783786273161988
0 79.78515625 15.104166666666666 6.573687508709111 8.764916678278816
0 78.076171875 14.192708333333334 6.372257390692475 8.496343187589966
0 75.68359375 14.322916666666666 6.401421192444773 8.53522825659303
0 73.095703125 14.778645833333334 6.502464524127966 8.669952698837287
0 72.16796875 13.802083333333334 6.283953943473511 8.378605257964681
0 69.384765625 15.4296875 6.644147051109997 8.858862734813329
0 68.5546875 13.997395833333334 6.328259690346595 8.437679587128793
0 69.482421875 13.541666666666666 6.224389054678692 8.299185406238257
0 63.818359375 13.411458333333334 6.194391824397107 8.259189099196142
0 62.40234375 13.802083333333334 6.283953943473511 8.378605257964681
0 60.83984375 18.033854166666664 7.182984799767957 9.577313066357275
0 58.984375 18.1640625 7.208869513560617 9.611826018080823
0 65.673828125 25.325520833333332 8.512161670520847 11.349548894027794
0 61.767578125 33.65885416666667 9.813192865486773 13.084257153982362
0 49.21875 49.609375 11.913587216762167 15.884782955682889
0 56.25 49.15364583333333 11.85873976301602 15.811653017354693
0 27.685546875 37.6953125 10.38494844187839 13.84659792250452
0 31.34765625 35.9375 10.139921707663666 13.51989561021822
0 44.482421875 30.46875 9.336583582018038 12.448778109357384
0 49.072265625 23.046875 8.120199399200482 10.82693253226731
0 53.3203125 21.614583333333336 7.863829789260941 10.485106385681254
0 57.568359375 12.890625 6.072921369058959 8.097228492078614
0 52.685546875 13.020833333333334 6.103515625 8.138020833333332
0 49.462890625 16.471354166666664 6.864759447755123 9.15301259700683
0 45.947265625 13.997395833333334 6.328259690346595 8.437679587128793
0 41.943359375 17.252604166666664 7.025674092542321 9.367565456723094
0 40.673828125 14.973958333333334 6.545291317604741 8.727055090139656
0 36.376953125 16.080729166666664 6.782870718656271 9.043827624875028
0 32.91015625 13.0859375 6.118755388111396 8.15834051748186
0 29.98046875 22.265625 7.981382342908947 10.641843123878598
0 29.150390625 17.3828125 7.052136235529384 9.40284831403918
0 30.37109375 14.84375 6.516771394062079 8.689028525416106
0 28.80859375 13.671875 6.254242410864013 8.338989881152017
0 21.6796875 15.299479166666666 6.61605328023645 8.821404373648601
0 25.29296875 13.216145833333334 6.149121606326259 8.198828808435012
0 23.486328125 14.322916666666666 6.401421192444773 8.53522825659303
0 18.310546875 15.104166666666666 6.573687508709111 8.764916678278816
0 18.06640625 18.880208333333336 7.349606066157407 9.799474754876544
0 13.720703125 18.684895833333336 7.311492035346033 9.748656047128044
0 10.05859375 15.299479166666666 6.61605328023645 8.821404373648601
0 5.859375 16.145833333333336 6.796587356970242 9.062116475960323
0 0.390625 17.838541666666664 7.143981879101334 9.525309172135112
0 2.978515625 26.5625 8.717563999686098 11.62341866624813
0 0.1953125 32.2265625 9.60213178866716 12.802842384889546
0 3.173828125 23.046875 8.120199399200482 10.82693253226731
0 86.669921875 25.130208333333332 8.479274895904423 11.305699861205897
