0 88.037109375 70.57291666666666 14.209529695828632 18.946039594438176
0 3.3203125 80.01302083333334 15.130072334278003 20.173429779037335
0 10.400390625 66.9921875 13.844355740007025 18.459140986676033
0 40.625 59.895833333333336 13.090582635209483 17.45411018027931
0 19.82421875 75.91145833333334 14.737178305236373 19.6495710736485
0 10.205078125 55.533854166666664 12.604905046425404 16.80654006190054
0 25.146484375 53.190104166666664 12.336049152470542 16.44806553662739
0 20.01953125 36.39322916666667 10.204012144348443 13.605349525797925
0 16.455078125 36.1328125 10.167438506443897 13.556584675258529
0 82.470703125 53.190104166666664 12.336049152470542 16.44806553662739
0 58.984375 22.591145833333336 8.039514082226251 10.719352109635
0 69.384765625 22.395833333333336 8.00468569861084 10.672914264814453
0 62.3046875 24.088541666666664 8.301678777304348 11.068905036405797
0 6.298828125 18.619791666666664 7.298743129334349 9.731657505779133
0 95.1171875 74.4140625 14.591104843605859 19.454806458141146
0 50.5859375 88.99739583333334 15.956929275392302 21.27590570052307
0 39.208984375 80.01302083333334 15.130072334278003 20.173429779037335
0 86.81640625 88.21614583333334 15.886737164087366 21.182316218783157
0 58.984375 41.6015625 10.909767414379564 14.546356552506085
0 68.017578125 38.15104166666667 10.447535869521296 13.930047826028394
0 26.513671875 36.39322916666667 10.204012144348443 13.605349525797925
0 31.201171875 29.557291666666668 9.195873518871684 12.261164691828911
0 22.705078125 22.265625 7.981382342908947 10.641843123878598
0 30.615234375 19.661458333333336 7.500125566067204 10.00016742142294
0 25.5859375 21.614583333333336 7.863829789260941 10.485106385681254
0 49.658203125 36.39322916666667 10.204012144348443 13.605349525797925
0 47.802734375 42.64322916666667 11.045508466097326 14.7273446214631
0 53.369140625 47.33072916666667 11.63676511531837 15.515686820424493
0 10.791015625 40.88541666666667 10.81545724284018 14.42060965712024
0 4.638671875 42.12239583333333 10.977847746951262 14.63713032926835
0 3.125 27.213541666666668 8.823750179932228 11.765000239909636
0 0.732421875 54.817708333333336 12.523367021901361 16.69782269586848
0 80.95703125 38.671875 10.518608361580863 14.024811148774482
0 76.7578125 31.0546875 9.425930915210266 12.567907886947022
0 61.962890625 31.575520833333332 9.50464569238125 12.672860923174998
0 54.8828125 30.924479166666668 9.406149296522488 12.541532395363317
0 47.705078125 24.609375 8.39094670707246 11.187928942763282
0 39.599609375 27.083333333333332 8.802615418613255 11.736820558151006
0 36.1328125 31.315104166666668 9.465370128949479 12.62049350526597
0 32.51953125 39.90885416666667 10.685511108405517 14.24734814454069
0 23.4375 17.122395833333336 6.9991119025755095 9.332149203434014
0 67.1875 32.68229166666667 9.669787303317175 12.893049737756234
0 65.380859375 15.4296875 6.644147051109997 8.858862734813329
0 82.71484375 23.2421875 8.154534433525017 10.872712578033356
0 73.681640625 30.6640625 9.366460725843998 12.48861430112533
0 65.966796875 26.692708333333332 8.738904457566134 11.651872610088178
0 78.076171875 26.3671875 8.685454999241765 11.580606665655687
0 73.2421875 22.005208333333336 7.9345703125 10.579427083333332
0 56.25 21.354166666666664 7.816313766397521 10.421751688530028
0 51.416015625 19.986979166666664 7.561957820656658 10.08261042754221
0 31.73828125 15.4296875 6.644147051109997 8.858862734813329
