0 86.81640625 63.0859375 13.434668397860802 17.912891197147736
0 92.28515625 91.47135416666666 16.177195166868373 21.569593555824497
0 92.7734375 52.799479166666664 12.290668069825603 16.38755742643414
0 93.9453125 42.90364583333333 11.079183874921476 14.772245166561968
0 79.39453125 38.671875 10.518608361580863 14.024811148774482
0 98.583984375 41.66666666666667 10.918300671385692 14.557734228514258
0 98.828125 30.46875 9.336583582018038 12.448778109357384
0 89.404296875 33.72395833333333 9.82267879603948 13.096905061385971
0 99.51171875 36.5234375 10.22224989284926 13.629666523799013
0 85.693359375 35.28645833333333 10.047654805392046 13.39687307385606
0 92.67578125 30.46875 9.336583582018038 12.448778109357384
0 96.630859375 20.963541666666664 7.7444931277157725 10.325990836954363
0 84.521484375 27.669270833333332 8.897326499702912 11.863101999603883
0 97.216796875 27.018229166666668 8.792028986137655 11.722705314850208
0 88.916015625 28.450520833333332 9.02206146184966 12.029415282466214
0 99.658203125 23.307291666666664 8.165947363439729 10.88792981791964
0 89.404296875 25.78125 8.588407763348565 11.451210351131419
0 100.0 20.377604166666664 7.635495607419925 10.180660809893233
0 91.259765625 24.544270833333336 8.379840220792225 11.173120294389632
0 86.474609375 20.963541666666664 7.7444931277157725 10.325990836954363
0 74.51171875 27.34375 8.84483443981289 11.793112586417188
0 92.7734375 23.502604166666664 8.200090846279542 10.933454461706056
0 72.412109375 32.48697916666667 9.640850219074288 12.854466958765718
0 95.21484375 22.265625 7.981382342908947 10.641843123878598
0 86.1328125 17.708333333333336 7.117861199762329 9.490481599683106
0 95.1171875 19.466145833333336 7.462780310447684 9.950373747263578
0 81.494140625 21.744791666666664 7.887480458569388 10.51664061142585
0 93.115234375 18.684895833333336 7.311492035346033 9.748656047128044
0 80.56640625 27.5390625 8.876366926421502 11.835155901895336
0 92.1875 20.833333333333336 7.720404443770458 10.293872591693944
0 79.4921875 24.4140625 8.357582969744357 11.143443959659143
0 89.404296875 20.833333333333336 7.720404443770458 10.293872591693944
0 72.16796875 22.0703125 7.946299173761924 10.595065565015899
0 90.33203125 20.052083333333336 7.574263699945591 10.099018266594122
0 81.689453125 15.234375 6.60196156395994 8.802615418613254
0 76.806640625 52.669270833333336 12.275503760448466 16.36733834726462
0 66.552734375 60.091145833333336 13.111908605310568 17.482544807080757
0 90.771484375 18.489583333333336 7.273178276253042 9.697571035004056
0 91.748046875 17.447916666666664 7.065330140863174 9.420440187817565
0 84.27734375 19.921875 7.549631882844837 10.066175843793117
0 83.349609375 15.559895833333334 6.672122530845778 8.896163374461038
0 81.494140625 17.903645833333336 7.157006469457137 9.542675292609516
0 79.58984375 16.927083333333336 6.959078522333606 9.278771363111476
0 70.3125 18.1640625 7.208869513560617 9.611826018080823
0 78.564453125 14.778645833333334 6.502464524127966 8.669952698837287
0 76.123046875 18.033854166666664 7.182984799767957 9.577313066357275
0 64.94140625 13.671875 6.254242410864013 8.338989881152017
0 75.29296875 14.322916666666666 6.401421192444773 8.53522825659303
0 66.943359375 23.763020833333336 8.245395560367612 10.993860747156816
0 73.33984375 16.796875 6.932261164306974 9.243014885742634
0 58.984375 24.869791666666664 8.435226416678011 11.246968555570682
0 74.365234375 15.885416666666666 6.741553355216833 8.988737806955777
0 60.83984375 21.158854166666664 7.780486318348366 10.373981757797822
0 69.23828125 14.127604166666666 6.3576253222655215 8.476833763020695
0 55.517578125 13.671875 6.254242410864013 8.338989881152017
0 66.943359375 16.145833333333336 6.796587356970242 9.062116475960323
0 55.615234375 15.690104166666666 6.699981201202437 8.933308268269917
0 66.11328125 15.4296875 6.644147051109997 8.858862734813329
0 58.3984375 14.127604166666666 6.3576253222655215 8.476833763020695
0 50.9765625 28.125 8.970299351012615 11.960399134683486
0 59.716796875 18.684895833333336 7.311492035346033 9.748656047128044
0 61.81640625 30.013020833333332 9.266495636406846 12.35532751520913
0 64.111328125 41.66666666666667 10.918300671385692 14.557734228514258
0 51.07421875 47.265625 11.628759084019562 15.505012112026082
0 62.5 17.122395833333336 6.9991119025755095 9.332149203434014
0 60.498046875 33.85416666666667 9.841623227903504 13.122164303871338
0 51.5625 16.666666666666664 6.905339660024879 9.207119546699838
0 61.23046875 17.578125 7.091644310682526 9.455525747576702
0 47.36328125 36.84895833333333 10.267702539831983 13.690270053109312
0 47.705078125 28.90625 9.094033462982996 12.125377950643994
0 47.36328125 14.778645833333334 6.502464524127966 8.669952698837287
0 44.3359375 30.794270833333332 9.386325988299376 12.515101317732501
0 48.53515625 22.395833333333336 8.00468569861084 10.672914264814453
0 42.333984375 25.1953125 8.490251308132054 11.320335077509403
0 49.8046875 19.7265625 7.512532730158185 10.01671030687758
0 41.064453125 21.744791666666664 7.887480458569388 10.51664061142585
0 49.12109375 17.708333333333336 7.117861199762329 9.490481599683106
0 41.9921875 19.270833333333336 7.425247229367944 9.900329639157258
0 31.640625 28.776041666666668 9.073528288158268 12.098037717544358
0 36.42578125 42.578125 11.037073559585647 14.716098079447528
0 37.109375 61.979166666666664 13.316298968061174 17.75506529074823
0 22.314453125 49.86979166666667 11.944815546130936 15.92642072817458
0 31.73828125 35.61197916666667 10.093893681970965 13.458524909294619
0 18.26171875 32.94270833333333 9.708235913444133 12.944314551258843
0 21.97265625 26.5625 8.717563999686098 11.62341866624813
0 43.994140625 15.690104166666666 6.699981201202437 8.933308268269917
0 32.32421875 20.052083333333336 7.574263699945591 10.099018266594122
0 41.064453125 16.796875 6.932261164306974 9.243014885742634
0 33.251953125 15.885416666666666 6.741553355216833 8.988737806955777
0 46.533203125 13.671875 6.254242410864013 8.338989881152017
0 36.767578125 16.927083333333336 6.959078522333606 9.278771363111476
0 43.06640625 13.541666666666666 6.224389054678692 8.299185406238257
0 38.037109375 15.690104166666666 6.699981201202437 8.933308268269917
0 26.85546875 18.684895833333336 7.311492035346033 9.748656047128044
0 40.13671875 15.4296875 6.644147051109997 8.858862734813329
0 29.8828125 13.216145833333334 6.149121606326259 8.198828808435012
0 36.279296875 15.104166666666666 6.573687508709111 8.764916678278816
0 26.26953125 23.958333333333336 8.279211405182211 11.038948540242949
0 19.189453125 12.760416666666666 6.042172202521769 8.056229603362357
0 5.76171875 72.8515625 14.437104702776942 19.249472937035925
0 0.1953125 59.9609375 13.097695150070152 17.46359353342687
0 11.71875 38.0859375 10.438617783500408 13.918157044667211
0 4.4921875 31.0546875 9.425930915210266 12.567907886947022
0 16.162109375 23.177083333333336 8.143105507889608 10.857474010519478
0 8.59375 28.3203125 9.001392336274797 12.001856448366395
0 20.703125 20.703125 7.6962403643301345 10.261653819106845
0 4.98046875 23.958333333333336 8.279211405182211 11.038948540242949
0 17.28515625 18.359375 7.247523246483103 9.663364328644137
0 11.03515625 20.963541666666664 7.7444931277157725 10.325990836954363
0 20.458984375 16.796875 6.932261164306974 9.243014885742634
0 25.68359375 14.6484375 6.473755931273323 8.631674575031097
0 8.7890625 16.015625 6.7691262856502785 9.025501714200372
0 23.583984375 15.234375 6.60196156395994 8.802615418613254
0 13.818359375 17.252604166666664 7.025674092542321 9.367565456723094
0 28.271484375 16.666666666666664 6.905339660024879 9.207119546699838
0 5.908203125 20.5078125 7.659851317145468 10.21313508952729
0 28.369140625 14.453125 6.430452730012657 8.57393697335021
0 4.150390625 16.471354166666664 6.864759447755123 9.15301259700683
0 31.396484375 14.778645833333334 6.502464524127966 8.669952698837287
0 11.474609375 18.033854166666664 7.182984799767957 9.577313066357275
0 29.052734375 20.5078125 7.659851317145468 10.21313508952729
0 7.080078125 18.033854166666664 7.182984799767957 9.577313066357275
0 12.40234375 21.940104166666664 7.92282408798045 10.5637654506406
0 1.3671875 17.252604166666664 7.025674092542321 9.367565456723094
0 3.564453125 19.7265625 7.512532730158185 10.01671030687758
0 4.98046875 18.359375 7.247523246483103 9.663364328644137
0 7.177734375 17.252604166666664 7.025674092542321 9.367565456723094
0 18.115234375 15.4296875 6.644147051109997 8.858862734813329
0 77.294921875 22.0703125 7.946299173761924 10.595065565015899
0 78.22265625 19.270833333333336 7.425247229367944 9.900329639157258
0 30.56640625 19.7265625 7.512532730158185 10.01671030687758
