0 17.578125 58.919270833333336 12.983427359730621 17.311236479640826
0 16.455078125 56.510416666666664 12.715250644531043 16.95366752604139
0 14.501953125 54.1015625 12.441294623193059 16.58839283092408
0 16.89453125 54.817708333333336 12.523367021901361 16.69782269586848
0 22.4609375 58.0078125 12.882611645022848 17.17681552669713
0 24.267578125 55.924479166666664 12.649158798866397 16.865545065155196
0 20.654296875 54.1015625 12.441294623193059 16.58839283092408
0 21.728515625 54.296875 12.463731601966636 16.61830880262218
0 22.314453125 53.190104166666664 12.336049152470542 16.44806553662739
0 23.583984375 52.799479166666664 12.290668069825603 16.38755742643414
0 25.634765625 52.994791666666664 12.313379517719735 16.41783935695965
0 26.513671875 55.924479166666664 12.649158798866397 16.865545065155196
0 29.150390625 52.994791666666664 12.313379517719735 16.41783935695965
0 30.95703125 53.515625 12.37373958295489 16.498319443939856
0 31.25 50.716145833333336 12.045748508295013 16.06099801106002
0 31.787109375 54.4921875 12.486128262621328 16.648171016828435
0 35.15625 55.924479166666664 12.649158798866397 16.865545065155196
0 34.5703125 53.3203125 12.351139126494179 16.468185501992238
0 34.1796875 51.497395833333336 12.138172486176355 16.184229981568475
0 36.376953125 52.604166666666664 12.267914576563586 16.357219435418116
0 35.986328125 50.0 11.960399134683488 15.947198846244651
0 36.962890625 49.08854166666667 11.850883690763915 15.801178254351885
0 38.0859375 50.5859375 12.03027547877626 16.040367305035012
0 38.916015625 50.0 11.960399134683488 15.947198846244651
0 39.306640625 52.018229166666664 12.199399469791677 16.265865959722237
0 40.4296875 51.302083333333336 12.115132593554204 16.153510124738936
0 40.13671875 53.90625 12.418817107773318 16.558422810364423
0 40.869140625 53.7109375 12.396298835198914 16.528398446931885
0 42.08984375 53.90625 12.418817107773318 16.558422810364423
0 43.798828125 52.408854166666664 12.245118803551563 16.32682507140208
0 44.775390625 52.018229166666664 12.199399469791677 16.265865959722237
0 45.751953125 54.4921875 12.486128262621328 16.648171016828435
0 46.2890625 48.11197916666667 11.732411368860527 15.643215158480702
0 47.705078125 47.98177083333333 11.716524548616007 15.622032731488009
0 48.779296875 48.69791666666667 11.803637454720285 15.738183272960379
0 47.802734375 50.911458333333336 12.06892085771801 16.091894476957346
0 49.90234375 50.390625 12.007028547916262 16.00937139722168
0 50.048828125 53.515625 12.37373958295489 16.498319443939856
0 50.5859375 52.213541666666664 12.222280514221671 16.29637401896223
0 51.025390625 49.28385416666667 11.874436314907054 15.832581753209407
0 51.708984375 50.911458333333336 12.06892085771801 16.091894476957346
0 52.5390625 51.497395833333336 12.138172486176355 16.184229981568475
0 53.662109375 52.213541666666664 12.222280514221671 16.29637401896223
0 54.78515625 52.604166666666664 12.267914576563586 16.357219435418116
0 54.638671875 49.8046875 11.937016122807584 15.916021497076779
0 55.46875 49.4140625 11.89011214525034 15.853482860333786
0 53.271484375 48.11197916666667 11.732411368860527 15.643215158480702
0 51.85546875 48.11197916666667 11.732411368860527 15.643215158480702
0 58.69140625 51.497395833333336 12.138172486176355 16.184229981568475
0 57.32421875 48.30729166666667 11.756201345372451 15.674935127163266
0 55.615234375 46.80989583333333 11.572561783360925 15.430082377814566
0 56.4453125 45.8984375 11.459340426952263 15.279120569269683
0 58.154296875 45.18229166666667 11.36958984997385 15.159453133298467
0 57.71484375 48.11197916666667 11.732411368860527 15.643215158480702
0 60.3515625 50.1953125 11.983736521039955 15.978315361386604
0 62.3046875 49.609375 11.913587216762167 15.884782955682889
0 61.767578125 47.59114583333333 11.66873431048899 15.55831241398532
0 60.9375 45.703125 11.434932858395506 15.24657714452734
0 59.66796875 45.703125 11.434932858395506 15.24657714452734
0 64.404296875 45.703125 11.434932858395506 15.24657714452734
0 63.720703125 47.39583333333333 11.644765642296699 15.526354189728933
0 64.990234375 50.390625 12.007028547916262 16.00937139722168
0 66.50390625 49.609375 11.913587216762167 15.884782955682889
0 64.697265625 47.98177083333333 11.716524548616007 15.622032731488009
0 65.087890625 47.39583333333333 11.644765642296699 15.526354189728933
0 66.357421875 44.79166666666667 11.320335077509403 15.093780103345871
0 67.333984375 43.88020833333333 11.2045652775182 14.939420370024267
0 68.017578125 44.59635416666667 11.295627150464934 15.060836200619912
0 68.310546875 46.2890625 11.508000265481447 15.344000353975263
0 68.84765625 43.48958333333333 11.154581837461587 14.872775783282115
0 71.533203125 48.89322916666667 11.82728416447516 15.76971221930021
0 72.36328125 48.30729166666667 11.756201345372451 15.674935127163266
0 73.046875 46.80989583333333 11.572561783360925 15.430082377814566
0 70.556640625 44.59635416666667 11.295627150464934 15.060836200619912
0 71.09375 43.68489583333333 11.179601491707887 14.906135322277184
0 74.609375 43.68489583333333 11.179601491707887 14.906135322277184
0 76.66015625 48.11197916666667 11.732411368860527 15.643215158480702
0 78.076171875 47.20052083333333 11.620747537023785 15.494330049365049
0 77.099609375 45.8984375 11.459340426952263 15.279120569269683
0 77.24609375 44.20572916666667 11.24604844524431 14.994731260325747
0 78.22265625 44.07552083333333 11.229473567489073 14.972631423318763
0 74.609375 43.48958333333333 11.154581837461587 14.872775783282115
0 76.5625 43.48958333333333 11.154581837461587 14.872775783282115
0 78.22265625 41.796875 10.935347208965403 14.580462945287206
0 85.302734375 46.484375 11.532253190729483 15.376337587639311
0 84.47265625 45.37760416666667 11.394137391720257 15.192183188960342
0 81.54296875 44.20572916666667 11.24604844524431 14.994731260325747
0 80.712890625 43.09895833333333 11.10437341226822 14.805831216357626
0 81.15234375 41.27604166666667 10.867000619363317 14.489334159151088
0 83.49609375 40.69010416666667 10.789593218788873 14.386124291718497
0 84.47265625 42.1875 10.986328125 14.6484375
0 85.44921875 43.09895833333333 11.10437341226822 14.805831216357626
0 87.548828125 42.3828125 11.01173007365034 14.682306764867118
0 86.572265625 42.3828125 11.01173007365034 14.682306764867118
0 86.1328125 40.88541666666667 10.81545724284018 14.42060965712024
0 89.0625 41.27604166666667 10.867000619363317 14.489334159151088
0 91.89453125 41.9921875 10.960867307170393 14.614489742893857
0 91.162109375 41.9921875 10.960867307170393 14.614489742893857
0 93.26171875 42.578125 11.037073559585647 14.716098079447528
0 95.751953125 42.1875 10.986328125 14.6484375
0 94.091796875 41.9921875 10.960867307170393 14.614489742893857
0 98.583984375 42.3828125 11.01173007365034 14.682306764867118
0 97.4609375 40.49479166666667 10.763667046233154 14.351556061644205
0 94.921875 40.16927083333333 10.720317425689878 14.293756567586504
0 92.138671875 40.36458333333333 10.746348182164922 14.328464242886563
