0 94.775390625 91.27604166666666 16.15991491073453 21.546553214312706
0 89.16015625 66.73177083333334 13.817421170253628 18.423228227004838
0 93.84765625 52.083333333333336 12.20703125 16.276041666666664
0 99.658203125 41.73177083333333 10.926827264384862 14.569103019179815
0 85.83984375 36.65364583333333 10.240455160865794 13.653940214487726
0 80.56640625 39.90885416666667 10.685511108405517 14.24734814454069
0 77.734375 51.7578125 12.168824485703665 16.225099314271553
0 92.236328125 31.380208333333332 9.475204282385269 12.633605709847027
0 97.36328125 26.432291666666668 8.696171172348027 11.594894896464037
0 98.974609375 31.380208333333332 9.475204282385269 12.633605709847027
0 90.966796875 28.3203125 9.001392336274797 12.001856448366395
0 80.078125 29.1015625 9.124704826492952 12.166273101990603
0 88.916015625 25.520833333333332 8.544921875 11.393229166666668
0 95.3125 20.638020833333336 7.684129829110212 10.245506438813615
0 91.2109375 23.893229166666664 8.267954824306681 11.023939765742242
0 86.083984375 20.963541666666664 7.7444931277157725 10.325990836954363
0 99.12109375 21.158854166666664 7.780486318348366 10.373981757797822
0 88.671875 19.791666666666664 7.524919437217989 10.033225916290652
0 37.060546875 63.671875 13.496914299008777 17.995885732011704
0 22.65625 48.11197916666667 11.732411368860527 15.643215158480702
0 14.55078125 39.90885416666667 10.685511108405517 14.24734814454069
0 8.056640625 41.27604166666667 10.867000619363317 14.489334159151088
0 1.26953125 59.895833333333336 13.090582635209483 17.45411018027931
0 1.025390625 87.63020833333334 15.833888880704158 21.11185184093888
0 34.716796875 44.140625 11.237764062208234 14.983685416277645
0 49.21875 50.0 11.960399134683488 15.947198846244651
0 66.6015625 43.09895833333333 11.10437341226822 14.805831216357626
0 67.08984375 60.611979166666664 13.16860901513148 17.55814535350864
0 73.681640625 32.74739583333333 9.679413773897526 12.905885031863368
0 75.1953125 23.893229166666664 8.267954824306681 11.023939765742242
0 81.25 24.348958333333336 8.346432086900233 11.128576115866979
0 86.083984375 14.388020833333334 6.415953381844678 8.554604509126236
0 81.73828125 22.786458333333336 8.074192233473482 10.765589644631309
0 78.076171875 19.140625 7.400119417103358 9.866825889471144
0 72.900390625 21.484375 7.840107775064166 10.453477033418888
0 70.166015625 13.802083333333334 6.283953943473511 8.378605257964681
0 59.619140625 11.71875 5.790303332827843 7.720404443770458
0 63.525390625 23.307291666666664 8.165947363439729 10.88792981791964
0 59.619140625 37.3046875 10.331000292853245 13.77466705713766
0 62.6953125 28.125 8.970299351012615 11.960399134683486
0 74.951171875 27.994791666666668 8.94951068030712 11.932680907076158
0 76.5625 22.65625 8.051090062422436 10.734786749896582
0 67.626953125 19.270833333333336 7.425247229367944 9.900329639157258
0 59.375 22.65625 8.051090062422436 10.734786749896582
0 51.708984375 31.184895833333332 9.445671106287941 12.594228141717254
0 47.607421875 37.43489583333333 10.349014256477766 13.798685675303688
0 32.080078125 34.44010416666667 9.926425761285763 13.235234348381017
0 19.921875 31.510416666666668 9.494842032534208 12.659789376712277
0 9.423828125 26.953125 8.78142979122202 11.708573054962693
0 4.58984375 29.6875 9.216106488367615 12.288141984490153
0 21.728515625 26.627604166666668 8.728240750778255 11.637654334371007
0 28.857421875 22.200520833333336 7.969705113037473 10.626273484049964
0 32.958984375 28.3203125 9.001392336274797 12.001856448366395
0 33.447265625 20.638020833333336 7.684129829110212 10.245506438813615
0 39.501953125 19.466145833333336 7.462780310447684 9.950373747263578
0 43.75 22.981770833333336 8.108722079825698 10.811629439767596
0 46.923828125 21.158854166666664 7.780486318348366 10.373981757797822
0 49.462890625 16.080729166666664 6.782870718656271 9.043827624875028
0 44.04296875 13.997395833333334 6.328259690346595 8.437679587128793
0 54.4921875 17.057291666666664 6.985792933508055 9.31439057801074
0 55.078125 12.630208333333334 6.011265748166568 8.015020997555423
0 85.693359375 18.229166666666664 7.221777078979024 9.629036105305365
0 78.857421875 14.84375 6.516771394062079 8.689028525416106
0 71.630859375 18.098958333333336 7.195938795502683 9.594585060670244
0 75.1953125 13.020833333333334 6.103515625 8.138020833333332
0 83.056640625 15.755208333333334 6.7138671875 8.951822916666668
0 59.619140625 17.7734375 7.130933499479933 9.50791133263991
0 63.96484375 17.1875 7.012405574387241 9.349874099182989
0 57.32421875 15.494791666666666 6.658149484030587 8.877532645374115
0 25.048828125 18.098958333333336 7.195938795502683 9.594585060670244
0 19.82421875 17.513020833333336 7.0784994535786145 9.437999271438152
0 13.96484375 22.526041666666664 8.027921409891299 10.703895213188398
0 5.76171875 24.348958333333336 8.346432086900233 11.128576115866979
0 10.888671875 22.526041666666664 8.027921409891299 10.703895213188398
0 10.400390625 15.755208333333334 6.7138671875 8.951822916666668
0 25.048828125 13.346354166666666 6.179338602086361 8.239118136115147
0 29.052734375 16.40625 6.8511792970714245 9.134905729428567
0 33.447265625 15.8203125 6.72772451325946 8.970299351012613
0 29.638671875 18.5546875 7.28597191547444 9.714629220632586
0 25.537109375 16.2109375 6.810276368536802 9.080368491382403
0 40.72265625 15.8203125 6.72772451325946 8.970299351012613
0 35.15625 13.4765625 6.209408553886659 8.279211405182211
0 33.10546875 18.098958333333336 7.195938795502683 9.594585060670244
0 30.078125 13.346354166666666 6.179338602086361 8.239118136115147
0 22.4609375 13.346354166666666 6.179338602086361 8.239118136115147
0 19.384765625 21.158854166666664 7.780486318348366 10.373981757797822
0 16.6015625 17.057291666666664 6.985792933508055 9.31439057801074
0 12.158203125 18.424479166666664 7.2603620931215325 9.680482790828709
0 4.833984375 20.5078125 7.659851317145468 10.21313508952729
0 38.232421875 12.760416666666666 6.042172202521769 8.056229603362357
0 36.5234375 20.5078125 7.659851317145468 10.21313508952729
0 47.8515625 13.671875 6.254242410864013 8.338989881152017
0 50.48828125 19.596354166666664 7.487697843252746 9.983597124336994
0 36.279296875 17.1875 7.012405574387241 9.349874099182989
0 51.953125 16.536458333333336 6.878312786611722 9.171083715482297
0 56.884765625 12.630208333333334 6.011265748166568 8.015020997555423
0 64.55078125 14.84375 6.516771394062079 8.689028525416106
0 81.34765625 13.671875 6.254242410864013 8.338989881152017
0 68.06640625 23.893229166666664 8.267954824306681 11.023939765742242
0 59.423828125 20.247395833333336 7.611061958825638 10.148082611767517
0 46.58203125 28.3203125 9.001392336274797 12.001856448366395
0 52.05078125 27.994791666666668 8.94951068030712 11.932680907076158
0 46.923828125 15.169270833333334 6.587839704871492 8.783786273161988
0 39.697265625 13.997395833333334 6.328259690346595 8.437679587128793
0 17.08984375 15.169270833333334 6.587839704871492 8.783786273161988
0 12.939453125 16.731770833333336 6.9188135063199665 9.225084675093289
0 9.375 17.903645833333336 7.157006469457137 9.542675292609516
0 2.978515625 18.880208333333336 7.349606066157407 9.799474754876544
0 7.568359375 15.494791666666666 6.658149484030587 8.877532645374115
0 67.28515625 15.0390625 6.559504779115197 8.746006372153596
0 76.07421875 15.364583333333334 6.6301150458985685 8.840153394531425
0 87.646484375 18.815104166666664 7.336923388776433 9.782564518368577
0 92.724609375 17.513020833333336 7.0784994535786145 9.437999271438152
0 14.74609375 16.731770833333336 6.9188135063199665 9.225084675093289
