0 0.68359375 18.229166666666664 7.221777078979024 9.629036105305365
0 1.953125 82.87760416666666 15.398530043387284 20.531373391183045
0 85.888671875 18.75 7.32421875 9.765625
0 1.513671875 18.880208333333336 7.349606066157407 9.799474754876544
0 82.6171875 18.229166666666664 7.221777078979024 9.629036105305365
0 2.392578125 19.856770833333336 7.537285788103314 10.049714384137753
0 89.013671875 22.395833333333336 8.00468569861084 10.672914264814453
0 3.076171875 18.880208333333336 7.349606066157407 9.799474754876544
0 89.599609375 20.768229166666664 7.708331872750909 10.277775830334546
0 4.296875 18.75 7.32421875 9.765625
0 94.23828125 23.4375 8.188725503539269 10.918300671385692
0 99.365234375 27.994791666666668 8.94951068030712 11.932680907076158
0 6.93359375 17.057291666666664 6.985792933508055 9.31439057801074
0 16.9921875 14.908854166666666 6.531046923532928 8.708062564710572
0 8.49609375 18.359375 7.247523246483103 9.663364328644137
0 18.75 13.28125 6.16424861960576 8.218998159474348
0 7.03125 19.7265625 7.512532730158185 10.01671030687758
0 19.23828125 14.453125 6.430452730012657 8.57393697335021
0 6.689453125 22.591145833333336 8.039514082226251 10.719352109635
0 17.529296875 17.7734375 7.130933499479933 9.50791133263991
0 13.720703125 26.888020833333332 8.770817787597604 11.694423716796805
0 12.40234375 19.921875 7.549631882844837 10.066175843793117
0 19.384765625 16.927083333333336 6.959078522333606 9.278771363111476
0 16.015625 20.703125 7.6962403643301345 10.261653819106845
0 29.58984375 15.755208333333334 6.7138671875 8.951822916666668
0 21.38671875 16.40625 6.8511792970714245 9.134905729428567
0 25.439453125 22.526041666666664 8.027921409891299 10.703895213188398
0 31.298828125 19.205729166666664 7.412693970636669 9.883591960848893
0 26.07421875 18.619791666666664 7.298743129334349 9.731657505779133
0 9.66796875 18.880208333333336 7.349606066157407 9.799474754876544
0 27.587890625 18.5546875 7.28597191547444 9.714629220632586
0 33.349609375 25.1953125 8.490251308132054 11.320335077509403
0 30.224609375 22.526041666666664 8.027921409891299 10.703895213188398
0 35.05859375 17.903645833333336 7.157006469457137 9.542675292609516
0 46.240234375 23.046875 8.120199399200482 10.82693253226731
0 32.32421875 16.080729166666664 6.782870718656271 9.043827624875028
0 41.259765625 22.200520833333336 7.969705113037473 10.626273484049964
0 33.544921875 16.731770833333336 6.9188135063199665 9.225084675093289
0 38.28125 20.703125 7.6962403643301345 10.261653819106845
0 35.205078125 15.755208333333334 6.7138671875 8.951822916666668
0 84.130859375 17.708333333333336 7.117861199762329 9.490481599683106
0 40.283203125 16.731770833333336 6.9188135063199665 9.225084675093289
0 44.189453125 24.0234375 8.290452702152177 11.053936936202902
0 26.46484375 24.869791666666664 8.435226416678011 11.246968555570682
0 39.94140625 14.453125 6.430452730012657 8.57393697335021
0 52.880859375 27.669270833333332 8.897326499702912 11.863101999603883
0 46.142578125 16.796875 6.932261164306974 9.243014885742634
0 56.25 14.583333333333334 6.459353786778786 8.612471715705048
0 68.359375 39.32291666666667 10.606779295033428 14.142372393377903
0 50.537109375 15.755208333333334 6.7138671875 8.951822916666668
0 64.84375 31.8359375 9.543759625922785 12.725012834563712
0 51.904296875 16.536458333333336 6.878312786611722 9.171083715482297
0 60.595703125 26.7578125 8.749555167743805 11.66607355699174
0 52.880859375 13.0859375 6.118755388111396 8.15834051748186
0 62.59765625 21.549479166666664 7.85197774064246 10.469303654189947
0 58.49609375 14.388020833333334 6.415953381844678 8.554604509126236
0 54.248046875 23.763020833333336 8.245395560367612 10.993860747156816
0 32.8125 33.0078125 9.717824296930333 12.957099062573777
0 65.8203125 17.122395833333336 6.9991119025755095 9.332149203434014
0 17.3828125 37.63020833333333 10.3759765625 13.834635416666666
0 58.88671875 19.205729166666664 7.412693970636669 9.883591960848893
0 26.318359375 38.15104166666667 10.447535869521296 13.930047826028394
0 73.4375 15.4296875 6.644147051109997 8.858862734813329
0 56.103515625 21.940104166666664 7.92282408798045 10.5637654506406
0 41.40625 32.55208333333333 9.650505554713073 12.86734073961743
0 24.755859375 27.5390625 8.876366926421502 11.835155901895336
0 59.47265625 16.080729166666664 6.782870718656271 9.043827624875028
0 63.623046875 18.880208333333336 7.349606066157407 9.799474754876544
0 67.67578125 14.2578125 6.386855937639267 8.515807916852356
0 73.193359375 19.7265625 7.512532730158185 10.01671030687758
0 65.869140625 20.377604166666664 7.635495607419925 10.180660809893233
0 66.455078125 28.90625 9.094033462982996 12.125377950643994
0 37.060546875 36.84895833333333 10.267702539831983 13.690270053109312
0 44.189453125 36.84895833333333 10.267702539831983 13.690270053109312
0 52.978515625 42.44791666666667 11.020184378215204 14.693579170953605
0 45.8984375 36.84895833333333 10.267702539831983 13.690270053109312
0 68.84765625 24.739583333333336 8.413115693414442 11.217487591219255
0 56.34765625 35.02604166666667 10.010509928501419 13.347346571335224
0 70.654296875 15.625 6.686066375795484 8.914755167727312
0 74.70703125 18.359375 7.247523246483103 9.663364328644137
0 52.392578125 38.99739583333333 10.562785827561513 14.083714436748682
0 76.7578125 18.75 7.32421875 9.765625
0 8.88671875 65.75520833333334 13.715945467678365 18.287927290237818
0 77.9296875 18.229166666666664 7.221777078979024 9.629036105305365
0 29.736328125 67.3828125 13.884659626559234 18.51287950207898
0 83.88671875 28.580729166666668 9.042683343523592 12.056911124698123
0 79.6875 18.424479166666664 7.2603620931215325 9.680482790828709
0 80.76171875 27.5390625 8.876366926421502 11.835155901895336
0 84.033203125 19.205729166666664 7.412693970636669 9.883591960848893
0 81.15234375 25.1953125 8.490251308132054 11.320335077509403
0 87.109375 19.53125 7.475249459177179 9.966999278902906
0 99.365234375 48.50260416666667 11.779943277355214 15.706591036473618
0 87.109375 26.3671875 8.685454999241765 11.580606665655687
0 94.384765625 77.86458333333334 14.925560620895368 19.900747494527156
0 86.669921875 23.046875 8.120199399200482 10.82693253226731
0 92.529296875 29.6875 9.216106488367615 12.288141984490153
0 95.703125 36.00260416666667 10.149102263376399 13.53213635116853
0 89.501953125 27.864583333333332 8.928673607377803 11.904898143170405
0 97.705078125 32.87760416666667 9.698638050580264 12.931517400773687
0 81.787109375 22.395833333333336 8.00468569861084 10.672914264814453
0 99.560546875 31.315104166666668 9.465370128949479 12.62049350526597
0 76.513671875 21.549479166666664 7.85197774064246 10.469303654189947
0 97.4609375 30.013020833333332 9.266495636406846 12.35532751520913
0 77.294921875 23.2421875 8.154534433525017 10.872712578033356
0 97.265625 28.580729166666668 9.042683343523592 12.056911124698123
0 83.251953125 25.716145833333332 8.57755695956738 11.436742612756506
0 91.2109375 21.744791666666664 7.887480458569388 10.51664061142585
0 13.232421875 82.8125 15.392480728660269 20.52330763821369
0 91.40625 27.734375 8.907787792557633 11.877050390076842
0 36.083984375 26.041666666666668 8.631674575031099 11.508899433374797
0 0.830078125 20.377604166666664 7.635495607419925 10.180660809893233
0 38.818359375 27.083333333333332 8.802615418613255 11.736820558151006
0 29.1015625 19.596354166666664 7.487697843252746 9.983597124336994
0 82.763671875 21.614583333333336 7.863829789260941 10.485106385681254
0 89.599609375 30.859375 9.396242870080965 12.52832382677462
0 93.75 47.13541666666667 11.612730462915312 15.483640617220415
0 97.607421875 53.645833333333336 12.388783648794213 16.518378198392284
0 42.138671875 18.424479166666664 7.2603620931215325 9.680482790828709
0 96.728515625 65.4296875 13.68195298551019 18.242603980680254
0 77.5390625 64.71354166666666 13.60687061133298 18.142494148443973
0 11.03515625 16.796875 6.932261164306974 9.243014885742634
0 10.009765625 25.065104166666668 8.468284256293707 11.291045675058275
0 0.78125 42.51302083333333 11.02863220189981 14.704842935866417
0 24.31640625 16.40625 6.8511792970714245 9.134905729428567
0 14.2578125 15.755208333333334 6.7138671875 8.951822916666668
0 23.583984375 17.708333333333336 7.117861199762329 9.490481599683106
0 28.41796875 14.453125 6.430452730012657 8.57393697335021
0 37.060546875 15.4296875 6.644147051109997 8.858862734813329
0 27.978515625 17.057291666666664 6.985792933508055 9.31439057801074
0 42.431640625 14.453125 6.430452730012657 8.57393697335021
0 35.9375 28.90625 9.094033462982996 12.125377950643994
0 45.166015625 13.606770833333334 6.2393335877260965 8.319111450301463
0 54.1015625 15.885416666666666 6.741553355216833 8.988737806955777
0 43.5546875 16.927083333333336 6.959078522333606 9.278771363111476
0 23.828125 51.953125 12.191762912254749 16.25568388300633
0 60.83984375 12.955729166666666 6.088237714617921 8.117650286157229
0 62.353515625 44.46614583333333 11.279125129746294 15.038833506328391
0 61.1328125 15.885416666666666 6.741553355216833 8.988737806955777
0 76.5625 30.6640625 9.366460725843998 12.48861430112533
0 78.41796875 46.35416666666667 11.516090249092533 15.354786998790045
0 69.189453125 15.104166666666666 6.573687508709111 8.764916678278816
0 64.990234375 15.559895833333334 6.672122530845778 8.896163374461038
0 31.787109375 14.778645833333334 6.502464524127966 8.669952698837287
0 91.015625 23.893229166666664 8.267954824306681 11.023939765742242
0 22.8515625 16.276041666666664 6.823937919616058 9.09858389282141
0 89.2578125 36.39322916666667 10.204012144348443 13.605349525797925
0 80.517578125 15.755208333333334 6.7138671875 8.951822916666668
0 88.28125 17.578125 7.091644310682526 9.455525747576702
0 79.296875 14.908854166666666 6.531046923532928 8.708062564710572
0 72.16796875 16.080729166666664 6.782870718656271 9.043827624875028
0 46.142578125 66.796875 13.824159732551422 18.43221297673523
