0 10.498046875 16.731770833333336 6.9188135063199665 9.225084675093289
0 39.599609375 13.997395833333334 6.328259690346595 8.437679587128793
0 28.02734375 22.395833333333336 8.00468569861084 10.672914264814453
0 41.30859375 14.778645833333334 6.502464524127966 8.669952698837287
0 19.287109375 26.302083333333332 8.674725588105405 11.56630078414054
0 19.140625 46.41927083333333 11.524174553527347 15.365566071369797
0 6.25 29.557291666666668 9.195873518871684 12.261164691828911
0 12.20703125 39.12760416666667 10.580405165624827 14.107206887499771
0 32.275390625 29.036458333333332 9.114492506755418 12.15265667567389
0 19.775390625 32.29166666666667 9.611826018080825 12.815768024107768
0 31.0546875 40.10416666666667 10.711626449453275 14.282168599271033
0 14.2578125 32.16145833333333 9.592427762147041 12.789903682862722
0 18.1640625 37.5 10.358009490037318 13.810679320049758
0 29.1015625 33.7890625 9.832155574699105 13.109540766265473
0 32.275390625 21.09375 7.768507117527988 10.358009490037318
0 37.5 42.1875 10.986328125 14.6484375
0 34.228515625 48.69791666666667 11.803637454720285 15.738183272960379
0 41.650390625 58.072916666666664 12.889838917201462 17.18645188960195
0 36.03515625 54.557291666666664 12.49358489407881 16.658113192105077
0 28.271484375 80.6640625 15.191502032047904 20.25533604273054
0 9.033203125 57.747395833333336 12.853661919343681 17.13821589245824
0 2.587890625 54.557291666666664 12.49358489407881 16.658113192105077
0 2.490234375 33.59375 9.803697756475225 13.071597008633635
0 45.3125 87.95572916666666 15.863270774373811 21.15102769916508
0 55.419921875 71.74479166666666 14.327019768439333 19.10269302458578
0 88.96484375 74.15364583333334 14.565551225319487 19.42073496709265
0 74.609375 57.6171875 12.83916257810219 17.118883437469588
0 56.494140625 49.34895833333333 11.882276815143912 15.843035753525218
0 49.658203125 47.72135416666667 11.684686107834867 15.579581477113155
0 68.65234375 42.70833333333333 11.053936936202902 14.738582581603868
0 87.646484375 48.828125 11.819407184470878 15.759209579294502
0 99.4140625 57.421875 12.8173828125 17.08984375
0 97.607421875 36.39322916666667 10.204012144348443 13.605349525797925
0 79.833984375 37.17447916666667 10.31295486371814 13.75060648495752
0 92.626953125 33.7890625 9.832155574699105 13.109540766265473
0 84.47265625 33.7890625 9.832155574699105 13.109540766265473
0 77.197265625 30.533854166666668 9.346553241646458 12.462070988861944
0 60.7421875 33.91927083333333 9.851081781963485 13.134775709284646
0 71.6796875 30.859375 9.396242870080965 12.52832382677462
0 50.537109375 36.84895833333333 10.267702539831983 13.690270053109312
0 64.2578125 28.385416666666668 9.011732824849489 12.015643766465985
0 46.630859375 34.5703125 9.945172568847854 13.26023009179714
0 54.78515625 23.893229166666664 8.267954824306681 11.023939765742242
0 55.517578125 31.510416666666668 9.494842032534208 12.659789376712277
0 42.138671875 30.013020833333332 9.266495636406846 12.35532751520913
0 49.21875 28.059895833333332 8.959911044862793 11.946548059817056
0 35.546875 23.697916666666664 8.234092750996119 10.978790334661493
0 59.033203125 25.520833333333332 8.544921875 11.393229166666668
0 42.041015625 23.893229166666664 8.267954824306681 11.023939765742242
0 26.708984375 18.359375 7.247523246483103 9.663364328644137
0 56.25 19.661458333333336 7.500125566067204 10.00016742142294
0 47.36328125 23.372395833333336 8.177344364608315 10.903125819477753
0 63.818359375 21.940104166666664 7.92282408798045 10.5637654506406
0 82.763671875 26.822916666666668 8.760192928715409 11.680257238287211
0 88.134765625 18.489583333333336 7.273178276253042 9.697571035004056
0 62.109375 17.578125 7.091644310682526 9.455525747576702
0 48.974609375 21.09375 7.768507117527988 10.358009490037318
0 58.935546875 19.466145833333336 7.462780310447684 9.950373747263578
0 71.337890625 24.348958333333336 8.346432086900233 11.128576115866979
0 87.01171875 25.651041666666668 8.566692411876344 11.422256549168457
0 97.119140625 29.036458333333332 9.114492506755418 12.15265667567389
0 91.796875 23.697916666666664 8.234092750996119 10.978790334661493
0 79.345703125 21.744791666666664 7.887480458569388 10.51664061142585
0 94.677734375 23.893229166666664 8.267954824306681 11.023939765742242
0 51.611328125 17.708333333333336 7.117861199762329 9.490481599683106
0 46.044921875 18.359375 7.247523246483103 9.663364328644137
0 18.310546875 22.916666666666664 8.097228492078614 10.796304656104818
0 67.67578125 24.544270833333336 8.379840220792225 11.173120294389632
0 97.265625 22.721354166666664 8.062649422377262 10.75019922983635
0 83.642578125 20.963541666666664 7.7444931277157725 10.325990836954363
0 41.30859375 19.661458333333336 7.500125566067204 10.00016742142294
0 34.9609375 18.684895833333336 7.311492035346033 9.748656047128044
