0 84.5703125 65.69010416666666 13.709153714121216 18.278871618828287
0 43.701171875 83.203125 15.428741039751634 20.571654719668846
0 37.255859375 65.8203125 13.722733859812692 18.296978479750255
0 64.84375 58.723958333333336 12.9618900034151 17.28252000455347
0 74.70703125 51.888020833333336 12.184121568406452 16.245495424541936
0 20.1171875 48.11197916666667 11.732411368860527 15.643215158480702
0 6.0546875 40.4296875 10.755011100284483 14.340014800379311
0 18.65234375 32.68229166666667 9.669787303317175 12.893049737756234
0 31.787109375 33.91927083333333 9.851081781963485 13.134775709284646
0 35.107421875 42.05729166666667 10.969360812751116 14.62581441700149
0 51.416015625 49.21875 11.866590634291736 15.822120845722315
0 42.138671875 32.421875 9.631185203893738 12.84158027185832
0 64.16015625 41.796875 10.935347208965403 14.580462945287206
0 79.345703125 37.82552083333333 10.40286898746296 13.870491983283944
0 98.974609375 52.083333333333336 12.20703125 16.276041666666664
0 97.509765625 41.47135416666667 10.892680845687712 14.523574460916949
0 61.181640625 34.375 9.91703906815913 13.222718757545508
0 49.951171875 38.28125 10.46534924284805 13.953798990464069
0 0.732421875 59.505208333333336 13.047826126972625 17.397101502630168
0 0.48828125 47.0703125 11.604707850238979 15.472943800318639
0 4.78515625 32.09635416666667 9.58271390875707 12.77695187834276
0 26.904296875 22.591145833333336 8.039514082226251 10.719352109635
0 22.509765625 27.278645833333332 8.83429859993294 11.779064799910586
0 31.93359375 28.3203125 9.001392336274797 12.001856448366395
0 41.455078125 23.6328125 8.222774405094897 10.963699206793196
0 49.267578125 27.5390625 8.876366926421502 11.835155901895336
0 58.59375 25.455729166666668 8.53401578009617 11.378687706794894
0 63.818359375 30.013020833333332 9.266495636406846 12.35532751520913
0 67.87109375 20.1171875 7.586549618320344 10.115399491093791
0 73.779296875 33.7890625 9.832155574699105 13.109540766265473
0 80.029296875 25.260416666666668 8.501213548086012 11.334951397448016
0 84.5703125 35.87239583333333 10.130732832457173 13.507643776609566
0 88.525390625 24.088541666666664 8.301678777304348 11.068905036405797
0 78.3203125 17.447916666666664 7.065330140863174 9.420440187817565
0 56.4453125 16.9921875 6.972448522214271 9.296598029619028
0 19.3359375 21.809895833333336 7.8992792392241125 10.532372318965482
0 4.00390625 25.130208333333332 8.479274895904423 11.305699861205897
0 13.8671875 24.088541666666664 8.301678777304348 11.068905036405797
0 10.25390625 28.450520833333332 9.02206146184966 12.029415282466214
0 31.93359375 21.223958333333336 7.792447103762027 10.389929471682702
0 39.6484375 14.713541666666666 6.488126106405426 8.650834808540568
0 48.14453125 22.395833333333336 8.00468569861084 10.672914264814453
0 66.40625 24.088541666666664 8.301678777304348 11.068905036405797
0 74.8046875 28.776041666666668 9.073528288158268 12.098037717544358
0 -11.5234375 5.924479166666666 4.1170463754980595 5.489395167330747
0 4.58984375 21.028645833333336 7.756509415978292 10.342012554637723
0 13.76953125 16.2109375 6.810276368536802 9.080368491382403
0 49.70703125 20.768229166666664 7.708331872750909 10.277775830334546
0 7.275390625 18.359375 7.247523246483103 9.663364328644137
0 0.48828125 18.033854166666664 7.182984799767957 9.577313066357275
0 10.693359375 18.359375 7.247523246483103 9.663364328644137
0 26.220703125 18.359375 7.247523246483103 9.663364328644137
0 36.1328125 18.9453125 7.3622668956389274 9.816355860851903
0 27.83203125 13.671875 6.254242410864013 8.338989881152017
0 17.724609375 18.815104166666664 7.336923388776433 9.782564518368577
0 31.93359375 15.885416666666666 6.741553355216833 8.988737806955777
0 46.09375 13.4765625 6.209408553886659 8.279211405182211
0 77.099609375 20.8984375 7.732458166088822 10.309944221451763
0 71.38671875 22.8515625 8.085718566584333 10.780958088779109
0 83.88671875 20.572916666666664 7.672000176987631 10.229333569316841
0 71.533203125 18.9453125 7.3622668956389274 9.816355860851903
0 48.583984375 18.1640625 7.208869513560617 9.611826018080823
0 8.7890625 21.028645833333336 7.756509415978292 10.342012554637723
0 88.8671875 34.04947916666667 9.869971697263324 13.159962263017766
0 92.96875 23.502604166666664 8.200090846279542 10.933454461706056
0 89.013671875 29.361979166666668 9.16544031840894 12.220587091211922
0 86.1328125 21.484375 7.840107775064166 10.453477033418888
0 20.556640625 17.252604166666664 7.025674092542321 9.367565456723094
0 82.275390625 15.299479166666666 6.61605328023645 8.821404373648601
0 55.517578125 13.216145833333334 6.149121606326259 8.198828808435012
0 24.658203125 15.625 6.686066375795484 8.914755167727312
0 9.228515625 27.083333333333332 8.802615418613255 11.736820558151006
0 3.90625 19.401041666666664 7.450290292806215 9.933720390408286
0 93.65234375 22.591145833333336 8.039514082226251 10.719352109635
0 59.27734375 21.028645833333336 7.756509415978292 10.342012554637723
0 60.400390625 17.122395833333336 6.9991119025755095 9.332149203434014
0 98.6328125 18.1640625 7.208869513560617 9.611826018080823
0 91.943359375 21.223958333333336 7.792447103762027 10.389929471682702
0 74.70703125 14.84375 6.516771394062079 8.689028525416106
0 34.765625 15.4296875 6.644147051109997 8.858862734813329
