0 99.51171875 32.48697916666667 9.640850219074288 12.854466958765718
0 89.55078125 34.24479166666667 9.898238977189243 13.197651969585658
0 89.404296875 24.153645833333336 8.312889692307273 11.083852923076364
0 86.62109375 29.1015625 9.124704826492952 12.166273101990603
0 83.251953125 22.4609375 8.016311973000304 10.688415964000404
0 77.685546875 16.40625 6.8511792970714245 9.134905729428567
0 85.25390625 18.294270833333336 7.234661615679748 9.646215487572997
0 77.099609375 22.265625 7.981382342908947 10.641843123878598
0 85.83984375 21.549479166666664 7.85197774064246 10.469303654189947
0 80.029296875 21.875 7.911060422861158 10.548080563814876
0 75.9765625 16.861979166666664 6.945682786096826 9.260910381462436
0 65.673828125 16.861979166666664 6.945682786096826 9.260910381462436
0 73.046875 16.015625 6.7691262856502785 9.025501714200372
0 82.03125 17.643229166666664 7.104764847914316 9.473019797219088
0 63.818359375 16.927083333333336 6.959078522333606 9.278771363111476
0 81.396484375 20.963541666666664 7.7444931277157725 10.325990836954363
0 61.474609375 14.84375 6.516771394062079 8.689028525416106
0 55.615234375 20.963541666666664 7.7444931277157725 10.325990836954363
0 42.431640625 22.395833333333336 8.00468569861084 10.672914264814453
0 29.736328125 21.419270833333336 7.828219811023351 10.437626414697803
0 33.935546875 17.513020833333336 7.0784994535786145 9.437999271438152
0 38.671875 17.252604166666664 7.025674092542321 9.367565456723094
0 24.609375 16.6015625 6.891839471823862 9.189119295765149
0 19.7265625 22.265625 7.981382342908947 10.641843123878598
0 22.4609375 15.8203125 6.72772451325946 8.970299351012613
0 10.546875 18.5546875 7.28597191547444 9.714629220632586
0 11.81640625 28.580729166666668 9.042683343523592 12.056911124698123
0 14.794921875 38.8671875 10.545137050275265 14.060182733700355
0 27.734375 29.6875 9.216106488367615 12.288141984490153
0 7.177734375 23.307291666666664 8.165947363439729 10.88792981791964
0 2.490234375 18.9453125 7.3622668956389274 9.816355860851903
0 4.1015625 18.75 7.32421875 9.765625
0 5.37109375 19.401041666666664 7.450290292806215 9.933720390408286
0 6.591796875 19.7265625 7.512532730158185 10.01671030687758
0 12.890625 19.140625 7.400119417103358 9.866825889471144
0 58.0078125 15.8203125 6.72772451325946 8.970299351012613
0 62.6953125 14.127604166666666 6.3576253222655215 8.476833763020695
