0 11.474609375 71.35416666666666 14.287963758202668 19.050618344270223
0 35.693359375 64.12760416666666 13.545130017805265 18.060173357073687
0 65.966796875 60.677083333333336 13.175679409742983 17.567572546323976
0 84.47265625 64.77864583333334 13.613713393063637 18.15161785741818
0 95.654296875 54.4921875 12.486128262621328 16.648171016828435
0 94.23828125 44.85677083333333 11.328559077923941 15.104745437231923
0 98.974609375 42.70833333333333 11.053936936202902 14.738582581603868
0 78.515625 53.90625 12.418817107773318 16.558422810364423
0 79.833984375 39.32291666666667 10.606779295033428 14.142372393377903
0 65.771484375 42.83854166666667 11.070774625986973 14.761032834649296
0 51.953125 47.91666666666667 11.708573054962693 15.611430739950258
0 37.841796875 44.07552083333333 11.229473567489073 14.972631423318763
0 20.3125 50.1953125 11.983736521039955 15.978315361386604
0 0.48828125 58.3984375 12.925914663420027 17.234552884560035
0 0.830078125 46.484375 11.532253190729483 15.376337587639311
0 4.58984375 36.84895833333333 10.267702539831983 13.690270053109312
0 6.005859375 30.533854166666668 9.346553241646458 12.462070988861944
0 9.716796875 28.3203125 9.001392336274797 12.001856448366395
0 17.3828125 30.794270833333332 9.386325988299376 12.515101317732501
0 22.216796875 27.864583333333332 8.928673607377803 11.904898143170405
0 4.931640625 24.869791666666664 8.435226416678011 11.246968555570682
0 5.224609375 19.921875 7.549631882844837 10.066175843793117
0 1.025390625 17.122395833333336 6.9991119025755095 9.332149203434014
0 11.962890625 20.703125 7.6962403643301345 10.261653819106845
0 6.640625 18.5546875 7.28597191547444 9.714629220632586
0 18.115234375 16.6015625 6.891839471823862 9.189119295765149
0 27.5390625 24.869791666666664 8.435226416678011 11.246968555570682
0 33.10546875 30.533854166666668 9.346553241646458 12.462070988861944
0 31.93359375 20.247395833333336 7.611061958825638 10.148082611767517
0 26.953125 18.5546875 7.28597191547444 9.714629220632586
0 23.974609375 15.234375 6.60196156395994 8.802615418613254
0 41.50390625 25.78125 8.588407763348565 11.451210351131419
0 50.390625 28.90625 9.094033462982996 12.125377950643994
0 48.14453125 22.65625 8.051090062422436 10.734786749896582
0 42.236328125 20.768229166666664 7.708331872750909 10.277775830334546
0 36.669921875 18.684895833333336 7.311492035346033 9.748656047128044
0 44.677734375 14.778645833333334 6.502464524127966 8.669952698837287
0 50.146484375 16.145833333333336 6.796587356970242 9.062116475960323
0 62.20703125 24.348958333333336 8.346432086900233 11.128576115866979
0 60.9375 31.640625 9.51443925056146 12.685919000748614
0 62.3046875 37.17447916666667 10.31295486371814 13.75060648495752
0 74.072265625 32.87760416666667 9.698638050580264 12.931517400773687
0 76.513671875 28.190104166666668 8.980675640601907 11.974234187469209
0 66.943359375 22.981770833333336 8.108722079825698 10.811629439767596
0 71.09375 22.005208333333336 7.9345703125 10.579427083333332
0 74.169921875 16.666666666666664 6.905339660024879 9.207119546699838
0 67.1875 19.010416666666664 7.37490598974278 9.833207986323707
0 61.62109375 15.364583333333334 6.6301150458985685 8.840153394531425
0 88.330078125 31.901041666666668 9.55351308746248 12.738017449949975
0 91.30859375 26.302083333333332 8.674725588105405 11.56630078414054
0 84.5703125 20.703125 7.6962403643301345 10.261653819106845
0 89.306640625 19.986979166666664 7.561957820656658 10.08261042754221
0 95.1171875 23.893229166666664 8.267954824306681 11.023939765742242
0 86.669921875 19.010416666666664 7.37490598974278 9.833207986323707
0 96.19140625 20.8984375 7.732458166088822 10.309944221451763
0 82.177734375 15.364583333333334 6.6301150458985685 8.840153394531425
0 78.076171875 15.885416666666666 6.741553355216833 8.988737806955777
0 69.287109375 13.4765625 6.209408553886659 8.279211405182211
0 56.73828125 12.6953125 6.026738787271576 8.0356517163621
0 50.732421875 37.76041666666667 10.393912576859377 13.85855010247917
0 30.126953125 35.7421875 10.11233003282525 13.483106710433667
0 92.48046875 29.6875 9.216106488367615 12.288141984490153
0 91.552734375 24.348958333333336 8.346432086900233 11.128576115866979
0 81.005859375 26.692708333333332 8.738904457566134 11.651872610088178
0 76.416015625 21.09375 7.768507117527988 10.358009490037318
0 82.32421875 22.916666666666664 8.097228492078614 10.796304656104818
0 61.5234375 17.903645833333336 7.157006469457137 9.542675292609516
0 55.95703125 15.885416666666666 6.741553355216833 8.988737806955777
0 41.748046875 16.666666666666664 6.905339660024879 9.207119546699838
0 37.255859375 17.122395833333336 6.9991119025755095 9.332149203434014
0 32.51953125 16.471354166666664 6.864759447755123 9.15301259700683
0 27.5390625 13.932291666666666 6.313525654778199 8.418034206370931
0 98.73046875 31.315104166666668 9.465370128949479 12.62049350526597
0 99.21875 23.893229166666664 8.267954824306681 11.023939765742242
0 49.560546875 19.205729166666664 7.412693970636669 9.883591960848893
0 2.490234375 19.140625 7.400119417103358 9.866825889471144
0 81.494140625 18.229166666666664 7.221777078979024 9.629036105305365
0 89.0625 17.578125 7.091644310682526 9.455525747576702
0 59.9609375 21.809895833333336 7.8992792392241125 10.532372318965482
0 16.650390625 19.010416666666664 7.37490598974278 9.833207986323707
0 7.8125 16.927083333333336 6.959078522333606 9.278771363111476
0 13.37890625 16.6015625 6.891839471823862 9.189119295765149
0 99.21875 38.28125 10.46534924284805 13.953798990464069
0 91.69921875 21.354166666666664 7.816313766397521 10.421751688530028
0 99.267578125 19.921875 7.549631882844837 10.066175843793117
0 94.53125 20.703125 7.6962403643301345 10.261653819106845
0 58.203125 18.880208333333336 7.349606066157407 9.799474754876544
