0 63.4765625 15.4296875 6.644147051109997 8.858862734813329
0 79.78515625 17.317708333333336 7.038917599286375 9.385223465715166
0 66.064453125 16.9921875 6.972448522214271 9.296598029619028
0 59.47265625 15.4296875 6.644147051109997 8.858862734813329
0 77.978515625 16.9921875 6.972448522214271 9.296598029619028
0 4.19921875 3.4505208333333335 3.141976971736756 4.189302628982341
0 28.125 13.932291666666666 6.313525654778199 8.418034206370931
0 29.78515625 14.778645833333334 6.502464524127966 8.669952698837287
0 30.56640625 15.104166666666666 6.573687508709111 8.764916678278816
0 32.2265625 16.145833333333336 6.796587356970242 9.062116475960323
0 33.154296875 16.145833333333336 6.796587356970242 9.062116475960323
