0 97.900390625 51.3671875 12.122817423120853 16.16375656416114
0 93.310546875 41.66666666666667 10.918300671385692 14.557734228514258
0 95.849609375 36.45833333333333 10.21313508952729 13.617513452703053
0 98.681640625 31.0546875 9.425930915210266 12.567907886947022
0 95.1171875 25.9765625 8.620878229873984 11.494504306498644
0 99.755859375 24.4140625 8.357582969744357 11.143443959659143
0 94.62890625 22.4609375 8.016311973000304 10.688415964000404
0 91.845703125 27.1484375 8.81318913463968 11.750918846186241
0 87.060546875 32.87760416666667 9.698638050580264 12.931517400773687
0 85.498046875 24.348958333333336 8.346432086900233 11.128576115866979
0 78.41796875 48.6328125 11.795744683891412 15.727659578521882
0 76.611328125 59.9609375 13.097695150070152 17.46359353342687
0 62.548828125 50.716145833333336 12.045748508295013 16.06099801106002
0 60.64453125 39.71354166666667 10.65933178501769 14.212442380023585
0 70.21484375 38.99739583333333 10.562785827561513 14.083714436748682
0 72.216796875 31.575520833333332 9.50464569238125 12.672860923174998
0 64.84375 28.3203125 9.001392336274797 12.001856448366395
0 68.310546875 23.567708333333336 8.211440458419013 10.948587277892017
0 72.900390625 19.791666666666664 7.524919437217989 10.033225916290652
0 75.732421875 27.1484375 8.81318913463968 11.750918846186241
0 78.173828125 22.4609375 8.016311973000304 10.688415964000404
0 70.703125 23.046875 8.120199399200482 10.82693253226731
0 66.064453125 21.809895833333336 7.8992792392241125 10.532372318965482
0 59.27734375 15.104166666666666 6.573687508709111 8.764916678278816
0 58.935546875 22.916666666666664 8.097228492078614 10.796304656104818
0 54.8828125 27.604166666666668 8.886852892188134 11.849137189584178
0 56.73828125 21.809895833333336 7.8992792392241125 10.532372318965482
0 50.5859375 25.390625 8.523095729839442 11.364127639785922
0 81.103515625 19.53125 7.475249459177179 9.966999278902906
0 90.087890625 29.622395833333332 9.205995562132786 12.274660749510382
0 87.451171875 21.484375 7.840107775064166 10.453477033418888
0 91.6015625 23.697916666666664 8.234092750996119 10.978790334661493
0 45.99609375 82.74739583333334 15.386429035590249 20.515238714120333
0 41.064453125 72.0703125 14.359485297874258 19.145980397165676
0 46.923828125 58.072916666666664 12.889838917201462 17.18645188960195
0 22.94921875 55.46875 12.597514306976498 16.796685742635333
0 10.15625 43.09895833333333 11.10437341226822 14.805831216357626
0 1.3671875 57.421875 12.8173828125 17.08984375
0 5.712890625 69.140625 14.06459792700551 18.752797236007346
0 10.009765625 33.52864583333333 9.794193442310311 13.05892458974708
0 17.7734375 29.947916666666668 9.25643975103949 12.341919668052654
0 23.779296875 33.13802083333333 9.736972737758677 12.982630317011571
0 31.591796875 31.0546875 9.425930915210266 12.567907886947022
0 35.888671875 28.580729166666668 9.042683343523592 12.056911124698123
0 43.26171875 24.674479166666664 8.402038511923953 11.202718015898604
0 46.97265625 21.484375 7.840107775064166 10.453477033418888
0 40.8203125 16.471354166666664 6.864759447755123 9.15301259700683
0 35.3515625 16.861979166666664 6.945682786096826 9.260910381462436
0 43.017578125 16.861979166666664 6.945682786096826 9.260910381462436
0 37.3046875 15.4296875 6.644147051109997 8.858862734813329
0 43.994140625 16.080729166666664 6.782870718656271 9.043827624875028
0 48.779296875 19.205729166666664 7.412693970636669 9.883591960848893
0 52.9296875 16.731770833333336 6.9188135063199665 9.225084675093289
0 56.4453125 19.791666666666664 7.524919437217989 10.033225916290652
0 43.408203125 31.0546875 9.425930915210266 12.567907886947022
0 40.72265625 36.78385416666667 10.258628121320564 13.678170828427419
0 42.529296875 43.61979166666667 11.171267833082963 14.895023777443953
0 8.88671875 28.3203125 9.001392336274797 12.001856448366395
0 3.076171875 24.674479166666664 8.402038511923953 11.202718015898604
0 4.78515625 19.205729166666664 7.412693970636669 9.883591960848893
0 9.423828125 20.3125 7.62328857226367 10.164384763018226
0 14.501953125 19.661458333333336 7.500125566067204 10.00016742142294
0 13.427734375 25.520833333333332 8.544921875 11.393229166666668
0 2.34375 18.489583333333336 7.273178276253042 9.697571035004056
0 10.64453125 16.927083333333336 6.959078522333606 9.278771363111476
0 17.529296875 19.53125 7.475249459177179 9.966999278902906
0 17.919921875 14.973958333333334 6.545291317604741 8.727055090139656
0 30.2734375 20.1171875 7.586549618320344 10.115399491093791
0 25.390625 19.791666666666664 7.524919437217989 10.033225916290652
0 21.19140625 16.40625 6.8511792970714245 9.134905729428567
0 25.634765625 16.861979166666664 6.945682786096826 9.260910381462436
0 32.91015625 15.625 6.686066375795484 8.914755167727312
0 28.3203125 16.080729166666664 6.782870718656271 9.043827624875028
0 21.58203125 27.9296875 8.939098215256843 11.918797620342456
0 46.337890625 14.453125 6.430452730012657 8.57393697335021
0 53.41796875 14.192708333333334 6.372257390692475 8.496343187589966
0 56.34765625 16.6015625 6.891839471823862 9.189119295765149
0 61.328125 19.205729166666664 7.412693970636669 9.883591960848893
0 71.19140625 15.494791666666666 6.658149484030587 8.877532645374115
0 77.099609375 16.927083333333336 6.959078522333606 9.278771363111476
0 82.568359375 17.3828125 7.052136235529384 9.40284831403918
0 98.4375 22.591145833333336 8.039514082226251 10.719352109635
0 91.6015625 20.442708333333336 7.647683158045451 10.196910877393934
0 75.9765625 21.809895833333336 7.8992792392241125 10.532372318965482
0 65.576171875 17.708333333333336 7.117861199762329 9.490481599683106
0 61.474609375 15.755208333333334 6.7138671875 8.951822916666668
0 48.6328125 15.625 6.686066375795484 8.914755167727312
0 45.947265625 20.3125 7.62328857226367 10.164384763018226
0 39.35546875 15.299479166666666 6.61605328023645 8.821404373648601
0 30.76171875 16.276041666666664 6.823937919616058 9.09858389282141
0 26.07421875 21.484375 7.840107775064166 10.453477033418888
0 20.1171875 20.442708333333336 7.647683158045451 10.196910877393934
0 16.69921875 24.674479166666664 8.402038511923953 11.202718015898604
0 10.888671875 18.489583333333336 7.273178276253042 9.697571035004056
0 5.615234375 16.927083333333336 6.959078522333606 9.278771363111476
0 22.216796875 18.229166666666664 7.221777078979024 9.629036105305365
0 55.615234375 15.494791666666666 6.658149484030587 8.877532645374115
0 73.14453125 16.40625 6.8511792970714245 9.134905729428567
0 84.912109375 18.684895833333336 7.311492035346033 9.748656047128044
0 75.244140625 16.40625 6.8511792970714245 9.134905729428567
0 89.2578125 24.869791666666664 8.435226416678011 11.246968555570682
0 97.16796875 22.135416666666664 7.958010748538389 10.610680998051187
0 99.658203125 27.799479166666668 8.918236814088415 11.890982418784553
0 83.447265625 41.47135416666667 10.892680845687712 14.523574460916949
0 88.623046875 41.27604166666667 10.867000619363317 14.489334159151088
0 79.4921875 34.11458333333333 9.87940311049722 13.17253748066296
0 38.623046875 47.98177083333333 11.716524548616007 15.622032731488009
0 22.216796875 40.49479166666667 10.763667046233154 14.351556061644205
0 26.07421875 37.36979166666667 10.340011197569225 13.786681596758967
0 39.16015625 43.75 11.187928942763282 14.917238590351042
0 20.751953125 23.763020833333336 8.245395560367612 10.993860747156816
0 25.5859375 26.3671875 8.685454999241765 11.580606665655687
0 40.13671875 19.986979166666664 7.561957820656658 10.08261042754221
0 60.64453125 34.765625 9.973226707988399 13.297635610651199
0 70.263671875 26.953125 8.78142979122202 11.708573054962693
0 52.44140625 19.661458333333336 7.500125566067204 10.00016742142294
0 36.572265625 17.513020833333336 7.0784994535786145 9.437999271438152
0 10.7421875 21.614583333333336 7.863829789260941 10.485106385681254
0 5.2734375 26.3671875 8.685454999241765 11.580606665655687
0 13.28125 18.359375 7.247523246483103 9.663364328644137
0 44.482421875 18.815104166666664 7.336923388776433 9.782564518368577
0 50.732421875 19.010416666666664 7.37490598974278 9.833207986323707
0 84.130859375 27.9296875 8.939098215256843 11.918797620342456
0 52.294921875 32.87760416666667 9.698638050580264 12.931517400773687
0 64.74609375 55.2734375 12.575316026633615 16.767088035511488
0 27.05078125 58.072916666666664 12.889838917201462 17.18645188960195
0 6.34765625 30.533854166666668 9.346553241646458 12.462070988861944
0 60.64453125 24.088541666666664 8.301678777304348 11.068905036405797
0 84.27734375 33.85416666666667 9.841623227903504 13.122164303871338
0 96.826171875 31.25 9.4555257475767 12.607367663435602
0 28.3203125 24.4140625 8.357582969744357 11.143443959659143
0 3.515625 59.375 13.033542788124159 17.37805705083221
0 94.62890625 58.984375 12.990598543574682 17.320798058099577
