0 89.013671875 72.59114583333334 14.411278018942378 19.215037358589836
0 85.791015625 59.700520833333336 13.069221866066808 17.425629154755743
0 71.142578125 60.416666666666664 13.147375017418222 17.52983335655763
0 79.736328125 53.255208333333336 12.343596445408132 16.45812859387751
0 88.330078125 52.9296875 12.305813692416963 16.407751589889283
0 95.751953125 39.453125 10.624325674761481 14.165767566348642
0 81.34765625 36.78385416666667 10.258628121320564 13.678170828427419
0 62.255859375 41.6015625 10.909767414379564 14.546356552506085
0 53.955078125 49.86979166666667 11.944815546130936 15.92642072817458
0 53.955078125 49.86979166666667 11.944815546130936 15.92642072817458
0 33.642578125 67.7734375 13.924846858581342 18.566462478108456
0 24.072265625 53.776041666666664 12.403809468323715 16.53841262443162
0 6.103515625 55.078125 12.553078491945271 16.73743798926036
0 2.44140625 39.97395833333333 10.694223308065938 14.258964410754585
0 21.533203125 31.0546875 9.425930915210266 12.567907886947022
0 7.8125 39.12760416666667 10.580405165624827 14.107206887499771
0 1.123046875 48.2421875 11.748276705883885 15.664368941178514
0 6.494140625 29.622395833333332 9.205995562132786 12.274660749510382
0 29.345703125 35.87239583333333 10.130732832457173 13.507643776609566
0 46.2890625 38.21614583333333 10.456446349494515 13.941928465992687
0 56.34765625 23.177083333333336 8.143105507889608 10.857474010519478
0 64.013671875 36.26302083333333 10.185741740892722 13.580988987856962
0 48.14453125 32.29166666666667 9.611826018080825 12.815768024107768
0 33.642578125 43.5546875 11.162927952985768 14.883903937314358
0 22.216796875 21.354166666666664 7.816313766397521 10.421751688530028
0 3.515625 19.010416666666664 7.37490598974278 9.833207986323707
0 24.21875 14.518229166666666 6.444919458600731 8.593225944800976
0 13.330078125 16.145833333333336 6.796587356970242 9.062116475960323
0 28.515625 14.713541666666666 6.488126106405426 8.650834808540568
0 45.3125 15.104166666666666 6.573687508709111 8.764916678278816
0 31.884765625 29.752604166666668 9.22620633412535 12.301608445500468
0 51.513671875 28.190104166666668 8.980675640601907 11.974234187469209
0 41.69921875 23.697916666666664 8.234092750996119 10.978790334661493
0 65.91796875 26.7578125 8.749555167743805 11.66607355699174
0 29.8828125 23.697916666666664 8.234092750996119 10.978790334661493
0 60.9375 21.028645833333336 7.756509415978292 10.342012554637723
0 72.4609375 32.09635416666667 9.58271390875707 12.77695187834276
0 89.013671875 38.73697916666667 10.527458685705774 14.036611580941033
0 75.732421875 25.130208333333332 8.479274895904423 11.305699861205897
0 86.03515625 37.3046875 10.331000292853245 13.77466705713766
0 47.75390625 21.158854166666664 7.780486318348366 10.373981757797822
0 37.939453125 28.3203125 9.001392336274797 12.001856448366395
0 37.01171875 22.0703125 7.946299173761924 10.595065565015899
0 32.177734375 20.638020833333336 7.684129829110212 10.245506438813615
0 12.548828125 22.786458333333336 8.074192233473482 10.765589644631309
0 18.994140625 33.72395833333333 9.82267879603948 13.096905061385971
0 68.1640625 24.4140625 8.357582969744357 11.143443959659143
0 78.41796875 23.307291666666664 8.165947363439729 10.88792981791964
0 80.2734375 24.4140625 8.357582969744357 11.143443959659143
0 88.8671875 26.171875 8.653226854710587 11.537635806280782
0 90.625 34.9609375 10.001202153426476 13.334936204568635
0 91.162109375 33.0078125 9.717824296930333 12.957099062573777
0 93.06640625 29.947916666666668 9.25643975103949 12.341919668052654
0 5.126953125 15.625 6.686066375795484 8.914755167727312
0 19.384765625 15.104166666666666 6.573687508709111 8.764916678278816
0 34.326171875 15.950520833333334 6.755353888299149 9.0071385177322
0 37.79296875 15.104166666666666 6.573687508709111 8.764916678278816
0 41.015625 16.666666666666664 6.905339660024879 9.207119546699838
0 53.41796875 20.638020833333336 7.684129829110212 10.245506438813615
0 55.6640625 14.388020833333334 6.415953381844678 8.554604509126236
0 61.03515625 18.1640625 7.208869513560617 9.611826018080823
0 63.76953125 15.234375 6.60196156395994 8.802615418613254
0 64.697265625 12.239583333333332 5.917577950947668 7.8901039345968895
0 9.716796875 26.888020833333332 8.770817787597604 11.694423716796805
0 68.84765625 12.565104166666666 5.995752778438873 7.9943370379184975
0 68.701171875 17.252604166666664 7.025674092542321 9.367565456723094
0 71.533203125 21.875 7.911060422861158 10.548080563814876
0 72.75390625 17.578125 7.091644310682526 9.455525747576702
0 76.66015625 12.369791666666668 5.948971157720314 7.931961543627086
0 77.34375 14.713541666666666 6.488126106405426 8.650834808540568
0 78.955078125 15.104166666666666 6.573687508709111 8.764916678278816
0 78.662109375 19.596354166666664 7.487697843252746 9.983597124336994
0 82.03125 17.7734375 7.130933499479933 9.50791133263991
0 83.642578125 21.875 7.911060422861158 10.548080563814876
0 86.474609375 18.880208333333336 7.349606066157407 9.799474754876544
0 89.697265625 19.596354166666664 7.487697843252746 9.983597124336994
0 91.30859375 23.502604166666664 8.200090846279542 10.933454461706056
0 94.384765625 19.401041666666664 7.450290292806215 9.933720390408286
0 95.751953125 19.921875 7.549631882844837 10.066175843793117
0 99.072265625 20.638020833333336 7.684129829110212 10.245506438813615
0 8.642578125 18.489583333333336 7.273178276253042 9.697571035004056
0 98.53515625 33.72395833333333 9.82267879603948 13.096905061385971
0 61.03515625 31.380208333333332 9.475204282385269 12.633605709847027
0 87.939453125 94.46614583333334 16.439884767035682 21.919846356047575
0 17.919921875 18.489583333333336 7.273178276253042 9.697571035004056
0 0.732421875 17.057291666666664 6.985792933508055 9.31439057801074
0 31.34765625 13.4765625 6.209408553886659 8.279211405182211
0 84.9609375 15.8203125 6.72772451325946 8.970299351012613
0 96.6796875 26.5625 8.717563999686098 11.62341866624813
0 28.662109375 19.7265625 7.512532730158185 10.01671030687758
0 50.9765625 17.252604166666664 7.025674092542321 9.367565456723094
0 50.9765625 17.252604166666664 7.025674092542321 9.367565456723094
0 81.103515625 28.90625 9.094033462982996 12.125377950643994
0 59.716796875 14.518229166666666 6.444919458600731 8.593225944800976
0 99.755859375 42.12239583333333 10.977847746951262 14.63713032926835
0 6.201171875 25.325520833333332 8.512161670520847 11.349548894027794
0 6.103515625 21.354166666666664 7.816313766397521 10.421751688530028
