0 64.111328125 37.95572916666667 10.420758715187912 13.894344953583882
0 70.849609375 50.651041666666664 12.038014479563 16.050685972750667
0 72.998046875 35.80729166666667 10.121535615098267 13.495380820131023
0 83.740234375 45.5078125 11.410473080956981 15.213964107942642
0 93.994140625 63.020833333333336 13.427734375 17.903645833333336
0 99.169921875 55.6640625 12.619673540121662 16.826231386828884
0 90.771484375 37.95572916666667 10.420758715187912 13.894344953583882
0 85.009765625 35.28645833333333 10.047654805392046 13.39687307385606
0 97.75390625 27.994791666666668 8.94951068030712 11.932680907076158
0 98.779296875 33.85416666666667 9.841623227903504 13.122164303871338
0 90.869140625 26.106770833333332 8.642457433170346 11.52327657756046
0 75.29296875 27.018229166666668 8.792028986137655 11.722705314850208
0 79.98046875 24.609375 8.39094670707246 11.187928942763282
0 74.267578125 30.989583333333332 9.416045300623482 12.554727067497975
0 52.880859375 37.109375 10.30392029793343 13.738560397244573
0 56.982421875 34.30989583333333 9.907643481901811 13.210191309202415
0 56.982421875 27.994791666666668 8.94951068030712 11.932680907076158
0 40.869140625 28.515625 9.03237828793258 12.043171050576774
0 29.248046875 42.7734375 11.062358984614171 14.74981197948556
0 32.275390625 55.598958333333336 12.612291454938857 16.816388606585143
0 51.26953125 66.6015625 13.803934177122365 18.405245569496486
0 49.169921875 51.953125 12.191762912254749 16.25568388300633
0 39.013671875 79.4921875 15.080748413825484 20.107664551767314
0 5.76171875 68.1640625 13.96491844317328 18.619891257564372
0 9.130859375 30.989583333333332 9.416045300623482 12.554727067497975
0 6.982421875 38.02083333333333 10.429692071920813 13.906256095894417
0 10.107421875 25.325520833333332 8.512161670520847 11.349548894027794
0 1.904296875 22.8515625 8.085718566584333 10.780958088779109
0 4.1015625 17.838541666666664 7.143981879101334 9.525309172135112
0 8.3984375 19.986979166666664 7.561957820656658 10.08261042754221
0 12.5 23.6328125 8.222774405094897 10.963699206793196
0 89.2578125 48.6328125 11.795744683891412 15.727659578521882
0 63.76953125 50.9765625 12.076635093633655 16.10218012484487
0 60.107421875 42.96875 11.087586745962493 14.783448994616657
0 34.619140625 43.61979166666667 11.171267833082963 14.895023777443953
0 30.419921875 36.84895833333333 10.267702539831983 13.690270053109312
0 26.513671875 38.15104166666667 10.447535869521296 13.930047826028394
0 22.16796875 35.9375 10.139921707663666 13.51989561021822
0 25.634765625 33.13802083333333 9.736972737758677 12.982630317011571
0 2.978515625 55.598958333333336 12.612291454938857 16.816388606585143
0 64.16015625 28.450520833333332 9.02206146184966 12.029415282466214
0 62.5 32.48697916666667 9.640850219074288 12.854466958765718
0 49.609375 29.622395833333332 9.205995562132786 12.274660749510382
0 27.392578125 23.6328125 8.222774405094897 10.963699206793196
0 14.6484375 28.255208333333332 8.991039955234518 11.988053273646026
0 80.224609375 30.794270833333332 9.386325988299376 12.515101317732501
0 79.541015625 42.83854166666667 11.070774625986973 14.761032834649296
0 78.02734375 31.119791666666668 9.4358061729372 12.5810748972496
