0 42.431640625 79.296875 15.06221030182259 20.082947069096786
0 5.2734375 72.0703125 14.359485297874258 19.145980397165676
0 0.9765625 59.895833333333336 13.090582635209483 17.45411018027931
0 1.220703125 46.61458333333333 11.548393511001283 15.397858014668378
0 20.3125 48.6328125 11.795744683891412 15.727659578521882
0 37.109375 66.015625 13.743078917477664 18.32410522330355
0 51.46484375 49.73958333333333 11.929211600153849 15.905615466871797
0 37.109375 43.09895833333333 11.10437341226822 14.805831216357626
0 67.08984375 60.677083333333336 13.175679409742983 17.567572546323976
0 87.59765625 65.55989583333334 13.695560102732468 18.26074680364329
0 77.978515625 54.947916666666664 12.538231557723472 16.71764207696463
0 97.55859375 54.166666666666664 12.448778109357384 16.598370812476514
0 90.91796875 44.07552083333333 11.229473567489073 14.972631423318763
0 99.072265625 42.96875 11.087586745962493 14.783448994616657
0 86.5234375 38.54166666666667 10.500885335745396 14.001180447660527
0 79.78515625 38.73697916666667 10.527458685705774 14.036611580941033
0 88.916015625 33.7890625 9.832155574699105 13.109540766265473
0 73.14453125 33.46354166666667 9.784679896167846 13.046239861557126
0 91.650390625 30.338541666666668 9.316612257369233 12.42214967649231
0 65.087890625 43.29427083333333 11.129505937994672 14.839341250659563
0 48.73046875 37.63020833333333 10.3759765625 13.834635416666666
0 60.009765625 35.87239583333333 10.130732832457173 13.507643776609566
0 49.90234375 29.231770833333332 9.145095253766906 12.193460338355873
0 41.748046875 32.2265625 9.60213178866716 12.802842384889546
0 31.787109375 36.328125 10.194881035455362 13.593174713940485
0 31.93359375 29.036458333333332 9.114492506755418 12.15265667567389
0 18.896484375 32.68229166666667 9.669787303317175 12.893049737756234
0 10.009765625 27.669270833333332 8.897326499702912 11.863101999603883
0 4.541015625 30.46875 9.336583582018038 12.448778109357384
0 21.97265625 26.3671875 8.685454999241765 11.580606665655687
0 28.466796875 23.046875 8.120199399200482 10.82693253226731
0 41.650390625 25.911458333333332 8.610068346964042 11.480091129285388
0 47.55859375 22.721354166666664 8.062649422377262 10.75019922983635
0 60.009765625 25.911458333333332 8.610068346964042 11.480091129285388
0 66.748046875 23.046875 8.120199399200482 10.82693253226731
0 75.048828125 27.799479166666668 8.918236814088415 11.890982418784553
0 89.013671875 25.78125 8.588407763348565 11.451210351131419
0 79.78515625 24.934895833333336 8.446260072691679 11.26168009692224
0 88.525390625 29.036458333333332 9.114492506755418 12.15265667567389
0 92.333984375 24.934895833333336 8.446260072691679 11.26168009692224
0 92.919921875 23.046875 8.120199399200482 10.82693253226731
0 96.58203125 17.838541666666664 7.143981879101334 9.525309172135112
0 81.54296875 22.135416666666664 7.958010748538389 10.610680998051187
0 95.751953125 23.2421875 8.154534433525017 10.872712578033356
0 95.166015625 20.377604166666664 7.635495607419925 10.180660809893233
0 99.462890625 21.484375 7.840107775064166 10.453477033418888
0 62.255859375 30.6640625 9.366460725843998 12.48861430112533
0 89.74609375 16.145833333333336 6.796587356970242 9.062116475960323
0 80.46875 15.8203125 6.72772451325946 8.970299351012613
0 86.865234375 23.046875 8.120199399200482 10.82693253226731
0 71.240234375 22.265625 7.981382342908947 10.641843123878598
0 82.51953125 18.294270833333336 7.234661615679748 9.646215487572997
0 70.654296875 18.9453125 7.3622668956389274 9.816355860851903
0 86.42578125 17.838541666666664 7.143981879101334 9.525309172135112
0 66.650390625 17.1875 7.012405574387241 9.349874099182989
0 84.86328125 20.247395833333336 7.611061958825638 10.148082611767517
0 77.63671875 15.950520833333334 6.755353888299149 9.0071385177322
0 61.279296875 17.513020833333336 7.0784994535786145 9.437999271438152
0 50.390625 20.377604166666664 7.635495607419925 10.180660809893233
0 62.841796875 13.411458333333334 6.194391824397107 8.259189099196142
0 60.3515625 21.354166666666664 7.816313766397521 10.421751688530028
0 48.486328125 17.708333333333336 7.117861199762329 9.490481599683106
0 58.935546875 19.270833333333336 7.425247229367944 9.900329639157258
0 51.953125 16.927083333333336 6.959078522333606 9.278771363111476
0 41.650390625 21.354166666666664 7.816313766397521 10.421751688530028
0 32.03125 21.614583333333336 7.863829789260941 10.485106385681254
0 40.185546875 13.736979166666666 6.269115778861736 8.358821038482315
0 43.75 19.7265625 7.512532730158185 10.01671030687758
0 29.296875 19.596354166666664 7.487697843252746 9.983597124336994
0 41.259765625 16.731770833333336 6.9188135063199665 9.225084675093289
0 26.46484375 15.299479166666666 6.61605328023645 8.821404373648601
0 45.3125 16.40625 6.8511792970714245 9.134905729428567
0 55.859375 16.276041666666664 6.823937919616058 9.09858389282141
0 28.125 17.513020833333336 7.0784994535786145 9.437999271438152
0 54.8828125 13.411458333333334 6.194391824397107 8.259189099196142
0 42.333984375 14.192708333333334 6.372257390692475 8.496343187589966
0 36.279296875 16.731770833333336 6.9188135063199665 9.225084675093289
0 21.58203125 13.606770833333334 6.2393335877260965 8.319111450301463
0 32.51953125 16.145833333333336 6.796587356970242 9.062116475960323
0 21.142578125 21.614583333333336 7.863829789260941 10.485106385681254
0 30.95703125 14.713541666666666 6.488126106405426 8.650834808540568
0 20.654296875 16.40625 6.8511792970714245 9.134905729428567
0 12.353515625 21.614583333333336 7.863829789260941 10.485106385681254
0 22.412109375 17.708333333333336 7.117861199762329 9.490481599683106
0 14.501953125 17.057291666666664 6.985792933508055 9.31439057801074
0 26.123046875 18.9453125 7.3622668956389274 9.816355860851903
0 4.19921875 26.5625 8.717563999686098 11.62341866624813
0 12.255859375 19.596354166666664 7.487697843252746 9.983597124336994
0 4.052734375 21.158854166666664 7.780486318348366 10.373981757797822
0 17.67578125 19.270833333333336 7.425247229367944 9.900329639157258
0 7.958984375 18.815104166666664 7.336923388776433 9.782564518368577
0 65.33203125 15.169270833333334 6.587839704871492 8.783786273161988
