0 98.974609375 31.705729166666668 9.524222738236839 12.698963650982451
0 93.603515625 36.328125 10.194881035455362 13.593174713940485
0 80.029296875 42.7734375 11.062358984614171 14.74981197948556
0 95.947265625 32.421875 9.631185203893738 12.84158027185832
0 98.779296875 23.828125 8.256682897014576 11.008910529352768
0 93.798828125 24.934895833333336 8.446260072691679 11.26168009692224
0 88.18359375 26.432291666666668 8.696171172348027 11.594894896464037
0 76.220703125 30.46875 9.336583582018038 12.448778109357384
0 84.716796875 21.809895833333336 7.8992792392241125 10.532372318965482
0 91.845703125 22.8515625 8.085718566584333 10.780958088779109
0 82.470703125 20.963541666666664 7.7444931277157725 10.325990836954363
0 93.45703125 20.182291666666664 7.598815672600545 10.13175423013406
0 85.205078125 18.5546875 7.28597191547444 9.714629220632586
0 99.51171875 22.200520833333336 7.969705113037473 10.626273484049964
0 85.107421875 26.171875 8.653226854710587 11.537635806280782
0 78.076171875 22.721354166666664 8.062649422377262 10.75019922983635
0 70.21484375 20.703125 7.6962403643301345 10.261653819106845
0 59.814453125 20.963541666666664 7.7444931277157725 10.325990836954363
0 14.306640625 41.66666666666667 10.918300671385692 14.557734228514258
0 9.814453125 66.14583333333334 13.756625573223443 18.342167430964594
0 13.671875 59.895833333333336 13.090582635209483 17.45411018027931
0 2.685546875 58.268229166666664 12.911496460758165 17.21532861434422
0 9.08203125 29.817708333333332 9.236295135755345 12.315060181007127
0 1.416015625 24.674479166666664 8.402038511923953 11.202718015898604
0 10.9375 21.354166666666664 7.816313766397521 10.421751688530028
0 15.33203125 25.1953125 8.490251308132054 11.320335077509403
0 22.36328125 17.317708333333336 7.038917599286375 9.385223465715166
0 31.4453125 21.09375 7.768507117527988 10.358009490037318
0 17.236328125 19.596354166666664 7.487697843252746 9.983597124336994
0 4.296875 20.963541666666664 7.7444931277157725 10.325990836954363
0 29.19921875 16.731770833333336 6.9188135063199665 9.225084675093289
0 6.005859375 17.578125 7.091644310682526 9.455525747576702
0 5.224609375 19.075520833333336 7.3875234600282 9.850031280037602
0 3.173828125 18.815104166666664 7.336923388776433 9.782564518368577
0 0.830078125 18.684895833333336 7.311492035346033 9.748656047128044
0 17.138671875 15.8203125 6.72772451325946 8.970299351012613
0 19.7265625 16.2109375 6.810276368536802 9.080368491382403
0 26.66015625 16.2109375 6.810276368536802 9.080368491382403
0 31.25 15.4296875 6.644147051109997 8.858862734813329
0 35.107421875 17.317708333333336 7.038917599286375 9.385223465715166
0 37.548828125 19.596354166666664 7.487697843252746 9.983597124336994
0 43.45703125 26.692708333333332 8.738904457566134 11.651872610088178
0 49.51171875 18.684895833333336 7.311492035346033 9.748656047128044
0 44.7265625 16.2109375 6.810276368536802 9.080368491382403
0 40.087890625 17.1875 7.012405574387241 9.349874099182989
0 45.3125 23.4375 8.188725503539269 10.918300671385692
0 51.66015625 17.838541666666664 7.143981879101334 9.525309172135112
0 60.009765625 14.322916666666666 6.401421192444773 8.53522825659303
0 65.234375 16.731770833333336 6.9188135063199665 9.225084675093289
0 74.8046875 17.057291666666664 6.985792933508055 9.31439057801074
0 61.865234375 17.1875 7.012405574387241 9.349874099182989
0 63.76953125 14.713541666666666 6.488126106405426 8.650834808540568
0 69.921875 15.690104166666666 6.699981201202437 8.933308268269917
0 88.28125 20.833333333333336 7.720404443770458 10.293872591693944
0 95.703125 27.9296875 8.939098215256843 11.918797620342456
0 75.0 25.455729166666668 8.53401578009617 11.378687706794894
0 24.072265625 17.447916666666664 7.065330140863174 9.420440187817565
0 86.62109375 20.052083333333336 7.574263699945591 10.099018266594122
