0 74.560546875 65.88541666666666 13.729518895510246 18.30602519401366
0 51.123046875 61.5234375 13.267251659719333 17.689668879625778
0 44.3359375 68.81510416666666 14.031450113003721 18.70860015067163
0 41.30859375 48.95833333333333 11.835155901895336 15.780207869193779
0 29.833984375 53.645833333333336 12.388783648794213 16.518378198392284
0 33.251953125 46.41927083333333 11.524174553527347 15.365566071369797
0 28.02734375 41.92708333333333 10.952367214920875 14.603156286561166
0 22.94921875 33.65885416666667 9.813192865486773 13.084257153982362
0 3.90625 51.106770833333336 12.092048801366547 16.122731735155398
0 53.662109375 45.76822916666667 11.443074499055587 15.25743266540745
0 56.4453125 38.02083333333333 10.429692071920813 13.906256095894417
0 67.431640625 35.80729166666667 10.121535615098267 13.495380820131023
0 62.353515625 22.591145833333336 8.039514082226251 10.719352109635
0 67.28515625 30.794270833333332 9.386325988299376 12.515101317732501
0 73.095703125 26.627604166666668 8.728240750778255 11.637654334371007
0 73.33984375 17.252604166666664 7.025674092542321 9.367565456723094
0 76.123046875 32.421875 9.631185203893738 12.84158027185832
0 85.302734375 45.24739583333333 11.377778248478545 15.170370997971395
0 89.74609375 36.58854166666667 10.231356576074347 13.641808768099132
0 98.095703125 30.2734375 9.306610523667546 12.408814031556727
0 89.013671875 26.106770833333332 8.642457433170346 11.52327657756046
0 84.912109375 21.09375 7.768507117527988 10.358009490037318
0 98.193359375 25.9765625 8.620878229873984 11.494504306498644
0 91.455078125 22.0703125 7.946299173761924 10.595065565015899
0 76.611328125 23.372395833333336 8.177344364608315 10.903125819477753
0 96.77734375 23.697916666666664 8.234092750996119 10.978790334661493
0 53.90625 27.864583333333332 8.928673607377803 11.904898143170405
0 12.6953125 20.5078125 7.659851317145468 10.21313508952729
0 61.376953125 16.927083333333336 6.959078522333606 9.278771363111476
0 54.248046875 18.684895833333336 7.311492035346033 9.748656047128044
