0 59.27734375 22.526041666666664 8.027921409891299 10.703895213188398
0 45.80078125 17.643229166666664 7.104764847914316 9.473019797219088
0 3.271484375 17.96875 7.170007400189656 9.56000986691954
0 14.306640625 16.9921875 6.972448522214271 9.296598029619028
0 33.7890625 16.9921875 6.972448522214271 9.296598029619028
0 13.4765625 18.619791666666664 7.298743129334349 9.731657505779133
0 56.201171875 13.8671875 6.298757153488249 8.398342871317666
0 97.998046875 22.0703125 7.946299173761924 10.595065565015899
0 5.46875 18.489583333333336 7.273178276253042 9.697571035004056
0 31.34765625 15.8203125 6.72772451325946 8.970299351012613
0 34.66796875 27.473958333333332 8.865868558553435 11.821158078071248
0 7.2265625 18.294270833333336 7.234661615679748 9.646215487572997
0 53.759765625 16.015625 6.7691262856502785 9.025501714200372
0 9.912109375 18.9453125 7.3622668956389274 9.816355860851903
0 60.64453125 15.690104166666666 6.699981201202437 8.933308268269917
0 82.568359375 21.549479166666664 7.85197774064246 10.469303654189947
0 90.91796875 16.861979166666664 6.945682786096826 9.260910381462436
0 97.509765625 16.471354166666664 6.864759447755123 9.15301259700683
0 89.55078125 15.8203125 6.72772451325946 8.970299351012613
0 98.974609375 15.690104166666666 6.699981201202437 8.933308268269917
0 92.48046875 16.015625 6.7691262856502785 9.025501714200372
0 85.498046875 18.294270833333336 7.234661615679748 9.646215487572997
0 74.462890625 18.815104166666664 7.336923388776433 9.782564518368577
0 64.94140625 15.169270833333334 6.587839704871492 8.783786273161988
0 57.8125 15.364583333333334 6.6301150458985685 8.840153394531425
0 37.109375 16.341145833333336 6.837572174807153 9.116762899742872
0 67.236328125 15.8203125 6.72772451325946 8.970299351012613
0 37.59765625 19.791666666666664 7.524919437217989 10.033225916290652
0 73.388671875 15.0390625 6.559504779115197 8.746006372153596
0 80.95703125 19.270833333333336 7.425247229367944 9.900329639157258
0 93.84765625 16.666666666666664 6.905339660024879 9.207119546699838
0 83.056640625 17.1875 7.012405574387241 9.349874099182989
0 95.21484375 17.1875 7.012405574387241 9.349874099182989
0 78.759765625 17.838541666666664 7.143981879101334 9.525309172135112
0 96.2890625 18.1640625 7.208869513560617 9.611826018080823
0 89.453125 18.815104166666664 7.336923388776433 9.782564518368577
0 90.673828125 19.466145833333336 7.462780310447684 9.950373747263578
0 76.318359375 16.9921875 6.972448522214271 9.296598029619028
0 77.05078125 15.364583333333334 6.6301150458985685 8.840153394531425
0 81.591796875 16.9921875 6.972448522214271 9.296598029619028
0 86.865234375 17.643229166666664 7.104764847914316 9.473019797219088
