0 35.693359375 19.075520833333336 7.3875234600282 9.850031280037602
0 19.921875 14.518229166666666 6.444919458600731 8.593225944800976
0 10.302734375 17.317708333333336 7.038917599286375 9.385223465715166
0 39.2578125 16.015625 6.7691262856502785 9.025501714200372
0 47.998046875 22.0703125 7.946299173761924 10.595065565015899
0 58.69140625 21.419270833333336 7.828219811023351 10.437626414697803
0 46.38671875 17.96875 7.170007400189656 9.56000986691954
0 45.41015625 14.713541666666666 6.488126106405426 8.650834808540568
0 55.810546875 14.518229166666666 6.444919458600731 8.593225944800976
0 54.833984375 12.825520833333334 6.057566296777102 8.076755062369468
0 60.791015625 15.364583333333334 6.6301150458985685 8.840153394531425
0 77.44140625 19.7265625 7.512532730158185 10.01671030687758
0 80.712890625 19.3359375 7.437779301119349 9.917039068159132
0 98.291015625 20.8984375 7.732458166088822 10.309944221451763
0 93.212890625 20.768229166666664 7.708331872750909 10.277775830334546
0 92.333984375 18.229166666666664 7.221777078979024 9.629036105305365
0 83.203125 16.796875 6.932261164306974 9.243014885742634
0 87.060546875 17.708333333333336 7.117861199762329 9.490481599683106
0 89.453125 18.9453125 7.3622668956389274 9.816355860851903
0 75.9765625 16.145833333333336 6.796587356970242 9.062116475960323
0 74.169921875 15.364583333333334 6.6301150458985685 8.840153394531425
0 72.16796875 15.234375 6.60196156395994 8.802615418613254
0 66.943359375 15.885416666666666 6.741553355216833 8.988737806955777
0 65.4296875 15.494791666666666 6.658149484030587 8.877532645374115
0 44.091796875 15.625 6.686066375795484 8.914755167727312
0 7.6171875 18.489583333333336 7.273178276253042 9.697571035004056
