0 40.966796875 82.55208333333334 15.368259658220424 20.49101287762723
0 37.158203125 64.0625 13.538252571300557 18.051003428400744
0 51.26953125 50.260416666666664 11.991505556877746 15.988674075836995
0 65.380859375 57.682291666666664 12.846414294341546 17.128552392455397
0 78.02734375 53.3203125 12.351139126494179 16.468185501992238
0 85.9375 63.932291666666664 13.52448718637716 18.032649581836214
0 97.55859375 50.651041666666664 12.038014479563 16.050685972750667
0 95.41015625 42.05729166666667 10.969360812751116 14.62581441700149
0 83.154296875 33.85416666666667 9.841623227903504 13.122164303871338
0 79.541015625 38.34635416666667 10.474244568927316 13.965659425236424
0 65.771484375 42.578125 11.037073559585647 14.716098079447528
0 20.654296875 48.95833333333333 11.835155901895336 15.780207869193779
0 34.765625 43.42447916666667 11.146229472503464 14.861639296671287
0 49.658203125 37.5 10.358009490037318 13.810679320049758
0 50.146484375 29.427083333333332 9.175595934065496 12.234127912087327
0 60.595703125 33.65885416666667 9.813192865486773 13.084257153982362
0 62.744140625 30.143229166666668 9.286574740419274 12.382099653892366
0 74.609375 32.8125 9.689030680168178 12.918707573557572
0 74.70703125 27.278645833333332 8.83429859993294 11.779064799910586
0 88.4765625 33.46354166666667 9.784679896167846 13.046239861557126
0 91.89453125 29.817708333333332 9.236295135755345 12.315060181007127
0 18.75 32.29166666666667 9.611826018080825 12.815768024107768
0 30.76171875 36.00260416666667 10.149102263376399 13.53213635116853
0 31.982421875 27.799479166666668 8.918236814088415 11.890982418784553
0 40.8203125 31.4453125 9.485028239697298 12.646704319596397
0 41.455078125 24.934895833333336 8.446260072691679 11.26168009692224
0 47.509765625 22.200520833333336 7.969705113037473 10.626273484049964
0 50.146484375 20.052083333333336 7.574263699945591 10.099018266594122
0 60.25390625 21.549479166666664 7.85197774064246 10.469303654189947
0 59.375 25.390625 8.523095729839442 11.364127639785922
0 67.28515625 23.372395833333336 8.177344364608315 10.903125819477753
0 70.556640625 18.684895833333336 7.311492035346033 9.748656047128044
0 72.0703125 22.395833333333336 8.00468569861084 10.672914264814453
0 80.2734375 24.609375 8.39094670707246 11.187928942763282
0 82.03125 22.916666666666664 8.097228492078614 10.796304656104818
0 77.734375 22.200520833333336 7.969705113037473 10.626273484049964
0 89.501953125 24.4140625 8.357582969744357 11.143443959659143
0 92.626953125 23.763020833333336 8.245395560367612 10.993860747156816
0 95.263671875 23.372395833333336 8.177344364608315 10.903125819477753
0 95.80078125 20.377604166666664 7.635495607419925 10.180660809893233
0 99.169921875 19.7265625 7.512532730158185 10.01671030687758
0 27.978515625 23.763020833333336 8.245395560367612 10.993860747156816
0 4.00390625 30.989583333333332 9.416045300623482 12.554727067497975
0 9.08203125 28.125 8.970299351012615 11.960399134683486
0 5.029296875 24.609375 8.39094670707246 11.187928942763282
0 17.626953125 24.21875 8.324085508414218 11.098780677885625
0 13.57421875 21.744791666666664 7.887480458569388 10.51664061142585
0 31.640625 20.703125 7.6962403643301345 10.261653819106845
0 36.5234375 19.3359375 7.437779301119349 9.917039068159132
0 41.455078125 22.0703125 7.946299173761924 10.595065565015899
0 41.30859375 19.3359375 7.437779301119349 9.917039068159132
0 45.1171875 15.8203125 6.72772451325946 8.970299351012613
0 51.416015625 16.9921875 6.972448522214271 9.296598029619028
0 55.712890625 15.690104166666666 6.699981201202437 8.933308268269917
0 62.01171875 18.033854166666664 7.182984799767957 9.577313066357275
0 58.837890625 18.684895833333336 7.311492035346033 9.748656047128044
0 65.283203125 16.015625 6.7691262856502785 9.025501714200372
0 41.064453125 14.322916666666666 6.401421192444773 8.53522825659303
0 32.373046875 16.536458333333336 6.878312786611722 9.171083715482297
0 19.775390625 21.223958333333336 7.792447103762027 10.389929471682702
0 3.662109375 20.377604166666664 7.635495607419925 10.180660809893233
0 5.517578125 18.033854166666664 7.182984799767957 9.577313066357275
0 86.474609375 22.591145833333336 8.039514082226251 10.719352109635
0 91.748046875 20.377604166666664 7.635495607419925 10.180660809893233
0 84.1796875 20.052083333333336 7.574263699945591 10.099018266594122
0 88.720703125 19.53125 7.475249459177179 9.966999278902906
0 86.181640625 18.033854166666664 7.182984799767957 9.577313066357275
0 81.298828125 18.359375 7.247523246483103 9.663364328644137
0 78.90625 18.033854166666664 7.182984799767957 9.577313066357275
0 77.63671875 16.145833333333336 6.796587356970242 9.062116475960323
0 79.00390625 15.690104166666666 6.699981201202437 8.933308268269917
0 23.046875 13.997395833333334 6.328259690346595 8.437679587128793
0 20.80078125 17.708333333333336 7.117861199762329 9.490481599683106
0 19.287109375 14.84375 6.516771394062079 8.689028525416106
0 29.248046875 16.861979166666664 6.945682786096826 9.260910381462436
0 27.197265625 18.033854166666664 7.182984799767957 9.577313066357275
0 24.4140625 15.8203125 6.72772451325946 8.970299351012613
0 5.126953125 29.622395833333332 9.205995562132786 12.274660749510382
0 21.923828125 25.78125 8.588407763348565 11.451210351131419
0 90.087890625 92.83854166666666 16.297643948753283 21.73019193167104
0 40.576171875 16.666666666666664 6.905339660024879 9.207119546699838
0 36.767578125 16.666666666666664 6.905339660024879 9.207119546699838
0 34.27734375 15.169270833333334 6.587839704871492 8.783786273161988
0 24.169921875 15.494791666666666 6.658149484030587 8.877532645374115
0 17.626953125 18.684895833333336 7.311492035346033 9.748656047128044
0 11.962890625 18.359375 7.247523246483103 9.663364328644137
0 14.208984375 17.708333333333336 7.117861199762329 9.490481599683106
0 5.76171875 38.34635416666667 10.474244568927316 13.965659425236424
0 99.169921875 41.53645833333333 10.901227477717134 14.53496997028951
0 99.169921875 31.640625 9.51443925056146 12.685919000748614
0 2.001953125 58.723958333333336 12.9618900034151 17.28252000455347
