0 50.048828125 49.08854166666667 11.850883690763915 15.801178254351885
0 37.20703125 61.197916666666664 13.2321065604729 17.642808747297202
0 22.314453125 49.08854166666667 11.850883690763915 15.801178254351885
0 17.28515625 31.119791666666668 9.4358061729372 12.5810748972496
0 1.07421875 44.59635416666667 11.295627150464934 15.060836200619912
0 0.830078125 56.184895833333336 12.678575486963496 16.90476731595133
0 34.765625 40.625 10.780958088779109 14.374610785038813
0 31.396484375 34.24479166666667 9.898238977189243 13.197651969585658
0 32.177734375 26.627604166666668 8.728240750778255 11.637654334371007
0 37.353515625 31.119791666666668 9.4358061729372 12.5810748972496
0 22.0703125 23.697916666666664 8.234092750996119 10.978790334661493
0 29.6875 22.4609375 8.016311973000304 10.688415964000404
0 12.744140625 26.953125 8.78142979122202 11.708573054962693
0 3.173828125 31.315104166666668 9.465370128949479 12.62049350526597
0 5.078125 22.65625 8.051090062422436 10.734786749896582
0 10.25390625 19.921875 7.549631882844837 10.066175843793117
0 66.50390625 58.072916666666664 12.889838917201462 17.18645188960195
0 13.232421875 21.614583333333336 7.863829789260941 10.485106385681254
0 46.435546875 37.3046875 10.331000292853245 13.77466705713766
0 53.41796875 36.328125 10.194881035455362 13.593174713940485
0 60.9375 35.09114583333333 10.019809057239993 13.359745409653323
0 61.181640625 26.953125 8.78142979122202 11.708573054962693
0 65.72265625 41.27604166666667 10.867000619363317 14.489334159151088
0 79.6875 39.2578125 10.597995211294762 14.130660281726351
0 77.001953125 52.5390625 12.260320694946696 16.347094259928927
0 85.9375 61.71875 13.288294102219997 17.717725469626664
0 90.8203125 52.734375 12.283088255308904 16.377451007078538
0 98.6328125 40.29947916666667 10.737678274999501 14.316904366666003
0 98.6328125 50.455729166666664 12.01478252260103 16.019710030134707
0 96.044921875 41.796875 10.935347208965403 14.580462945287206
0 87.744140625 38.21614583333333 10.456446349494515 13.941928465992687
0 52.490234375 28.385416666666668 9.011732824849489 12.015643766465985
0 45.751953125 28.841145833333332 9.083786661460703 12.11171554861427
0 61.328125 10.9375 5.593964471381641 7.458619295175521
0 61.328125 19.401041666666664 7.450290292806215 9.933720390408286
0 52.392578125 15.0390625 6.559504779115197 8.746006372153596
0 46.435546875 12.109375 5.886017310176364 7.848023080235151
0 40.72265625 17.96875 7.170007400189656 9.56000986691954
0 50.1953125 16.6015625 6.891839471823862 9.189119295765149
0 48.486328125 21.419270833333336 7.828219811023351 10.437626414697803
0 59.130859375 23.372395833333336 8.177344364608315 10.903125819477753
0 66.748046875 22.135416666666664 7.958010748538389 10.610680998051187
0 66.9921875 26.822916666666668 8.760192928715409 11.680257238287211
0 75.048828125 26.822916666666668 8.760192928715409 11.680257238287211
0 81.787109375 26.302083333333332 8.674725588105405 11.56630078414054
0 72.4609375 30.598958333333332 9.35651227829339 12.475349704391189
0 74.12109375 38.54166666666667 10.500885335745396 14.001180447660527
0 88.37890625 32.35677083333333 9.621510480001493 12.828680640001991
0 81.884765625 22.135416666666664 7.958010748538389 10.610680998051187
0 69.3359375 17.838541666666664 7.143981879101334 9.525309172135112
0 72.8515625 20.247395833333336 7.611061958825638 10.148082611767517
0 35.400390625 17.122395833333336 6.9991119025755095 9.332149203434014
0 55.078125 13.4765625 6.209408553886659 8.279211405182211
0 19.091796875 15.234375 6.60196156395994 8.802615418613254
0 57.8125 12.630208333333334 6.011265748166568 8.015020997555423
0 65.869140625 14.908854166666666 6.531046923532928 8.708062564710572
0 57.666015625 15.4296875 6.644147051109997 8.858862734813329
0 66.89453125 12.109375 5.886017310176364 7.848023080235151
0 36.81640625 14.713541666666666 6.488126106405426 8.650834808540568
0 75.927734375 16.080729166666664 6.782870718656271 9.043827624875028
0 69.189453125 11.588541666666668 5.758045124546267 7.677393499395023
0 90.087890625 23.697916666666664 8.234092750996119 10.978790334661493
0 94.091796875 31.8359375 9.543759625922785 12.725012834563712
0 99.8046875 26.302083333333332 8.674725588105405 11.56630078414054
0 90.185546875 27.994791666666668 8.94951068030712 11.932680907076158
0 86.03515625 22.135416666666664 7.958010748538389 10.610680998051187
0 71.533203125 12.825520833333334 6.057566296777102 8.076755062369468
0 62.5 16.927083333333336 6.959078522333606 9.278771363111476
0 51.85546875 10.7421875 5.543793372981247 7.391724497308329
0 33.056640625 20.572916666666664 7.672000176987631 10.229333569316841
0 19.189453125 20.572916666666664 7.672000176987631 10.229333569316841
0 3.80859375 18.880208333333336 7.349606066157407 9.799474754876544
0 98.6328125 30.794270833333332 9.386325988299376 12.515101317732501
0 81.494140625 15.0390625 6.559504779115197 8.746006372153596
0 63.623046875 11.979166666666668 5.854286527481347 7.805715369975129
0 83.59375 15.559895833333334 6.672122530845778 8.896163374461038
0 92.3828125 22.65625 8.051090062422436 10.734786749896582
0 83.349609375 18.684895833333336 7.311492035346033 9.748656047128044
0 94.482421875 23.697916666666664 8.234092750996119 10.978790334661493
0 78.271484375 18.1640625 7.208869513560617 9.611826018080823
0 96.533203125 22.135416666666664 7.958010748538389 10.610680998051187
0 91.357421875 17.122395833333336 6.9991119025755095 9.332149203434014
0 78.41796875 13.671875 6.254242410864013 8.338989881152017
0 21.2890625 14.908854166666666 6.531046923532928 8.708062564710572
0 14.404296875 15.950520833333334 6.755353888299149 9.0071385177322
0 1.85546875 16.796875 6.932261164306974 9.243014885742634
0 95.751953125 18.684895833333336 7.311492035346033 9.748656047128044
0 41.11328125 23.177083333333336 8.143105507889608 10.857474010519478
0 5.37109375 16.6015625 6.891839471823862 9.189119295765149
0 7.8125 18.684895833333336 7.311492035346033 9.748656047128044
0 27.24609375 18.1640625 7.208869513560617 9.611826018080823
0 16.357421875 18.489583333333336 7.273178276253042 9.697571035004056
0 23.6328125 13.151041666666666 6.133957288281793 8.178609717709058
0 11.962890625 14.388020833333334 6.415953381844678 8.554604509126236
0 25.1953125 11.588541666666668 5.758045124546267 7.677393499395023
0 43.45703125 13.8671875 6.298757153488249 8.398342871317666
0 25.927734375 14.908854166666666 6.531046923532928 8.708062564710572
0 34.228515625 13.346354166666666 6.179338602086361 8.239118136115147
0 26.708984375 12.630208333333334 6.011265748166568 8.015020997555423
0 38.623046875 12.434895833333332 5.964605800076924 7.952807733435899
0 29.052734375 12.955729166666666 6.088237714617921 8.117650286157229
0 42.28515625 20.442708333333336 7.647683158045451 10.196910877393934
0 78.271484375 22.8515625 8.085718566584333 10.780958088779109
0 86.71875 18.359375 7.247523246483103 9.663364328644137
0 40.72265625 13.997395833333334 6.328259690346595 8.437679587128793
0 31.884765625 14.908854166666666 6.531046923532928 8.708062564710572
0 99.658203125 19.7265625 7.512532730158185 10.01671030687758
