0 85.25390625 65.10416666666666 13.647875839232116 18.19716778564282
0 79.00390625 54.1015625 12.441294623193059 16.58839283092408
0 68.896484375 59.244791666666664 13.019243779114712 17.358991705486282
0 97.265625 53.385416666666664 12.358677204172722 16.478236272230294
0 93.75 46.09375 11.48369611952318 15.311594826030909
0 85.888671875 36.39322916666667 10.204012144348443 13.605349525797925
0 79.8828125 39.0625 10.57159916729051 14.095465556387346
0 65.52734375 42.578125 11.037073559585647 14.716098079447528
0 51.904296875 47.59114583333333 11.66873431048899 15.55831241398532
0 88.28125 91.6015625 16.188705090179255 21.584940120239004
0 37.158203125 62.890625 13.413855576071724 17.88514076809563
0 22.021484375 48.56770833333333 11.787846628312968 15.717128837750623
0 1.7578125 57.942708333333336 12.875380315996695 17.16717375466226
0 0.537109375 44.921875 11.336777112430854 15.11570281657447
0 12.01171875 39.77864583333333 10.668065364348472 14.224087152464628
0 4.00390625 30.729166666666668 9.376398618003673 12.501864824004896
0 20.5078125 29.231770833333332 9.145095253766906 12.193460338355873
0 30.517578125 35.7421875 10.11233003282525 13.483106710433667
0 38.76953125 43.9453125 11.212874188765769 14.950498918354358
0 51.7578125 36.9140625 10.276768945607138 13.702358594142853
0 61.376953125 35.61197916666667 10.093893681970965 13.458524909294619
0 50.78125 28.90625 9.094033462982996 12.125377950643994
0 42.28515625 24.21875 8.324085508414218 11.098780677885625
0 32.51953125 27.9296875 8.939098215256843 11.918797620342456
0 26.513671875 24.4140625 8.357582969744357 11.143443959659143
0 9.521484375 28.385416666666668 9.011732824849489 12.015643766465985
0 12.646484375 21.09375 7.768507117527988 10.358009490037318
0 4.78515625 24.609375 8.39094670707246 11.187928942763282
0 31.25 21.419270833333336 7.828219811023351 10.437626414697803
0 48.046875 22.721354166666664 8.062649422377262 10.75019922983635
0 57.275390625 21.614583333333336 7.863829789260941 10.485106385681254
0 61.5234375 29.1015625 9.124704826492952 12.166273101990603
0 74.0234375 32.2265625 9.60213178866716 12.802842384889546
0 82.03125 27.278645833333332 8.83429859993294 11.779064799910586
0 92.28515625 30.598958333333332 9.35651227829339 12.475349704391189
0 82.763671875 21.223958333333336 7.792447103762027 10.389929471682702
0 70.41015625 22.0703125 7.946299173761924 10.595065565015899
0 58.88671875 25.390625 8.523095729839442 11.364127639785922
0 19.62890625 21.09375 7.768507117527988 10.358009490037318
0 67.28515625 23.893229166666664 8.267954824306681 11.023939765742242
0 59.912109375 21.419270833333336 7.828219811023351 10.437626414697803
0 79.150390625 24.739583333333336 8.413115693414442 11.217487591219255
0 95.751953125 22.916666666666664 8.097228492078614 10.796304656104818
0 89.16015625 28.255208333333332 8.991039955234518 11.988053273646026
0 78.759765625 20.572916666666664 7.672000176987631 10.229333569316841
0 86.376953125 31.4453125 9.485028239697298 12.646704319596397
0 97.509765625 29.427083333333332 9.175595934065496 12.234127912087327
0 75.146484375 19.7265625 7.512532730158185 10.01671030687758
0 67.626953125 20.247395833333336 7.611061958825638 10.148082611767517
0 40.283203125 21.744791666666664 7.887480458569388 10.51664061142585
0 85.888671875 21.614583333333336 7.863829789260941 10.485106385681254
0 99.267578125 42.05729166666667 10.969360812751116 14.62581441700149
