0 92.822265625 88.60677083333334 15.921871900324197 21.229162533765596
0 51.220703125 79.62239583333334 15.0930945054666 20.1241260072888
0 35.107421875 89.38802083333334 15.991909798063844 21.32254639741846
0 49.70703125 59.375 13.033542788124159 17.37805705083221
0 15.673828125 68.5546875 14.004875373027058 18.673167164036077
0 2.392578125 75.06510416666666 14.654793949637412 19.53972526618322
0 41.9921875 54.361979166666664 12.47120162457431 16.628268832765748
0 51.46484375 48.046875 11.724470649596281 15.632627532795041
0 65.4296875 58.7890625 12.969073096237658 17.29209746165021
0 75.048828125 54.4921875 12.486128262621328 16.648171016828435
0 85.595703125 60.026041666666664 13.104803804677667 17.473071739570223
0 21.97265625 49.47916666666667 11.897942315440629 15.863923087254172
0 36.669921875 40.29947916666667 10.737678274999501 14.316904366666003
0 1.123046875 58.268229166666664 12.911496460758165 17.21532861434422
0 4.541015625 42.96875 11.087586745962493 14.783448994616657
0 16.650390625 36.19791666666667 10.17659423860661 13.568792318142146
0 7.51953125 36.19791666666667 10.17659423860661 13.568792318142146
0 91.650390625 51.041666666666664 12.084344405043538 16.112459206724715
0 74.21875 41.40625 10.884127502518925 14.512170003358568
0 98.6328125 51.953125 12.191762912254749 16.25568388300633
0 87.01171875 35.22135416666667 10.038381471800859 13.384508629067811
0 96.240234375 43.61979166666667 11.171267833082963 14.895023777443953
0 79.638671875 37.76041666666667 10.393912576859377 13.85855010247917
0 65.4296875 42.64322916666667 11.045508466097326 14.7273446214631
0 60.3515625 32.68229166666667 9.669787303317175 12.893049737756234
0 48.046875 36.5234375 10.22224989284926 13.629666523799013
0 31.689453125 32.35677083333333 9.621510480001493 12.828680640001991
0 20.3125 31.575520833333332 9.50464569238125 12.672860923174998
0 34.1796875 28.450520833333332 9.02206146184966 12.029415282466214
0 2.05078125 29.557291666666668 9.195873518871684 12.261164691828911
0 10.009765625 28.125 8.970299351012615 11.960399134683486
0 62.353515625 29.036458333333332 9.114492506755418 12.15265667567389
0 73.974609375 30.989583333333332 9.416045300623482 12.554727067497975
0 80.029296875 26.041666666666668 8.631674575031099 11.508899433374797
0 88.916015625 28.90625 9.094033462982996 12.125377950643994
0 74.21875 25.911458333333332 8.610068346964042 11.480091129285388
0 89.84375 24.674479166666664 8.402038511923953 11.202718015898604
0 92.919921875 29.361979166666668 9.16544031840894 12.220587091211922
0 98.974609375 29.361979166666668 9.16544031840894 12.220587091211922
0 96.58203125 26.3671875 8.685454999241765 11.580606665655687
0 97.900390625 24.153645833333336 8.312889692307273 11.083852923076364
0 96.240234375 22.721354166666664 8.062649422377262 10.75019922983635
0 95.751953125 21.614583333333336 7.863829789260941 10.485106385681254
0 83.10546875 19.270833333333336 7.425247229367944 9.900329639157258
0 86.5234375 21.158854166666664 7.780486318348366 10.373981757797822
0 84.521484375 18.489583333333336 7.273178276253042 9.697571035004056
0 88.916015625 19.270833333333336 7.425247229367944 9.900329639157258
0 91.9921875 20.703125 7.6962403643301345 10.261653819106845
0 93.505859375 18.489583333333336 7.273178276253042 9.697571035004056
0 95.41015625 19.140625 7.400119417103358 9.866825889471144
0 96.826171875 19.270833333333336 7.425247229367944 9.900329639157258
0 98.14453125 19.401041666666664 7.450290292806215 9.933720390408286
0 99.462890625 19.921875 7.549631882844837 10.066175843793117
0 86.767578125 16.927083333333336 6.959078522333606 9.278771363111476
0 83.7890625 14.84375 6.516771394062079 8.689028525416106
0 81.93359375 17.1875 7.012405574387241 9.349874099182989
0 78.61328125 13.736979166666666 6.269115778861736 8.358821038482315
0 78.125 12.5 5.980199567341744 7.973599423122326
0 76.220703125 13.0859375 6.118755388111396 8.15834051748186
0 76.806640625 18.619791666666664 7.298743129334349 9.731657505779133
0 79.541015625 19.140625 7.400119417103358 9.866825889471144
0 80.2734375 15.950520833333334 6.755353888299149 9.0071385177322
0 72.216796875 20.247395833333336 7.611061958825638 10.148082611767517
0 67.67578125 21.809895833333336 7.8992792392241125 10.532372318965482
0 71.484375 16.731770833333336 6.9188135063199665 9.225084675093289
0 72.314453125 12.174479166666668 5.901818727360142 7.8690916364801895
0 69.23828125 12.174479166666668 5.901818727360142 7.8690916364801895
0 67.919921875 13.932291666666666 6.313525654778199 8.418034206370931
0 65.8203125 15.169270833333334 6.587839704871492 8.783786273161988
0 64.84375 11.848958333333332 5.8223828211483495 7.763177094864466
0 62.59765625 12.5 5.980199567341744 7.973599423122326
0 62.353515625 15.494791666666666 6.658149484030587 8.877532645374115
0 61.181640625 15.8203125 6.72772451325946 8.970299351012613
0 60.205078125 18.033854166666664 7.182984799767957 9.577313066357275
0 58.69140625 12.955729166666666 6.088237714617921 8.117650286157229
0 56.54296875 14.388020833333334 6.415953381844678 8.554604509126236
0 55.37109375 12.5 5.980199567341744 7.973599423122326
0 60.3515625 21.940104166666664 7.92282408798045 10.5637654506406
0 58.203125 24.479166666666664 8.36871899463018 11.15829199284024
0 52.392578125 28.450520833333332 9.02206146184966 12.029415282466214
0 42.333984375 23.828125 8.256682897014576 11.008910529352768
0 49.072265625 21.158854166666664 7.780486318348366 10.373981757797822
0 50.146484375 17.708333333333336 7.117861199762329 9.490481599683106
0 51.46484375 15.0390625 6.559504779115197 8.746006372153596
0 49.072265625 11.979166666666668 5.854286527481347 7.805715369975129
0 47.216796875 13.606770833333334 6.2393335877260965 8.319111450301463
0 44.82421875 13.0859375 6.118755388111396 8.15834051748186
0 42.919921875 13.606770833333334 6.2393335877260965 8.319111450301463
0 40.673828125 14.518229166666666 6.444919458600731 8.593225944800976
0 42.578125 18.1640625 7.208869513560617 9.611826018080823
0 39.599609375 20.833333333333336 7.720404443770458 10.293872591693944
0 31.4453125 27.799479166666668 8.918236814088415 11.890982418784553
0 39.013671875 13.932291666666666 6.313525654778199 8.418034206370931
0 37.109375 15.169270833333334 6.587839704871492 8.783786273161988
0 34.619140625 14.0625 6.342959500374307 8.457279333832409
0 32.763671875 15.625 6.686066375795484 8.914755167727312
0 31.54296875 20.833333333333336 7.720404443770458 10.293872591693944
0 29.78515625 19.270833333333336 7.425247229367944 9.900329639157258
0 26.953125 21.614583333333336 7.863829789260941 10.485106385681254
0 21.240234375 24.479166666666664 8.36871899463018 11.15829199284024
0 13.76953125 23.372395833333336 8.177344364608315 10.903125819477753
0 4.443359375 23.2421875 8.154534433525017 10.872712578033356
0 6.201171875 19.921875 7.549631882844837 10.066175843793117
0 1.123046875 16.40625 6.8511792970714245 9.134905729428567
0 2.1484375 16.731770833333336 6.9188135063199665 9.225084675093289
0 3.466796875 18.1640625 7.208869513560617 9.611826018080823
0 5.2734375 14.84375 6.516771394062079 8.689028525416106
0 7.861328125 16.40625 6.8511792970714245 9.134905729428567
0 10.009765625 14.84375 6.516771394062079 8.689028525416106
0 11.767578125 18.489583333333336 7.273178276253042 9.697571035004056
0 13.671875 15.494791666666666 6.658149484030587 8.877532645374115
0 16.40625 15.494791666666666 6.658149484030587 8.877532645374115
0 19.3359375 14.0625 6.342959500374307 8.457279333832409
0 21.142578125 14.518229166666666 6.444919458600731 8.593225944800976
0 23.046875 15.625 6.686066375795484 8.914755167727312
0 24.31640625 13.0859375 6.118755388111396 8.15834051748186
0 19.7265625 18.9453125 7.3622668956389274 9.816355860851903
0 16.845703125 18.489583333333336 7.273178276253042 9.697571035004056
0 26.123046875 16.731770833333336 6.9188135063199665 9.225084675093289
0 27.978515625 16.276041666666664 6.823937919616058 9.09858389282141
0 76.806640625 21.484375 7.840107775064166 10.453477033418888
0 32.958984375 18.619791666666664 7.298743129334349 9.731657505779133
0 36.865234375 19.270833333333336 7.425247229367944 9.900329639157258
0 65.087890625 62.565104166666664 13.379095591298201 17.838794121730935
0 86.42578125 66.2109375 13.763393901098246 18.351191868130993
0 53.369140625 51.627604166666664 12.153508149255297 16.204677532340394
0 60.595703125 36.19791666666667 10.17659423860661 13.568792318142146
0 47.412109375 39.32291666666667 10.606779295033428 14.142372393377903
0 32.51953125 36.78385416666667 10.258628121320564 13.678170828427419
0 21.38671875 27.473958333333332 8.865868558553435 11.821158078071248
0 43.408203125 26.3671875 8.685454999241765 11.580606665655687
0 67.08984375 24.479166666666664 8.36871899463018 11.15829199284024
0 68.26171875 24.934895833333336 8.446260072691679 11.26168009692224
0 72.802734375 33.984375 9.860531263063667 13.147375017418222
0 74.560546875 33.984375 9.860531263063667 13.147375017418222
0 26.220703125 24.8046875 8.424178309229896 11.23223774563986
0 71.142578125 22.591145833333336 8.039514082226251 10.719352109635
