0 1.318359375 19.7265625 7.512532730158185 10.01671030687758
0 1.46484375 40.29947916666667 10.737678274999501 14.316904366666003
0 2.685546875 28.776041666666668 9.073528288158268 12.098037717544358
0 7.275390625 34.5703125 9.945172568847854 13.26023009179714
0 3.41796875 19.466145833333336 7.462780310447684 9.950373747263578
0 47.265625 57.421875 12.8173828125 17.08984375
0 5.46875 23.828125 8.256682897014576 11.008910529352768
0 98.095703125 21.549479166666664 7.85197774064246 10.469303654189947
0 7.6171875 18.359375 7.247523246483103 9.663364328644137
0 99.267578125 25.911458333333332 8.610068346964042 11.480091129285388
0 8.0078125 22.786458333333336 8.074192233473482 10.765589644631309
0 97.314453125 28.90625 9.094033462982996 12.125377950643994
0 9.5703125 19.466145833333336 7.462780310447684 9.950373747263578
0 95.654296875 39.58333333333333 10.641843123878598 14.189124165171464
0 12.01171875 18.359375 7.247523246483103 9.663364328644137
0 98.92578125 50.130208333333336 11.975962445281118 15.967949927041488
0 13.76953125 16.731770833333336 6.9188135063199665 9.225084675093289
0 15.625 23.567708333333336 8.211440458419013 10.948587277892017
0 95.01953125 23.4375 8.188725503539269 10.918300671385692
0 17.28515625 16.341145833333336 6.837572174807153 9.116762899742872
0 91.943359375 27.994791666666668 8.94951068030712 11.932680907076158
0 19.921875 28.255208333333332 8.991039955234518 11.988053273646026
0 87.646484375 35.09114583333333 10.019809057239993 13.359745409653323
0 20.654296875 17.252604166666664 7.025674092542321 9.367565456723094
0 87.353515625 21.549479166666664 7.85197774064246 10.469303654189947
0 21.875 20.442708333333336 7.647683158045451 10.196910877393934
0 82.6171875 49.47916666666667 11.897942315440629 15.863923087254172
0 24.462890625 17.96875 7.170007400189656 9.56000986691954
0 83.642578125 40.16927083333333 10.720317425689878 14.293756567586504
0 25.78125 16.080729166666664 6.782870718656271 9.043827624875028
0 81.884765625 35.48177083333333 10.075423595714831 13.433898127619774
0 27.5390625 16.471354166666664 6.864759447755123 9.15301259700683
0 89.16015625 24.8046875 8.424178309229896 11.23223774563986
0 28.955078125 16.9921875 6.972448522214271 9.296598029619028
0 91.259765625 23.4375 8.188725503539269 10.918300671385692
0 28.271484375 22.330729166666664 7.993042513249997 10.657390017666662
0 81.25 27.278645833333332 8.83429859993294 11.779064799910586
0 31.34765625 16.080729166666664 6.782870718656271 9.043827624875028
0 76.220703125 29.361979166666668 9.16544031840894 12.220587091211922
0 31.4453125 21.09375 7.768507117527988 10.358009490037318
0 85.15625 20.3125 7.62328857226367 10.164384763018226
0 33.10546875 17.838541666666664 7.143981879101334 9.525309172135112
0 82.275390625 19.205729166666664 7.412693970636669 9.883591960848893
0 35.986328125 16.731770833333336 6.9188135063199665 9.225084675093289
0 79.541015625 17.838541666666664 7.143981879101334 9.525309172135112
0 37.20703125 16.471354166666664 6.864759447755123 9.15301259700683
0 77.783203125 19.596354166666664 7.487697843252746 9.983597124336994
0 39.16015625 14.973958333333334 6.545291317604741 8.727055090139656
0 78.90625 15.885416666666666 6.741553355216833 8.988737806955777
0 39.35546875 19.205729166666664 7.412693970636669 9.883591960848893
0 76.85546875 16.341145833333336 6.837572174807153 9.116762899742872
0 41.015625 23.567708333333336 8.211440458419013 10.948587277892017
0 29.1015625 33.0078125 9.717824296930333 12.957099062573777
0 44.677734375 32.09635416666667 9.58271390875707 12.77695187834276
0 75.634765625 15.364583333333334 6.6301150458985685 8.840153394531425
0 41.40625 15.364583333333334 6.6301150458985685 8.840153394531425
0 73.974609375 15.885416666666666 6.741553355216833 8.988737806955777
0 43.1640625 15.885416666666666 6.741553355216833 8.988737806955777
0 72.021484375 14.973958333333334 6.545291317604741 8.727055090139656
0 42.822265625 19.205729166666664 7.412693970636669 9.883591960848893
0 68.017578125 15.104166666666666 6.573687508709111 8.764916678278816
0 44.287109375 15.755208333333334 6.7138671875 8.951822916666668
0 71.09375 50.455729166666664 12.01478252260103 16.019710030134707
0 44.921875 20.833333333333336 7.720404443770458 10.293872591693944
0 68.017578125 34.83072916666667 9.982560567502519 13.310080756670025
0 46.240234375 15.364583333333334 6.6301150458985685 8.840153394531425
0 75.537109375 22.0703125 7.946299173761924 10.595065565015899
0 47.65625 15.755208333333334 6.7138671875 8.951822916666668
0 71.923828125 22.0703125 7.946299173761924 10.595065565015899
0 48.388671875 18.229166666666664 7.221777078979024 9.629036105305365
0 69.970703125 24.283854166666664 8.33526628646708 11.113688381956106
0 47.36328125 22.330729166666664 7.993042513249997 10.657390017666662
0 65.673828125 15.625 6.686066375795484 8.914755167727312
0 52.9296875 14.127604166666666 6.3576253222655215 8.476833763020695
0 66.6015625 22.916666666666664 8.097228492078614 10.796304656104818
0 51.3671875 18.359375 7.247523246483103 9.663364328644137
0 51.904296875 41.66666666666667 10.918300671385692 14.557734228514258
0 59.27734375 40.29947916666667 10.737678274999501 14.316904366666003
0 54.150390625 30.859375 9.396242870080965 12.52832382677462
0 55.17578125 22.200520833333336 7.969705113037473 10.626273484049964
0 58.88671875 32.74739583333333 9.679413773897526 12.905885031863368
0 57.6171875 26.041666666666668 8.631674575031099 11.508899433374797
0 58.251953125 19.205729166666664 7.412693970636669 9.883591960848893
0 39.16015625 46.02864583333333 11.475583298927713 15.300777731903617
0 59.375 15.625 6.686066375795484 8.914755167727312
0 35.986328125 13.606770833333334 6.2393335877260965 8.319111450301463
0 58.88671875 14.127604166666666 6.3576253222655215 8.476833763020695
0 88.671875 17.578125 7.091644310682526 9.455525747576702
0 61.42578125 14.973958333333334 6.545291317604741 8.727055090139656
0 93.505859375 20.703125 7.6962403643301345 10.261653819106845
0 63.0859375 14.518229166666666 6.444919458600731 8.593225944800976
0 83.935546875 16.9921875 6.972448522214271 9.296598029619028
0 66.064453125 18.098958333333336 7.195938795502683 9.594585060670244
