0 96.09375 81.77083333333334 15.295366316090902 20.39382175478787
0 46.6796875 75.26041666666666 14.673846777552866 19.565129036737154
0 12.646484375 82.74739583333334 15.386429035590249 20.515238714120333
0 55.615234375 68.29427083333334 13.978250110594223 18.63766681412563
0 39.2578125 59.440104166666664 13.04068641309906 17.38758188413208
0 51.318359375 55.403645833333336 12.590119228965008 16.78682563862001
0 28.41796875 49.54427083333333 11.905767335895483 15.874356447860643
0 1.806640625 19.53125 7.475249459177179 9.966999278902906
0 18.45703125 12.3046875 5.933295317145868 7.911060422861158
0 4.39453125 17.643229166666664 7.104764847914316 9.473019797219088
0 17.041015625 15.690104166666666 6.699981201202437 8.933308268269917
0 5.322265625 15.559895833333334 6.672122530845778 8.896163374461038
0 10.9375 17.3828125 7.052136235529384 9.40284831403918
0 6.298828125 21.028645833333336 7.756509415978292 10.342012554637723
0 12.548828125 14.453125 6.430452730012657 8.57393697335021
0 18.75 16.080729166666664 6.782870718656271 9.043827624875028
0 9.423828125 15.8203125 6.72772451325946 8.970299351012613
0 16.455078125 17.838541666666664 7.143981879101334 9.525309172135112
0 22.607421875 14.192708333333334 6.372257390692475 8.496343187589966
0 12.841796875 22.0703125 7.946299173761924 10.595065565015899
0 6.93359375 16.731770833333336 6.9188135063199665 9.225084675093289
0 21.484375 17.513020833333336 7.0784994535786145 9.437999271438152
0 15.673828125 14.453125 6.430452730012657 8.57393697335021
0 25.1953125 13.802083333333334 6.283953943473511 8.378605257964681
0 28.90625 18.489583333333336 7.273178276253042 9.697571035004056
0 9.521484375 27.018229166666668 8.792028986137655 11.722705314850208
0 25.9765625 15.690104166666666 6.699981201202437 8.933308268269917
0 19.970703125 28.515625 9.03237828793258 12.043171050576774
0 26.07421875 18.229166666666664 7.221777078979024 9.629036105305365
0 18.26171875 24.869791666666664 8.435226416678011 11.246968555570682
0 33.837890625 16.080729166666664 6.782870718656271 9.043827624875028
0 23.486328125 20.768229166666664 7.708331872750909 10.277775830334546
0 31.103515625 22.65625 8.051090062422436 10.734786749896582
0 29.58984375 15.559895833333334 6.672122530845778 8.896163374461038
0 35.44921875 15.104166666666666 6.573687508709111 8.764916678278816
0 30.810546875 13.411458333333334 6.194391824397107 8.259189099196142
0 37.841796875 14.0625 6.342959500374307 8.457279333832409
0 28.515625 13.411458333333334 6.194391824397107 8.259189099196142
0 35.25390625 12.955729166666666 6.088237714617921 8.117650286157229
0 40.966796875 14.453125 6.430452730012657 8.57393697335021
0 33.0078125 13.0859375 6.118755388111396 8.15834051748186
0 40.576171875 18.75 7.32421875 9.765625
0 41.845703125 12.434895833333332 5.964605800076924 7.952807733435899
0 46.97265625 15.950520833333334 6.755353888299149 9.0071385177322
0 52.392578125 12.434895833333332 5.964605800076924 7.952807733435899
0 46.58203125 13.541666666666666 6.224389054678692 8.299185406238257
0 35.546875 18.619791666666664 7.298743129334349 9.731657505779133
0 43.1640625 14.84375 6.516771394062079 8.689028525416106
0 34.228515625 20.377604166666664 7.635495607419925 10.180660809893233
0 43.26171875 17.3828125 7.052136235529384 9.40284831403918
0 27.880859375 23.4375 8.188725503539269 10.918300671385692
0 42.578125 20.377604166666664 7.635495607419925 10.180660809893233
0 24.4140625 26.497395833333332 8.706874156303165 11.609165541737553
0 41.357421875 23.697916666666664 8.234092750996119 10.978790334661493
0 18.9453125 35.09114583333333 10.019809057239993 13.359745409653323
0 39.453125 21.6796875 7.875664001809045 10.500885335745393
0 13.623046875 36.1328125 10.167438506443897 13.556584675258529
0 48.388671875 14.713541666666666 6.488126106405426 8.650834808540568
0 4.58984375 27.408854166666668 8.855357744474432 11.807143659299243
0 49.267578125 12.6953125 6.026738787271576 8.0356517163621
0 7.2265625 30.6640625 9.366460725843998 12.48861430112533
0 56.93359375 12.174479166666668 5.901818727360142 7.8690916364801895
0 1.07421875 36.39322916666667 10.204012144348443 13.605349525797925
0 52.099609375 15.8203125 6.72772451325946 8.970299351012613
0 2.197265625 44.98697916666667 11.344989193994817 15.126652258659753
0 54.931640625 16.080729166666664 6.782870718656271 9.043827624875028
0 19.384765625 32.09635416666667 9.58271390875707 12.77695187834276
0 58.837890625 13.671875 6.254242410864013 8.338989881152017
0 39.35546875 13.541666666666666 6.224389054678692 8.299185406238257
0 3.61328125 52.994791666666664 12.313379517719735 16.41783935695965
0 32.6171875 27.734375 8.907787792557633 11.877050390076842
0 31.103515625 35.61197916666667 10.093893681970965 13.458524909294619
0 11.962890625 51.692708333333336 12.161168728742233 16.214891638322978
0 39.6484375 41.796875 10.935347208965403 14.580462945287206
0 49.90234375 18.880208333333336 7.349606066157407 9.799474754876544
0 46.2890625 24.739583333333336 8.413115693414442 11.217487591219255
0 51.513671875 23.4375 8.188725503539269 10.918300671385692
0 47.4609375 20.377604166666664 7.635495607419925 10.180660809893233
0 71.58203125 12.174479166666668 5.901818727360142 7.8690916364801895
0 95.8984375 18.098958333333336 7.195938795502683 9.594585060670244
0 70.166015625 13.932291666666666 6.313525654778199 8.418034206370931
0 82.8125 15.690104166666666 6.699981201202437 8.933308268269917
0 67.67578125 13.541666666666666 6.224389054678692 8.299185406238257
0 78.22265625 15.559895833333334 6.672122530845778 8.896163374461038
0 65.13671875 13.28125 6.16424861960576 8.218998159474348
0 75.0 13.802083333333334 6.283953943473511 8.378605257964681
0 63.232421875 14.583333333333334 6.459353786778786 8.612471715705048
0 74.4140625 16.9921875 6.972448522214271 9.296598029619028
0 68.359375 18.229166666666664 7.221777078979024 9.629036105305365
0 60.25390625 18.098958333333336 7.195938795502683 9.594585060670244
0 72.265625 22.330729166666664 7.993042513249997 10.657390017666662
0 79.833984375 16.471354166666664 6.864759447755123 9.15301259700683
0 86.71875 17.838541666666664 7.143981879101334 9.525309172135112
0 87.646484375 25.1953125 8.490251308132054 11.320335077509403
0 89.6484375 16.9921875 6.972448522214271 9.296598029619028
0 95.166015625 22.4609375 8.016311973000304 10.688415964000404
0 91.650390625 16.6015625 6.891839471823862 9.189119295765149
0 84.130859375 19.661458333333336 7.500125566067204 10.00016742142294
0 91.357421875 18.75 7.32421875 9.765625
0 81.73828125 18.359375 7.247523246483103 9.663364328644137
0 98.388671875 24.739583333333336 8.413115693414442 11.217487591219255
0 92.48046875 24.21875 8.324085508414218 11.098780677885625
0 99.169921875 28.776041666666668 9.073528288158268 12.098037717544358
0 94.482421875 30.403645833333332 9.326603265341873 12.43547102045583
0 85.44921875 15.8203125 6.72772451325946 8.970299351012613
0 79.296875 22.65625 8.051090062422436 10.734786749896582
0 77.587890625 28.90625 9.094033462982996 12.125377950643994
0 73.193359375 30.2734375 9.306610523667546 12.408814031556727
0 65.576171875 22.330729166666664 7.993042513249997 10.657390017666662
0 60.64453125 20.638020833333336 7.684129829110212 10.245506438813615
0 59.228515625 26.497395833333332 8.706874156303165 11.609165541737553
0 54.39453125 26.888020833333332 8.770817787597604 11.694423716796805
0 52.880859375 32.09635416666667 9.58271390875707 12.77695187834276
0 57.8125 32.16145833333333 9.592427762147041 12.789903682862722
0 64.84375 28.90625 9.094033462982996 12.125377950643994
0 60.107421875 28.385416666666668 9.011732824849489 12.015643766465985
0 48.876953125 33.85416666666667 9.841623227903504 13.122164303871338
0 44.189453125 31.315104166666668 9.465370128949479 12.62049350526597
0 86.42578125 21.940104166666664 7.92282408798045 10.5637654506406
0 76.806640625 21.940104166666664 7.92282408798045 10.5637654506406
0 81.494140625 21.6796875 7.875664001809045 10.500885335745393
0 76.806640625 18.880208333333336 7.349606066157407 9.799474754876544
0 75.68359375 28.515625 9.03237828793258 12.043171050576774
0 79.931640625 37.5 10.358009490037318 13.810679320049758
0 88.8671875 33.984375 9.860531263063667 13.147375017418222
0 85.546875 42.05729166666667 10.969360812751116 14.62581441700149
0 83.837890625 47.78645833333333 11.69265384562257 15.590205127496759
0 98.193359375 50.065104166666664 11.968183319780016 15.957577759706687
0 98.974609375 40.95052083333333 10.824064850444458 14.432086467259278
0 85.546875 34.50520833333333 9.935803586486637 13.247738115315515
0 76.513671875 47.65625 11.676712933171991 15.568950577562655
0 79.1015625 61.71875 13.288294102219997 17.717725469626664
0 70.361328125 57.291666666666664 12.802842384889546 17.07045651318606
0 86.865234375 65.625 13.702358594142853 18.269811458857134
0 71.19140625 44.01041666666667 11.221176947540428 14.961569263387236
0 64.74609375 40.29947916666667 10.737678274999501 14.316904366666003
0 52.9296875 47.78645833333333 11.69265384562257 15.590205127496759
0 45.068359375 42.96875 11.087586745962493 14.783448994616657
0 43.26171875 34.83072916666667 9.982560567502519 13.310080756670025
0 66.064453125 16.2109375 6.810276368536802 9.080368491382403
0 80.908203125 15.559895833333334 6.672122530845778 8.896163374461038
0 98.486328125 20.8984375 7.732458166088822 10.309944221451763
