0 52.1484375 32.8125 9.689030680168178 12.918707573557572
0 69.04296875 32.48697916666667 9.640850219074288 12.854466958765718
0 72.607421875 41.2109375 10.85842704752026 14.477902730027015
0 79.4921875 30.338541666666668 9.316612257369233 12.42214967649231
0 85.64453125 29.036458333333332 9.114492506755418 12.15265667567389
0 93.65234375 35.48177083333333 10.075423595714831 13.433898127619774
0 91.30859375 41.53645833333333 10.901227477717134 14.53496997028951
0 95.751953125 53.3203125 12.351139126494179 16.468185501992238
0 34.521484375 41.796875 10.935347208965403 14.580462945287206
0 15.8203125 45.8984375 11.459340426952263 15.279120569269683
0 17.578125 62.6953125 13.393010411066705 17.857347214755606
0 24.072265625 32.03125 9.572990198582838 12.763986931443785
0 15.91796875 27.083333333333332 8.802615418613255 11.736820558151006
0 36.865234375 27.34375 8.84483443981289 11.793112586417188
0 50.5859375 24.8046875 8.424178309229896 11.23223774563986
0 54.98046875 29.231770833333332 9.145095253766906 12.193460338355873
0 66.650390625 29.817708333333332 9.236295135755345 12.315060181007127
0 61.9140625 27.864583333333332 8.928673607377803 11.904898143170405
0 90.4296875 29.361979166666668 9.16544031840894 12.220587091211922
0 93.994140625 27.5390625 8.876366926421502 11.835155901895336
0 89.990234375 24.283854166666664 8.33526628646708 11.113688381956106
0 99.072265625 32.68229166666667 9.669787303317175 12.893049737756234
0 73.193359375 20.5078125 7.659851317145468 10.21313508952729
0 69.04296875 22.591145833333336 8.039514082226251 10.719352109635
0 61.62109375 22.786458333333336 8.074192233473482 10.765589644631309
0 26.904296875 24.153645833333336 8.312889692307273 11.083852923076364
0 42.67578125 24.479166666666664 8.36871899463018 11.15829199284024
0 38.818359375 23.307291666666664 8.165947363439729 10.88792981791964
0 0.537109375 33.984375 9.860531263063667 13.147375017418222
0 4.638671875 26.236979166666668 8.66398288975732 11.551977186343091
0 20.849609375 23.111979166666664 8.131660519088275 10.842214025451032
0 47.607421875 19.140625 7.400119417103358 9.866825889471144
0 29.736328125 22.786458333333336 8.074192233473482 10.765589644631309
0 81.34765625 22.005208333333336 7.9345703125 10.579427083333332
0 86.03515625 23.567708333333336 8.211440458419013 10.948587277892017
0 91.455078125 20.052083333333336 7.574263699945591 10.099018266594122
0 98.4375 25.130208333333332 8.479274895904423 11.305699861205897
0 77.63671875 20.5078125 7.659851317145468 10.21313508952729
0 59.423828125 17.057291666666664 6.985792933508055 9.31439057801074
0 64.453125 17.252604166666664 7.025674092542321 9.367565456723094
0 70.5078125 16.40625 6.8511792970714245 9.134905729428567
0 19.287109375 38.60677083333333 10.509750584547465 14.01300077939662
0 11.42578125 20.377604166666664 7.635495607419925 10.180660809893233
0 7.421875 21.484375 7.840107775064166 10.453477033418888
0 2.24609375 20.5078125 7.659851317145468 10.21313508952729
0 17.7734375 17.057291666666664 6.985792933508055 9.31439057801074
0 19.140625 21.809895833333336 7.8992792392241125 10.532372318965482
0 28.90625 19.3359375 7.437779301119349 9.917039068159132
0 33.935546875 18.880208333333336 7.349606066157407 9.799474754876544
0 39.94140625 18.033854166666664 7.182984799767957 9.577313066357275
0 49.658203125 17.708333333333336 7.117861199762329 9.490481599683106
0 52.490234375 17.1875 7.012405574387241 9.349874099182989
0 80.56640625 17.578125 7.091644310682526 9.455525747576702
0 42.67578125 14.453125 6.430452730012657 8.57393697335021
0 52.392578125 11.783854166666668 5.806365231457656 7.741820308610207
0 59.423828125 12.630208333333334 6.011265748166568 8.015020997555423
0 45.01953125 13.411458333333334 6.194391824397107 8.259189099196142
0 37.353515625 14.583333333333334 6.459353786778786 8.612471715705048
0 26.904296875 15.690104166666666 6.699981201202437 8.933308268269917
0 9.27734375 16.536458333333336 6.878312786611722 9.171083715482297
0 3.90625 17.057291666666664 6.985792933508055 9.31439057801074
0 21.58203125 15.755208333333334 6.7138671875 8.951822916666668
0 7.421875 16.2109375 6.810276368536802 9.080368491382403
0 1.318359375 15.885416666666666 6.741553355216833 8.988737806955777
0 2.734375 15.364583333333334 6.6301150458985685 8.840153394531425
0 13.0859375 15.559895833333334 6.672122530845778 8.896163374461038
0 23.681640625 14.778645833333334 6.502464524127966 8.669952698837287
0 24.90234375 13.736979166666666 6.269115778861736 8.358821038482315
0 29.833984375 14.908854166666666 6.531046923532928 8.708062564710572
0 47.75390625 14.127604166666666 6.3576253222655215 8.476833763020695
0 65.185546875 13.411458333333334 6.194391824397107 8.259189099196142
0 67.1875 14.2578125 6.386855937639267 8.515807916852356
0 70.01953125 13.606770833333334 6.2393335877260965 8.319111450301463
0 74.462890625 15.559895833333334 6.672122530845778 8.896163374461038
0 76.26953125 15.690104166666666 6.699981201202437 8.933308268269917
0 80.37109375 13.932291666666666 6.313525654778199 8.418034206370931
0 82.71484375 14.2578125 6.386855937639267 8.515807916852356
0 84.814453125 18.1640625 7.208869513560617 9.611826018080823
0 86.279296875 16.341145833333336 6.837572174807153 9.116762899742872
0 88.623046875 16.6015625 6.891839471823862 9.189119295765149
0 93.798828125 18.489583333333336 7.273178276253042 9.697571035004056
0 95.361328125 21.484375 7.840107775064166 10.453477033418888
0 98.974609375 19.205729166666664 7.412693970636669 9.883591960848893
0 97.36328125 18.489583333333336 7.273178276253042 9.697571035004056
0 98.2421875 17.708333333333336 7.117861199762329 9.490481599683106
0 84.423828125 15.364583333333334 6.6301150458985685 8.840153394531425
0 56.103515625 14.778645833333334 6.502464524127966 8.669952698837287
0 40.087890625 13.606770833333334 6.2393335877260965 8.319111450301463
0 33.056640625 14.0625 6.342959500374307 8.457279333832409
0 31.73828125 16.861979166666664 6.945682786096826 9.260910381462436
0 19.775390625 13.606770833333334 6.2393335877260965 8.319111450301463
0 17.822265625 14.453125 6.430452730012657 8.57393697335021
0 36.42578125 13.28125 6.16424861960576 8.218998159474348
0 46.38671875 12.109375 5.886017310176364 7.848023080235151
0 62.98828125 13.736979166666666 6.269115778861736 8.358821038482315
0 78.173828125 14.778645833333334 6.502464524127966 8.669952698837287
0 91.552734375 16.731770833333336 6.9188135063199665 9.225084675093289
0 62.158203125 12.825520833333334 6.057566296777102 8.076755062369468
0 54.345703125 12.434895833333332 5.964605800076924 7.952807733435899
