0 41.455078125 82.87760416666666 15.398530043387284 20.531373391183045
0 36.572265625 63.736979166666664 13.503812798973136 18.00508373196418
0 36.279296875 43.68489583333333 11.179601491707887 14.906135322277184
0 29.736328125 35.3515625 10.056919588186085 13.409226117581447
0 30.322265625 29.036458333333332 9.114492506755418 12.15265667567389
0 24.169921875 50.1953125 11.983736521039955 15.978315361386604
0 42.041015625 47.13541666666667 11.612730462915312 15.483640617220415
0 65.72265625 59.505208333333336 13.047826126972625 17.397101502630168
0 86.42578125 64.2578125 13.55887444550968 18.078499260679575
0 96.142578125 53.515625 12.37373958295489 16.498319443939856
0 95.654296875 45.3125 11.385960758165057 15.181281010886744
0 99.365234375 42.05729166666667 10.969360812751116 14.62581441700149
0 77.44140625 53.255208333333336 12.343596445408132 16.45812859387751
0 50.29296875 48.046875 11.724470649596281 15.632627532795041
0 48.828125 37.3046875 10.331000292853245 13.77466705713766
0 41.9921875 29.361979166666668 9.16544031840894 12.220587091211922
0 50.048828125 28.580729166666668 9.042683343523592 12.056911124698123
0 59.08203125 34.83072916666667 9.982560567502519 13.310080756670025
0 64.6484375 39.77864583333333 10.668065364348472 14.224087152464628
0 61.279296875 30.533854166666668 9.346553241646458 12.462070988861944
0 59.033203125 25.065104166666668 8.468284256293707 11.291045675058275
0 61.5234375 20.963541666666664 7.7444931277157725 10.325990836954363
0 64.2578125 25.78125 8.588407763348565 11.451210351131419
0 74.51171875 31.770833333333332 9.53399618640949 12.711994915212655
0 79.58984375 37.890625 10.411817693623036 13.88242359149738
0 87.548828125 37.6953125 10.38494844187839 13.84659792250452
0 87.646484375 32.29166666666667 9.611826018080825 12.815768024107768
0 84.423828125 29.231770833333332 9.145095253766906 12.193460338355873
0 1.171875 58.59375 12.947511862546646 17.263349150062194
0 0.634765625 43.29427083333333 11.129505937994672 14.839341250659563
0 13.28125 41.27604166666667 10.867000619363317 14.489334159151088
0 19.23828125 33.65885416666667 9.813192865486773 13.084257153982362
0 22.55859375 27.604166666666668 8.886852892188134 11.849137189584178
0 26.7578125 24.544270833333336 8.379840220792225 11.173120294389632
0 30.95703125 21.419270833333336 7.828219811023351 10.437626414697803
0 27.294921875 18.229166666666664 7.221777078979024 9.629036105305365
0 19.775390625 20.963541666666664 7.7444931277157725 10.325990836954363
0 11.962890625 20.572916666666664 7.672000176987631 10.229333569316841
0 6.689453125 23.893229166666664 8.267954824306681 11.023939765742242
0 10.3515625 27.5390625 8.876366926421502 11.835155901895336
0 5.419921875 31.8359375 9.543759625922785 12.725012834563712
0 10.888671875 38.4765625 10.492012596234792 13.989350128313058
0 47.314453125 22.395833333333336 8.00468569861084 10.672914264814453
0 50.634765625 16.40625 6.8511792970714245 9.134905729428567
0 49.560546875 20.377604166666664 7.635495607419925 10.180660809893233
0 40.8203125 21.809895833333336 7.8992792392241125 10.532372318965482
0 41.50390625 17.317708333333336 7.038917599286375 9.385223465715166
0 36.62109375 17.057291666666664 6.985792933508055 9.31439057801074
0 29.19921875 19.466145833333336 7.462780310447684 9.950373747263578
0 40.673828125 19.661458333333336 7.500125566067204 10.00016742142294
0 44.62890625 16.6015625 6.891839471823862 9.189119295765149
0 75.1953125 27.864583333333332 8.928673607377803 11.904898143170405
0 79.58984375 25.0 8.457279333832409 11.276372445109878
0 90.625 26.3671875 8.685454999241765 11.580606665655687
0 93.701171875 24.0234375 8.290452702152177 11.053936936202902
0 90.234375 20.963541666666664 7.7444931277157725 10.325990836954363
0 86.42578125 22.4609375 8.016311973000304 10.688415964000404
0 81.15234375 22.591145833333336 8.039514082226251 10.719352109635
0 76.5625 22.395833333333336 8.00468569861084 10.672914264814453
0 70.41015625 21.809895833333336 7.8992792392241125 10.532372318965482
0 66.552734375 22.200520833333336 7.969705113037473 10.626273484049964
0 60.595703125 17.057291666666664 6.985792933508055 9.31439057801074
0 56.25 15.625 6.686066375795484 8.914755167727312
0 46.2890625 15.169270833333334 6.587839704871492 8.783786273161988
0 34.326171875 14.778645833333334 6.502464524127966 8.669952698837287
0 22.55859375 15.950520833333334 6.755353888299149 9.0071385177322
0 17.822265625 18.229166666666664 7.221777078979024 9.629036105305365
0 13.76953125 17.7734375 7.130933499479933 9.50791133263991
0 7.861328125 18.033854166666664 7.182984799767957 9.577313066357275
0 4.150390625 19.921875 7.549631882844837 10.066175843793117
0 82.8125 12.434895833333332 5.964605800076924 7.952807733435899
0 99.755859375 32.74739583333333 9.679413773897526 12.905885031863368
0 92.87109375 30.859375 9.396242870080965 12.52832382677462
0 96.923828125 29.231770833333332 9.145095253766906 12.193460338355873
0 89.306640625 28.90625 9.094033462982996 12.125377950643994
0 96.728515625 23.177083333333336 8.143105507889608 10.857474010519478
0 92.041015625 20.768229166666664 7.708331872750909 10.277775830334546
0 85.107421875 20.963541666666664 7.7444931277157725 10.325990836954363
0 82.2265625 18.033854166666664 7.182984799767957 9.577313066357275
0 78.466796875 19.3359375 7.437779301119349 9.917039068159132
0 71.142578125 18.880208333333336 7.349606066157407 9.799474754876544
0 95.849609375 20.3125 7.62328857226367 10.164384763018226
0 85.888671875 18.1640625 7.208869513560617 9.611826018080823
0 65.869140625 15.494791666666666 6.658149484030587 8.877532645374115
0 61.181640625 14.2578125 6.386855937639267 8.515807916852356
0 55.517578125 13.541666666666666 6.224389054678692 8.299185406238257
0 31.34765625 15.364583333333334 6.6301150458985685 8.840153394531425
0 25.732421875 14.0625 6.342959500374307 8.457279333832409
0 19.04296875 15.690104166666666 6.699981201202437 8.933308268269917
0 5.908203125 18.880208333333336 7.349606066157407 9.799474754876544
0 1.611328125 19.661458333333336 7.500125566067204 10.00016742142294
0 99.169921875 20.247395833333336 7.611061958825638 10.148082611767517
0 92.28515625 25.260416666666668 8.501213548086012 11.334951397448016
