0 43.603515625 28.971354166666668 9.104268731797058 12.139024975729411
0 17.3828125 31.380208333333332 9.475204282385269 12.633605709847027
0 15.625 20.5078125 7.659851317145468 10.21313508952729
0 16.015625 14.713541666666666 6.488126106405426 8.650834808540568
0 25.830078125 17.3828125 7.052136235529384 9.40284831403918
0 3.41796875 19.466145833333336 7.462780310447684 9.950373747263578
0 11.5234375 18.815104166666664 7.336923388776433 9.782564518368577
0 5.17578125 24.21875 8.324085508414218 11.098780677885625
0 2.294921875 30.989583333333332 9.416045300623482 12.554727067497975
0 7.373046875 19.466145833333336 7.462780310447684 9.950373747263578
0 1.025390625 17.1875 7.012405574387241 9.349874099182989
0 12.744140625 14.583333333333334 6.459353786778786 8.612471715705048
0 28.125 12.955729166666666 6.088237714617921 8.117650286157229
0 30.37109375 19.856770833333336 7.537285788103314 10.049714384137753
0 22.75390625 14.583333333333334 6.459353786778786 8.612471715705048
0 18.603515625 19.856770833333336 7.537285788103314 10.049714384137753
0 21.77734375 24.609375 8.39094670707246 11.187928942763282
0 31.298828125 27.9296875 8.939098215256843 11.918797620342456
0 31.005859375 34.1796875 9.888825528576445 13.185100704768596
0 33.349609375 41.796875 10.935347208965403 14.580462945287206
0 18.603515625 47.52604166666667 11.660750228602783 15.547666971470377
0 1.025390625 58.203125 12.904281318277572 17.205708424370094
0 0.927734375 44.3359375 11.262598930203817 15.016798573605088
0 33.349609375 62.434895833333336 13.365166284459344 17.820221712612458
0 27.9296875 23.307291666666664 8.165947363439729 10.88792981791964
0 20.458984375 17.7734375 7.130933499479933 9.50791133263991
0 9.66796875 15.625 6.686066375795484 8.914755167727312
0 20.654296875 15.494791666666666 6.658149484030587 8.877532645374115
0 28.515625 18.294270833333336 7.234661615679748 9.646215487572997
0 33.447265625 18.424479166666664 7.2603620931215325 9.680482790828709
0 40.72265625 17.1875 7.012405574387241 9.349874099182989
0 48.33984375 36.1328125 10.167438506443897 13.556584675258529
0 47.55859375 23.046875 8.120199399200482 10.82693253226731
0 45.751953125 14.973958333333334 6.545291317604741 8.727055090139656
0 49.560546875 48.30729166666667 11.756201345372451 15.674935127163266
0 64.599609375 41.53645833333333 10.901227477717134 14.53496997028951
0 64.697265625 49.47916666666667 11.897942315440629 15.863923087254172
0 65.52734375 56.380208333333336 12.700593290212897 16.93412438695053
0 60.25390625 70.37760416666666 14.189853439407557 18.919804585876744
0 59.66796875 34.70052083333333 9.963884104806219 13.28517880640829
0 57.373046875 26.106770833333332 8.642457433170346 11.52327657756046
0 50.732421875 28.450520833333332 9.02206146184966 12.029415282466214
0 48.92578125 18.294270833333336 7.234661615679748 9.646215487572997
0 61.71875 11.5234375 5.74184805976159 7.6557974130154545
0 53.41796875 10.7421875 5.543793372981247 7.391724497308329
0 47.75390625 13.671875 6.254242410864013 8.338989881152017
0 58.544921875 19.856770833333336 7.537285788103314 10.049714384137753
0 70.263671875 17.1875 7.012405574387241 9.349874099182989
0 68.310546875 23.046875 8.120199399200482 10.82693253226731
0 63.525390625 30.989583333333332 9.416045300623482 12.554727067497975
0 72.94921875 33.07291666666667 9.727403229070575 12.9698709720941
0 79.78515625 38.671875 10.518608361580863 14.024811148774482
0 79.78515625 45.37760416666667 11.394137391720257 15.192183188960342
0 73.92578125 52.799479166666664 12.290668069825603 16.38755742643414
0 81.591796875 60.481770833333336 13.154456825105168 17.53927576680689
0 87.841796875 51.888020833333336 12.184121568406452 16.245495424541936
0 93.408203125 45.24739583333333 11.377778248478545 15.170370997971395
0 99.21875 41.015625 10.832665618468535 14.443554157958047
0 98.14453125 30.989583333333332 9.416045300623482 12.554727067497975
0 92.578125 30.46875 9.336583582018038 12.448778109357384
0 86.71875 32.29166666666667 9.611826018080825 12.815768024107768
0 79.296875 27.669270833333332 8.897326499702912 11.863101999603883
0 78.125 21.744791666666664 7.887480458569388 10.51664061142585
0 73.046875 26.497395833333332 8.706874156303165 11.609165541737553
0 8.056640625 28.580729166666668 9.042683343523592 12.056911124698123
0 11.962890625 24.348958333333336 8.346432086900233 11.128576115866979
0 36.71875 17.3828125 7.052136235529384 9.40284831403918
0 41.30859375 14.453125 6.430452730012657 8.57393697335021
0 56.494140625 15.755208333333334 6.7138671875 8.951822916666668
0 64.697265625 13.932291666666666 6.313525654778199 8.418034206370931
0 71.97265625 14.84375 6.516771394062079 8.689028525416106
0 72.94921875 21.028645833333336 7.756509415978292 10.342012554637723
0 81.298828125 17.903645833333336 7.157006469457137 9.542675292609516
0 91.69921875 18.033854166666664 7.182984799767957 9.577313066357275
0 55.810546875 13.802083333333334 6.283953943473511 8.378605257964681
0 18.994140625 15.104166666666666 6.573687508709111 8.764916678278816
0 5.37109375 18.033854166666664 7.182984799767957 9.577313066357275
0 40.0390625 21.2890625 7.804389558437758 10.405852744583676
0 43.505859375 25.520833333333332 8.544921875 11.393229166666668
0 41.796875 19.075520833333336 7.3875234600282 9.850031280037602
0 51.806640625 15.885416666666666 6.741553355216833 8.988737806955777
0 88.525390625 27.799479166666668 8.918236814088415 11.890982418784553
0 81.689453125 21.614583333333336 7.863829789260941 10.485106385681254
0 89.208984375 25.520833333333332 8.544921875 11.393229166666668
0 97.0703125 20.768229166666664 7.708331872750909 10.277775830334546
0 75.439453125 15.104166666666666 6.573687508709111 8.764916678278816
0 67.578125 14.583333333333334 6.459353786778786 8.612471715705048
0 85.44921875 17.643229166666664 7.104764847914316 9.473019797219088
0 78.7109375 15.494791666666666 6.658149484030587 8.877532645374115
0 91.40625 21.875 7.911060422861158 10.548080563814876
0 86.42578125 21.028645833333336 7.756509415978292 10.342012554637723
0 77.001953125 17.643229166666664 7.104764847914316 9.473019797219088
0 64.013671875 17.513020833333336 7.0784994535786145 9.437999271438152
0 59.5703125 15.885416666666666 6.741553355216833 8.988737806955777
0 50.244140625 12.955729166666666 6.088237714617921 8.117650286157229
0 53.515625 20.247395833333336 7.611061958825638 10.148082611767517
0 68.212890625 19.3359375 7.437779301119349 9.917039068159132
0 81.103515625 23.958333333333336 8.279211405182211 11.038948540242949
0 37.158203125 14.973958333333334 6.545291317604741 8.727055090139656
0 81.787109375 13.671875 6.254242410864013 8.338989881152017
0 97.75390625 19.3359375 7.437779301119349 9.917039068159132
0 97.4609375 26.888020833333332 8.770817787597604 11.694423716796805
0 99.0234375 36.65364583333333 10.240455160865794 13.653940214487726
0 62.744140625 16.145833333333336 6.796587356970242 9.062116475960323
0 42.67578125 23.958333333333336 8.279211405182211 11.038948540242949
0 59.9609375 24.348958333333336 8.346432086900233 11.128576115866979
0 2.44140625 22.005208333333336 7.9345703125 10.579427083333332
0 10.3515625 21.2890625 7.804389558437758 10.405852744583676
0 23.33984375 12.044270833333332 5.870173358664351 7.826897811552468
0 29.00390625 14.322916666666666 6.401421192444773 8.53522825659303
0 20.947265625 13.541666666666666 6.224389054678692 8.299185406238257
0 47.8515625 19.856770833333336 7.537285788103314 10.049714384137753
0 58.642578125 18.424479166666664 7.2603620931215325 9.680482790828709
0 66.30859375 15.885416666666666 6.741553355216833 8.988737806955777
0 82.861328125 16.536458333333336 6.878312786611722 9.171083715482297
0 69.677734375 14.583333333333334 6.459353786778786 8.612471715705048
0 48.828125 11.783854166666668 5.806365231457656 7.741820308610207
0 28.61328125 15.885416666666666 6.741553355216833 8.988737806955777
0 26.611328125 13.151041666666666 6.133957288281793 8.178609717709058
0 89.404296875 19.3359375 7.437779301119349 9.917039068159132
0 87.841796875 16.927083333333336 6.959078522333606 9.278771363111476
0 94.873046875 17.903645833333336 7.157006469457137 9.542675292609516
0 84.5703125 15.494791666666666 6.658149484030587 8.877532645374115
0 67.67578125 11.653645833333332 5.7741967555006415 7.698929007334189
0 59.5703125 13.411458333333334 6.194391824397107 8.259189099196142
0 90.13671875 17.3828125 7.052136235529384 9.40284831403918
0 94.677734375 22.265625 7.981382342908947 10.641843123878598
0 53.90625 13.151041666666666 6.133957288281793 8.178609717709058
0 92.87109375 16.796875 6.932261164306974 9.243014885742634
