0 65.33203125 53.125 12.32849723921152 16.437996318948695
0 65.771484375 65.4296875 13.68195298551019 18.242603980680254
0 7.12890625 87.43489583333334 15.816233544738695 21.088311392984927
0 5.029296875 79.4921875 15.080748413825484 20.107664551767314
0 1.806640625 61.328125 13.246175789923525 17.661567719898034
0 23.388671875 49.8046875 11.937016122807584 15.916021497076779
0 11.1328125 39.51822916666667 10.633088006704314 14.177450675605751
0 17.96875 32.16145833333333 9.592427762147041 12.789903682862722
0 32.2265625 38.80208333333333 10.536301575703167 14.048402100937555
0 48.779296875 34.70052083333333 9.963884104806219 13.28517880640829
0 60.7421875 31.184895833333332 9.445671106287941 12.594228141717254
0 65.33203125 38.671875 10.518608361580863 14.024811148774482
0 71.97265625 40.0390625 10.70292841598522 14.270571221313624
0 75.68359375 52.994791666666664 12.313379517719735 16.41783935695965
0 85.83984375 60.9375 13.203923127919884 17.60523083722651
0 91.748046875 49.4140625 11.89011214525034 15.853482860333786
0 89.94140625 39.0625 10.57159916729051 14.095465556387346
0 79.296875 35.7421875 10.11233003282525 13.483106710433667
0 74.51171875 28.776041666666668 9.073528288158268 12.098037717544358
0 63.330078125 27.278645833333332 8.83429859993294 11.779064799910586
0 58.447265625 22.200520833333336 7.969705113037473 10.626273484049964
0 50.390625 26.7578125 8.749555167743805 11.66607355699174
0 33.30078125 26.497395833333332 8.706874156303165 11.609165541737553
0 22.998046875 29.752604166666668 9.22620633412535 12.301608445500468
0 31.54296875 30.924479166666668 9.406149296522488 12.541532395363317
0 21.58203125 23.958333333333336 8.279211405182211 11.038948540242949
0 4.296875 27.604166666666668 8.886852892188134 11.849137189584178
0 4.736328125 21.028645833333336 7.756509415978292 10.342012554637723
0 9.912109375 20.5078125 7.659851317145468 10.21313508952729
0 20.654296875 18.229166666666664 7.221777078979024 9.629036105305365
0 12.451171875 17.513020833333336 7.0784994535786145 9.437999271438152
0 6.201171875 18.75 7.32421875 9.765625
0 16.748046875 16.2109375 6.810276368536802 9.080368491382403
0 8.0078125 16.341145833333336 6.837572174807153 9.116762899742872
0 18.26171875 17.3828125 7.052136235529384 9.40284831403918
0 5.908203125 16.080729166666664 6.782870718656271 9.043827624875028
0 19.091796875 14.322916666666666 6.401421192444773 8.53522825659303
0 12.158203125 15.104166666666666 6.573687508709111 8.764916678278816
0 21.77734375 14.583333333333334 6.459353786778786 8.612471715705048
0 26.708984375 18.098958333333336 7.195938795502683 9.594585060670244
0 21.19140625 16.2109375 6.810276368536802 9.080368491382403
0 25.78125 21.2890625 7.804389558437758 10.405852744583676
0 53.61328125 43.61979166666667 11.171267833082963 14.895023777443953
0 40.13671875 47.00520833333333 11.5966796875 15.462239583333334
0 87.451171875 31.705729166666668 9.524222738236839 12.698963650982451
0 92.87109375 28.645833333333332 9.052976668817948 12.07063555842393
0 97.36328125 21.940104166666664 7.92282408798045 10.5637654506406
0 63.330078125 10.546875 5.4931640625 7.32421875
0 51.611328125 15.234375 6.60196156395994 8.802615418613254
0 37.744140625 14.713541666666666 6.488126106405426 8.650834808540568
0 31.005859375 18.098958333333336 7.195938795502683 9.594585060670244
0 24.609375 14.713541666666666 6.488126106405426 8.650834808540568
0 37.353515625 17.7734375 7.130933499479933 9.50791133263991
0 30.908203125 14.973958333333334 6.545291317604741 8.727055090139656
0 42.3828125 17.3828125 7.052136235529384 9.40284831403918
0 28.41796875 13.671875 6.254242410864013 8.338989881152017
0 42.28515625 21.028645833333336 7.756509415978292 10.342012554637723
0 28.515625 15.8203125 6.72772451325946 8.970299351012613
0 34.619140625 13.671875 6.254242410864013 8.338989881152017
0 48.486328125 19.270833333333336 7.425247229367944 9.900329639157258
0 44.775390625 14.453125 6.430452730012657 8.57393697335021
0 40.234375 13.671875 6.254242410864013 8.338989881152017
0 50.1953125 16.341145833333336 6.837572174807153 9.116762899742872
0 42.96875 13.932291666666666 6.313525654778199 8.418034206370931
0 33.0078125 14.453125 6.430452730012657 8.57393697335021
0 47.0703125 14.192708333333334 6.372257390692475 8.496343187589966
0 56.640625 13.28125 6.16424861960576 8.218998159474348
0 60.64453125 18.359375 7.247523246483103 9.663364328644137
0 67.041015625 17.643229166666664 7.104764847914316 9.473019797219088
0 62.158203125 15.950520833333334 6.755353888299149 9.0071385177322
0 58.203125 12.434895833333332 5.964605800076924 7.952807733435899
0 66.064453125 13.541666666666666 6.224389054678692 8.299185406238257
0 54.931640625 12.434895833333332 5.964605800076924 7.952807733435899
0 71.484375 16.6015625 6.891839471823862 9.189119295765149
0 65.33203125 20.377604166666664 7.635495607419925 10.180660809893233
0 70.8984375 19.401041666666664 7.450290292806215 9.933720390408286
0 74.4140625 24.088541666666664 8.301678777304348 11.068905036405797
0 82.03125 25.325520833333332 8.512161670520847 11.349548894027794
0 95.751953125 23.958333333333336 8.279211405182211 11.038948540242949
0 80.126953125 18.359375 7.247523246483103 9.663364328644137
0 85.7421875 19.661458333333336 7.500125566067204 10.00016742142294
0 89.2578125 23.828125 8.256682897014576 11.008910529352768
0 75.5859375 13.802083333333334 6.283953943473511 8.378605257964681
0 69.677734375 11.783854166666668 5.806365231457656 7.741820308610207
0 77.9296875 13.671875 6.254242410864013 8.338989881152017
0 82.12890625 16.9921875 6.972448522214271 9.296598029619028
0 91.455078125 19.270833333333336 7.425247229367944 9.900329639157258
0 86.328125 16.080729166666664 6.782870718656271 9.043827624875028
0 92.28515625 16.341145833333336 6.837572174807153 9.116762899742872
0 83.935546875 16.341145833333336 6.837572174807153 9.116762899742872
0 92.7734375 21.2890625 7.804389558437758 10.405852744583676
0 84.326171875 18.619791666666664 7.298743129334349 9.731657505779133
0 90.771484375 22.4609375 8.016311973000304 10.688415964000404
0 95.361328125 18.619791666666664 7.298743129334349 9.731657505779133
0 82.12890625 65.29947916666666 13.668332322118342 18.224443096157792
0 54.1015625 51.432291666666664 12.130497384247919 16.17399651233056
0 49.4140625 49.54427083333333 11.905767335895483 15.874356447860643
0 1.611328125 32.16145833333333 9.592427762147041 12.789903682862722
0 28.125 35.87239583333333 10.130732832457173 13.507643776609566
0 3.515625 32.68229166666667 9.669787303317175 12.893049737756234
0 90.771484375 55.6640625 12.619673540121662 16.826231386828884
0 76.708984375 40.0390625 10.70292841598522 14.270571221313624
0 90.673828125 30.6640625 9.366460725843998 12.48861430112533
0 86.62109375 25.0 8.457279333832409 11.276372445109878
0 67.87109375 25.1953125 8.490251308132054 11.320335077509403
0 60.546875 35.87239583333333 10.130732832457173 13.507643776609566
0 49.90234375 29.427083333333332 9.175595934065496 12.234127912087327
0 42.578125 25.716145833333332 8.57755695956738 11.436742612756506
0 47.607421875 22.786458333333336 8.074192233473482 10.765589644631309
0 58.447265625 25.1953125 8.490251308132054 11.320335077509403
0 46.77734375 38.80208333333333 10.536301575703167 14.048402100937555
0 27.197265625 24.088541666666664 8.301678777304348 11.068905036405797
0 17.138671875 21.028645833333336 7.756509415978292 10.342012554637723
0 70.8984375 22.786458333333336 8.074192233473482 10.765589644631309
0 96.19140625 30.533854166666668 9.346553241646458 12.462070988861944
0 56.396484375 16.6015625 6.891839471823862 9.189119295765149
