0 8.251953125 85.22135416666666 15.614744635578651 20.819659514104867
0 10.25390625 45.18229166666667 11.36958984997385 15.159453133298467
0 13.916015625 27.9296875 8.939098215256843 11.918797620342456
0 0.634765625 20.572916666666664 7.672000176987631 10.229333569316841
0 10.498046875 17.903645833333336 7.157006469457137 9.542675292609516
0 3.466796875 19.270833333333336 7.425247229367944 9.900329639157258
0 2.490234375 18.9453125 7.3622668956389274 9.816355860851903
0 8.984375 19.270833333333336 7.425247229367944 9.900329639157258
0 16.259765625 18.098958333333336 7.195938795502683 9.594585060670244
0 41.748046875 17.122395833333336 6.9991119025755095 9.332149203434014
0 18.84765625 15.8203125 6.72772451325946 8.970299351012613
0 23.291015625 16.276041666666664 6.823937919616058 9.09858389282141
0 26.3671875 17.122395833333336 6.9991119025755095 9.332149203434014
0 28.22265625 16.145833333333336 6.796587356970242 9.062116475960323
0 32.03125 16.6015625 6.891839471823862 9.189119295765149
0 34.716796875 15.494791666666666 6.658149484030587 8.877532645374115
0 35.986328125 18.229166666666664 7.221777078979024 9.629036105305365
0 38.427734375 15.625 6.686066375795484 8.914755167727312
0 52.001953125 38.80208333333333 10.536301575703167 14.048402100937555
0 49.755859375 50.5859375 12.03027547877626 16.040367305035012
0 80.810546875 54.6875 12.508484821728025 16.677979762304034
0 82.421875 39.58333333333333 10.641843123878598 14.189124165171464
0 29.833984375 16.796875 6.932261164306974 9.243014885742634
0 90.52734375 30.598958333333332 9.35651227829339 12.475349704391189
0 58.154296875 15.299479166666666 6.61605328023645 8.821404373648601
0 60.83984375 14.322916666666666 6.401421192444773 8.53522825659303
0 65.0390625 17.7734375 7.130933499479933 9.50791133263991
0 64.892578125 15.299479166666666 6.61605328023645 8.821404373648601
0 78.466796875 16.6015625 6.891839471823862 9.189119295765149
0 77.099609375 21.354166666666664 7.816313766397521 10.421751688530028
0 74.0234375 20.052083333333336 7.574263699945591 10.099018266594122
0 87.939453125 24.479166666666664 8.36871899463018 11.15829199284024
0 94.7265625 23.697916666666664 8.234092750996119 10.978790334661493
0 96.19140625 21.549479166666664 7.85197774064246 10.469303654189947
0 98.291015625 20.247395833333336 7.611061958825638 10.148082611767517
0 90.52734375 20.8984375 7.732458166088822 10.309944221451763
0 99.169921875 22.330729166666664 7.993042513249997 10.657390017666662
0 99.755859375 24.8046875 8.424178309229896 11.23223774563986
0 6.0546875 19.075520833333336 7.3875234600282 9.850031280037602
0 5.17578125 19.7265625 7.512532730158185 10.01671030687758
0 94.970703125 20.377604166666664 7.635495607419925 10.180660809893233
