0 87.060546875 64.19270833333334 13.552003974105538 18.06933863214072
0 93.212890625 92.83854166666666 16.297643948753283 21.73019193167104
0 35.498046875 86.1328125 15.698023864272075 20.9306984856961
0 35.9375 62.044270833333336 13.323290986903732 17.76438798253831
0 52.44140625 47.20052083333333 11.620747537023785 15.494330049365049
0 39.55078125 43.42447916666667 11.146229472503464 14.861639296671287
0 20.5078125 50.130208333333336 11.975962445281118 15.967949927041488
0 32.2265625 34.11458333333333 9.87940311049722 13.17253748066296
0 49.8046875 36.5234375 10.22224989284926 13.629666523799013
0 60.3515625 36.1328125 10.167438506443897 13.556584675258529
0 78.857421875 37.36979166666667 10.340011197569225 13.786681596758967
0 66.2109375 43.68489583333333 11.179601491707887 14.906135322277184
0 77.001953125 52.018229166666664 12.199399469791677 16.265865959722237
0 95.361328125 54.4921875 12.486128262621328 16.648171016828435
0 88.525390625 43.9453125 11.212874188765769 14.950498918354358
0 85.546875 37.76041666666667 10.393912576859377 13.85855010247917
0 88.525390625 32.68229166666667 9.669787303317175 12.893049737756234
0 93.310546875 31.184895833333332 9.445671106287941 12.594228141717254
0 98.779296875 38.99739583333333 10.562785827561513 14.083714436748682
0 98.681640625 28.645833333333332 9.052976668817948 12.07063555842393
0 89.501953125 28.776041666666668 9.073528288158268 12.098037717544358
0 61.9140625 30.403645833333332 9.326603265341873 12.43547102045583
0 75.439453125 31.640625 9.51443925056146 12.685919000748614
0 67.529296875 23.111979166666664 8.131660519088275 10.842214025451032
0 44.677734375 15.494791666666666 6.658149484030587 8.877532645374115
0 46.630859375 30.403645833333332 9.326603265341873 12.43547102045583
0 50.0 25.1953125 8.490251308132054 11.320335077509403
0 58.0078125 25.455729166666668 8.53401578009617 11.378687706794894
0 62.548828125 14.518229166666666 6.444919458600731 8.593225944800976
0 41.552734375 25.846354166666668 8.59924487524742 11.465659833663226
0 14.892578125 39.58333333333333 10.641843123878598 14.189124165171464
0 18.994140625 30.403645833333332 9.326603265341873 12.43547102045583
0 66.845703125 59.9609375 13.097695150070152 17.46359353342687
0 42.3828125 20.833333333333336 7.720404443770458 10.293872591693944
0 34.27734375 17.903645833333336 7.157006469457137 9.542675292609516
0 55.224609375 15.364583333333334 6.6301150458985685 8.840153394531425
0 60.05859375 21.09375 7.768507117527988 10.358009490037318
0 73.828125 28.190104166666668 8.980675640601907 11.974234187469209
0 80.46875 28.776041666666668 9.073528288158268 12.098037717544358
0 76.904296875 21.875 7.911060422861158 10.548080563814876
0 85.205078125 20.703125 7.6962403643301345 10.261653819106845
0 89.208984375 24.21875 8.324085508414218 11.098780677885625
0 81.73828125 16.276041666666664 6.823937919616058 9.09858389282141
0 68.5546875 13.151041666666666 6.133957288281793 8.178609717709058
0 66.552734375 19.596354166666664 7.487697843252746 9.983597124336994
0 92.28515625 23.111979166666664 8.131660519088275 10.842214025451032
0 8.49609375 28.190104166666668 8.980675640601907 11.974234187469209
0 2.685546875 30.794270833333332 9.386325988299376 12.515101317732501
0 23.53515625 26.302083333333332 8.674725588105405 11.56630078414054
0 4.736328125 25.1953125 8.490251308132054 11.320335077509403
0 14.0625 22.4609375 8.016311973000304 10.688415964000404
0 3.173828125 20.703125 7.6962403643301345 10.261653819106845
0 26.171875 18.359375 7.247523246483103 9.663364328644137
0 36.42578125 13.932291666666666 6.313525654778199 8.418034206370931
0 41.455078125 15.755208333333334 6.7138671875 8.951822916666668
0 47.021484375 22.8515625 8.085718566584333 10.780958088779109
0 50.09765625 16.276041666666664 6.823937919616058 9.09858389282141
0 24.755859375 13.932291666666666 6.313525654778199 8.418034206370931
0 17.7734375 18.75 7.32421875 9.765625
0 11.376953125 17.7734375 7.130933499479933 9.50791133263991
0 50.0 19.856770833333336 7.537285788103314 10.049714384137753
0 55.859375 11.653645833333332 5.7741967555006415 7.698929007334189
0 70.556640625 21.614583333333336 7.863829789260941 10.485106385681254
0 80.2734375 24.674479166666664 8.402038511923953 11.202718015898604
0 91.259765625 26.692708333333332 8.738904457566134 11.651872610088178
0 82.03125 22.8515625 8.085718566584333 10.780958088779109
0 90.576171875 20.833333333333336 7.720404443770458 10.293872591693944
0 95.361328125 19.596354166666664 7.487697843252746 9.983597124336994
0 38.525390625 13.671875 6.254242410864013 8.338989881152017
0 29.58984375 16.015625 6.7691262856502785 9.025501714200372
0 14.16015625 16.731770833333336 6.9188135063199665 9.225084675093289
0 3.90625 16.015625 6.7691262856502785 9.025501714200372
0 0.927734375 58.59375 12.947511862546646 17.263349150062194
0 0.732421875 16.276041666666664 6.823937919616058 9.09858389282141
0 17.96875 15.364583333333334 6.6301150458985685 8.840153394531425
0 28.857421875 13.151041666666666 6.133957288281793 8.178609717709058
0 20.556640625 16.145833333333336 6.796587356970242 9.062116475960323
0 48.876953125 17.643229166666664 7.104764847914316 9.473019797219088
0 66.2109375 15.299479166666666 6.61605328023645 8.821404373648601
0 78.515625 14.6484375 6.473755931273323 8.631674575031097
0 70.849609375 18.489583333333336 7.273178276253042 9.697571035004056
0 85.9375 17.513020833333336 7.0784994535786145 9.437999271438152
0 92.822265625 18.489583333333336 7.273178276253042 9.697571035004056
0 87.353515625 19.3359375 7.437779301119349 9.917039068159132
0 81.298828125 18.489583333333336 7.273178276253042 9.697571035004056
0 98.33984375 21.223958333333336 7.792447103762027 10.389929471682702
0 99.365234375 43.359375 11.137870844051916 14.850494458735888
0 31.73828125 20.963541666666664 7.7444931277157725 10.325990836954363
0 26.3671875 23.958333333333336 8.279211405182211 11.038948540242949
0 20.5078125 20.638020833333336 7.684129829110212 10.245506438813615
0 10.05859375 16.015625 6.7691262856502785 9.025501714200372
0 6.982421875 18.880208333333336 7.349606066157407 9.799474754876544
