0 22.314453125 28.776041666666668 9.073528288158268 12.098037717544358
0 32.6171875 25.651041666666668 8.566692411876344 11.422256549168457
0 24.658203125 23.2421875 8.154534433525017 10.872712578033356
0 38.76953125 21.6796875 7.875664001809045 10.500885335745393
0 3.61328125 19.921875 7.549631882844837 10.066175843793117
0 20.166015625 19.270833333333336 7.425247229367944 9.900329639157258
0 0.9765625 18.815104166666664 7.336923388776433 9.782564518368577
0 8.544921875 19.270833333333336 7.425247229367944 9.900329639157258
0 14.84375 17.122395833333336 6.9991119025755095 9.332149203434014
0 25.048828125 16.471354166666664 6.864759447755123 9.15301259700683
0 34.375 16.927083333333336 6.959078522333606 9.278771363111476
0 87.5 30.989583333333332 9.416045300623482 12.554727067497975
0 99.658203125 21.484375 7.840107775064166 10.453477033418888
0 89.990234375 20.377604166666664 7.635495607419925 10.180660809893233
0 77.5390625 20.703125 7.6962403643301345 10.261653819106845
0 70.751953125 20.572916666666664 7.672000176987631 10.229333569316841
0 66.9921875 16.145833333333336 6.796587356970242 9.062116475960323
0 56.201171875 15.0390625 6.559504779115197 8.746006372153596
0 45.751953125 16.276041666666664 6.823937919616058 9.09858389282141
0 37.109375 16.276041666666664 6.823937919616058 9.09858389282141
0 62.255859375 15.0390625 6.559504779115197 8.746006372153596
0 74.31640625 16.471354166666664 6.864759447755123 9.15301259700683
0 85.009765625 19.921875 7.549631882844837 10.066175843793117
0 79.541015625 20.1171875 7.586549618320344 10.115399491093791
0 60.205078125 15.8203125 6.72772451325946 8.970299351012613
