0 23.779296875 51.497395833333336 12.138172486176355 16.184229981568475
0 49.462890625 53.580729166666664 12.381263900818356 16.508351867757806
0 57.71484375 43.1640625 11.112757236348344 14.817009648464458
0 63.134765625 46.35416666666667 11.516090249092533 15.354786998790045
0 85.693359375 51.497395833333336 12.138172486176355 16.184229981568475
0 81.8359375 44.53125 11.287379155826983 15.049838874435977
0 92.333984375 40.16927083333333 10.720317425689878 14.293756567586504
0 83.49609375 38.21614583333333 10.456446349494515 13.941928465992687
0 71.09375 37.76041666666667 10.393912576859377 13.85855010247917
0 86.81640625 35.02604166666667 10.010509928501419 13.347346571335224
0 99.0234375 43.359375 11.137870844051916 14.850494458735888
0 69.82421875 31.901041666666668 9.55351308746248 12.738017449949975
0 55.56640625 30.794270833333332 9.386325988299376 12.515101317732501
0 43.26171875 36.26302083333333 10.185741740892722 13.580988987856962
0 42.7734375 27.799479166666668 8.918236814088415 11.890982418784553
0 30.029296875 31.575520833333332 9.50464569238125 12.672860923174998
0 23.2421875 27.213541666666668 8.823750179932228 11.765000239909636
0 12.01171875 31.901041666666668 9.55351308746248 12.738017449949975
0 19.7265625 28.841145833333332 9.083786661460703 12.11171554861427
0 6.591796875 30.208333333333332 9.296598029619028 12.395464039492039
0 9.08203125 23.307291666666664 8.165947363439729 10.88792981791964
0 1.953125 24.479166666666664 8.36871899463018 11.15829199284024
0 10.791015625 19.3359375 7.437779301119349 9.917039068159132
0 3.662109375 19.075520833333336 7.3875234600282 9.850031280037602
0 11.9140625 17.708333333333336 7.117861199762329 9.490481599683106
0 18.017578125 19.3359375 7.437779301119349 9.917039068159132
0 32.861328125 21.158854166666664 7.780486318348366 10.373981757797822
0 17.919921875 23.111979166666664 8.131660519088275 10.842214025451032
0 34.521484375 27.083333333333332 8.802615418613255 11.736820558151006
0 20.068359375 19.661458333333336 7.500125566067204 10.00016742142294
0 29.19921875 23.567708333333336 8.211440458419013 10.948587277892017
0 61.81640625 26.627604166666668 8.728240750778255 11.637654334371007
0 70.751953125 23.307291666666664 8.165947363439729 10.88792981791964
0 79.443359375 25.065104166666668 8.468284256293707 11.291045675058275
0 85.888671875 25.716145833333332 8.57755695956738 11.436742612756506
0 90.625 29.947916666666668 9.25643975103949 12.341919668052654
0 72.75390625 29.622395833333332 9.205995562132786 12.274660749510382
0 67.7734375 26.171875 8.653226854710587 11.537635806280782
0 56.25 25.846354166666668 8.59924487524742 11.465659833663226
0 48.583984375 20.442708333333336 7.647683158045451 10.196910877393934
0 36.474609375 19.3359375 7.437779301119349 9.917039068159132
0 20.5078125 15.755208333333334 6.7138671875 8.951822916666668
0 30.126953125 17.122395833333336 6.9991119025755095 9.332149203434014
0 23.779296875 17.838541666666664 7.143981879101334 9.525309172135112
0 39.501953125 16.796875 6.932261164306974 9.243014885742634
0 32.6171875 17.122395833333336 6.9991119025755095 9.332149203434014
0 51.953125 16.927083333333336 6.959078522333606 9.278771363111476
0 44.140625 17.708333333333336 7.117861199762329 9.490481599683106
0 24.8046875 15.885416666666666 6.741553355216833 8.988737806955777
0 34.423828125 16.341145833333336 6.837572174807153 9.116762899742872
0 28.076171875 15.625 6.686066375795484 8.914755167727312
0 5.810546875 19.661458333333336 7.500125566067204 10.00016742142294
0 14.0625 17.838541666666664 7.143981879101334 9.525309172135112
0 27.978515625 18.294270833333336 7.234661615679748 9.646215487572997
0 38.28125 16.666666666666664 6.905339660024879 9.207119546699838
0 17.48046875 16.666666666666664 6.905339660024879 9.207119546699838
0 2.05078125 18.489583333333336 7.273178276253042 9.697571035004056
0 59.1796875 21.158854166666664 7.780486318348366 10.373981757797822
0 52.05078125 26.432291666666668 8.696171172348027 11.594894896464037
0 57.51953125 19.53125 7.475249459177179 9.966999278902906
0 46.435546875 15.755208333333334 6.7138671875 8.951822916666668
0 35.888671875 15.4296875 6.644147051109997 8.858862734813329
0 22.900390625 15.169270833333334 6.587839704871492 8.783786273161988
0 7.6171875 19.3359375 7.437779301119349 9.917039068159132
0 52.294921875 13.802083333333334 6.283953943473511 8.378605257964681
0 64.306640625 18.75 7.32421875 9.765625
0 57.275390625 15.625 6.686066375795484 8.914755167727312
0 43.45703125 15.4296875 6.644147051109997 8.858862734813329
0 59.326171875 15.755208333333334 6.7138671875 8.951822916666668
0 41.89453125 15.755208333333334 6.7138671875 8.951822916666668
0 62.6953125 14.973958333333334 6.545291317604741 8.727055090139656
0 99.267578125 29.4921875 9.185740321833748 12.247653762444997
0 96.19140625 22.8515625 8.085718566584333 10.780958088779109
0 89.0625 25.390625 8.523095729839442 11.364127639785922
0 81.591796875 21.158854166666664 7.780486318348366 10.373981757797822
0 74.70703125 21.744791666666664 7.887480458569388 10.51664061142585
0 65.4296875 16.341145833333336 6.837572174807153 9.116762899742872
0 76.708984375 16.796875 6.932261164306974 9.243014885742634
0 66.89453125 14.84375 6.516771394062079 8.689028525416106
0 75.390625 15.755208333333334 6.7138671875 8.951822916666668
0 83.740234375 18.1640625 7.208869513560617 9.611826018080823
0 90.4296875 21.484375 7.840107775064166 10.453477033418888
0 98.92578125 21.354166666666664 7.816313766397521 10.421751688530028
0 70.166015625 15.169270833333334 6.587839704871492 8.783786273161988
0 81.0546875 17.838541666666664 7.143981879101334 9.525309172135112
0 76.708984375 22.981770833333336 8.108722079825698 10.811629439767596
0 91.2109375 19.205729166666664 7.412693970636669 9.883591960848893
0 74.70703125 18.489583333333336 7.273178276253042 9.697571035004056
0 86.1328125 18.1640625 7.208869513560617 9.611826018080823
0 73.095703125 14.713541666666666 6.488126106405426 8.650834808540568
0 78.759765625 16.666666666666664 6.905339660024879 9.207119546699838
0 93.26171875 22.200520833333336 7.969705113037473 10.626273484049964
0 83.984375 22.526041666666664 8.027921409891299 10.703895213188398
0 68.701171875 20.703125 7.6962403643301345 10.261653819106845
0 94.287109375 20.442708333333336 7.647683158045451 10.196910877393934
0 82.51953125 16.927083333333336 6.959078522333606 9.278771363111476
0 96.19140625 16.927083333333336 6.959078522333606 9.278771363111476
0 88.134765625 18.1640625 7.208869513560617 9.611826018080823
0 97.998046875 32.03125 9.572990198582838 12.763986931443785
0 88.96484375 16.796875 6.932261164306974 9.243014885742634
0 54.00390625 19.205729166666664 7.412693970636669 9.883591960848893
0 88.623046875 20.8984375 7.732458166088822 10.309944221451763
0 22.119140625 21.744791666666664 7.887480458569388 10.51664061142585
0 4.8828125 23.567708333333336 8.211440458419013 10.948587277892017
0 99.0234375 25.716145833333332 8.57755695956738 11.436742612756506
