0 65.4296875 74.21875 14.57194383094888 19.429258441265173
0 44.62890625 86.9140625 15.76905600923317 21.025408012310894
0 9.375 75.65104166666666 14.711878409660583 19.615837879547446
0 1.708984375 58.854166666666664 12.976252212810852 17.301669617081135
0 23.92578125 60.416666666666664 13.147375017418222 17.52983335655763
0 19.7265625 48.2421875 11.748276705883885 15.664368941178514
0 22.75390625 40.75520833333333 10.79822144345345 14.397628591271266
0 40.0390625 39.90885416666667 10.685511108405517 14.24734814454069
0 40.283203125 47.00520833333333 11.5966796875 15.462239583333334
0 45.556640625 58.333333333333336 12.918707573557572 17.224943431410097
0 63.37890625 55.338541666666664 12.582719804741396 16.776959739655194
0 59.375 44.7265625 11.312105098175438 15.082806797567253
0 70.458984375 41.9921875 10.960867307170393 14.614489742893857
0 78.02734375 51.497395833333336 12.138172486176355 16.184229981568475
0 95.21484375 56.575520833333336 12.722572989304096 16.96343065240546
0 99.169921875 68.42447916666666 13.991569075131407 18.655425433508544
0 86.572265625 45.57291666666667 11.418632161785709 15.224842882380946
0 95.21484375 40.10416666666667 10.711626449453275 14.282168599271033
0 83.447265625 36.58854166666667 10.231356576074347 13.641808768099132
0 71.6796875 36.71875 10.24954566879069 13.66606089172092
0 60.9375 33.85416666666667 9.841623227903504 13.122164303871338
0 50.87890625 29.817708333333332 9.236295135755345 12.315060181007127
0 21.533203125 26.822916666666668 8.760192928715409 11.680257238287211
0 10.107421875 35.61197916666667 10.093893681970965 13.458524909294619
0 14.0625 21.158854166666664 7.780486318348366 10.373981757797822
0 32.373046875 23.763020833333336 8.245395560367612 10.993860747156816
0 42.431640625 36.26302083333333 10.185741740892722 13.580988987856962
0 59.619140625 24.4140625 8.357582969744357 11.143443959659143
0 55.419921875 15.104166666666666 6.573687508709111 8.764916678278816
0 95.947265625 26.627604166666668 8.728240750778255 11.637654334371007
0 75.48828125 29.6875 9.216106488367615 12.288141984490153
