0 39.35546875 22.005208333333336 7.9345703125 10.579427083333332
0 29.98046875 19.661458333333336 7.500125566067204 10.00016742142294
0 9.814453125 20.1171875 7.586549618320344 10.115399491093791
0 20.703125 31.705729166666668 9.524222738236839 12.698963650982451
0 66.845703125 15.299479166666666 6.61605328023645 8.821404373648601
0 81.787109375 18.880208333333336 7.349606066157407 9.799474754876544
0 96.38671875 25.846354166666668 8.59924487524742 11.465659833663226
0 83.154296875 21.354166666666664 7.816313766397521 10.421751688530028
0 25.439453125 18.098958333333336 7.195938795502683 9.594585060670244
0 57.91015625 14.84375 6.516771394062079 8.689028525416106
0 7.03125 19.010416666666664 7.37490598974278 9.833207986323707
0 1.806640625 18.098958333333336 7.195938795502683 9.594585060670244
0 98.583984375 20.572916666666664 7.672000176987631 10.229333569316841
0 4.6875 18.880208333333336 7.349606066157407 9.799474754876544
0 12.79296875 17.7734375 7.130933499479933 9.50791133263991
