0 90.869140625 71.2890625 14.28144403905956 19.041925385412746
0 85.302734375 63.28125 13.455449026518924 17.94059870202523
0 65.673828125 59.9609375 13.097695150070152 17.46359353342687
0 89.990234375 44.01041666666667 11.221176947540428 14.961569263387236
0 92.724609375 52.473958333333336 12.25272210686324 16.336962809150986
0 84.9609375 44.140625 11.237764062208234 14.983685416277645
0 63.623046875 33.3984375 9.775157091093119 13.033542788124159
0 45.3125 46.61458333333333 11.548393511001283 15.397858014668378
0 59.1796875 34.30989583333333 9.907643481901811 13.210191309202415
0 44.287109375 50.9765625 12.076635093633655 16.10218012484487
0 43.84765625 35.67708333333333 10.103116062772735 13.470821417030313
0 34.86328125 33.85416666666667 9.841623227903504 13.122164303871338
0 45.654296875 32.35677083333333 9.621510480001493 12.828680640001991
0 42.578125 24.348958333333336 8.346432086900233 11.128576115866979
0 35.791015625 30.078125 9.276540621075844 12.368720828101127
0 12.353515625 32.68229166666667 9.669787303317175 12.893049737756234
0 31.34765625 30.989583333333332 9.416045300623482 12.554727067497975
0 3.515625 55.859375 12.641793931401354 16.855725241868473
0 6.4453125 43.75 11.187928942763282 14.917238590351042
0 30.419921875 35.22135416666667 10.038381471800859 13.384508629067811
0 4.296875 32.48697916666667 9.640850219074288 12.854466958765718
0 6.689453125 23.567708333333336 8.211440458419013 10.948587277892017
0 18.1640625 22.65625 8.051090062422436 10.734786749896582
0 9.08203125 28.385416666666668 9.011732824849489 12.015643766465985
0 3.02734375 20.247395833333336 7.611061958825638 10.148082611767517
0 28.369140625 24.348958333333336 8.346432086900233 11.128576115866979
0 42.041015625 18.424479166666664 7.2603620931215325 9.680482790828709
0 67.724609375 21.744791666666664 7.887480458569388 10.51664061142585
0 79.736328125 24.8046875 8.424178309229896 11.23223774563986
0 89.208984375 25.390625 8.523095729839442 11.364127639785922
0 97.36328125 31.4453125 9.485028239697298 12.646704319596397
0 81.25 22.200520833333336 7.969705113037473 10.626273484049964
0 65.4296875 22.786458333333336 8.074192233473482 10.765589644631309
0 94.287109375 30.6640625 9.366460725843998 12.48861430112533
0 87.59765625 22.65625 8.051090062422436 10.734786749896582
0 91.552734375 31.770833333333332 9.53399618640949 12.711994915212655
0 88.28125 20.703125 7.6962403643301345 10.261653819106845
0 76.708984375 28.385416666666668 9.011732824849489 12.015643766465985
0 65.771484375 28.841145833333332 9.083786661460703 12.11171554861427
0 60.64453125 24.609375 8.39094670707246 11.187928942763282
0 51.5625 25.9765625 8.620878229873984 11.494504306498644
0 60.44921875 19.791666666666664 7.524919437217989 10.033225916290652
0 51.904296875 19.3359375 7.437779301119349 9.917039068159132
0 37.5 18.294270833333336 7.234661615679748 9.646215487572997
0 77.001953125 19.596354166666664 7.487697843252746 9.983597124336994
0 92.3828125 26.302083333333332 8.674725588105405 11.56630078414054
0 99.169921875 28.255208333333332 8.991039955234518 11.988053273646026
0 93.603515625 21.419270833333336 7.828219811023351 10.437626414697803
0 79.638671875 18.880208333333336 7.349606066157407 9.799474754876544
0 57.6171875 12.174479166666668 5.901818727360142 7.8690916364801895
0 63.525390625 13.541666666666666 6.224389054678692 8.299185406238257
0 56.25 13.997395833333334 6.328259690346595 8.437679587128793
0 45.21484375 20.247395833333336 7.611061958825638 10.148082611767517
0 34.27734375 15.364583333333334 6.6301150458985685 8.840153394531425
0 23.486328125 17.96875 7.170007400189656 9.56000986691954
0 30.224609375 21.158854166666664 7.780486318348366 10.373981757797822
0 22.705078125 20.377604166666664 7.635495607419925 10.180660809893233
0 17.724609375 28.7109375 9.063258303782652 12.084344405043536
0 5.76171875 17.838541666666664 7.143981879101334 9.525309172135112
0 89.501953125 90.55989583333334 16.09639525664135 21.461860342188466
0 97.119140625 47.78645833333333 11.69265384562257 15.590205127496759
0 52.001953125 77.34375 14.875558602238698 19.834078136318265
0 38.96484375 63.541666666666664 13.483106710433667 17.977475613911555
0 25.78125 57.942708333333336 12.875380315996695 17.16717375466226
0 23.388671875 45.05208333333333 11.353195335533615 15.137593780711486
0 0.537109375 53.255208333333336 12.343596445408132 16.45812859387751
0 4.052734375 40.69010416666667 10.789593218788873 14.386124291718497
0 3.7109375 27.799479166666668 8.918236814088415 11.890982418784553
0 61.328125 51.888020833333336 12.184121568406452 16.245495424541936
0 52.1484375 46.61458333333333 11.548393511001283 15.397858014668378
0 48.486328125 38.8671875 10.545137050275265 14.060182733700355
0 47.4609375 23.111979166666664 8.131660519088275 10.842214025451032
0 48.73046875 31.901041666666668 9.55351308746248 12.738017449949975
0 32.275390625 38.41145833333333 10.483132346995646 13.977509795994195
0 26.3671875 32.03125 9.572990198582838 12.763986931443785
0 24.31640625 23.893229166666664 8.267954824306681 11.023939765742242
0 12.841796875 20.052083333333336 7.574263699945591 10.099018266594122
0 22.94921875 12.825520833333334 6.057566296777102 8.076755062369468
0 12.255859375 14.908854166666666 6.531046923532928 8.708062564710572
0 21.09375 23.697916666666664 8.234092750996119 10.978790334661493
0 10.44921875 21.744791666666664 7.887480458569388 10.51664061142585
0 19.53125 17.513020833333336 7.0784994535786145 9.437999271438152
0 9.86328125 17.96875 7.170007400189656 9.56000986691954
0 2.587890625 17.3828125 7.052136235529384 9.40284831403918
0 17.138671875 16.276041666666664 6.823937919616058 9.09858389282141
0 26.123046875 20.5078125 7.659851317145468 10.21313508952729
0 38.18359375 22.526041666666664 8.027921409891299 10.703895213188398
0 32.8125 17.643229166666664 7.104764847914316 9.473019797219088
0 34.619140625 27.213541666666668 8.823750179932228 11.765000239909636
0 49.072265625 15.104166666666666 6.573687508709111 8.764916678278816
0 40.771484375 13.411458333333334 6.194391824397107 8.259189099196142
0 32.12890625 13.8671875 6.298757153488249 8.398342871317666
0 44.091796875 13.8671875 6.298757153488249 8.398342871317666
0 52.490234375 8.138020833333332 4.825252777356536 6.433670369808715
0 63.8671875 20.833333333333336 7.720404443770458 10.293872591693944
0 53.173828125 13.0859375 6.118755388111396 8.15834051748186
0 47.94921875 19.791666666666664 7.524919437217989 10.033225916290652
0 54.8828125 11.002604166666668 5.610588473770214 7.480784631693618
0 64.990234375 11.71875 5.790303332827843 7.720404443770458
0 69.775390625 18.424479166666664 7.2603620931215325 9.680482790828709
0 68.603515625 32.8125 9.689030680168178 12.918707573557572
0 64.404296875 41.14583333333333 10.849846700824694 14.466462267766259
0 73.291015625 50.390625 12.007028547916262 16.00937139722168
0 56.93359375 17.838541666666664 7.143981879101334 9.525309172135112
0 74.072265625 24.8046875 8.424178309229896 11.23223774563986
0 57.6171875 22.0703125 7.946299173761924 10.595065565015899
0 71.58203125 16.276041666666664 6.823937919616058 9.09858389282141
0 78.515625 31.119791666666668 9.4358061729372 12.5810748972496
0 82.470703125 38.54166666666667 10.500885335745396 14.001180447660527
0 88.525390625 35.22135416666667 10.038381471800859 13.384508629067811
0 95.751953125 25.520833333333332 8.544921875 11.393229166666668
0 89.404296875 32.35677083333333 9.621510480001493 12.828680640001991
0 85.107421875 21.875 7.911060422861158 10.548080563814876
0 96.435546875 17.96875 7.170007400189656 9.56000986691954
0 79.052734375 12.630208333333334 6.011265748166568 8.015020997555423
0 68.75 13.8671875 6.298757153488249 8.398342871317666
0 88.525390625 18.5546875 7.28597191547444 9.714629220632586
0 81.25 15.234375 6.60196156395994 8.802615418613254
0 93.06640625 16.471354166666664 6.864759447755123 9.15301259700683
0 97.94921875 21.744791666666664 7.887480458569388 10.51664061142585
0 85.888671875 16.015625 6.7691262856502785 9.025501714200372
0 67.041015625 17.3828125 7.052136235529384 9.40284831403918
0 59.08203125 14.453125 6.430452730012657 8.57393697335021
0 86.572265625 19.140625 7.400119417103358 9.866825889471144
0 98.974609375 18.75 7.32421875 9.765625
0 82.12890625 19.3359375 7.437779301119349 9.917039068159132
0 75.68359375 15.559895833333334 6.672122530845778 8.896163374461038
0 61.474609375 17.513020833333336 7.0784994535786145 9.437999271438152
0 53.7109375 16.015625 6.7691262856502785 9.025501714200372
0 46.923828125 14.453125 6.430452730012657 8.57393697335021
0 38.96484375 14.322916666666666 6.401421192444773 8.53522825659303
0 28.857421875 14.192708333333334 6.372257390692475 8.496343187589966
0 18.75 13.0859375 6.118755388111396 8.15834051748186
0 11.23046875 12.955729166666666 6.088237714617921 8.117650286157229
0 4.19921875 16.6015625 6.891839471823862 9.189119295765149
0 42.48046875 13.411458333333334 6.194391824397107 8.259189099196142
0 36.572265625 14.908854166666666 6.531046923532928 8.708062564710572
0 30.56640625 17.643229166666664 7.104764847914316 9.473019797219088
0 13.8671875 13.997395833333334 6.328259690346595 8.437679587128793
0 21.240234375 15.559895833333334 6.672122530845778 8.896163374461038
0 15.869140625 14.6484375 6.473755931273323 8.631674575031097
0 8.59375 14.6484375 6.473755931273323 8.631674575031097
0 0.87890625 14.908854166666666 6.531046923532928 8.708062564710572
0 14.990234375 17.838541666666664 7.143981879101334 9.525309172135112
0 4.8828125 15.690104166666666 6.699981201202437 8.933308268269917
0 27.83203125 12.044270833333332 5.870173358664351 7.826897811552468
0 38.28125 12.174479166666668 5.901818727360142 7.8690916364801895
0 26.220703125 12.825520833333334 6.057566296777102 8.076755062369468
0 33.3984375 12.044270833333332 5.870173358664351 7.826897811552468
0 24.755859375 12.955729166666666 6.088237714617921 8.117650286157229
0 36.474609375 12.630208333333334 6.011265748166568 8.015020997555423
0 30.322265625 12.044270833333332 5.870173358664351 7.826897811552468
0 16.89453125 12.369791666666668 5.948971157720314 7.931961543627086
0 6.4453125 14.453125 6.430452730012657 8.57393697335021
