0 90.91796875 86.1328125 15.698023864272075 20.9306984856961
0 48.73046875 69.40104166666666 14.091060034930658 18.78808004657421
0 32.275390625 53.190104166666664 12.336049152470542 16.44806553662739
0 15.13671875 60.15625 13.119009558230394 17.492012744307193
0 6.4453125 80.72916666666666 15.19763134520109 20.26350846026812
0 22.412109375 43.9453125 11.212874188765769 14.950498918354358
0 13.37890625 36.65364583333333 10.240455160865794 13.653940214487726
0 17.67578125 30.46875 9.336583582018038 12.448778109357384
0 2.490234375 26.953125 8.78142979122202 11.708573054962693
0 10.83984375 22.916666666666664 8.097228492078614 10.796304656104818
0 34.375 38.02083333333333 10.429692071920813 13.906256095894417
0 33.69140625 28.645833333333332 9.052976668817948 12.07063555842393
0 56.15234375 42.51302083333333 11.02863220189981 14.704842935866417
0 67.626953125 35.7421875 10.11233003282525 13.483106710433667
0 93.84765625 60.15625 13.119009558230394 17.492012744307193
0 77.392578125 49.47916666666667 11.897942315440629 15.863923087254172
0 96.142578125 44.40104166666667 11.270865058971795 15.027820078629059
0 89.990234375 34.1796875 9.888825528576445 13.185100704768596
0 93.26171875 30.794270833333332 9.386325988299376 12.515101317732501
0 99.169921875 32.48697916666667 9.640850219074288 12.854466958765718
0 71.58203125 38.54166666666667 10.500885335745396 14.001180447660527
0 78.3203125 32.6171875 9.660151239834237 12.880201653112316
0 70.068359375 30.46875 9.336583582018038 12.448778109357384
0 77.587890625 25.846354166666668 8.59924487524742 11.465659833663226
0 77.978515625 22.721354166666664 8.062649422377262 10.75019922983635
0 82.2265625 24.283854166666664 8.33526628646708 11.113688381956106
0 90.234375 24.283854166666664 8.33526628646708 11.113688381956106
0 92.919921875 23.828125 8.256682897014576 11.008910529352768
0 87.59765625 18.75 7.32421875 9.765625
0 71.923828125 20.572916666666664 7.672000176987631 10.229333569316841
0 57.8125 30.013020833333332 9.266495636406846 12.35532751520913
0 47.705078125 32.35677083333333 9.621510480001493 12.828680640001991
0 39.84375 21.028645833333336 7.756509415978292 10.342012554637723
0 51.416015625 19.205729166666664 7.412693970636669 9.883591960848893
0 55.56640625 22.591145833333336 8.039514082226251 10.719352109635
0 47.607421875 20.247395833333336 7.611061958825638 10.148082611767517
0 53.515625 8.528645833333332 4.93970155524861 6.58626874033148
0 46.875 10.872395833333332 5.577290918730793 7.436387891641058
0 40.625 13.4765625 6.209408553886659 8.279211405182211
0 37.158203125 21.028645833333336 7.756509415978292 10.342012554637723
0 38.427734375 25.1953125 8.490251308132054 11.320335077509403
0 31.591796875 17.513020833333336 7.0784994535786145 9.437999271438152
0 57.568359375 13.020833333333334 6.103515625 8.138020833333332
0 62.890625 19.205729166666664 7.412693970636669 9.883591960848893
0 69.04296875 15.0390625 6.559504779115197 8.746006372153596
0 75.1953125 15.625 6.686066375795484 8.914755167727312
0 81.54296875 15.0390625 6.559504779115197 8.746006372153596
0 93.359375 19.3359375 7.437779301119349 9.917039068159132
0 79.931640625 14.84375 6.516771394062079 8.689028525416106
0 25.78125 16.731770833333336 6.9188135063199665 9.225084675093289
0 4.248046875 17.643229166666664 7.104764847914316 9.473019797219088
0 16.50390625 18.424479166666664 7.2603620931215325 9.680482790828709
0 8.544921875 14.713541666666666 6.488126106405426 8.650834808540568
0 1.123046875 16.080729166666664 6.782870718656271 9.043827624875028
0 18.359375 13.606770833333334 6.2393335877260965 8.319111450301463
0 20.01953125 14.84375 6.516771394062079 8.689028525416106
0 20.01953125 21.028645833333336 7.756509415978292 10.342012554637723
0 26.708984375 12.6953125 6.026738787271576 8.0356517163621
0 36.23046875 13.802083333333334 6.283953943473511 8.378605257964681
0 52.783203125 13.4765625 6.209408553886659 8.279211405182211
0 35.400390625 11.588541666666668 5.758045124546267 7.677393499395023
0 45.751953125 14.2578125 6.386855937639267 8.515807916852356
0 39.84375 11.783854166666668 5.806365231457656 7.741820308610207
0 85.83984375 13.4765625 6.209408553886659 8.279211405182211
0 86.669921875 14.713541666666666 6.488126106405426 8.650834808540568
0 98.14453125 18.294270833333336 7.234661615679748 9.646215487572997
0 90.234375 16.40625 6.8511792970714245 9.134905729428567
0 99.658203125 17.7734375 7.130933499479933 9.50791133263991
0 92.7734375 15.950520833333334 6.755353888299149 9.0071385177322
0 88.720703125 16.276041666666664 6.823937919616058 9.09858389282141
0 74.267578125 68.61979166666666 14.011523783262936 18.682031711017245
0 96.142578125 71.09375 14.261866998959865 19.01582266527982
0 78.3203125 54.296875 12.463731601966636 16.61830880262218
0 83.642578125 41.6015625 10.909767414379564 14.546356552506085
0 86.767578125 35.546875 10.084662867345157 13.44621715646021
0 49.072265625 49.93489583333333 11.952609880106287 15.936813173475048
0 21.2890625 64.97395833333334 13.634221132622484 18.17896151016331
0 2.24609375 58.268229166666664 12.911496460758165 17.21532861434422
0 50.48828125 44.40104166666667 11.270865058971795 15.027820078629059
0 53.173828125 48.69791666666667 11.803637454720285 15.738183272960379
0 61.474609375 32.94270833333333 9.708235913444133 12.944314551258843
0 37.255859375 29.1015625 9.124704826492952 12.166273101990603
0 27.783203125 21.484375 7.840107775064166 10.453477033418888
0 21.484375 25.716145833333332 8.57755695956738 11.436742612756506
0 2.05078125 21.028645833333336 7.756509415978292 10.342012554637723
0 5.615234375 22.135416666666664 7.958010748538389 10.610680998051187
0 6.884765625 19.986979166666664 7.561957820656658 10.08261042754221
0 1.46484375 18.75 7.32421875 9.765625
0 19.287109375 17.96875 7.170007400189656 9.56000986691954
0 23.583984375 16.731770833333336 6.9188135063199665 9.225084675093289
0 22.216796875 17.057291666666664 6.985792933508055 9.31439057801074
0 75.390625 27.408854166666668 8.855357744474432 11.807143659299243
0 72.412109375 25.520833333333332 8.544921875 11.393229166666668
0 75.732421875 24.934895833333336 8.446260072691679 11.26168009692224
0 74.267578125 23.828125 8.256682897014576 11.008910529352768
0 86.865234375 24.479166666666664 8.36871899463018 11.15829199284024
0 99.169921875 20.572916666666664 7.672000176987631 10.229333569316841
0 88.037109375 32.16145833333333 9.592427762147041 12.789903682862722
0 98.73046875 27.864583333333332 8.928673607377803 11.904898143170405
0 63.818359375 28.3203125 9.001392336274797 12.001856448366395
0 60.44921875 22.135416666666664 7.958010748538389 10.610680998051187
0 66.259765625 28.3203125 9.001392336274797 12.001856448366395
0 58.0078125 19.661458333333336 7.500125566067204 10.00016742142294
0 59.86328125 18.880208333333336 7.349606066157407 9.799474754876544
0 61.376953125 16.731770833333336 6.9188135063199665 9.225084675093289
0 47.4609375 15.8203125 6.72772451325946 8.970299351012613
0 56.15234375 14.84375 6.516771394062079 8.689028525416106
0 67.96875 20.247395833333336 7.611061958825638 10.148082611767517
0 76.318359375 20.1171875 7.586549618320344 10.115399491093791
0 82.2265625 19.986979166666664 7.561957820656658 10.08261042754221
0 83.984375 18.75 7.32421875 9.765625
0 28.564453125 16.40625 6.8511792970714245 9.134905729428567
0 39.111328125 15.8203125 6.72772451325946 8.970299351012613
0 37.158203125 15.625 6.686066375795484 8.914755167727312
0 42.48046875 14.388020833333334 6.415953381844678 8.554604509126236
0 44.091796875 11.9140625 5.838356466585996 7.784475288781327
0 49.072265625 13.151041666666666 6.133957288281793 8.178609717709058
0 48.53515625 12.369791666666668 5.948971157720314 7.931961543627086
0 59.423828125 12.6953125 6.026738787271576 8.0356517163621
0 65.771484375 13.932291666666666 6.313525654778199 8.418034206370931
0 67.28515625 12.565104166666666 5.995752778438873 7.9943370379184975
0 72.0703125 12.369791666666668 5.948971157720314 7.931961543627086
0 76.904296875 15.169270833333334 6.587839704871492 8.783786273161988
0 76.66015625 12.825520833333334 6.057566296777102 8.076755062369468
0 77.978515625 13.4765625 6.209408553886659 8.279211405182211
0 91.064453125 48.37239583333333 11.764120646604239 15.68549419547232
0 66.943359375 54.8828125 12.530801493925663 16.707735325234218
0 4.345703125 24.609375 8.39094670707246 11.187928942763282
0 12.6953125 17.317708333333336 7.038917599286375 9.385223465715166
0 30.078125 12.825520833333334 6.057566296777102 8.076755062369468
0 30.6640625 14.713541666666666 6.488126106405426 8.650834808540568
0 33.544921875 18.880208333333336 7.349606066157407 9.799474754876544
0 64.16015625 15.950520833333334 6.755353888299149 9.0071385177322
0 78.90625 19.986979166666664 7.561957820656658 10.08261042754221
0 91.162109375 19.205729166666664 7.412693970636669 9.883591960848893
0 89.208984375 18.75 7.32421875 9.765625
0 96.728515625 20.247395833333336 7.611061958825638 10.148082611767517
0 96.484375 29.557291666666668 9.195873518871684 12.261164691828911
0 39.453125 34.1796875 9.888825528576445 13.185100704768596
0 40.380859375 24.609375 8.39094670707246 11.187928942763282
0 73.681640625 13.346354166666666 6.179338602086361 8.239118136115147
