0 89.0625 90.8203125 16.119522273247387 21.49269636432985
0 86.42578125 67.90364583333334 13.938216853844281 18.58428913845904
0 98.779296875 63.541666666666664 13.483106710433667 17.977475613911555
0 92.431640625 47.0703125 11.604707850238979 15.472943800318639
0 78.22265625 57.552083333333336 12.831906763689355 17.10920901825247
0 85.44921875 45.76822916666667 11.443074499055587 15.25743266540745
0 70.458984375 53.776041666666664 12.403809468323715 16.53841262443162
0 47.607421875 74.34895833333334 14.584720636411769 19.446294181882358
0 38.134765625 56.901041666666664 12.75912167991142 17.012162239881892
0 3.22265625 74.73958333333334 14.622984070692066 19.49731209425609
0 7.568359375 55.078125 12.553078491945271 16.73743798926036
0 27.5390625 46.41927083333333 11.524174553527347 15.365566071369797
0 1.220703125 50.065104166666664 11.968183319780016 15.957577759706687
0 4.443359375 34.63541666666667 9.954532733337459 13.272710311116612
0 14.0625 37.95572916666667 10.420758715187912 13.894344953583882
0 31.54296875 36.45833333333333 10.21313508952729 13.617513452703053
0 53.61328125 43.22916666666667 11.121134740166381 14.828179653555177
0 66.11328125 40.625 10.780958088779109 14.374610785038813
0 79.833984375 35.41666666666667 10.066175843793117 13.421567791724156
0 94.04296875 32.421875 9.631185203893738 12.84158027185832
0 51.611328125 36.45833333333333 10.21313508952729 13.617513452703053
0 39.404296875 39.12760416666667 10.580405165624827 14.107206887499771
0 55.615234375 29.1015625 9.124704826492952 12.166273101990603
0 71.826171875 30.143229166666668 9.286574740419274 12.382099653892366
0 87.060546875 35.9375 10.139921707663666 13.51989561021822
0 21.923828125 38.73697916666667 10.527458685705774 14.036611580941033
0 19.43359375 31.640625 9.51443925056146 12.685919000748614
0 23.291015625 27.799479166666668 8.918236814088415 11.890982418784553
0 11.181640625 26.432291666666668 8.696171172348027 11.594894896464037
0 14.453125 24.8046875 8.424178309229896 11.23223774563986
0 5.95703125 26.302083333333332 8.674725588105405 11.56630078414054
0 33.7890625 27.604166666666668 8.886852892188134 11.849137189584178
0 34.66796875 24.283854166666664 8.33526628646708 11.113688381956106
0 45.01953125 26.7578125 8.749555167743805 11.66607355699174
0 42.3828125 33.59375 9.803697756475225 13.071597008633635
0 49.267578125 24.934895833333336 8.446260072691679 11.26168009692224
0 52.978515625 23.763020833333336 8.245395560367612 10.993860747156816
0 40.771484375 23.958333333333336 8.279211405182211 11.038948540242949
0 59.130859375 32.74739583333333 9.679413773897526 12.905885031863368
0 61.376953125 26.627604166666668 8.728240750778255 11.637654334371007
0 64.84375 23.763020833333336 8.245395560367612 10.993860747156816
0 76.5625 27.278645833333332 8.83429859993294 11.779064799910586
0 90.4296875 25.78125 8.588407763348565 11.451210351131419
0 94.921875 25.78125 8.588407763348565 11.451210351131419
0 71.97265625 21.940104166666664 7.92282408798045 10.5637654506406
0 57.2265625 22.786458333333336 8.074192233473482 10.765589644631309
0 91.162109375 30.2734375 9.306610523667546 12.408814031556727
0 80.712890625 23.6328125 8.222774405094897 10.963699206793196
0 85.791015625 21.940104166666664 7.92282408798045 10.5637654506406
0 17.919921875 22.4609375 8.016311973000304 10.688415964000404
0 0.5859375 31.966145833333332 9.56325660155786 12.751008802077147
0 27.5390625 22.786458333333336 8.074192233473482 10.765589644631309
0 30.517578125 22.65625 8.051090062422436 10.734786749896582
0 50.390625 32.94270833333333 9.708235913444133 12.944314551258843
0 48.14453125 32.09635416666667 9.58271390875707 12.77695187834276
0 77.587890625 24.479166666666664 8.36871899463018 11.15829199284024
0 89.0625 24.153645833333336 8.312889692307273 11.083852923076364
