0 91.30859375 91.92708333333334 16.217444159651397 21.623258879535193
0 82.12890625 64.0625 13.538252571300557 18.051003428400744
0 77.978515625 53.776041666666664 12.403809468323715 16.53841262443162
0 95.166015625 50.9765625 12.076635093633655 16.10218012484487
0 98.486328125 41.92708333333333 10.952367214920875 14.603156286561166
0 81.103515625 37.76041666666667 10.393912576859377 13.85855010247917
0 85.546875 33.59375 9.803697756475225 13.071597008633635
0 67.578125 56.770833333333336 12.74451478138495 16.992686375179932
0 51.3671875 49.47916666666667 11.897942315440629 15.863923087254172
0 37.646484375 65.10416666666666 13.647875839232116 18.19716778564282
0 38.671875 85.61197916666666 15.650489996286726 20.86731999504897
0 22.65625 49.86979166666667 11.944815546130936 15.92642072817458
0 35.302734375 43.42447916666667 11.146229472503464 14.861639296671287
0 48.681640625 37.109375 10.30392029793343 13.738560397244573
0 43.505859375 31.705729166666668 9.524222738236839 12.698963650982451
0 30.95703125 35.87239583333333 10.130732832457173 13.507643776609566
0 2.05078125 60.416666666666664 13.147375017418222 17.52983335655763
0 1.85546875 44.46614583333333 11.279125129746294 15.038833506328391
0 3.857421875 30.989583333333332 9.416045300623482 12.554727067497975
0 10.44921875 28.190104166666668 8.980675640601907 11.974234187469209
0 22.265625 26.822916666666668 8.760192928715409 11.680257238287211
0 19.3359375 32.2265625 9.60213178866716 12.802842384889546
0 31.884765625 29.427083333333332 9.175595934065496 12.234127912087327
0 27.734375 24.283854166666664 8.33526628646708 11.113688381956106
0 5.615234375 25.065104166666668 8.468284256293707 11.291045675058275
0 40.673828125 25.065104166666668 8.468284256293707 11.291045675058275
0 48.779296875 28.580729166666668 9.042683343523592 12.056911124698123
0 58.642578125 25.520833333333332 8.544921875 11.393229166666668
0 61.71875 34.63541666666667 9.954532733337459 13.272710311116612
0 73.92578125 33.07291666666667 9.727403229070575 12.9698709720941
0 60.400390625 30.729166666666668 9.376398618003673 12.501864824004896
0 66.943359375 23.763020833333336 8.245395560367612 10.993860747156816
0 74.31640625 28.059895833333332 8.959911044862793 11.946548059817056
0 92.724609375 31.4453125 9.485028239697298 12.646704319596397
0 87.98828125 33.72395833333333 9.82267879603948 13.096905061385971
0 99.31640625 33.33333333333333 9.765625 13.020833333333334
0 97.900390625 26.5625 8.717563999686098 11.62341866624813
0 89.599609375 28.580729166666668 9.042683343523592 12.056911124698123
0 88.96484375 26.171875 8.653226854710587 11.537635806280782
0 95.751953125 23.893229166666664 8.267954824306681 11.023939765742242
0 91.40625 24.153645833333336 8.312889692307273 11.083852923076364
0 93.310546875 23.307291666666664 8.165947363439729 10.88792981791964
0 95.361328125 19.986979166666664 7.561957820656658 10.08261042754221
0 92.333984375 20.638020833333336 7.684129829110212 10.245506438813615
0 89.404296875 19.7265625 7.512532730158185 10.01671030687758
0 87.255859375 22.65625 8.051090062422436 10.734786749896582
0 81.93359375 23.177083333333336 8.143105507889608 10.857474010519478
0 79.19921875 24.934895833333336 8.446260072691679 11.26168009692224
0 77.05078125 18.359375 7.247523246483103 9.663364328644137
0 67.236328125 19.010416666666664 7.37490598974278 9.833207986323707
0 70.166015625 21.875 7.911060422861158 10.548080563814876
0 70.5078125 18.880208333333336 7.349606066157407 9.799474754876544
0 77.34375 22.135416666666664 7.958010748538389 10.610680998051187
0 81.494140625 18.619791666666664 7.298743129334349 9.731657505779133
0 86.181640625 18.098958333333336 7.195938795502683 9.594585060670244
0 60.302734375 21.875 7.911060422861158 10.548080563814876
0 59.375 19.270833333333336 7.425247229367944 9.900329639157258
0 60.791015625 17.708333333333336 7.117861199762329 9.490481599683106
0 62.98828125 16.9921875 6.972448522214271 9.296598029619028
0 64.94140625 15.8203125 6.72772451325946 8.970299351012613
0 56.8359375 16.2109375 6.810276368536802 9.080368491382403
0 60.693359375 14.583333333333334 6.459353786778786 8.612471715705048
0 55.029296875 14.583333333333334 6.459353786778786 8.612471715705048
0 59.08203125 12.6953125 6.026738787271576 8.0356517163621
0 63.330078125 13.0859375 6.118755388111396 8.15834051748186
0 52.001953125 17.122395833333336 6.9991119025755095 9.332149203434014
0 48.974609375 17.838541666666664 7.143981879101334 9.525309172135112
0 50.68359375 20.5078125 7.659851317145468 10.21313508952729
0 47.36328125 22.395833333333336 8.00468569861084 10.672914264814453
0 41.357421875 22.005208333333336 7.9345703125 10.579427083333332
0 42.08984375 19.856770833333336 7.537285788103314 10.049714384137753
0 41.50390625 16.731770833333336 6.9188135063199665 9.225084675093289
0 45.01953125 16.471354166666664 6.864759447755123 9.15301259700683
0 47.119140625 15.234375 6.60196156395994 8.802615418613254
0 44.43359375 14.973958333333334 6.545291317604741 8.727055090139656
0 36.42578125 16.2109375 6.810276368536802 9.080368491382403
0 33.49609375 20.377604166666664 7.635495607419925 10.180660809893233
0 30.859375 21.028645833333336 7.756509415978292 10.342012554637723
0 29.541015625 19.856770833333336 7.537285788103314 10.049714384137753
0 26.513671875 19.270833333333336 7.425247229367944 9.900329639157258
0 20.166015625 21.2890625 7.804389558437758 10.405852744583676
0 20.751953125 18.098958333333336 7.195938795502683 9.594585060670244
0 21.58203125 16.2109375 6.810276368536802 9.080368491382403
0 28.02734375 13.0859375 6.118755388111396 8.15834051748186
0 29.736328125 16.861979166666664 6.945682786096826 9.260910381462436
0 27.5390625 16.861979166666664 6.945682786096826 9.260910381462436
0 30.76171875 14.973958333333334 6.545291317604741 8.727055090139656
0 24.072265625 15.234375 6.60196156395994 8.802615418613254
0 26.123046875 14.84375 6.516771394062079 8.689028525416106
0 24.8046875 19.140625 7.400119417103358 9.866825889471144
0 12.6953125 22.395833333333336 8.00468569861084 10.672914264814453
0 10.9375 16.6015625 6.891839471823862 9.189119295765149
0 7.32421875 20.377604166666664 7.635495607419925 10.180660809893233
0 6.494140625 17.3828125 7.052136235529384 9.40284831403918
0 3.857421875 16.861979166666664 6.945682786096826 9.260910381462436
0 13.76953125 19.270833333333336 7.425247229367944 9.900329639157258
0 17.919921875 19.856770833333336 7.537285788103314 10.049714384137753
0 16.6015625 17.96875 7.170007400189656 9.56000986691954
0 14.697265625 17.3828125 7.052136235529384 9.40284831403918
0 3.369140625 20.247395833333336 7.611061958825638 10.148082611767517
0 0.634765625 19.596354166666664 7.487697843252746 9.983597124336994
0 2.44140625 18.229166666666664 7.221777078979024 9.629036105305365
0 1.171875 17.3828125 7.052136235529384 9.40284831403918
0 66.748046875 42.1875 10.986328125 14.6484375
0 79.1015625 17.96875 7.170007400189656 9.56000986691954
0 79.8828125 14.84375 6.516771394062079 8.689028525416106
0 82.12890625 16.341145833333336 6.837572174807153 9.116762899742872
