0 79.8828125 60.3515625 13.140289393073113 17.520385857430817
0 55.419921875 60.091145833333336 13.111908605310568 17.482544807080757
0 55.419921875 49.15364583333333 11.85873976301602 15.811653017354693
0 5.17578125 48.30729166666667 11.756201345372451 15.674935127163266
0 41.69921875 42.90364583333333 11.079183874921476 14.772245166561968
0 31.103515625 34.375 9.91703906815913 13.222718757545508
0 35.7421875 25.065104166666668 8.468284256293707 11.291045675058275
0 40.380859375 28.7109375 9.063258303782652 12.084344405043536
0 31.4453125 23.4375 8.188725503539269 10.918300671385692
0 28.02734375 20.247395833333336 7.611061958825638 10.148082611767517
0 20.41015625 26.302083333333332 8.674725588105405 11.56630078414054
0 11.474609375 29.817708333333332 9.236295135755345 12.315060181007127
0 5.029296875 26.497395833333332 8.706874156303165 11.609165541737553
0 1.7578125 23.4375 8.188725503539269 10.918300671385692
0 20.60546875 19.270833333333336 7.425247229367944 9.900329639157258
0 14.94140625 19.401041666666664 7.450290292806215 9.933720390408286
0 60.05859375 33.0078125 9.717824296930333 12.957099062573777
0 53.662109375 29.817708333333332 9.236295135755345 12.315060181007127
0 54.19921875 23.6328125 8.222774405094897 10.963699206793196
0 65.966796875 26.236979166666668 8.66398288975732 11.551977186343091
0 57.8125 22.916666666666664 8.097228492078614 10.796304656104818
0 70.21484375 22.721354166666664 8.062649422377262 10.75019922983635
0 77.5390625 26.953125 8.78142979122202 11.708573054962693
0 75.390625 32.421875 9.631185203893738 12.84158027185832
0 72.216796875 42.31770833333333 11.00326927326657 14.671025697688759
0 78.857421875 47.98177083333333 11.716524548616007 15.622032731488009
0 93.896484375 51.106770833333336 12.092048801366547 16.122731735155398
0 84.619140625 40.95052083333333 10.824064850444458 14.432086467259278
0 82.8125 33.33333333333333 9.765625 13.020833333333334
0 87.158203125 31.4453125 9.485028239697298 12.646704319596397
0 82.03125 23.6328125 8.222774405094897 10.963699206793196
