0 98.876953125 52.669270833333336 12.275503760448466 16.36733834726462
0 94.482421875 42.90364583333333 11.079183874921476 14.772245166561968
0 98.4375 42.51302083333333 11.02863220189981 14.704842935866417
0 99.169921875 32.48697916666667 9.640850219074288 12.854466958765718
0 99.365234375 26.5625 8.717563999686098 11.62341866624813
0 99.0234375 22.916666666666664 8.097228492078614 10.796304656104818
0 98.73046875 18.815104166666664 7.336923388776433 9.782564518368577
0 95.21484375 26.5625 8.717563999686098 11.62341866624813
0 95.80078125 22.981770833333336 8.108722079825698 10.811629439767596
0 95.80078125 20.182291666666664 7.598815672600545 10.13175423013406
0 92.529296875 17.1875 7.012405574387241 9.349874099182989
0 92.529296875 19.856770833333336 7.537285788103314 10.049714384137753
0 93.26171875 24.934895833333336 8.446260072691679 11.26168009692224
0 92.96875 29.947916666666668 9.25643975103949 12.341919668052654
0 91.845703125 36.97916666666667 10.285827359834423 13.714436479779232
0 89.599609375 34.89583333333333 9.991885707852113 13.322514277136149
0 87.59765625 34.70052083333333 9.963884104806219 13.28517880640829
0 89.111328125 29.361979166666668 9.16544031840894 12.220587091211922
0 89.111328125 25.065104166666668 8.468284256293707 11.291045675058275
0 89.111328125 20.963541666666664 7.7444931277157725 10.325990836954363
0 89.697265625 17.447916666666664 7.065330140863174 9.420440187817565
0 84.423828125 27.604166666666668 8.886852892188134 11.849137189584178
0 85.83984375 21.940104166666664 7.92282408798045 10.5637654506406
0 84.619140625 18.9453125 7.3622668956389274 9.816355860851903
0 83.30078125 22.0703125 7.946299173761924 10.595065565015899
0 86.23046875 16.40625 6.8511792970714245 9.134905729428567
0 81.25 14.84375 6.516771394062079 8.689028525416106
0 80.76171875 18.098958333333336 7.195938795502683 9.594585060670244
0 81.0546875 21.09375 7.768507117527988 10.358009490037318
0 78.22265625 18.815104166666664 7.336923388776433 9.782564518368577
0 78.61328125 16.40625 6.8511792970714245 9.134905729428567
0 75.9765625 14.192708333333334 6.372257390692475 8.496343187589966
0 70.21484375 18.815104166666664 7.336923388776433 9.782564518368577
0 73.73046875 12.955729166666666 6.088237714617921 8.117650286157229
0 74.853515625 17.578125 7.091644310682526 9.455525747576702
0 76.708984375 16.471354166666664 6.864759447755123 9.15301259700683
0 77.294921875 14.583333333333334 6.459353786778786 8.612471715705048
0 80.029296875 15.559895833333334 6.672122530845778 8.896163374461038
0 78.515625 20.703125 7.6962403643301345 10.261653819106845
0 80.029296875 19.3359375 7.437779301119349 9.917039068159132
0 78.22265625 15.299479166666666 6.61605328023645 8.821404373648601
0 72.314453125 13.541666666666666 6.224389054678692 8.299185406238257
0 73.53515625 18.9453125 7.3622668956389274 9.816355860851903
0 70.60546875 14.192708333333334 6.372257390692475 8.496343187589966
0 67.7734375 14.84375 6.516771394062079 8.689028525416106
0 66.11328125 16.927083333333336 6.959078522333606 9.278771363111476
0 65.087890625 13.671875 6.254242410864013 8.338989881152017
0 63.37890625 15.690104166666666 6.699981201202437 8.933308268269917
0 63.671875 13.541666666666666 6.224389054678692 8.299185406238257
0 62.451171875 15.950520833333334 6.755353888299149 9.0071385177322
0 61.23046875 18.424479166666664 7.2603620931215325 9.680482790828709
0 58.49609375 19.661458333333336 7.500125566067204 10.00016742142294
0 56.787109375 16.796875 6.932261164306974 9.243014885742634
0 58.984375 14.322916666666666 6.401421192444773 8.53522825659303
0 56.640625 13.671875 6.254242410864013 8.338989881152017
0 60.15625 13.28125 6.16424861960576 8.218998159474348
0 57.275390625 14.322916666666666 6.401421192444773 8.53522825659303
0 54.736328125 13.346354166666666 6.179338602086361 8.239118136115147
0 52.9296875 11.5234375 5.74184805976159 7.6557974130154545
0 50.68359375 13.932291666666666 6.313525654778199 8.418034206370931
0 53.125 17.317708333333336 7.038917599286375 9.385223465715166
0 50.87890625 17.578125 7.091644310682526 9.455525747576702
0 48.6328125 18.098958333333336 7.195938795502683 9.594585060670244
0 48.095703125 15.559895833333334 6.672122530845778 8.896163374461038
0 46.875 14.453125 6.430452730012657 8.57393697335021
0 45.654296875 16.40625 6.8511792970714245 9.134905729428567
0 44.140625 13.802083333333334 6.283953943473511 8.378605257964681
0 43.45703125 16.796875 6.932261164306974 9.243014885742634
0 41.11328125 16.080729166666664 6.782870718656271 9.043827624875028
0 39.599609375 14.192708333333334 6.372257390692475 8.496343187589966
0 36.962890625 15.4296875 6.644147051109997 8.858862734813329
0 35.302734375 19.075520833333336 7.3875234600282 9.850031280037602
0 33.49609375 17.317708333333336 7.038917599286375 9.385223465715166
0 34.08203125 14.0625 6.342959500374307 8.457279333832409
0 30.95703125 15.169270833333334 6.587839704871492 8.783786273161988
0 30.029296875 13.802083333333334 6.283953943473511 8.378605257964681
0 28.41796875 14.192708333333334 6.372257390692475 8.496343187589966
0 28.22265625 20.572916666666664 7.672000176987631 10.229333569316841
0 29.00390625 17.1875 7.012405574387241 9.349874099182989
0 31.15234375 16.40625 6.8511792970714245 9.134905729428567
0 31.34765625 20.182291666666664 7.598815672600545 10.13175423013406
0 26.904296875 19.205729166666664 7.412693970636669 9.883591960848893
0 26.171875 17.708333333333336 7.117861199762329 9.490481599683106
0 27.001953125 15.299479166666666 6.61605328023645 8.821404373648601
0 25.048828125 15.690104166666666 6.699981201202437 8.933308268269917
0 22.412109375 14.322916666666666 6.401421192444773 8.53522825659303
0 22.509765625 16.927083333333336 6.959078522333606 9.278771363111476
0 19.3359375 16.796875 6.932261164306974 9.243014885742634
0 17.724609375 17.317708333333336 7.038917599286375 9.385223465715166
0 18.212890625 14.84375 6.516771394062079 8.689028525416106
0 15.72265625 16.2109375 6.810276368536802 9.080368491382403
0 14.2578125 16.6015625 6.891839471823862 9.189119295765149
0 12.451171875 18.5546875 7.28597191547444 9.714629220632586
0 13.671875 16.2109375 6.810276368536802 9.080368491382403
0 9.375 14.973958333333334 6.545291317604741 8.727055090139656
0 11.5234375 15.559895833333334 6.672122530845778 8.896163374461038
0 8.30078125 19.466145833333336 7.462780310447684 9.950373747263578
0 7.568359375 16.6015625 6.891839471823862 9.189119295765149
0 5.224609375 18.229166666666664 7.221777078979024 9.629036105305365
0 3.80859375 20.703125 7.6962403643301345 10.261653819106845
0 4.00390625 16.2109375 6.810276368536802 9.080368491382403
0 2.587890625 18.9453125 7.3622668956389274 9.816355860851903
0 0.830078125 18.098958333333336 7.195938795502683 9.594585060670244
0 1.171875 16.2109375 6.810276368536802 9.080368491382403
0 4.638671875 25.455729166666668 8.53401578009617 11.378687706794894
0 7.470703125 21.484375 7.840107775064166 10.453477033418888
0 11.962890625 22.0703125 7.946299173761924 10.595065565015899
0 16.9921875 20.572916666666664 7.672000176987631 10.229333569316841
0 19.140625 22.721354166666664 8.062649422377262 10.75019922983635
0 21.484375 22.330729166666664 7.993042513249997 10.657390017666662
0 22.705078125 19.3359375 7.437779301119349 9.917039068159132
0 26.5625 23.697916666666664 8.234092750996119 10.978790334661493
0 32.275390625 24.088541666666664 8.301678777304348 11.068905036405797
0 23.2421875 27.604166666666668 8.886852892188134 11.849137189584178
0 21.2890625 27.604166666666668 8.886852892188134 11.849137189584178
0 17.333984375 31.119791666666668 9.4358061729372 12.5810748972496
0 12.109375 28.7109375 9.063258303782652 12.084344405043536
0 5.126953125 29.817708333333332 9.236295135755345 12.315060181007127
0 1.171875 44.66145833333333 11.303869126862875 15.071825502483835
0 7.470703125 42.25260416666667 10.994801962067763 14.659735949423682
0 11.23046875 38.8671875 10.545137050275265 14.060182733700355
0 21.77734375 48.89322916666667 11.82728416447516 15.76971221930021
0 7.568359375 59.049479166666664 12.99776577090262 17.330354361203494
0 0.68359375 55.143229166666664 12.560495377964282 16.74732717061904
0 7.861328125 83.72395833333334 15.476955973029744 20.63594129737299
0 31.0546875 80.59895833333334 15.185370244903233 20.247160326537642
0 33.49609375 62.3046875 13.351222445207128 17.801629926942837
0 28.7109375 43.22916666666667 11.121134740166381 14.828179653555177
0 31.787109375 36.00260416666667 10.149102263376399 13.53213635116853
0 31.4453125 30.208333333333332 9.296598029619028 12.395464039492039
0 43.45703125 31.4453125 9.485028239697298 12.646704319596397
0 42.7734375 38.99739583333333 10.562785827561513 14.083714436748682
0 35.83984375 41.40625 10.884127502518925 14.512170003358568
0 48.828125 36.84895833333333 10.267702539831983 13.690270053109312
0 50.48828125 27.34375 8.84483443981289 11.793112586417188
0 48.6328125 22.591145833333336 8.039514082226251 10.719352109635
0 42.041015625 25.846354166666668 8.59924487524742 11.465659833663226
0 42.431640625 21.6796875 7.875664001809045 10.500885335745393
0 38.76953125 21.6796875 7.875664001809045 10.500885335745393
0 42.626953125 20.052083333333336 7.574263699945591 10.099018266594122
0 49.560546875 19.661458333333336 7.500125566067204 10.00016742142294
0 54.736328125 22.721354166666664 8.062649422377262 10.75019922983635
0 59.08203125 24.348958333333336 8.346432086900233 11.128576115866979
0 51.7578125 30.859375 9.396242870080965 12.52832382677462
0 59.619140625 33.46354166666667 9.784679896167846 13.046239861557126
0 62.451171875 28.3203125 9.001392336274797 12.001856448366395
0 65.625 23.307291666666664 8.165947363439729 10.88792981791964
0 69.287109375 24.544270833333336 8.379840220792225 11.173120294389632
0 72.412109375 22.200520833333336 7.969705113037473 10.626273484049964
0 73.046875 17.578125 7.091644310682526 9.455525747576702
0 80.56640625 25.065104166666668 8.468284256293707 11.291045675058275
0 78.61328125 27.604166666666668 8.886852892188134 11.849137189584178
0 86.474609375 18.684895833333336 7.311492035346033 9.748656047128044
0 86.767578125 22.200520833333336 7.969705113037473 10.626273484049964
0 80.419921875 37.36979166666667 10.340011197569225 13.786681596758967
0 74.755859375 31.966145833333332 9.56325660155786 12.751008802077147
0 74.560546875 27.34375 8.84483443981289 11.793112586417188
0 67.236328125 29.947916666666668 9.25643975103949 12.341919668052654
0 66.30859375 39.97395833333333 10.694223308065938 14.258964410754585
0 57.861328125 41.27604166666667 10.867000619363317 14.489334159151088
0 52.197265625 48.76302083333333 11.811524951393816 15.748699935191754
0 66.30859375 60.286458333333336 13.133199945892343 17.51093326118979
0 71.19140625 55.403645833333336 12.590119228965008 16.78682563862001
0 75.48828125 40.88541666666667 10.81545724284018 14.42060965712024
0 86.962890625 60.9375 13.203923127919884 17.60523083722651
0 93.994140625 81.96614583333334 15.31362218053513 20.418162907380175
0 64.501953125 75.71614583333334 14.718207460678093 19.624276614237456
0 45.166015625 64.38802083333334 13.572604954795583 18.09680660639411
