0 98.974609375 62.760416666666664 13.399962402404874 17.866616536539834
0 96.484375 55.794270833333336 12.634424770803498 16.845899694404665
0 88.623046875 43.29427083333333 11.129505937994672 14.839341250659563
0 93.26171875 39.12760416666667 10.580405165624827 14.107206887499771
0 97.998046875 34.11458333333333 9.87940311049722 13.17253748066296
0 84.1796875 38.99739583333333 10.562785827561513 14.083714436748682
0 96.6796875 37.109375 10.30392029793343 13.738560397244573
0 86.03515625 35.28645833333333 10.047654805392046 13.39687307385606
0 97.998046875 27.9296875 8.939098215256843 11.918797620342456
0 86.03515625 29.4921875 9.185740321833748 12.247653762444997
0 99.365234375 31.966145833333332 9.56325660155786 12.751008802077147
0 87.841796875 31.8359375 9.543759625922785 12.725012834563712
0 95.8984375 26.497395833333332 8.706874156303165 11.609165541737553
0 90.966796875 24.479166666666664 8.36871899463018 11.15829199284024
0 76.46484375 31.315104166666668 9.465370128949479 12.62049350526597
0 73.095703125 36.97916666666667 10.285827359834423 13.714436479779232
0 70.263671875 42.25260416666667 10.994801962067763 14.659735949423682
0 75.78125 52.278645833333336 12.229898016060718 16.306530688080954
0 61.962890625 52.9296875 12.305813692416963 16.407751589889283
0 48.53515625 55.013020833333336 12.545657221126994 16.72754296150266
0 51.904296875 71.61458333333334 14.314012938914274 19.085350585219032
0 41.943359375 85.546875 15.644538107881223 20.85938414384163
0 26.708984375 58.854166666666664 12.976252212810852 17.301669617081135
0 4.248046875 72.39583333333334 14.391877591005366 19.18917012134049
0 1.171875 57.552083333333336 12.831906763689355 17.10920901825247
0 22.705078125 45.3125 11.385960758165057 15.181281010886744
0 25.439453125 39.90885416666667 10.685511108405517 14.24734814454069
0 18.359375 31.4453125 9.485028239697298 12.646704319596397
0 11.9140625 34.11458333333333 9.87940311049722 13.17253748066296
0 13.232421875 23.307291666666664 8.165947363439729 10.88792981791964
0 9.47265625 30.533854166666668 9.346553241646458 12.462070988861944
0 17.67578125 27.799479166666668 8.918236814088415 11.890982418784553
0 5.029296875 25.911458333333332 8.610068346964042 11.480091129285388
0 8.30078125 19.3359375 7.437779301119349 9.917039068159132
0 1.953125 22.005208333333336 7.9345703125 10.579427083333332
0 10.3515625 21.09375 7.768507117527988 10.358009490037318
0 0.68359375 18.684895833333336 7.311492035346033 9.748656047128044
0 10.83984375 18.033854166666664 7.182984799767957 9.577313066357275
0 2.9296875 19.596354166666664 7.487697843252746 9.983597124336994
0 8.984375 17.643229166666664 7.104764847914316 9.473019797219088
0 13.916015625 20.182291666666664 7.598815672600545 10.13175423013406
0 18.45703125 22.526041666666664 8.027921409891299 10.703895213188398
0 25.439453125 25.911458333333332 8.610068346964042 11.480091129285388
0 20.21484375 27.278645833333332 8.83429859993294 11.779064799910586
0 26.318359375 31.8359375 9.543759625922785 12.725012834563712
0 17.7734375 17.643229166666664 7.104764847914316 9.473019797219088
0 23.291015625 19.205729166666664 7.412693970636669 9.883591960848893
0 32.470703125 22.395833333333336 8.00468569861084 10.672914264814453
0 25.927734375 20.052083333333336 7.574263699945591 10.099018266594122
0 20.1171875 18.5546875 7.28597191547444 9.714629220632586
0 25.830078125 17.3828125 7.052136235529384 9.40284831403918
0 35.986328125 21.09375 7.768507117527988 10.358009490037318
0 27.5390625 22.526041666666664 8.027921409891299 10.703895213188398
0 21.09375 15.950520833333334 6.755353888299149 9.0071385177322
0 29.8828125 18.1640625 7.208869513560617 9.611826018080823
0 24.169921875 16.2109375 6.810276368536802 9.080368491382403
0 16.162109375 20.833333333333336 7.720404443770458 10.293872591693944
0 31.884765625 18.033854166666664 7.182984799767957 9.577313066357275
0 41.064453125 17.122395833333336 6.9991119025755095 9.332149203434014
0 34.326171875 19.3359375 7.437779301119349 9.917039068159132
0 37.98828125 26.236979166666668 8.66398288975732 11.551977186343091
0 40.4296875 20.052083333333336 7.574263699945591 10.099018266594122
0 46.09375 24.869791666666664 8.435226416678011 11.246968555570682
0 39.94140625 25.911458333333332 8.610068346964042 11.480091129285388
0 36.083984375 17.122395833333336 6.9991119025755095 9.332149203434014
0 46.58203125 18.033854166666664 7.182984799767957 9.577313066357275
0 38.8671875 17.513020833333336 7.0784994535786145 9.437999271438152
0 43.310546875 37.23958333333333 10.321981521782082 13.762642029042777
0 46.09375 20.703125 7.6962403643301345 10.261653819106845
0 50.732421875 29.752604166666668 9.22620633412535 12.301608445500468
0 44.775390625 33.07291666666667 9.727403229070575 12.9698709720941
0 40.966796875 43.68489583333333 11.179601491707887 14.906135322277184
0 60.498046875 42.25260416666667 10.994801962067763 14.659735949423682
0 61.669921875 33.85416666666667 9.841623227903504 13.122164303871338
0 66.50390625 29.4921875 9.185740321833748 12.247653762444997
0 73.291015625 26.7578125 8.749555167743805 11.66607355699174
0 78.125 25.130208333333332 8.479274895904423 11.305699861205897
0 92.87109375 20.703125 7.6962403643301345 10.261653819106845
0 80.810546875 24.609375 8.39094670707246 11.187928942763282
0 69.873046875 24.348958333333336 8.346432086900233 11.128576115866979
0 80.322265625 27.1484375 8.81318913463968 11.750918846186241
0 65.4296875 26.3671875 8.685454999241765 11.580606665655687
0 57.51953125 25.911458333333332 8.610068346964042 11.480091129285388
0 55.37109375 32.94270833333333 9.708235913444133 12.944314551258843
0 47.75390625 21.744791666666664 7.887480458569388 10.51664061142585
0 52.490234375 18.9453125 7.3622668956389274 9.816355860851903
0 55.56640625 22.786458333333336 8.074192233473482 10.765589644631309
0 60.400390625 17.7734375 7.130933499479933 9.50791133263991
0 52.099609375 15.690104166666666 6.699981201202437 8.933308268269917
0 42.333984375 15.4296875 6.644147051109997 8.858862734813329
0 54.443359375 14.2578125 6.386855937639267 8.515807916852356
0 65.0390625 16.861979166666664 6.945682786096826 9.260910381462436
0 59.5703125 20.052083333333336 7.574263699945591 10.099018266594122
0 65.234375 21.875 7.911060422861158 10.548080563814876
0 58.30078125 23.307291666666664 8.165947363439729 10.88792981791964
0 66.9921875 16.471354166666664 6.864759447755123 9.15301259700683
0 70.361328125 20.703125 7.6962403643301345 10.261653819106845
0 77.63671875 21.614583333333336 7.863829789260941 10.485106385681254
0 70.361328125 15.299479166666666 6.61605328023645 8.821404373648601
0 56.34765625 16.2109375 6.810276368536802 9.080368491382403
0 73.095703125 16.9921875 6.972448522214271 9.296598029619028
0 81.982421875 18.424479166666664 7.2603620931215325 9.680482790828709
0 74.21875 21.484375 7.840107775064166 10.453477033418888
0 81.005859375 20.963541666666664 7.7444931277157725 10.325990836954363
0 75.48828125 24.739583333333336 8.413115693414442 11.217487591219255
0 75.87890625 16.6015625 6.891839471823862 9.189119295765149
0 82.763671875 23.177083333333336 8.143105507889608 10.857474010519478
0 88.818359375 19.205729166666664 7.412693970636669 9.883591960848893
0 78.125 17.3828125 7.052136235529384 9.40284831403918
0 98.583984375 24.348958333333336 8.346432086900233 11.128576115866979
0 12.5 25.911458333333332 8.610068346964042 11.480091129285388
0 13.330078125 26.3671875 8.685454999241765 11.580606665655687
0 30.46875 23.4375 8.188725503539269 10.918300671385692
0 38.76953125 21.09375 7.768507117527988 10.358009490037318
0 94.23828125 24.088541666666664 8.301678777304348 11.068905036405797
0 84.1796875 20.572916666666664 7.672000176987631 10.229333569316841
0 76.171875 18.5546875 7.28597191547444 9.714629220632586
0 93.06640625 27.669270833333332 8.897326499702912 11.863101999603883
0 72.509765625 19.921875 7.549631882844837 10.066175843793117
0 87.59765625 23.177083333333336 8.143105507889608 10.857474010519478
0 99.267578125 36.06770833333333 10.158274522151634 13.544366029535512
