0 2.392578125 19.791666666666664 7.524919437217989 10.033225916290652
0 5.810546875 20.8984375 7.732458166088822 10.309944221451763
0 6.15234375 18.9453125 7.3622668956389274 9.816355860851903
0 8.0078125 18.684895833333336 7.311492035346033 9.748656047128044
0 10.546875 18.033854166666664 7.182984799767957 9.577313066357275
0 9.716796875 19.140625 7.400119417103358 9.866825889471144
0 17.138671875 16.080729166666664 6.782870718656271 9.043827624875028
0 15.185546875 20.1171875 7.586549618320344 10.115399491093791
0 16.796875 19.7265625 7.512532730158185 10.01671030687758
0 19.82421875 16.731770833333336 6.9188135063199665 9.225084675093289
0 21.19140625 16.276041666666664 6.823937919616058 9.09858389282141
0 20.947265625 18.229166666666664 7.221777078979024 9.629036105305365
0 19.287109375 22.0703125 7.946299173761924 10.595065565015899
0 13.427734375 26.171875 8.653226854710587 11.537635806280782
0 20.068359375 27.34375 8.84483443981289 11.793112586417188
0 11.669921875 33.7890625 9.832155574699105 13.109540766265473
0 22.8515625 35.546875 10.084662867345157 13.44621715646021
0 3.466796875 40.49479166666667 10.763667046233154 14.351556061644205
0 1.416015625 51.432291666666664 12.130497384247919 16.17399651233056
0 22.998046875 49.4140625 11.89011214525034 15.853482860333786
0 30.17578125 67.05729166666666 13.851081198620872 18.46810826482783
0 2.197265625 71.41927083333334 14.29448050369918 19.059307338265576
0 43.212890625 80.859375 15.2098825614955 20.279843415327335
0 39.306640625 71.22395833333334 14.274921342195434 19.033228456260577
0 45.1171875 53.385416666666664 12.358677204172722 16.478236272230294
0 23.388671875 17.578125 7.091644310682526 9.455525747576702
0 25.146484375 16.015625 6.7691262856502785 9.025501714200372
0 26.416015625 16.276041666666664 6.823937919616058 9.09858389282141
0 26.904296875 19.270833333333336 7.425247229367944 9.900329639157258
0 24.658203125 19.3359375 7.437779301119349 9.917039068159132
0 25.634765625 23.372395833333336 8.177344364608315 10.903125819477753
0 29.736328125 17.1875 7.012405574387241 9.349874099182989
0 30.810546875 18.033854166666664 7.182984799767957 9.577313066357275
0 31.8359375 17.96875 7.170007400189656 9.56000986691954
0 32.51953125 20.247395833333336 7.611061958825638 10.148082611767517
0 29.833984375 21.744791666666664 7.887480458569388 10.51664061142585
0 35.05859375 16.666666666666664 6.905339660024879 9.207119546699838
0 33.3984375 17.513020833333336 7.0784994535786145 9.437999271438152
0 36.962890625 16.080729166666664 6.782870718656271 9.043827624875028
0 37.353515625 20.442708333333336 7.647683158045451 10.196910877393934
0 38.76953125 16.080729166666664 6.782870718656271 9.043827624875028
0 40.966796875 18.424479166666664 7.2603620931215325 9.680482790828709
0 39.74609375 23.177083333333336 8.143105507889608 10.857474010519478
0 40.087890625 27.734375 8.907787792557633 11.877050390076842
0 34.765625 30.859375 9.396242870080965 12.52832382677462
0 40.771484375 33.59375 9.803697756475225 13.071597008633635
0 40.380859375 42.51302083333333 11.02863220189981 14.704842935866417
0 42.67578125 16.276041666666664 6.823937919616058 9.09858389282141
0 43.701171875 18.033854166666664 7.182984799767957 9.577313066357275
0 45.1171875 16.080729166666664 6.782870718656271 9.043827624875028
0 46.923828125 18.229166666666664 7.221777078979024 9.629036105305365
0 48.046875 19.140625 7.400119417103358 9.866825889471144
0 46.77734375 21.744791666666664 7.887480458569388 10.51664061142585
0 49.560546875 27.5390625 8.876366926421502 11.835155901895336
0 52.294921875 14.322916666666666 6.401421192444773 8.53522825659303
0 53.61328125 17.1875 7.012405574387241 9.349874099182989
0 51.708984375 16.9921875 6.972448522214271 9.296598029619028
0 56.494140625 14.778645833333334 6.502464524127966 8.669952698837287
0 59.326171875 15.559895833333334 6.672122530845778 8.896163374461038
0 56.494140625 19.270833333333336 7.425247229367944 9.900329639157258
0 58.203125 21.028645833333336 7.756509415978292 10.342012554637723
0 55.908203125 24.674479166666664 8.402038511923953 11.202718015898604
0 58.30078125 31.640625 9.51443925056146 12.685919000748614
0 56.54296875 38.671875 10.518608361580863 14.024811148774482
0 59.814453125 41.2109375 10.85842704752026 14.477902730027015
0 61.767578125 48.828125 11.819407184470878 15.759209579294502
0 61.083984375 17.96875 7.170007400189656 9.56000986691954
0 67.236328125 18.229166666666664 7.221777078979024 9.629036105305365
0 64.990234375 18.815104166666664 7.336923388776433 9.782564518368577
0 69.873046875 22.721354166666664 8.062649422377262 10.75019922983635
0 66.259765625 23.372395833333336 8.177344364608315 10.903125819477753
0 64.84375 27.083333333333332 8.802615418613255 11.736820558151006
0 72.509765625 16.2109375 6.810276368536802 9.080368491382403
0 73.14453125 17.122395833333336 6.9991119025755095 9.332149203434014
0 73.92578125 18.424479166666664 7.2603620931215325 9.680482790828709
0 76.26953125 17.122395833333336 6.9991119025755095 9.332149203434014
0 78.3203125 17.578125 7.091644310682526 9.455525747576702
0 79.833984375 18.9453125 7.3622668956389274 9.816355860851903
0 75.78125 21.744791666666664 7.887480458569388 10.51664061142585
0 80.6640625 22.721354166666664 8.062649422377262 10.75019922983635
0 77.978515625 24.348958333333336 8.346432086900233 11.128576115866979
0 76.66015625 28.190104166666668 8.980675640601907 11.974234187469209
0 73.4375 33.33333333333333 9.765625 13.020833333333334
0 71.97265625 39.32291666666667 10.606779295033428 14.142372393377903
0 77.978515625 47.52604166666667 11.660750228602783 15.547666971470377
0 77.490234375 60.026041666666664 13.104803804677667 17.473071739570223
0 84.9609375 22.786458333333336 8.074192233473482 10.765589644631309
0 87.646484375 22.591145833333336 8.039514082226251 10.719352109635
0 88.37890625 24.283854166666664 8.33526628646708 11.113688381956106
0 91.162109375 24.088541666666664 8.301678777304348 11.068905036405797
0 91.796875 27.994791666666668 8.94951068030712 11.932680907076158
0 86.5234375 26.627604166666668 8.728240750778255 11.637654334371007
0 88.28125 29.1015625 9.124704826492952 12.166273101990603
0 86.1328125 34.11458333333333 9.87940311049722 13.17253748066296
0 88.0859375 37.95572916666667 10.420758715187912 13.894344953583882
0 90.72265625 42.05729166666667 10.969360812751116 14.62581441700149
0 82.51953125 40.29947916666667 10.737678274999501 14.316904366666003
0 94.287109375 50.9765625 12.076635093633655 16.10218012484487
0 96.38671875 22.591145833333336 8.039514082226251 10.719352109635
0 98.2421875 30.208333333333332 9.296598029619028 12.395464039492039
0 99.0234375 36.39322916666667 10.204012144348443 13.605349525797925
0 95.263671875 37.5 10.358009490037318 13.810679320049758
0 98.53515625 65.55989583333334 13.695560102732468 18.26074680364329
0 93.310546875 21.940104166666664 7.92282408798045 10.5637654506406
0 95.3125 21.484375 7.840107775064166 10.453477033418888
0 94.287109375 24.0234375 8.290452702152177 11.053936936202902
0 97.705078125 21.2890625 7.804389558437758 10.405852744583676
0 98.14453125 23.697916666666664 8.234092750996119 10.978790334661493
0 90.0390625 18.619791666666664 7.298743129334349 9.731657505779133
0 91.89453125 19.596354166666664 7.487697843252746 9.983597124336994
0 91.2109375 21.09375 7.768507117527988 10.358009490037318
0 83.88671875 18.489583333333336 7.273178276253042 9.697571035004056
0 84.716796875 18.880208333333336 7.349606066157407 9.799474754876544
0 86.181640625 19.140625 7.400119417103358 9.866825889471144
0 82.12890625 18.424479166666664 7.2603620931215325 9.680482790828709
0 3.02734375 24.088541666666664 8.301678777304348 11.068905036405797
0 4.98046875 22.200520833333336 7.969705113037473 10.626273484049964
0 7.763671875 24.0234375 8.290452702152177 11.053936936202902
0 4.00390625 26.953125 8.78142979122202 11.708573054962693
0 4.98046875 27.5390625 8.876366926421502 11.835155901895336
0 9.86328125 29.557291666666668 9.195873518871684 12.261164691828911
0 5.615234375 58.138020833333336 12.897062139352686 17.196082852470248
0 24.70703125 60.677083333333336 13.175679409742983 17.567572546323976
0 27.294921875 58.854166666666664 12.976252212810852 17.301669617081135
0 44.3359375 90.88541666666666 16.125298844754525 21.5003984596727
0 21.6796875 38.80208333333333 10.536301575703167 14.048402100937555
0 19.970703125 24.088541666666664 8.301678777304348 11.068905036405797
0 22.0703125 24.283854166666664 8.33526628646708 11.113688381956106
0 13.28125 19.596354166666664 7.487697843252746 9.983597124336994
0 18.310546875 18.033854166666664 7.182984799767957 9.577313066357275
0 22.36328125 20.833333333333336 7.720404443770458 10.293872591693944
0 31.54296875 23.046875 8.120199399200482 10.82693253226731
0 30.810546875 24.0234375 8.290452702152177 11.053936936202902
0 27.294921875 23.046875 8.120199399200482 10.82693253226731
0 28.22265625 26.497395833333332 8.706874156303165 11.609165541737553
0 34.47265625 19.3359375 7.437779301119349 9.917039068159132
0 35.888671875 19.140625 7.400119417103358 9.866825889471144
0 37.79296875 26.302083333333332 8.674725588105405 11.56630078414054
0 47.0703125 25.651041666666668 8.566692411876344 11.422256549168457
0 44.82421875 34.24479166666667 9.898238977189243 13.197651969585658
0 51.123046875 30.989583333333332 9.416045300623482 12.554727067497975
0 43.017578125 40.625 10.780958088779109 14.374610785038813
0 42.431640625 46.35416666666667 11.516090249092533 15.354786998790045
0 49.51171875 19.270833333333336 7.425247229367944 9.900329639157258
0 51.123046875 19.791666666666664 7.524919437217989 10.033225916290652
0 48.92578125 21.940104166666664 7.92282408798045 10.5637654506406
0 50.48828125 22.330729166666664 7.993042513249997 10.657390017666662
0 55.517578125 22.135416666666664 7.958010748538389 10.610680998051187
0 54.296875 24.348958333333336 8.346432086900233 11.128576115866979
0 60.595703125 23.046875 8.120199399200482 10.82693253226731
0 56.689453125 27.34375 8.84483443981289 11.793112586417188
0 58.7890625 26.236979166666668 8.66398288975732 11.551977186343091
0 65.33203125 30.794270833333332 9.386325988299376 12.515101317732501
0 59.912109375 34.89583333333333 9.991885707852113 13.322514277136149
0 62.40234375 36.58854166666667 10.231356576074347 13.641808768099132
0 69.7265625 41.2109375 10.85842704752026 14.477902730027015
0 74.560546875 50.78125 12.053477574543152 16.0713034327242
0 73.6328125 52.34375 12.237510776222791 16.31668103496372
0 74.21875 30.598958333333332 9.35651227829339 12.475349704391189
0 76.513671875 32.8125 9.689030680168178 12.918707573557572
0 86.669921875 45.37760416666667 11.394137391720257 15.192183188960342
0 89.453125 46.15885416666667 11.491803212745808 15.322404283661076
0 90.91796875 54.427083333333336 12.478667175452193 16.638222900602926
0 92.28515625 56.4453125 12.707924080601204 16.94389877413494
0 97.0703125 41.92708333333333 10.952367214920875 14.603156286561166
0 95.263671875 44.46614583333333 11.279125129746294 15.038833506328391
0 91.89453125 33.59375 9.803697756475225 13.071597008633635
0 97.265625 34.44010416666667 9.926425761285763 13.235234348381017
0 85.15625 28.841145833333332 9.083786661460703 12.11171554861427
0 76.5625 25.9765625 8.620878229873984 11.494504306498644
0 80.76171875 24.674479166666664 8.402038511923953 11.202718015898604
0 84.375 25.0 8.457279333832409 11.276372445109878
0 64.208984375 21.549479166666664 7.85197774064246 10.469303654189947
0 59.814453125 20.572916666666664 7.672000176987631 10.229333569316841
0 58.544921875 17.578125 7.091644310682526 9.455525747576702
0 59.619140625 17.513020833333336 7.0784994535786145 9.437999271438152
0 45.361328125 18.033854166666664 7.182984799767957 9.577313066357275
