0 87.109375 37.43489583333333 10.349014256477766 13.798685675303688
0 79.58984375 19.661458333333336 7.500125566067204 10.00016742142294
0 54.052734375 18.489583333333336 7.273178276253042 9.697571035004056
0 42.431640625 23.307291666666664 8.165947363439729 10.88792981791964
0 26.7578125 36.71875 10.24954566879069 13.66606089172092
0 17.08984375 35.9375 10.139921707663666 13.51989561021822
0 17.48046875 27.473958333333332 8.865868558553435 11.821158078071248
0 10.83984375 20.5078125 7.659851317145468 10.21313508952729
0 11.474609375 33.59375 9.803697756475225 13.071597008633635
0 7.275390625 28.7109375 9.063258303782652 12.084344405043536
0 23.388671875 17.447916666666664 7.065330140863174 9.420440187817565
