0 99.169921875 58.7890625 12.969073096237658 17.29209746165021
0 59.66796875 89.32291666666666 15.986085026499994 21.314780035333325
0 22.607421875 94.20572916666666 16.41720905311617 21.88961207082156
0 16.845703125 57.747395833333336 12.853661919343681 17.13821589245824
0 57.568359375 61.9140625 13.309303275974441 17.745737701299255
0 23.14453125 39.77864583333333 10.668065364348472 14.224087152464628
0 41.2109375 33.65885416666667 9.813192865486773 13.084257153982362
0 28.369140625 23.372395833333336 8.177344364608315 10.903125819477753
0 24.169921875 26.822916666666668 8.760192928715409 11.680257238287211
0 14.111328125 21.744791666666664 7.887480458569388 10.51664061142585
0 32.177734375 20.572916666666664 7.672000176987631 10.229333569316841
0 26.025390625 15.169270833333334 6.587839704871492 8.783786273161988
0 16.455078125 15.8203125 6.72772451325946 8.970299351012613
0 36.23046875 17.578125 7.091644310682526 9.455525747576702
0 41.9921875 15.690104166666666 6.699981201202437 8.933308268269917
0 20.263671875 16.015625 6.7691262856502785 9.025501714200372
0 1.806640625 19.140625 7.400119417103358 9.866825889471144
0 4.6875 19.010416666666664 7.37490598974278 9.833207986323707
0 6.640625 19.53125 7.475249459177179 9.966999278902906
0 7.958984375 18.619791666666664 7.298743129334349 9.731657505779133
0 8.837890625 23.697916666666664 8.234092750996119 10.978790334661493
0 10.83984375 21.744791666666664 7.887480458569388 10.51664061142585
0 27.197265625 17.3828125 7.052136235529384 9.40284831403918
0 38.720703125 17.3828125 7.052136235529384 9.40284831403918
0 45.8984375 17.057291666666664 6.985792933508055 9.31439057801074
0 35.15625 16.015625 6.7691262856502785 9.025501714200372
0 50.634765625 19.856770833333336 7.537285788103314 10.049714384137753
0 30.712890625 16.731770833333336 6.9188135063199665 9.225084675093289
0 45.1171875 21.223958333333336 7.792447103762027 10.389929471682702
0 50.732421875 14.2578125 6.386855937639267 8.515807916852356
0 61.62109375 22.330729166666664 7.993042513249997 10.657390017666662
0 61.328125 13.020833333333334 6.103515625 8.138020833333332
0 54.541015625 13.216145833333334 6.149121606326259 8.198828808435012
0 70.361328125 26.497395833333332 8.706874156303165 11.609165541737553
0 75.48828125 32.09635416666667 9.58271390875707 12.77695187834276
0 52.978515625 17.3828125 7.052136235529384 9.40284831403918
0 60.83984375 16.731770833333336 6.9188135063199665 9.225084675093289
0 68.26171875 15.690104166666666 6.699981201202437 8.933308268269917
0 56.640625 19.53125 7.475249459177179 9.966999278902906
0 0.244140625 18.489583333333336 7.273178276253042 9.697571035004056
0 40.283203125 16.2109375 6.810276368536802 9.080368491382403
0 58.056640625 15.299479166666666 6.61605328023645 8.821404373648601
0 66.845703125 16.731770833333336 6.9188135063199665 9.225084675093289
0 64.208984375 18.489583333333336 7.273178276253042 9.697571035004056
0 65.673828125 15.690104166666666 6.699981201202437 8.933308268269917
0 71.142578125 20.703125 7.6962403643301345 10.261653819106845
0 78.759765625 28.580729166666668 9.042683343523592 12.056911124698123
0 85.9375 27.864583333333332 8.928673607377803 11.904898143170405
0 96.044921875 35.7421875 10.11233003282525 13.483106710433667
0 89.35546875 27.213541666666668 8.823750179932228 11.765000239909636
0 81.25 19.661458333333336 7.500125566067204 10.00016742142294
0 73.92578125 16.015625 6.7691262856502785 9.025501714200372
0 78.759765625 22.330729166666664 7.993042513249997 10.657390017666662
0 90.91796875 19.856770833333336 7.537285788103314 10.049714384137753
0 99.4140625 33.26822916666667 9.756083595670033 13.008111460893376
0 79.6875 17.252604166666664 7.025674092542321 9.367565456723094
0 76.025390625 19.140625 7.400119417103358 9.866825889471144
0 83.59375 21.614583333333336 7.863829789260941 10.485106385681254
0 84.66796875 17.252604166666664 7.025674092542321 9.367565456723094
0 91.69921875 25.5859375 8.555814067917595 11.407752090556793
0 94.482421875 22.135416666666664 7.958010748538389 10.610680998051187
0 98.14453125 21.223958333333336 7.792447103762027 10.389929471682702
0 99.169921875 26.171875 8.653226854710587 11.537635806280782
0 24.169921875 17.578125 7.091644310682526 9.455525747576702
0 90.673828125 34.89583333333333 9.991885707852113 13.322514277136149
0 86.474609375 23.372395833333336 8.177344364608315 10.903125819477753
