0 78.466796875 60.286458333333336 13.133199945892343 17.51093326118979
0 21.875 50.0 11.960399134683488 15.947198846244651
0 29.1015625 30.338541666666668 9.316612257369233 12.42214967649231
0 10.05859375 31.0546875 9.425930915210266 12.567907886947022
0 1.513671875 38.671875 10.518608361580863 14.024811148774482
0 33.10546875 18.294270833333336 7.234661615679748 9.646215487572997
0 22.265625 23.2421875 8.154534433525017 10.872712578033356
0 33.0078125 22.721354166666664 8.062649422377262 10.75019922983635
0 60.791015625 23.828125 8.256682897014576 11.008910529352768
0 42.431640625 22.0703125 7.946299173761924 10.595065565015899
0 38.818359375 16.015625 6.7691262856502785 9.025501714200372
0 44.970703125 15.494791666666666 6.658149484030587 8.877532645374115
0 36.62109375 16.6015625 6.891839471823862 9.189119295765149
0 19.677734375 18.619791666666664 7.298743129334349 9.731657505779133
0 29.98046875 16.341145833333336 6.837572174807153 9.116762899742872
0 24.267578125 16.341145833333336 6.837572174807153 9.116762899742872
0 12.548828125 18.294270833333336 7.234661615679748 9.646215487572997
0 5.517578125 21.158854166666664 7.780486318348366 10.373981757797822
0 13.037109375 21.419270833333336 7.828219811023351 10.437626414697803
0 1.220703125 19.53125 7.475249459177179 9.966999278902906
0 88.0859375 29.557291666666668 9.195873518871684 12.261164691828911
0 73.6328125 33.26822916666667 9.756083595670033 13.008111460893376
0 69.62890625 29.166666666666668 9.134905729428569 12.17987430590476
0 12.158203125 25.130208333333332 8.479274895904423 11.305699861205897
0 97.900390625 31.575520833333332 9.50464569238125 12.672860923174998
0 90.478515625 24.088541666666664 8.301678777304348 11.068905036405797
0 78.271484375 21.419270833333336 7.828219811023351 10.437626414697803
0 71.533203125 19.401041666666664 7.450290292806215 9.933720390408286
0 75.927734375 16.731770833333336 6.9188135063199665 9.225084675093289
0 82.861328125 21.809895833333336 7.8992792392241125 10.532372318965482
0 89.794921875 19.661458333333336 7.500125566067204 10.00016742142294
