0 88.134765625 90.16927083333334 16.061642293628868 21.41552305817182
0 53.173828125 88.93229166666666 15.951091730190406 21.268122306920542
0 33.544921875 63.997395833333336 13.531371629269632 18.041828839026174
0 63.427734375 61.71875 13.288294102219997 17.717725469626664
0 86.03515625 62.434895833333336 13.365166284459344 17.820221712612458
0 76.46484375 53.059895833333336 12.320940697135223 16.427920929513633
0 66.064453125 41.2109375 10.85842704752026 14.477902730027015
0 51.07421875 48.30729166666667 11.756201345372451 15.674935127163266
0 34.66796875 42.90364583333333 11.079183874921476 14.772245166561968
0 22.705078125 51.3671875 12.122817423120853 16.16375656416114
0 5.712890625 57.356770833333336 12.810114661752536 17.080152882336716
0 12.98828125 38.73697916666667 10.527458685705774 14.036611580941033
0 32.51953125 35.67708333333333 10.103116062772735 13.470821417030313
0 48.779296875 38.60677083333333 10.509750584547465 14.01300077939662
0 59.9609375 36.78385416666667 10.258628121320564 13.678170828427419
0 79.931640625 41.2109375 10.85842704752026 14.477902730027015
0 92.626953125 44.921875 11.336777112430854 15.11570281657447
0 92.28515625 54.622395833333336 12.501037077797877 16.668049437063836
0 99.4140625 42.31770833333333 11.00326927326657 14.671025697688759
0 86.71875 39.0625 10.57159916729051 14.095465556387346
0 91.943359375 30.794270833333332 9.386325988299376 12.515101317732501
0 74.0234375 31.510416666666668 9.494842032534208 12.659789376712277
0 62.5 30.338541666666668 9.316612257369233 12.42214967649231
0 51.171875 28.645833333333332 9.052976668817948 12.07063555842393
0 33.203125 28.3203125 9.001392336274797 12.001856448366395
0 18.994140625 27.5390625 8.876366926421502 11.835155901895336
0 11.865234375 28.450520833333332 9.02206146184966 12.029415282466214
0 4.58984375 29.6875 9.216106488367615 12.288141984490153
0 37.6953125 22.135416666666664 7.958010748538389 10.610680998051187
0 26.513671875 22.916666666666664 8.097228492078614 10.796304656104818
0 55.56640625 22.591145833333336 8.039514082226251 10.719352109635
