0 99.560546875 39.12760416666667 10.580405165624827 14.107206887499771
0 87.744140625 30.859375 9.396242870080965 12.52832382677462
0 47.16796875 28.450520833333332 9.02206146184966 12.029415282466214
0 22.8515625 44.07552083333333 11.229473567489073 14.972631423318763
0 20.80078125 34.5703125 9.945172568847854 13.26023009179714
0 26.85546875 23.177083333333336 8.143105507889608 10.857474010519478
0 14.794921875 20.572916666666664 7.672000176987631 10.229333569316841
0 8.49609375 19.3359375 7.437779301119349 9.917039068159132
0 12.98828125 18.489583333333336 7.273178276253042 9.697571035004056
0 22.509765625 15.885416666666666 6.741553355216833 8.988737806955777
0 35.05859375 15.950520833333334 6.755353888299149 9.0071385177322
0 46.77734375 20.963541666666664 7.7444931277157725 10.325990836954363
0 38.0859375 14.973958333333334 6.545291317604741 8.727055090139656
0 47.265625 15.885416666666666 6.741553355216833 8.988737806955777
0 32.373046875 15.885416666666666 6.741553355216833 8.988737806955777
0 33.349609375 17.708333333333336 7.117861199762329 9.490481599683106
0 58.935546875 16.861979166666664 6.945682786096826 9.260910381462436
0 67.28515625 16.2109375 6.810276368536802 9.080368491382403
0 80.029296875 24.8046875 8.424178309229896 11.23223774563986
0 80.322265625 20.963541666666664 7.7444931277157725 10.325990836954363
0 96.875 20.963541666666664 7.7444931277157725 10.325990836954363
0 82.861328125 19.466145833333336 7.462780310447684 9.950373747263578
0 99.31640625 32.35677083333333 9.621510480001493 12.828680640001991
0 57.12890625 13.671875 6.254242410864013 8.338989881152017
0 26.66015625 15.559895833333334 6.672122530845778 8.896163374461038
