0 86.279296875 18.098958333333336 7.195938795502683 9.594585060670244
0 77.5390625 17.447916666666664 7.065330140863174 9.420440187817565
0 85.302734375 20.247395833333336 7.611061958825638 10.148082611767517
0 91.357421875 23.502604166666664 8.200090846279542 10.933454461706056
0 99.21875 21.354166666666664 7.816313766397521 10.421751688530028
0 84.814453125 24.348958333333336 8.346432086900233 11.128576115866979
0 74.951171875 25.325520833333332 8.512161670520847 11.349548894027794
0 81.25 19.596354166666664 7.487697843252746 9.983597124336994
0 72.998046875 18.098958333333336 7.195938795502683 9.594585060670244
0 32.861328125 16.145833333333336 6.796587356970242 9.062116475960323
0 73.33984375 16.145833333333336 6.796587356970242 9.062116475960323
0 38.525390625 15.950520833333334 6.755353888299149 9.0071385177322
0 69.287109375 15.299479166666666 6.61605328023645 8.821404373648601
0 1.171875 19.596354166666664 7.487697843252746 9.983597124336994
0 7.568359375 18.098958333333336 7.195938795502683 9.594585060670244
