0 48.046875 85.546875 15.644538107881223 20.85938414384163
0 2.685546875 75.52083333333334 14.699212132314814 19.598949509753087
0 0.830078125 56.315104166666664 12.693258266043348 16.924344354724465
0 13.818359375 43.75 11.187928942763282 14.917238590351042
0 5.029296875 37.76041666666667 10.393912576859377 13.85855010247917
0 9.9609375 34.765625 9.973226707988399 13.297635610651199
0 7.470703125 30.013020833333332 9.266495636406846 12.35532751520913
0 4.541015625 27.213541666666668 8.823750179932228 11.765000239909636
0 21.044921875 39.90885416666667 10.685511108405517 14.24734814454069
0 23.33984375 47.78645833333333 11.69265384562257 15.590205127496759
0 25.1953125 57.682291666666664 12.846414294341546 17.128552392455397
0 46.484375 58.203125 12.904281318277572 17.205708424370094
0 47.412109375 72.4609375 14.398347304791809 19.197796406389077
0 63.623046875 55.598958333333336 12.612291454938857 16.816388606585143
0 60.83984375 44.79166666666667 11.320335077509403 15.093780103345871
0 41.015625 46.54947916666667 11.54032617260073 15.38710156346764
0 41.064453125 36.84895833333333 10.267702539831983 13.690270053109312
0 44.091796875 31.184895833333332 9.445671106287941 12.594228141717254
0 48.828125 30.143229166666668 9.286574740419274 12.382099653892366
0 38.0859375 27.018229166666668 8.792028986137655 11.722705314850208
0 29.541015625 28.450520833333332 9.02206146184966 12.029415282466214
0 24.51171875 31.25 9.4555257475767 12.607367663435602
0 69.7265625 41.92708333333333 10.952367214920875 14.603156286561166
0 75.439453125 49.54427083333333 11.905767335895483 15.874356447860643
0 85.25390625 60.677083333333336 13.175679409742983 17.567572546323976
0 95.1171875 58.3984375 12.925914663420027 17.234552884560035
0 87.841796875 43.5546875 11.162927952985768 14.883903937314358
0 94.7265625 40.55989583333333 10.77231603681811 14.363088049090814
0 83.7890625 37.43489583333333 10.349014256477766 13.798685675303688
0 87.59765625 35.41666666666667 10.066175843793117 13.421567791724156
0 72.75390625 35.09114583333333 10.019809057239993 13.359745409653323
0 75.5859375 30.859375 9.396242870080965 12.52832382677462
0 67.236328125 30.6640625 9.366460725843998 12.48861430112533
0 60.64453125 33.984375 9.860531263063667 13.147375017418222
0 57.421875 36.328125 10.194881035455362 13.593174713940485
0 57.666015625 27.5390625 8.876366926421502 11.835155901895336
0 59.033203125 22.981770833333336 8.108722079825698 10.811629439767596
0 65.478515625 25.78125 8.588407763348565 11.451210351131419
0 70.1171875 24.283854166666664 8.33526628646708 11.113688381956106
0 75.78125 24.479166666666664 8.36871899463018 11.15829199284024
0 79.1015625 27.5390625 8.876366926421502 11.835155901895336
0 85.83984375 28.385416666666668 9.011732824849489 12.015643766465985
0 89.55078125 32.29166666666667 9.611826018080825 12.815768024107768
0 98.73046875 35.41666666666667 10.066175843793117 13.421567791724156
0 99.267578125 29.427083333333332 9.175595934065496 12.234127912087327
0 98.876953125 24.739583333333336 8.413115693414442 11.217487591219255
0 92.7734375 22.591145833333336 8.039514082226251 10.719352109635
0 91.9921875 28.90625 9.094033462982996 12.125377950643994
0 46.2890625 25.260416666666668 8.501213548086012 11.334951397448016
0 48.193359375 20.1171875 7.586549618320344 10.115399491093791
0 50.390625 14.778645833333334 6.502464524127966 8.669952698837287
0 39.990234375 22.200520833333336 7.969705113037473 10.626273484049964
0 33.203125 19.596354166666664 7.487697843252746 9.983597124336994
0 24.853515625 20.833333333333336 7.720404443770458 10.293872591693944
0 19.7265625 22.981770833333336 8.108722079825698 10.811629439767596
0 20.01953125 28.580729166666668 9.042683343523592 12.056911124698123
0 1.220703125 27.473958333333332 8.865868558553435 11.821158078071248
0 6.005859375 20.833333333333336 7.720404443770458 10.293872591693944
0 8.59375 23.111979166666664 8.131660519088275 10.842214025451032
0 8.251953125 18.294270833333336 7.234661615679748 9.646215487572997
0 2.001953125 19.270833333333336 7.425247229367944 9.900329639157258
0 15.13671875 16.6015625 6.891839471823862 9.189119295765149
0 10.986328125 18.880208333333336 7.349606066157407 9.799474754876544
0 17.7734375 16.6015625 6.891839471823862 9.189119295765149
0 17.578125 20.963541666666664 7.7444931277157725 10.325990836954363
0 19.873046875 19.596354166666664 7.487697843252746 9.983597124336994
0 24.12109375 18.033854166666664 7.182984799767957 9.577313066357275
0 22.75390625 16.927083333333336 6.959078522333606 9.278771363111476
0 25.390625 16.731770833333336 6.9188135063199665 9.225084675093289
0 27.1484375 17.643229166666664 7.104764847914316 9.473019797219088
0 29.8828125 16.080729166666664 6.782870718656271 9.043827624875028
0 33.10546875 15.494791666666666 6.658149484030587 8.877532645374115
0 37.744140625 16.2109375 6.810276368536802 9.080368491382403
0 40.625 17.122395833333336 6.9991119025755095 9.332149203434014
0 43.5546875 16.927083333333336 6.959078522333606 9.278771363111476
0 46.2890625 17.122395833333336 6.9991119025755095 9.332149203434014
0 55.078125 14.127604166666666 6.3576253222655215 8.476833763020695
0 56.640625 15.299479166666666 6.61605328023645 8.821404373648601
0 58.984375 17.252604166666664 7.025674092542321 9.367565456723094
0 64.74609375 17.513020833333336 7.0784994535786145 9.437999271438152
0 67.08984375 15.494791666666666 6.658149484030587 8.877532645374115
0 70.01953125 18.294270833333336 7.234661615679748 9.646215487572997
0 76.85546875 17.317708333333336 7.038917599286375 9.385223465715166
0 78.369140625 20.768229166666664 7.708331872750909 10.277775830334546
0 80.810546875 18.880208333333336 7.349606066157407 9.799474754876544
0 84.814453125 24.283854166666664 8.33526628646708 11.113688381956106
0 88.818359375 23.502604166666664 8.200090846279542 10.933454461706056
0 41.162109375 49.34895833333333 11.882276815143912 15.843035753525218
0 87.5 46.61458333333333 11.548393511001283 15.397858014668378
0 76.07421875 53.645833333333336 12.388783648794213 16.518378198392284
0 27.1484375 60.3515625 13.140289393073113 17.520385857430817
