0 94.482421875 43.09895833333333 11.10437341226822 14.805831216357626
0 83.7890625 57.03125 12.773711875278535 17.031615833704713
0 86.42578125 35.22135416666667 10.038381471800859 13.384508629067811
0 94.921875 32.09635416666667 9.58271390875707 12.77695187834276
0 89.16015625 31.25 9.4555257475767 12.607367663435602
0 79.541015625 25.5859375 8.555814067917595 11.407752090556793
0 98.876953125 31.4453125 9.485028239697298 12.646704319596397
0 96.97265625 23.567708333333336 8.211440458419013 10.948587277892017
0 88.671875 24.934895833333336 8.446260072691679 11.26168009692224
0 79.541015625 18.619791666666664 7.298743129334349 9.731657505779133
0 99.462890625 21.354166666666664 7.816313766397521 10.421751688530028
0 87.109375 16.731770833333336 6.9188135063199665 9.225084675093289
0 95.8984375 20.052083333333336 7.574263699945591 10.099018266594122
0 88.427734375 18.815104166666664 7.336923388776433 9.782564518368577
0 93.994140625 20.247395833333336 7.611061958825638 10.148082611767517
0 78.7109375 15.494791666666666 6.658149484030587 8.877532645374115
0 67.578125 23.828125 8.256682897014576 11.008910529352768
0 62.255859375 15.0390625 6.559504779115197 8.746006372153596
0 72.314453125 17.057291666666664 6.985792933508055 9.31439057801074
0 65.673828125 15.169270833333334 6.587839704871492 8.783786273161988
0 57.03125 13.411458333333334 6.194391824397107 8.259189099196142
0 51.220703125 21.158854166666664 7.780486318348366 10.373981757797822
0 57.275390625 40.10416666666667 10.711626449453275 14.282168599271033
0 58.935546875 17.513020833333336 7.0784994535786145 9.437999271438152
0 46.240234375 13.932291666666666 6.313525654778199 8.418034206370931
0 39.35546875 24.348958333333336 8.346432086900233 11.128576115866979
0 50.048828125 12.3046875 5.933295317145868 7.911060422861158
0 34.86328125 15.8203125 6.72772451325946 8.970299351012613
0 46.728515625 17.708333333333336 7.117861199762329 9.490481599683106
0 28.61328125 33.46354166666667 9.784679896167846 13.046239861557126
0 32.861328125 14.84375 6.516771394062079 8.689028525416106
0 26.46484375 21.940104166666664 7.92282408798045 10.5637654506406
0 13.18359375 18.294270833333336 7.234661615679748 9.646215487572997
0 25.390625 14.84375 6.516771394062079 8.689028525416106
0 13.330078125 28.450520833333332 9.02206146184966 12.029415282466214
0 18.65234375 20.377604166666664 7.635495607419925 10.180660809893233
0 10.205078125 17.513020833333336 7.0784994535786145 9.437999271438152
0 4.638671875 16.40625 6.8511792970714245 9.134905729428567
0 4.443359375 32.68229166666667 9.669787303317175 12.893049737756234
0 8.447265625 16.6015625 6.891839471823862 9.189119295765149
0 79.8828125 22.591145833333336 8.039514082226251 10.719352109635
0 5.615234375 18.9453125 7.3622668956389274 9.816355860851903
0 1.46484375 17.513020833333336 7.0784994535786145 9.437999271438152
0 2.978515625 17.708333333333336 7.117861199762329 9.490481599683106
0 28.955078125 9.9609375 5.338395899821747 7.117861199762329
0 25.634765625 10.416666666666668 5.459150335692846 7.278867114257127
