0 76.025390625 23.502604166666664 8.200090846279542 10.933454461706056
0 80.859375 25.455729166666668 8.53401578009617 11.378687706794894
0 88.134765625 25.0 8.457279333832409 11.276372445109878
0 6.494140625 21.223958333333336 7.792447103762027 10.389929471682702
0 1.26953125 18.359375 7.247523246483103 9.663364328644137
0 38.134765625 16.015625 6.7691262856502785 9.025501714200372
0 46.533203125 15.625 6.686066375795484 8.914755167727312
0 4.638671875 16.796875 6.932261164306974 9.243014885742634
0 13.330078125 18.1640625 7.208869513560617 9.611826018080823
0 78.515625 17.903645833333336 7.157006469457137 9.542675292609516
0 90.8203125 24.348958333333336 8.346432086900233 11.128576115866979
0 87.20703125 19.270833333333336 7.425247229367944 9.900329639157258
0 81.884765625 20.5078125 7.659851317145468 10.21313508952729
0 77.1484375 16.276041666666664 6.823937919616058 9.09858389282141
0 99.4140625 22.981770833333336 8.108722079825698 10.811629439767596
0 83.642578125 22.005208333333336 7.9345703125 10.579427083333332
0 68.994140625 15.299479166666666 6.61605328023645 8.821404373648601
0 80.46875 18.489583333333336 7.273178276253042 9.697571035004056
0 1.953125 20.768229166666664 7.708331872750909 10.277775830334546
0 73.291015625 15.625 6.686066375795484 8.914755167727312
0 85.791015625 17.903645833333336 7.157006469457137 9.542675292609516
0 92.333984375 21.744791666666664 7.887480458569388 10.51664061142585
