0 86.81640625 82.421875 15.356134796642 20.474846395522665
0 85.64453125 63.932291666666664 13.52448718637716 18.032649581836214
0 78.173828125 53.190104166666664 12.336049152470542 16.44806553662739
0 92.138671875 51.497395833333336 12.138172486176355 16.184229981568475
0 68.603515625 63.932291666666664 13.52448718637716 18.032649581836214
0 35.64453125 64.2578125 13.55887444550968 18.078499260679575
0 18.06640625 54.231770833333336 12.456257099584077 16.608342799445435
0 1.5625 44.98697916666667 11.344989193994817 15.126652258659753
0 22.705078125 50.130208333333336 11.975962445281118 15.967949927041488
0 49.853515625 48.76302083333333 11.811524951393816 15.748699935191754
0 63.37890625 40.16927083333333 10.720317425689878 14.293756567586504
0 49.31640625 37.56510416666667 10.366996918617573 13.822662558156765
0 33.837890625 43.1640625 11.112757236348344 14.817009648464458
0 19.873046875 30.794270833333332 9.386325988299376 12.515101317732501
0 30.224609375 37.43489583333333 10.349014256477766 13.798685675303688
0 22.021484375 29.1015625 9.124704826492952 12.166273101990603
0 2.001953125 30.338541666666668 9.316612257369233 12.42214967649231
0 15.33203125 24.088541666666664 8.301678777304348 11.068905036405797
0 7.12890625 30.598958333333332 9.35651227829339 12.475349704391189
0 1.708984375 59.830729166666664 13.083466253800058 17.444621671733408
0 31.591796875 29.8828125 9.24637292940864 12.32849723921152
0 44.091796875 31.510416666666668 9.494842032534208 12.659789376712277
0 61.328125 31.0546875 9.425930915210266 12.567907886947022
0 50.1953125 29.231770833333332 9.145095253766906 12.193460338355873
0 60.546875 35.9375 10.139921707663666 13.51989561021822
0 80.224609375 38.02083333333333 10.429692071920813 13.906256095894417
0 92.822265625 42.578125 11.037073559585647 14.716098079447528
0 86.9140625 34.375 9.91703906815913 13.222718757545508
0 73.486328125 33.203125 9.746532850751532 12.995377134335376
0 82.373046875 26.041666666666668 8.631674575031099 11.508899433374797
0 91.796875 35.48177083333333 10.075423595714831 13.433898127619774
0 35.546875 22.721354166666664 8.062649422377262 10.75019922983635
0 29.39453125 15.755208333333334 6.7138671875 8.951822916666668
0 14.404296875 20.182291666666664 7.598815672600545 10.13175423013406
0 27.001953125 23.046875 8.120199399200482 10.82693253226731
0 9.9609375 18.619791666666664 7.298743129334349 9.731657505779133
0 22.802734375 25.78125 8.588407763348565 11.451210351131419
0 19.287109375 17.252604166666664 7.025674092542321 9.367565456723094
0 7.373046875 24.4140625 8.357582969744357 11.143443959659143
0 26.123046875 19.270833333333336 7.425247229367944 9.900329639157258
0 45.458984375 15.885416666666666 6.741553355216833 8.988737806955777
0 51.904296875 20.768229166666664 7.708331872750909 10.277775830334546
0 63.18359375 19.401041666666664 7.450290292806215 9.933720390408286
0 74.31640625 28.059895833333332 8.959911044862793 11.946548059817056
0 98.046875 39.84375 10.676791799643494 14.235722399524658
0 93.408203125 30.46875 9.336583582018038 12.448778109357384
0 88.623046875 25.455729166666668 8.53401578009617 11.378687706794894
0 67.3828125 23.958333333333336 8.279211405182211 11.038948540242949
0 58.59375 26.236979166666668 8.66398288975732 11.551977186343091
0 71.337890625 18.1640625 7.208869513560617 9.611826018080823
0 56.34765625 18.815104166666664 7.336923388776433 9.782564518368577
0 68.505859375 18.359375 7.247523246483103 9.663364328644137
0 59.521484375 18.815104166666664 7.336923388776433 9.782564518368577
0 78.271484375 17.122395833333336 6.9991119025755095 9.332149203434014
0 61.328125 15.625 6.686066375795484 8.914755167727312
0 53.271484375 9.244791666666668 5.1429136799172115 6.857218239889614
0 45.21484375 12.760416666666666 6.042172202521769 8.056229603362357
0 37.255859375 14.388020833333334 6.415953381844678 8.554604509126236
0 26.5625 13.671875 6.254242410864013 8.338989881152017
0 13.96484375 15.625 6.686066375795484 8.914755167727312
0 5.078125 16.341145833333336 6.837572174807153 9.116762899742872
0 20.458984375 15.299479166666666 6.61605328023645 8.821404373648601
0 34.27734375 13.346354166666666 6.179338602086361 8.239118136115147
0 41.455078125 13.932291666666666 6.313525654778199 8.418034206370931
0 57.8125 13.216145833333334 6.149121606326259 8.198828808435012
0 65.771484375 12.3046875 5.933295317145868 7.911060422861158
0 80.56640625 15.885416666666666 6.741553355216833 8.988737806955777
0 70.3125 10.7421875 5.543793372981247 7.391724497308329
0 78.61328125 14.2578125 6.386855937639267 8.515807916852356
0 72.36328125 12.3046875 5.933295317145868 7.911060422861158
0 59.9609375 13.802083333333334 6.283953943473511 8.378605257964681
0 87.255859375 16.341145833333336 6.837572174807153 9.116762899742872
0 95.556640625 21.809895833333336 7.8992792392241125 10.532372318965482
0 73.486328125 15.755208333333334 6.7138671875 8.951822916666668
0 61.9140625 21.354166666666664 7.816313766397521 10.421751688530028
0 50.09765625 19.075520833333336 7.3875234600282 9.850031280037602
0 42.578125 22.135416666666664 7.958010748538389 10.610680998051187
0 32.12890625 21.223958333333336 7.792447103762027 10.389929471682702
0 39.84375 25.325520833333332 8.512161670520847 11.349548894027794
0 20.751953125 21.09375 7.768507117527988 10.358009490037318
0 41.357421875 18.815104166666664 7.336923388776433 9.782564518368577
0 11.572265625 20.8984375 7.732458166088822 10.309944221451763
0 1.5625 19.856770833333336 7.537285788103314 10.049714384137753
0 12.59765625 21.809895833333336 7.8992792392241125 10.532372318965482
0 1.025390625 16.9921875 6.972448522214271 9.296598029619028
0 10.302734375 15.625 6.686066375795484 8.914755167727312
0 2.83203125 16.536458333333336 6.878312786611722 9.171083715482297
0 54.39453125 13.932291666666666 6.313525654778199 8.418034206370931
0 23.828125 14.973958333333334 6.545291317604741 8.727055090139656
0 7.03125 21.09375 7.768507117527988 10.358009490037318
0 66.69921875 16.080729166666664 6.782870718656271 9.043827624875028
0 79.39453125 26.953125 8.78142979122202 11.708573054962693
0 89.990234375 19.856770833333336 7.537285788103314 10.049714384137753
0 81.689453125 17.122395833333336 6.9991119025755095 9.332149203434014
0 99.31640625 30.598958333333332 9.35651227829339 12.475349704391189
0 85.791015625 21.223958333333336 7.792447103762027 10.389929471682702
0 68.9453125 13.671875 6.254242410864013 8.338989881152017
0 48.73046875 22.4609375 8.016311973000304 10.688415964000404
