0 49.70703125 69.53125 14.104272471058769 18.80569662807836
0 38.57421875 65.36458333333334 13.675144349614307 18.233525799485744
0 41.796875 85.02604166666666 15.596841234351363 20.795788312468485
0 90.283203125 95.18229166666666 16.502082317621795 22.002776423495725
0 82.373046875 62.434895833333336 13.365166284459344 17.820221712612458
0 67.67578125 61.5234375 13.267251659719333 17.689668879625778
0 50.48828125 50.390625 12.007028547916262 16.00937139722168
0 34.033203125 44.20572916666667 11.24604844524431 14.994731260325747
0 97.55859375 51.7578125 12.168824485703665 16.225099314271553
0 47.509765625 37.109375 10.30392029793343 13.738560397244573
0 20.1171875 50.9765625 12.076635093633655 16.10218012484487
0 30.810546875 32.16145833333333 9.592427762147041 12.789903682862722
0 8.203125 36.45833333333333 10.21313508952729 13.617513452703053
0 66.943359375 40.49479166666667 10.763667046233154 14.351556061644205
0 79.248046875 52.213541666666664 12.222280514221671 16.29637401896223
0 61.279296875 35.87239583333333 10.130732832457173 13.507643776609566
0 80.078125 36.00260416666667 10.149102263376399 13.53213635116853
0 73.681640625 32.74739583333333 9.679413773897526 12.905885031863368
0 87.255859375 35.09114583333333 10.019809057239993 13.359745409653323
0 98.6328125 41.86197916666667 10.943860520654974 14.591814027539964
0 96.044921875 22.721354166666664 8.062649422377262 10.75019922983635
0 4.4921875 32.48697916666667 9.640850219074288 12.854466958765718
0 18.603515625 32.74739583333333 9.679413773897526 12.905885031863368
0 10.64453125 28.255208333333332 8.991039955234518 11.988053273646026
0 20.263671875 25.9765625 8.620878229873984 11.494504306498644
0 43.5546875 31.25 9.4555257475767 12.607367663435602
0 60.83984375 30.729166666666668 9.376398618003673 12.501864824004896
0 40.869140625 27.213541666666668 8.823750179932228 11.765000239909636
0 18.603515625 21.484375 7.840107775064166 10.453477033418888
