0 0.9765625 18.5546875 7.28597191547444 9.714629220632586
0 2.63671875 18.815104166666664 7.336923388776433 9.782564518368577
0 4.248046875 18.9453125 7.3622668956389274 9.816355860851903
0 2.1484375 23.893229166666664 8.267954824306681 11.023939765742242
0 5.712890625 23.046875 8.120199399200482 10.82693253226731
0 6.0546875 18.098958333333336 7.195938795502683 9.594585060670244
0 8.69140625 17.96875 7.170007400189656 9.56000986691954
0 10.205078125 17.7734375 7.130933499479933 9.50791133263991
0 10.986328125 20.377604166666664 7.635495607419925 10.180660809893233
0 12.939453125 16.276041666666664 6.823937919616058 9.09858389282141
0 14.794921875 17.708333333333336 7.117861199762329 9.490481599683106
0 12.40234375 32.87760416666667 9.698638050580264 12.931517400773687
0 17.3828125 15.169270833333334 6.587839704871492 8.783786273161988
0 17.919921875 17.1875 7.012405574387241 9.349874099182989
0 19.384765625 18.815104166666664 7.336923388776433 9.782564518368577
0 21.484375 16.666666666666664 6.905339660024879 9.207119546699838
0 24.609375 15.8203125 6.72772451325946 8.970299351012613
0 23.14453125 21.875 7.911060422861158 10.548080563814876
0 26.806640625 28.385416666666668 9.011732824849489 12.015643766465985
0 20.703125 38.60677083333333 10.509750584547465 14.01300077939662
0 27.392578125 14.2578125 6.386855937639267 8.515807916852356
0 28.662109375 16.276041666666664 6.823937919616058 9.09858389282141
0 28.22265625 20.247395833333336 7.611061958825638 10.148082611767517
0 30.908203125 15.0390625 6.559504779115197 8.746006372153596
0 29.98046875 17.643229166666664 7.104764847914316 9.473019797219088
0 31.34765625 20.377604166666664 7.635495607419925 10.180660809893233
0 32.6171875 16.2109375 6.810276368536802 9.080368491382403
0 33.935546875 16.2109375 6.810276368536802 9.080368491382403
0 35.83984375 16.341145833333336 6.837572174807153 9.116762899742872
0 37.255859375 15.494791666666666 6.658149484030587 8.877532645374115
0 39.453125 16.40625 6.8511792970714245 9.134905729428567
0 41.162109375 15.494791666666666 6.658149484030587 8.877532645374115
0 42.578125 14.908854166666666 6.531046923532928 8.708062564710572
0 43.06640625 15.364583333333334 6.6301150458985685 8.840153394531425
0 44.3359375 15.4296875 6.644147051109997 8.858862734813329
0 46.337890625 14.6484375 6.473755931273323 8.631674575031097
0 45.263671875 16.080729166666664 6.782870718656271 9.043827624875028
0 46.2890625 18.424479166666664 7.2603620931215325 9.680482790828709
0 46.09375 23.177083333333336 8.143105507889608 10.857474010519478
0 41.40625 29.817708333333332 9.236295135755345 12.315060181007127
0 41.69921875 36.39322916666667 10.204012144348443 13.605349525797925
0 48.779296875 18.424479166666664 7.2603620931215325 9.680482790828709
0 50.87890625 16.341145833333336 6.837572174807153 9.116762899742872
0 53.271484375 13.932291666666666 6.313525654778199 8.418034206370931
0 54.248046875 17.1875 7.012405574387241 9.349874099182989
0 57.6171875 15.4296875 6.644147051109997 8.858862734813329
0 57.568359375 17.252604166666664 7.025674092542321 9.367565456723094
0 58.88671875 20.3125 7.62328857226367 10.164384763018226
0 56.640625 22.0703125 7.946299173761924 10.595065565015899
0 54.8828125 29.427083333333332 9.175595934065496 12.234127912087327
0 57.8125 31.4453125 9.485028239697298 12.646704319596397
0 55.17578125 36.06770833333333 10.158274522151634 13.544366029535512
0 61.1328125 26.3671875 8.685454999241765 11.580606665655687
0 60.986328125 38.21614583333333 10.456446349494515 13.941928465992687
0 79.833984375 54.817708333333336 12.523367021901361 16.69782269586848
0 94.82421875 37.76041666666667 10.393912576859377 13.85855010247917
0 81.103515625 37.95572916666667 10.420758715187912 13.894344953583882
0 59.814453125 14.778645833333334 6.502464524127966 8.669952698837287
0 62.060546875 15.169270833333334 6.587839704871492 8.783786273161988
0 67.87109375 14.0625 6.342959500374307 8.457279333832409
0 69.53125 14.908854166666666 6.531046923532928 8.708062564710572
0 67.919921875 15.104166666666666 6.573687508709111 8.764916678278816
0 70.3125 18.294270833333336 7.234661615679748 9.646215487572997
0 69.677734375 21.158854166666664 7.780486318348366 10.373981757797822
0 66.69921875 21.614583333333336 7.863829789260941 10.485106385681254
0 65.33203125 25.5859375 8.555814067917595 11.407752090556793
0 70.5078125 30.533854166666668 9.346553241646458 12.462070988861944
0 71.728515625 14.6484375 6.473755931273323 8.631674575031097
0 73.92578125 16.015625 6.7691262856502785 9.025501714200372
0 75.244140625 16.796875 6.932261164306974 9.243014885742634
0 75.87890625 17.96875 7.170007400189656 9.56000986691954
0 77.490234375 17.122395833333336 6.9991119025755095 9.332149203434014
0 79.248046875 17.122395833333336 6.9991119025755095 9.332149203434014
0 78.369140625 18.424479166666664 7.2603620931215325 9.680482790828709
0 80.859375 19.791666666666664 7.524919437217989 10.033225916290652
0 75.927734375 22.8515625 8.085718566584333 10.780958088779109
0 79.443359375 24.479166666666664 8.36871899463018 11.15829199284024
0 75.87890625 27.864583333333332 8.928673607377803 11.904898143170405
0 83.0078125 20.8984375 7.732458166088822 10.309944221451763
0 84.66796875 18.033854166666664 7.182984799767957 9.577313066357275
0 85.9375 18.033854166666664 7.182984799767957 9.577313066357275
0 85.05859375 23.893229166666664 8.267954824306681 11.023939765742242
0 83.447265625 32.6171875 9.660151239834237 12.880201653112316
0 88.671875 20.247395833333336 7.611061958825638 10.148082611767517
0 89.794921875 17.7734375 7.130933499479933 9.50791133263991
0 90.185546875 20.052083333333336 7.574263699945591 10.099018266594122
0 91.40625 20.442708333333336 7.647683158045451 10.196910877393934
0 89.306640625 25.1953125 8.490251308132054 11.320335077509403
0 91.40625 25.5859375 8.555814067917595 11.407752090556793
0 89.55078125 31.4453125 9.485028239697298 12.646704319596397
0 98.486328125 31.901041666666668 9.55351308746248 12.738017449949975
0 93.06640625 22.8515625 8.085718566584333 10.780958088779109
0 94.384765625 19.791666666666664 7.524919437217989 10.033225916290652
0 95.654296875 22.005208333333336 7.9345703125 10.579427083333332
0 98.974609375 20.377604166666664 7.635495607419925 10.180660809893233
0 99.609375 29.817708333333332 9.236295135755345 12.315060181007127
