0 90.869140625 68.61979166666666 14.011523783262936 18.682031711017245
0 93.26171875 50.520833333333336 12.022531496333135 16.030041995110846
0 91.11328125 42.44791666666667 11.020184378215204 14.693579170953605
0 97.412109375 38.4765625 10.492012596234792 13.989350128313058
0 98.73046875 29.752604166666668 9.22620633412535 12.301608445500468
0 92.041015625 35.546875 10.084662867345157 13.44621715646021
0 88.0859375 34.04947916666667 9.869971697263324 13.159962263017766
0 81.0546875 38.60677083333333 10.509750584547465 14.01300077939662
0 85.15625 62.044270833333336 13.323290986903732 17.76438798253831
0 76.904296875 54.8828125 12.530801493925663 16.707735325234218
0 66.796875 59.375 13.033542788124159 17.37805705083221
0 85.205078125 33.07291666666667 9.727403229070575 12.9698709720941
0 90.13671875 26.3671875 8.685454999241765 11.580606665655687
0 95.60546875 23.893229166666664 8.267954824306681 11.023939765742242
0 97.0703125 18.424479166666664 7.2603620931215325 9.680482790828709
0 98.486328125 25.846354166666668 8.59924487524742 11.465659833663226
0 89.501953125 20.377604166666664 7.635495607419925 10.180660809893233
0 82.71484375 25.846354166666668 8.59924487524742 11.465659833663226
0 79.00390625 25.716145833333332 8.57755695956738 11.436742612756506
0 73.291015625 26.627604166666668 8.728240750778255 11.637654334371007
0 73.779296875 31.510416666666668 9.494842032534208 12.659789376712277
0 66.40625 42.90364583333333 11.079183874921476 14.772245166561968
0 99.072265625 21.028645833333336 7.756509415978292 10.342012554637723
0 87.5 16.145833333333336 6.796587356970242 9.062116475960323
0 82.275390625 15.364583333333334 6.6301150458985685 8.840153394531425
0 78.173828125 18.424479166666664 7.2603620931215325 9.680482790828709
0 76.904296875 23.372395833333336 8.177344364608315 10.903125819477753
0 76.07421875 14.583333333333334 6.459353786778786 8.612471715705048
0 71.58203125 16.6015625 6.891839471823862 9.189119295765149
0 69.091796875 12.955729166666666 6.088237714617921 8.117650286157229
0 71.09375 23.763020833333336 8.245395560367612 10.993860747156816
0 51.904296875 47.13541666666667 11.612730462915312 15.483640617220415
0 58.642578125 35.22135416666667 10.038381471800859 13.384508629067811
0 60.693359375 29.752604166666668 9.22620633412535 12.301608445500468
0 63.8671875 32.09635416666667 9.58271390875707 12.77695187834276
0 64.35546875 26.497395833333332 8.706874156303165 11.609165541737553
0 66.796875 18.619791666666664 7.298743129334349 9.731657505779133
0 67.041015625 24.348958333333336 8.346432086900233 11.128576115866979
0 58.203125 25.1953125 8.490251308132054 11.320335077509403
0 48.388671875 29.752604166666668 9.22620633412535 12.301608445500468
0 60.44921875 25.390625 8.523095729839442 11.364127639785922
0 54.931640625 20.638020833333336 7.684129829110212 10.245506438813615
0 60.25390625 19.986979166666664 7.561957820656658 10.08261042754221
0 52.392578125 28.580729166666668 9.042683343523592 12.056911124698123
0 48.583984375 38.93229166666667 10.553965128046011 14.07195350406135
0 48.6328125 23.2421875 8.154534433525017 10.872712578033356
0 51.611328125 15.625 6.686066375795484 8.914755167727312
0 55.37109375 12.434895833333332 5.964605800076924 7.952807733435899
0 58.447265625 16.6015625 6.891839471823862 9.189119295765149
0 64.35546875 14.388020833333334 6.415953381844678 8.554604509126236
0 50.78125 19.205729166666664 7.412693970636669 9.883591960848893
0 42.28515625 24.4140625 8.357582969744357 11.143443959659143
0 31.93359375 29.036458333333332 9.114492506755418 12.15265667567389
0 62.744140625 14.0625 6.342959500374307 8.457279333832409
0 42.822265625 36.19791666666667 10.17659423860661 13.568792318142146
0 62.744140625 18.294270833333336 7.234661615679748 9.646215487572997
0 48.73046875 17.317708333333336 7.038917599286375 9.385223465715166
0 44.3359375 20.638020833333336 7.684129829110212 10.245506438813615
0 36.5234375 20.963541666666664 7.7444931277157725 10.325990836954363
0 24.609375 29.6875 9.216106488367615 12.288141984490153
0 22.94921875 49.54427083333333 11.905767335895483 15.874356447860643
0 17.138671875 37.3046875 10.331000292853245 13.77466705713766
0 31.396484375 20.963541666666664 7.7444931277157725 10.325990836954363
0 26.953125 23.372395833333336 8.177344364608315 10.903125819477753
0 35.498046875 15.364583333333334 6.6301150458985685 8.840153394531425
0 45.068359375 14.388020833333334 6.415953381844678 8.554604509126236
0 49.560546875 13.541666666666666 6.224389054678692 8.299185406238257
0 40.966796875 13.28125 6.16424861960576 8.218998159474348
0 47.607421875 14.84375 6.516771394062079 8.689028525416106
0 32.6171875 13.216145833333334 6.149121606326259 8.198828808435012
0 29.1015625 17.578125 7.091644310682526 9.455525747576702
0 42.67578125 13.411458333333334 6.194391824397107 8.259189099196142
0 37.5 12.955729166666666 6.088237714617921 8.117650286157229
0 28.759765625 15.0390625 6.559504779115197 8.746006372153596
0 34.814453125 12.760416666666666 6.042172202521769 8.056229603362357
0 30.810546875 19.3359375 7.437779301119349 9.917039068159132
0 24.169921875 14.583333333333334 6.459353786778786 8.612471715705048
0 30.810546875 14.0625 6.342959500374307 8.457279333832409
0 22.119140625 15.950520833333334 6.755353888299149 9.0071385177322
0 17.138671875 20.638020833333336 7.684129829110212 10.245506438813615
0 20.8984375 25.0 8.457279333832409 11.276372445109878
0 17.48046875 28.059895833333332 8.959911044862793 11.946548059817056
0 12.744140625 39.71354166666667 10.65933178501769 14.212442380023585
0 2.1484375 61.328125 13.246175789923525 17.661567719898034
0 4.39453125 30.989583333333332 9.416045300623482 12.554727067497975
0 6.591796875 17.7734375 7.130933499479933 9.50791133263991
0 2.880859375 19.986979166666664 7.561957820656658 10.08261042754221
0 5.029296875 26.3671875 8.685454999241765 11.580606665655687
0 10.498046875 19.7265625 7.512532730158185 10.01671030687758
0 6.591796875 20.052083333333336 7.574263699945591 10.099018266594122
0 2.734375 16.6015625 6.891839471823862 9.189119295765149
0 14.2578125 16.471354166666664 6.864759447755123 9.15301259700683
0 4.19921875 16.145833333333336 6.796587356970242 9.062116475960323
0 18.701171875 14.583333333333334 6.459353786778786 8.612471715705048
0 1.123046875 18.294270833333336 7.234661615679748 9.646215487572997
0 26.123046875 18.75 7.32421875 9.765625
0 13.623046875 19.205729166666664 7.412693970636669 9.883591960848893
0 32.177734375 16.471354166666664 6.864759447755123 9.15301259700683
0 22.8515625 14.2578125 6.386855937639267 8.515807916852356
0 94.482421875 18.098958333333336 7.195938795502683 9.594585060670244
0 9.27734375 28.255208333333332 8.991039955234518 11.988053273646026
0 41.796875 20.3125 7.62328857226367 10.164384763018226
0 39.2578125 16.796875 6.932261164306974 9.243014885742634
0 19.775390625 18.424479166666664 7.2603620931215325 9.680482790828709
0 21.630859375 20.377604166666664 7.635495607419925 10.180660809893233
0 11.474609375 16.145833333333336 6.796587356970242 9.062116475960323
0 94.23828125 31.315104166666668 9.465370128949479 12.62049350526597
0 92.08984375 22.591145833333336 8.039514082226251 10.719352109635
0 85.888671875 22.591145833333336 8.039514082226251 10.719352109635
0 82.177734375 18.229166666666664 7.221777078979024 9.629036105305365
0 74.365234375 16.6015625 6.891839471823862 9.189119295765149
0 79.39453125 15.169270833333334 6.587839704871492 8.783786273161988
