0 70.849609375 68.75 14.024811148774486 18.69974819836598
0 83.642578125 64.97395833333334 13.634221132622484 18.17896151016331
0 77.783203125 52.864583333333336 12.298243212652517 16.397657616870024
0 66.162109375 59.114583333333336 13.004929048255931 17.339905397674574
0 50.87890625 49.54427083333333 11.905767335895483 15.874356447860643
0 35.25390625 63.4765625 13.476197610973886 17.968263481298514
0 20.263671875 49.54427083333333 11.905767335895483 15.874356447860643
0 1.26953125 59.440104166666664 13.04068641309906 17.38758188413208
0 4.98046875 30.078125 9.276540621075844 12.368720828101127
0 9.9609375 28.7109375 9.063258303782652 12.084344405043536
0 5.126953125 25.130208333333332 8.479274895904423 11.305699861205897
0 6.8359375 19.921875 7.549631882844837 10.066175843793117
0 2.9296875 19.010416666666664 7.37490598974278 9.833207986323707
0 21.38671875 26.7578125 8.749555167743805 11.66607355699174
0 20.5078125 33.203125 9.746532850751532 12.995377134335376
0 32.666015625 28.190104166666668 8.980675640601907 11.974234187469209
0 32.6171875 35.3515625 10.056919588186085 13.409226117581447
0 35.009765625 41.9921875 10.960867307170393 14.614489742893857
0 43.408203125 32.48697916666667 9.640850219074288 12.854466958765718
0 50.9765625 36.19791666666667 10.17659423860661 13.568792318142146
0 64.892578125 43.22916666666667 11.121134740166381 14.828179653555177
0 97.75390625 52.408854166666664 12.245118803551563 16.32682507140208
0 99.31640625 76.82291666666666 14.825387941273338 19.767183921697786
0 99.12109375 42.31770833333333 11.00326927326657 14.671025697688759
0 86.962890625 32.68229166666667 9.669787303317175 12.893049737756234
0 80.029296875 39.453125 10.624325674761481 14.165767566348642
0 73.779296875 32.03125 9.572990198582838 12.763986931443785
0 60.64453125 36.1328125 10.167438506443897 13.556584675258529
0 61.572265625 29.8828125 9.24637292940864 12.32849723921152
0 60.888671875 25.065104166666668 8.468284256293707 11.291045675058275
0 66.9921875 23.4375 8.188725503539269 10.918300671385692
0 70.849609375 21.940104166666664 7.92282408798045 10.5637654506406
0 60.205078125 22.265625 7.981382342908947 10.641843123878598
0 47.509765625 22.135416666666664 7.958010748538389 10.610680998051187
0 49.51171875 28.059895833333332 8.959911044862793 11.946548059817056
0 40.478515625 25.390625 8.523095729839442 11.364127639785922
0 39.453125 20.833333333333336 7.720404443770458 10.293872591693944
0 31.4453125 20.833333333333336 7.720404443770458 10.293872591693944
0 27.05078125 24.088541666666664 8.301678777304348 11.068905036405797
0 19.7265625 20.3125 7.62328857226367 10.164384763018226
0 14.453125 18.815104166666664 7.336923388776433 9.782564518368577
0 10.9375 21.809895833333336 7.8992792392241125 10.532372318965482
0 59.521484375 18.815104166666664 7.336923388776433 9.782564518368577
0 70.80078125 18.033854166666664 7.182984799767957 9.577313066357275
0 77.392578125 21.419270833333336 7.828219811023351 10.437626414697803
0 79.638671875 28.255208333333332 8.991039955234518 11.988053273646026
0 74.8046875 28.776041666666668 9.073528288158268 12.098037717544358
0 80.517578125 24.088541666666664 8.301678777304348 11.068905036405797
0 88.427734375 25.716145833333332 8.57755695956738 11.436742612756506
0 88.916015625 33.65885416666667 9.813192865486773 13.084257153982362
0 92.28515625 31.184895833333332 9.445671106287941 12.594228141717254
0 86.474609375 21.2890625 7.804389558437758 10.405852744583676
0 81.103515625 17.7734375 7.130933499479933 9.50791133263991
0 46.6796875 13.671875 6.254242410864013 8.338989881152017
0 35.83984375 18.489583333333336 7.273178276253042 9.697571035004056
0 25.1953125 18.619791666666664 7.298743129334349 9.731657505779133
0 23.876953125 14.0625 6.342959500374307 8.457279333832409
0 19.62890625 16.861979166666664 6.945682786096826 9.260910381462436
0 51.46484375 16.9921875 6.972448522214271 9.296598029619028
0 66.259765625 16.471354166666664 6.864759447755123 9.15301259700683
0 93.505859375 23.4375 8.188725503539269 10.918300671385692
0 89.0625 20.3125 7.62328857226367 10.164384763018226
0 49.4140625 19.661458333333336 7.500125566067204 10.00016742142294
0 40.234375 17.513020833333336 7.0784994535786145 9.437999271438152
0 48.388671875 17.643229166666664 7.104764847914316 9.473019797219088
0 90.576171875 23.958333333333336 8.279211405182211 11.038948540242949
0 95.41015625 20.638020833333336 7.684129829110212 10.245506438813615
0 85.83984375 17.96875 7.170007400189656 9.56000986691954
0 64.55078125 15.169270833333334 6.587839704871492 8.783786273161988
0 58.056640625 13.8671875 6.298757153488249 8.398342871317666
0 54.58984375 14.6484375 6.473755931273323 8.631674575031097
0 91.796875 20.442708333333336 7.647683158045451 10.196910877393934
0 56.103515625 16.2109375 6.810276368536802 9.080368491382403
0 28.466796875 15.299479166666666 6.61605328023645 8.821404373648601
0 8.740234375 18.359375 7.247523246483103 9.663364328644137
0 89.208984375 28.450520833333332 9.02206146184966 12.029415282466214
0 99.21875 31.510416666666668 9.494842032534208 12.659789376712277
0 96.240234375 22.981770833333336 8.108722079825698 10.811629439767596
0 62.060546875 17.96875 7.170007400189656 9.56000986691954
0 39.697265625 15.625 6.686066375795484 8.914755167727312
0 28.22265625 17.838541666666664 7.143981879101334 9.525309172135112
0 17.529296875 18.359375 7.247523246483103 9.663364328644137
0 41.943359375 19.3359375 7.437779301119349 9.917039068159132
0 18.5546875 15.625 6.686066375795484 8.914755167727312
0 76.7578125 16.145833333333336 6.796587356970242 9.062116475960323
0 0.634765625 19.921875 7.549631882844837 10.066175843793117
0 21.337890625 14.6484375 6.473755931273323 8.631674575031097
0 31.787109375 16.796875 6.932261164306974 9.243014885742634
0 5.6640625 17.838541666666664 7.143981879101334 9.525309172135112
0 41.455078125 14.518229166666666 6.444919458600731 8.593225944800976
