0 84.27734375 38.671875 10.518608361580863 14.024811148774482
0 69.7265625 30.794270833333332 9.386325988299376 12.515101317732501
0 24.462890625 24.934895833333336 8.446260072691679 11.26168009692224
0 32.470703125 27.604166666666668 8.886852892188134 11.849137189584178
0 59.5703125 31.640625 9.51443925056146 12.685919000748614
0 8.154296875 27.799479166666668 8.918236814088415 11.890982418784553
0 13.525390625 21.2890625 7.804389558437758 10.405852744583676
0 21.337890625 16.6015625 6.891839471823862 9.189119295765149
0 29.58984375 21.419270833333336 7.828219811023351 10.437626414697803
0 49.8046875 21.940104166666664 7.92282408798045 10.5637654506406
0 60.302734375 21.744791666666664 7.887480458569388 10.51664061142585
0 91.064453125 31.4453125 9.485028239697298 12.646704319596397
0 41.40625 37.5 10.358009490037318 13.810679320049758
0 98.828125 45.18229166666667 11.36958984997385 15.159453133298467
0 98.583984375 34.9609375 10.001202153426476 13.334936204568635
0 60.595703125 16.276041666666664 6.823937919616058 9.09858389282141
0 69.482421875 15.559895833333334 6.672122530845778 8.896163374461038
0 20.458984375 86.97916666666666 15.774960917138776 21.0332812228517
0 3.271484375 25.455729166666668 8.53401578009617 11.378687706794894
0 6.884765625 18.098958333333336 7.195938795502683 9.594585060670244
0 22.0703125 49.86979166666667 11.944815546130936 15.92642072817458
0 8.544921875 32.8125 9.689030680168178 12.918707573557572
0 56.4453125 39.97395833333333 10.694223308065938 14.258964410754585
0 81.396484375 50.0 11.960399134683488 15.947198846244651
0 4.39453125 18.098958333333336 7.195938795502683 9.594585060670244
0 11.767578125 19.075520833333336 7.3875234600282 9.850031280037602
0 17.822265625 16.927083333333336 6.959078522333606 9.278771363111476
0 1.7578125 21.09375 7.768507117527988 10.358009490037318
0 25.09765625 14.908854166666666 6.531046923532928 8.708062564710572
0 32.12890625 17.903645833333336 7.157006469457137 9.542675292609516
0 37.744140625 15.4296875 6.644147051109997 8.858862734813329
0 25.439453125 18.75 7.32421875 9.765625
0 33.984375 16.080729166666664 6.782870718656271 9.043827624875028
0 27.978515625 17.057291666666664 6.985792933508055 9.31439057801074
0 35.3515625 15.104166666666666 6.573687508709111 8.764916678278816
0 42.138671875 16.080729166666664 6.782870718656271 9.043827624875028
0 51.171875 16.276041666666664 6.823937919616058 9.09858389282141
0 31.73828125 15.4296875 6.644147051109997 8.858862734813329
0 39.013671875 20.768229166666664 7.708331872750909 10.277775830334546
0 44.62890625 15.885416666666666 6.741553355216833 8.988737806955777
0 54.541015625 16.276041666666664 6.823937919616058 9.09858389282141
0 46.630859375 14.908854166666666 6.531046923532928 8.708062564710572
0 57.666015625 15.234375 6.60196156395994 8.802615418613254
0 57.177734375 19.596354166666664 7.487697843252746 9.983597124336994
0 20.3125 25.455729166666668 8.53401578009617 11.378687706794894
0 6.640625 21.744791666666664 7.887480458569388 10.51664061142585
0 66.455078125 14.778645833333334 6.502464524127966 8.669952698837287
0 66.2109375 23.958333333333336 8.279211405182211 11.038948540242949
0 62.6953125 16.40625 6.8511792970714245 9.134905729428567
0 71.337890625 22.265625 7.981382342908947 10.641843123878598
0 76.26953125 29.1015625 9.124704826492952 12.166273101990603
0 88.427734375 31.770833333333332 9.53399618640949 12.711994915212655
0 92.431640625 25.260416666666668 8.501213548086012 11.334951397448016
0 98.828125 25.260416666666668 8.501213548086012 11.334951397448016
0 80.517578125 24.283854166666664 8.33526628646708 11.113688381956106
0 94.43359375 22.786458333333336 8.074192233473482 10.765589644631309
0 85.400390625 19.921875 7.549631882844837 10.066175843793117
0 79.4921875 17.057291666666664 6.985792933508055 9.31439057801074
0 74.12109375 18.424479166666664 7.2603620931215325 9.680482790828709
0 82.03125 18.424479166666664 7.2603620931215325 9.680482790828709
0 91.943359375 19.921875 7.549631882844837 10.066175843793117
0 97.705078125 21.419270833333336 7.828219811023351 10.437626414697803
0 85.791015625 17.252604166666664 7.025674092542321 9.367565456723094
0 94.3359375 20.442708333333336 7.647683158045451 10.196910877393934
0 65.234375 18.9453125 7.3622668956389274 9.816355860851903
0 72.998046875 15.4296875 6.644147051109997 8.858862734813329
0 83.642578125 17.578125 7.091644310682526 9.455525747576702
0 89.94140625 21.940104166666664 7.92282408798045 10.5637654506406
0 53.564453125 14.908854166666666 6.531046923532928 8.708062564710572
0 47.509765625 21.2890625 7.804389558437758 10.405852744583676
0 88.525390625 20.1171875 7.586549618320344 10.115399491093791
0 76.7578125 22.4609375 8.016311973000304 10.688415964000404
0 40.52734375 15.755208333333334 6.7138671875 8.951822916666668
0 76.611328125 15.755208333333334 6.7138671875 8.951822916666668
0 87.40234375 25.260416666666668 8.501213548086012 11.334951397448016
0 74.755859375 15.4296875 6.644147051109997 8.858862734813329
0 47.412109375 28.971354166666668 9.104268731797058 12.139024975729411
0 21.044921875 37.82552083333333 10.40286898746296 13.870491983283944
