0 96.044921875 23.697916666666664 8.234092750996119 10.978790334661493
0 83.10546875 20.703125 7.6962403643301345 10.261653819106845
0 66.650390625 17.708333333333336 7.117861199762329 9.490481599683106
0 59.9609375 12.760416666666666 6.042172202521769 8.056229603362357
0 85.25390625 19.596354166666664 7.487697843252746 9.983597124336994
0 13.134765625 16.861979166666664 6.945682786096826 9.260910381462436
0 3.662109375 18.098958333333336 7.195938795502683 9.594585060670244
0 10.64453125 16.080729166666664 6.782870718656271 9.043827624875028
0 2.34375 19.7265625 7.512532730158185 10.01671030687758
0 9.521484375 18.229166666666664 7.221777078979024 9.629036105305365
0 0.5859375 18.489583333333336 7.273178276253042 9.697571035004056
0 46.728515625 15.494791666666666 6.658149484030587 8.877532645374115
0 56.982421875 14.2578125 6.386855937639267 8.515807916852356
0 72.998046875 15.494791666666666 6.658149484030587 8.877532645374115
0 86.279296875 16.6015625 6.891839471823862 9.189119295765149
0 80.95703125 16.341145833333336 6.837572174807153 9.116762899742872
0 76.611328125 15.885416666666666 6.741553355216833 8.988737806955777
0 89.16015625 19.466145833333336 7.462780310447684 9.950373747263578
0 82.080078125 16.341145833333336 6.837572174807153 9.116762899742872
0 97.998046875 21.809895833333336 7.8992792392241125 10.532372318965482
