0 1.220703125 60.091145833333336 13.111908605310568 17.482544807080757
0 1.5625 46.22395833333333 11.499904590708478 15.33320612094464
0 20.5078125 51.041666666666664 12.084344405043538 16.112459206724715
0 37.939453125 67.3828125 13.884659626559234 18.51287950207898
0 14.0625 41.015625 10.832665618468535 14.443554157958047
0 4.833984375 32.03125 9.572990198582838 12.763986931443785
0 11.474609375 28.7109375 9.063258303782652 12.084344405043536
0 17.08984375 30.338541666666668 9.316612257369233 12.42214967649231
0 20.947265625 24.869791666666664 8.435226416678011 11.246968555570682
0 31.396484375 35.09114583333333 10.019809057239993 13.359745409653323
0 35.25390625 43.68489583333333 11.179601491707887 14.906135322277184
0 50.732421875 49.0234375 11.843022407185213 15.790696542913619
0 52.05078125 38.99739583333333 10.562785827561513 14.083714436748682
0 48.095703125 36.26302083333333 10.185741740892722 13.580988987856962
0 44.580078125 32.68229166666667 9.669787303317175 12.893049737756234
0 35.791015625 28.125 8.970299351012615 11.960399134683486
0 31.494140625 29.036458333333332 9.114492506755418 12.15265667567389
0 27.1484375 23.567708333333336 8.211440458419013 10.948587277892017
0 31.494140625 21.223958333333336 7.792447103762027 10.389929471682702
0 42.724609375 25.325520833333332 8.512161670520847 11.349548894027794
0 48.974609375 27.994791666666668 8.94951068030712 11.932680907076158
0 65.91796875 56.901041666666664 12.75912167991142 17.012162239881892
0 99.21875 80.79427083333334 15.203758187354921 20.271677583139894
0 88.37890625 62.5 13.372132751590971 17.829510335454625
0 77.734375 53.7109375 12.396298835198914 16.528398446931885
0 92.138671875 52.5390625 12.260320694946696 16.347094259928927
0 94.091796875 42.44791666666667 11.020184378215204 14.693579170953605
0 98.53515625 40.75520833333333 10.79822144345345 14.397628591271266
0 66.064453125 42.90364583333333 11.079183874921476 14.772245166561968
0 61.71875 36.39322916666667 10.204012144348443 13.605349525797925
0 59.86328125 29.947916666666668 9.25643975103949 12.341919668052654
0 59.86328125 20.182291666666664 7.598815672600545 10.13175423013406
0 62.79296875 29.166666666666668 9.134905729428569 12.17987430590476
0 67.578125 24.674479166666664 8.402038511923953 11.202718015898604
0 73.33984375 32.94270833333333 9.708235913444133 12.944314551258843
0 78.662109375 38.21614583333333 10.456446349494515 13.941928465992687
0 85.791015625 35.87239583333333 10.130732832457173 13.507643776609566
0 98.974609375 30.143229166666668 9.286574740419274 12.382099653892366
0 93.75 30.598958333333332 9.35651227829339 12.475349704391189
0 85.83984375 27.5390625 8.876366926421502 11.835155901895336
0 80.6640625 27.9296875 8.939098215256843 11.918797620342456
0 72.75390625 27.473958333333332 8.865868558553435 11.821158078071248
0 73.193359375 21.419270833333336 7.828219811023351 10.437626414697803
0 80.6640625 25.0 8.457279333832409 11.276372445109878
0 89.55078125 27.34375 8.84483443981289 11.793112586417188
0 0.87890625 18.359375 7.247523246483103 9.663364328644137
0 3.22265625 17.122395833333336 6.9991119025755095 9.332149203434014
0 3.076171875 19.205729166666664 7.412693970636669 9.883591960848893
0 5.224609375 19.140625 7.400119417103358 9.866825889471144
0 7.275390625 19.140625 7.400119417103358 9.866825889471144
0 10.546875 21.549479166666664 7.85197774064246 10.469303654189947
0 6.8359375 16.2109375 6.810276368536802 9.080368491382403
0 8.349609375 16.2109375 6.810276368536802 9.080368491382403
0 11.5234375 14.973958333333334 6.545291317604741 8.727055090139656
0 12.6953125 17.1875 7.012405574387241 9.349874099182989
0 15.91796875 19.010416666666664 7.37490598974278 9.833207986323707
0 14.0625 15.169270833333334 6.587839704871492 8.783786273161988
0 20.068359375 20.572916666666664 7.672000176987631 10.229333569316841
0 19.3359375 16.2109375 6.810276368536802 9.080368491382403
0 21.923828125 17.122395833333336 6.9991119025755095 9.332149203434014
0 20.703125 13.28125 6.16424861960576 8.218998159474348
0 25.1953125 13.216145833333334 6.149121606326259 8.198828808435012
0 26.708984375 11.71875 5.790303332827843 7.720404443770458
0 28.564453125 12.434895833333332 5.964605800076924 7.952807733435899
0 29.00390625 14.778645833333334 6.502464524127966 8.669952698837287
0 26.3671875 18.880208333333336 7.349606066157407 9.799474754876544
0 28.90625 17.317708333333336 7.038917599286375 9.385223465715166
0 29.052734375 20.247395833333336 7.611061958825638 10.148082611767517
0 31.34765625 14.388020833333334 6.415953381844678 8.554604509126236
0 32.861328125 14.388020833333334 6.415953381844678 8.554604509126236
0 34.9609375 15.885416666666666 6.741553355216833 8.988737806955777
0 35.83984375 13.216145833333334 6.149121606326259 8.198828808435012
0 36.71875 12.434895833333332 5.964605800076924 7.952807733435899
0 37.3046875 14.322916666666666 6.401421192444773 8.53522825659303
0 37.6953125 18.880208333333336 7.349606066157407 9.799474754876544
0 41.796875 19.791666666666664 7.524919437217989 10.033225916290652
0 47.75390625 22.135416666666664 7.958010748538389 10.610680998051187
0 49.365234375 18.75 7.32421875 9.765625
0 44.921875 14.518229166666666 6.444919458600731 8.593225944800976
0 46.6796875 14.0625 6.342959500374307 8.457279333832409
0 48.046875 13.28125 6.16424861960576 8.218998159474348
0 43.26171875 15.104166666666666 6.573687508709111 8.764916678278816
0 39.990234375 14.518229166666666 6.444919458600731 8.593225944800976
0 33.10546875 17.903645833333336 7.157006469457137 9.542675292609516
0 51.123046875 16.9921875 6.972448522214271 9.296598029619028
0 53.125 10.807291666666668 5.56056737008319 7.4140898267775865
0 60.595703125 12.630208333333334 6.011265748166568 8.015020997555423
0 56.103515625 13.216145833333334 6.149121606326259 8.198828808435012
0 58.349609375 13.541666666666666 6.224389054678692 8.299185406238257
0 56.982421875 15.299479166666666 6.61605328023645 8.821404373648601
0 60.693359375 14.778645833333334 6.502464524127966 8.669952698837287
0 63.623046875 11.71875 5.790303332827843 7.720404443770458
0 71.09375 17.96875 7.170007400189656 9.56000986691954
0 75.87890625 14.0625 6.342959500374307 8.457279333832409
0 74.8046875 13.606770833333334 6.2393335877260965 8.319111450301463
0 77.978515625 14.388020833333334 6.415953381844678 8.554604509126236
0 80.17578125 16.40625 6.8511792970714245 9.134905729428567
0 81.494140625 15.299479166666666 6.61605328023645 8.821404373648601
0 83.203125 16.40625 6.8511792970714245 9.134905729428567
0 90.380859375 23.828125 8.256682897014576 11.008910529352768
0 97.265625 25.716145833333332 8.57755695956738 11.436742612756506
0 92.67578125 22.265625 7.981382342908947 10.641843123878598
0 89.306640625 19.140625 7.400119417103358 9.866825889471144
0 85.009765625 17.1875 7.012405574387241 9.349874099182989
0 94.82421875 19.010416666666664 7.37490598974278 9.833207986323707
0 95.60546875 24.348958333333336 8.346432086900233 11.128576115866979
0 98.291015625 21.223958333333336 7.792447103762027 10.389929471682702
0 84.423828125 19.921875 7.549631882844837 10.066175843793117
0 81.982421875 22.005208333333336 7.9345703125 10.579427083333332
0 86.865234375 22.135416666666664 7.958010748538389 10.610680998051187
