0 91.943359375 18.75 7.32421875 9.765625
0 90.234375 20.572916666666664 7.672000176987631 10.229333569316841
0 86.03515625 18.1640625 7.208869513560617 9.611826018080823
0 84.08203125 19.270833333333336 7.425247229367944 9.900329639157258
0 80.46875 19.856770833333336 7.537285788103314 10.049714384137753
0 81.982421875 17.252604166666664 7.025674092542321 9.367565456723094
0 83.7890625 16.861979166666664 6.945682786096826 9.260910381462436
0 79.736328125 15.950520833333334 6.755353888299149 9.0071385177322
0 78.369140625 19.075520833333336 7.3875234600282 9.850031280037602
0 76.953125 16.861979166666664 6.945682786096826 9.260910381462436
0 73.046875 15.364583333333334 6.6301150458985685 8.840153394531425
0 67.87109375 15.559895833333334 6.672122530845778 8.896163374461038
0 65.91796875 16.861979166666664 6.945682786096826 9.260910381462436
0 60.44921875 16.080729166666664 6.782870718656271 9.043827624875028
0 56.103515625 14.453125 6.430452730012657 8.57393697335021
0 47.16796875 15.755208333333334 6.7138671875 8.951822916666668
0 38.4765625 16.080729166666664 6.782870718656271 9.043827624875028
0 37.060546875 24.869791666666664 8.435226416678011 11.246968555570682
0 25.048828125 15.755208333333334 6.7138671875 8.951822916666668
0 33.984375 16.471354166666664 6.864759447755123 9.15301259700683
0 11.9140625 18.5546875 7.28597191547444 9.714629220632586
0 9.08203125 20.377604166666664 7.635495607419925 10.180660809893233
0 4.345703125 18.5546875 7.28597191547444 9.714629220632586
0 0.439453125 17.447916666666664 7.065330140863174 9.420440187817565
