0 22.0703125 22.135416666666664 7.958010748538389 10.610680998051187
0 39.16015625 22.135416666666664 7.958010748538389 10.610680998051187
0 32.470703125 21.09375 7.768507117527988 10.358009490037318
0 64.892578125 22.135416666666664 7.958010748538389 10.610680998051187
0 84.27734375 34.765625 9.973226707988399 13.297635610651199
0 4.98046875 18.880208333333336 7.349606066157407 9.799474754876544
0 45.849609375 17.513020833333336 7.0784994535786145 9.437999271438152
0 10.107421875 17.96875 7.170007400189656 9.56000986691954
0 10.009765625 27.734375 8.907787792557633 11.877050390076842
0 66.162109375 15.104166666666666 6.573687508709111 8.764916678278816
0 82.6171875 22.135416666666664 7.958010748538389 10.610680998051187
0 29.78515625 18.489583333333336 7.273178276253042 9.697571035004056
0 1.7578125 20.247395833333336 7.611061958825638 10.148082611767517
0 75.29296875 19.7265625 7.512532730158185 10.01671030687758
0 93.5546875 21.614583333333336 7.863829789260941 10.485106385681254
0 6.640625 18.684895833333336 7.311492035346033 9.748656047128044
0 64.2578125 16.471354166666664 6.864759447755123 9.15301259700683
0 72.607421875 18.684895833333336 7.311492035346033 9.748656047128044
0 82.861328125 18.359375 7.247523246483103 9.663364328644137
0 97.16796875 24.0234375 8.290452702152177 11.053936936202902
0 74.267578125 16.6015625 6.891839471823862 9.189119295765149
0 59.375 15.234375 6.60196156395994 8.802615418613254
0 86.474609375 17.96875 7.170007400189656 9.56000986691954
