0 21.58203125 13.932291666666666 6.313525654778199 8.418034206370931
0 1.66015625 15.4296875 6.644147051109997 8.858862734813329
0 23.6328125 13.151041666666666 6.133957288281793 8.178609717709058
0 3.369140625 15.104166666666666 6.573687508709111 8.764916678278816
0 24.31640625 14.192708333333334 6.372257390692475 8.496343187589966
0 5.2734375 15.299479166666666 6.61605328023645 8.821404373648601
0 25.87890625 13.151041666666666 6.133957288281793 8.178609717709058
0 2.44140625 17.513020833333336 7.0784994535786145 9.437999271438152
0 28.125 12.239583333333332 5.917577950947668 7.8901039345968895
0 4.052734375 17.838541666666664 7.143981879101334 9.525309172135112
0 29.39453125 14.518229166666666 6.444919458600731 8.593225944800976
0 7.2265625 15.104166666666666 6.573687508709111 8.764916678278816
0 30.517578125 13.020833333333334 6.103515625 8.138020833333332
0 18.84765625 13.606770833333334 6.2393335877260965 8.319111450301463
0 6.787109375 17.96875 7.170007400189656 9.56000986691954
0 22.021484375 17.513020833333336 7.0784994535786145 9.437999271438152
0 8.349609375 16.2109375 6.810276368536802 9.080368491382403
0 20.556640625 15.4296875 6.644147051109997 8.858862734813329
0 11.865234375 14.518229166666666 6.444919458600731 8.593225944800976
0 33.349609375 12.565104166666666 5.995752778438873 7.9943370379184975
0 9.716796875 15.104166666666666 6.573687508709111 8.764916678278816
0 32.763671875 14.6484375 6.473755931273323 8.631674575031097
0 9.912109375 17.96875 7.170007400189656 9.56000986691954
0 34.47265625 14.192708333333334 6.372257390692475 8.496343187589966
0 25.9765625 15.885416666666666 6.741553355216833 8.988737806955777
0 13.671875 14.6484375 6.473755931273323 8.631674575031097
0 35.7421875 12.890625 6.072921369058959 8.097228492078614
0 16.259765625 13.151041666666666 6.133957288281793 8.178609717709058
0 37.890625 12.890625 6.072921369058959 8.097228492078614
0 14.892578125 16.2109375 6.810276368536802 9.080368491382403
0 39.697265625 12.6953125 6.026738787271576 8.0356517163621
0 17.3828125 17.057291666666664 6.985792933508055 9.31439057801074
0 38.57421875 14.518229166666666 6.444919458600731 8.593225944800976
0 28.466796875 16.471354166666664 6.864759447755123 9.15301259700683
0 19.53125 18.294270833333336 7.234661615679748 9.646215487572997
0 30.859375 15.755208333333334 6.7138671875 8.951822916666668
0 13.232421875 20.833333333333336 7.720404443770458 10.293872591693944
0 25.537109375 17.708333333333336 7.117861199762329 9.490481599683106
0 4.931640625 23.2421875 8.154534433525017 10.872712578033356
0 28.125 19.791666666666664 7.524919437217989 10.033225916290652
0 6.884765625 24.934895833333336 8.446260072691679 11.26168009692224
0 19.3359375 21.484375 7.840107775064166 10.453477033418888
0 9.716796875 23.697916666666664 8.234092750996119 10.978790334661493
0 27.9296875 23.893229166666664 8.267954824306681 11.023939765742242
0 12.548828125 23.4375 8.188725503539269 10.918300671385692
0 0.78125 16.796875 6.932261164306974 9.243014885742634
0 33.7890625 16.796875 6.932261164306974 9.243014885742634
0 41.015625 13.932291666666666 6.313525654778199 8.418034206370931
0 32.32421875 17.252604166666664 7.025674092542321 9.367565456723094
0 42.1875 12.890625 6.072921369058959 8.097228492078614
0 30.419921875 19.205729166666664 7.412693970636669 9.883591960848893
0 43.994140625 12.434895833333332 5.964605800076924 7.952807733435899
0 36.865234375 16.796875 6.932261164306974 9.243014885742634
0 46.337890625 11.783854166666668 5.806365231457656 7.741820308610207
0 35.15625 22.981770833333336 8.108722079825698 10.811629439767596
0 45.458984375 13.736979166666666 6.269115778861736 8.358821038482315
0 22.607421875 26.106770833333332 8.642457433170346 11.52327657756046
0 43.310546875 15.559895833333334 6.672122530845778 8.896163374461038
0 15.91796875 23.4375 8.188725503539269 10.918300671385692
0 47.94921875 12.565104166666666 5.995752778438873 7.9943370379184975
0 52.587890625 8.333333333333332 4.8828125 6.510416666666667
0 75.9765625 13.346354166666666 6.179338602086361 8.239118136115147
0 49.658203125 13.606770833333334 6.2393335877260965 8.319111450301463
0 74.31640625 11.783854166666668 5.806365231457656 7.741820308610207
0 50.9765625 15.885416666666666 6.741553355216833 8.988737806955777
0 73.14453125 13.606770833333334 6.2393335877260965 8.319111450301463
0 52.587890625 15.755208333333334 6.7138671875 8.951822916666668
0 72.021484375 12.434895833333332 5.964605800076924 7.952807733435899
0 54.58984375 11.5234375 5.74184805976159 7.6557974130154545
0 70.80078125 13.932291666666666 6.313525654778199 8.418034206370931
0 54.150390625 14.192708333333334 6.372257390692475 8.496343187589966
0 69.43359375 13.151041666666666 6.133957288281793 8.178609717709058
0 57.080078125 14.0625 6.342959500374307 8.457279333832409
0 77.34375 14.518229166666666 6.444919458600731 8.593225944800976
0 57.666015625 11.328125 5.692980379082528 7.590640505443372
0 67.529296875 14.388020833333334 6.415953381844678 8.554604509126236
0 47.802734375 17.708333333333336 7.117861199762329 9.490481599683106
0 65.8203125 13.736979166666666 6.269115778861736 8.358821038482315
0 58.7890625 14.0625 6.342959500374307 8.457279333832409
0 42.3828125 20.1171875 7.586549618320344 10.115399491093791
0 61.5234375 12.434895833333332 5.964605800076924 7.952807733435899
0 40.478515625 18.880208333333336 7.349606066157407 9.799474754876544
0 63.232421875 11.067708333333332 5.627163365046928 7.502884486729237
0 51.318359375 19.53125 7.475249459177179 9.966999278902906
0 64.208984375 14.192708333333334 6.372257390692475 8.496343187589966
0 46.6796875 19.921875 7.549631882844837 10.066175843793117
0 60.595703125 14.84375 6.516771394062079 8.689028525416106
0 41.69921875 24.153645833333336 8.312889692307273 11.083852923076364
0 59.375 16.471354166666664 6.864759447755123 9.15301259700683
0 45.1171875 23.4375 8.188725503539269 10.918300671385692
0 66.259765625 16.015625 6.7691262856502785 9.025501714200372
0 47.705078125 22.395833333333336 8.00468569861084 10.672914264814453
0 63.232421875 15.4296875 6.644147051109997 8.858862734813329
0 49.072265625 23.567708333333336 8.211440458419013 10.948587277892017
0 62.646484375 19.075520833333336 7.3875234600282 9.850031280037602
0 54.833984375 21.614583333333336 7.863829789260941 10.485106385681254
0 78.80859375 13.346354166666666 6.179338602086361 8.239118136115147
0 72.16796875 16.796875 6.932261164306974 9.243014885742634
0 67.529296875 24.479166666666664 8.36871899463018 11.15829199284024
0 58.59375 18.75 7.32421875 9.765625
0 57.666015625 26.888020833333332 8.770817787597604 11.694423716796805
0 70.99609375 21.158854166666664 7.780486318348366 10.373981757797822
0 57.666015625 22.65625 8.051090062422436 10.734786749896582
0 69.43359375 20.833333333333336 7.720404443770458 10.293872591693944
0 60.498046875 24.609375 8.39094670707246 11.187928942763282
0 77.1484375 19.661458333333336 7.500125566067204 10.00016742142294
0 60.25390625 21.744791666666664 7.887480458569388 10.51664061142585
0 78.7109375 17.3828125 7.052136235529384 9.40284831403918
0 70.654296875 27.213541666666668 8.823750179932228 11.765000239909636
0 79.931640625 14.6484375 6.473755931273323 8.631674575031097
0 74.853515625 28.125 8.970299351012615 11.960399134683486
0 81.298828125 16.471354166666664 6.864759447755123 9.15301259700683
0 73.6328125 30.6640625 9.366460725843998 12.48861430112533
0 83.0078125 15.299479166666666 6.61605328023645 8.821404373648601
0 78.955078125 22.65625 8.051090062422436 10.734786749896582
0 86.083984375 14.84375 6.516771394062079 8.689028525416106
0 77.34375 26.888020833333332 8.770817787597604 11.694423716796805
0 83.69140625 17.513020833333336 7.0784994535786145 9.437999271438152
0 99.658203125 19.661458333333336 7.500125566067204 10.00016742142294
0 88.0859375 24.153645833333336 8.312889692307273 11.083852923076364
0 98.291015625 20.1171875 7.586549618320344 10.115399491093791
0 79.833984375 18.880208333333336 7.349606066157407 9.799474754876544
0 97.021484375 19.075520833333336 7.3875234600282 9.850031280037602
0 81.640625 19.661458333333336 7.500125566067204 10.00016742142294
0 96.142578125 17.3828125 7.052136235529384 9.40284831403918
0 81.640625 23.697916666666664 8.234092750996119 10.978790334661493
0 95.1171875 18.880208333333336 7.349606066157407 9.799474754876544
0 83.7890625 19.661458333333336 7.500125566067204 10.00016742142294
0 90.0390625 26.302083333333332 8.674725588105405 11.56630078414054
0 83.7890625 22.395833333333336 8.00468569861084 10.672914264814453
0 93.994140625 25.651041666666668 8.566692411876344 11.422256549168457
0 85.400390625 21.158854166666664 7.780486318348366 10.373981757797822
0 91.69921875 24.8046875 8.424178309229896 11.23223774563986
0 85.83984375 18.75 7.32421875 9.765625
0 90.8203125 22.65625 8.051090062422436 10.734786749896582
0 84.716796875 30.989583333333332 9.416045300623482 12.554727067497975
0 87.744140625 17.252604166666664 7.025674092542321 9.367565456723094
0 94.873046875 21.940104166666664 7.92282408798045 10.5637654506406
0 91.259765625 30.533854166666668 9.346553241646458 12.462070988861944
0 88.8671875 20.703125 7.6962403643301345 10.261653819106845
0 97.021484375 23.4375 8.188725503539269 10.918300671385692
0 90.8203125 17.838541666666664 7.143981879101334 9.525309172135112
0 69.53125 17.96875 7.170007400189656 9.56000986691954
0 98.046875 26.5625 8.717563999686098 11.62341866624813
0 93.994140625 33.07291666666667 9.727403229070575 12.9698709720941
0 86.181640625 35.15625 10.029099563693228 13.372132751590971
0 99.31640625 28.971354166666668 9.104268731797058 12.139024975729411
0 82.2265625 33.65885416666667 9.813192865486773 13.084257153982362
0 71.923828125 35.61197916666667 10.093893681970965 13.458524909294619
0 61.5234375 27.34375 8.84483443981289 11.793112586417188
0 55.2734375 30.533854166666668 9.346553241646458 12.462070988861944
0 61.083984375 32.94270833333333 9.708235913444133 12.944314551258843
0 50.87890625 32.16145833333333 9.592427762147041 12.789903682862722
0 43.84765625 30.6640625 9.366460725843998 12.48861430112533
0 37.98828125 38.4765625 10.492012596234792 13.989350128313058
0 55.615234375 39.58333333333333 10.641843123878598 14.189124165171464
0 40.380859375 33.07291666666667 9.727403229070575 12.9698709720941
0 30.95703125 27.669270833333332 8.897326499702912 11.863101999603883
0 18.505859375 26.7578125 8.749555167743805 11.66607355699174
0 5.615234375 29.622395833333332 9.205995562132786 12.274660749510382
0 13.0859375 38.4765625 10.492012596234792 13.989350128313058
0 0.78125 28.255208333333332 8.991039955234518 11.988053273646026
0 16.50390625 32.29166666666667 9.611826018080825 12.815768024107768
0 28.369140625 30.989583333333332 9.416045300623482 12.554727067497975
0 19.43359375 33.52864583333333 9.794193442310311 13.05892458974708
0 19.775390625 46.6796875 11.556455217749932 15.40860695699991
0 33.251953125 32.48697916666667 9.640850219074288 12.854466958765718
0 19.53125 40.0390625 10.70292841598522 14.270571221313624
0 1.806640625 44.20572916666667 11.24604844524431 14.994731260325747
0 5.078125 57.942708333333336 12.875380315996695 17.16717375466226
0 7.32421875 49.93489583333333 11.952609880106287 15.936813173475048
0 0.634765625 39.38802083333333 10.615556110184379 14.154074813579173
0 34.716796875 62.630208333333336 13.386054809241521 17.848073078988694
0 6.787109375 78.45052083333334 14.981613413859346 19.97548455181246
0 43.75 77.734375 14.913075833582296 19.884101111443062
0 63.76953125 77.86458333333334 14.925560620895368 19.900747494527156
0 60.15625 64.58333333333334 13.593174713940485 18.124232951920646
0 47.36328125 50.130208333333336 11.975962445281118 15.967949927041488
0 60.25390625 42.90364583333333 11.079183874921476 14.772245166561968
0 67.041015625 40.625 10.780958088779109 14.374610785038813
0 75.537109375 47.8515625 11.700616157642099 15.600821543522796
0 84.47265625 47.39583333333333 11.644765642296699 15.526354189728933
0 82.080078125 56.4453125 12.707924080601204 16.94389877413494
0 90.72265625 48.30729166666667 11.756201345372451 15.674935127163266
0 99.169921875 62.044270833333336 13.323290986903732 17.76438798253831
0 81.4453125 72.72135416666666 14.424197141231046 19.232262854974728
0 92.724609375 22.0703125 7.946299173761924 10.595065565015899
0 12.20703125 18.1640625 7.208869513560617 9.611826018080823
0 92.626953125 19.3359375 7.437779301119349 9.917039068159132
