0 56.15234375 56.705729166666664 12.737205050481693 16.982940067308924
0 36.376953125 24.544270833333336 8.379840220792225 11.173120294389632
0 76.953125 24.153645833333336 8.312889692307273 11.083852923076364
0 80.908203125 22.0703125 7.946299173761924 10.595065565015899
0 62.841796875 27.994791666666668 8.94951068030712 11.932680907076158
0 17.7734375 23.958333333333336 8.279211405182211 11.038948540242949
0 7.2265625 25.390625 8.523095729839442 11.364127639785922
0 0.78125 26.953125 8.78142979122202 11.708573054962693
0 9.814453125 28.3203125 9.001392336274797 12.001856448366395
0 8.056640625 19.53125 7.475249459177179 9.966999278902906
0 25.29296875 16.080729166666664 6.782870718656271 9.043827624875028
0 42.87109375 15.950520833333334 6.755353888299149 9.0071385177322
0 39.94140625 17.838541666666664 7.143981879101334 9.525309172135112
0 85.595703125 19.205729166666664 7.412693970636669 9.883591960848893
0 69.189453125 18.815104166666664 7.336923388776433 9.782564518368577
0 36.9140625 18.815104166666664 7.336923388776433 9.782564518368577
0 56.0546875 22.0703125 7.946299173761924 10.595065565015899
0 66.650390625 15.950520833333334 6.755353888299149 9.0071385177322
0 83.7890625 19.140625 7.400119417103358 9.866825889471144
0 89.013671875 20.768229166666664 7.708331872750909 10.277775830334546
0 44.43359375 15.4296875 6.644147051109997 8.858862734813329
0 54.296875 13.151041666666666 6.133957288281793 8.178609717709058
0 6.8359375 19.075520833333336 7.3875234600282 9.850031280037602
0 98.779296875 19.466145833333336 7.462780310447684 9.950373747263578
0 97.16796875 23.763020833333336 8.245395560367612 10.993860747156816
0 97.216796875 40.0390625 10.70292841598522 14.270571221313624
0 99.609375 34.30989583333333 9.907643481901811 13.210191309202415
0 83.7890625 41.14583333333333 10.849846700824694 14.466462267766259
0 75.830078125 44.921875 11.336777112430854 15.11570281657447
0 70.263671875 47.0703125 11.604707850238979 15.472943800318639
0 52.197265625 43.88020833333333 11.2045652775182 14.939420370024267
0 45.849609375 44.7265625 11.312105098175438 15.082806797567253
0 48.828125 30.403645833333332 9.326603265341873 12.43547102045583
0 43.212890625 27.083333333333332 8.802615418613255 11.736820558151006
0 44.82421875 21.2890625 7.804389558437758 10.405852744583676
0 54.296875 23.567708333333336 8.211440458419013 10.948587277892017
0 61.81640625 20.638020833333336 7.684129829110212 10.245506438813615
0 70.849609375 22.591145833333336 8.039514082226251 10.719352109635
0 76.07421875 28.971354166666668 9.104268731797058 12.139024975729411
0 75.732421875 21.354166666666664 7.816313766397521 10.421751688530028
0 80.224609375 25.651041666666668 8.566692411876344 11.422256549168457
0 87.353515625 32.03125 9.572990198582838 12.763986931443785
0 24.267578125 24.8046875 8.424178309229896 11.23223774563986
0 5.56640625 39.453125 10.624325674761481 14.165767566348642
0 9.716796875 18.619791666666664 7.298743129334349 9.731657505779133
0 12.451171875 22.65625 8.051090062422436 10.734786749896582
0 4.248046875 21.419270833333336 7.828219811023351 10.437626414697803
0 0.29296875 18.880208333333336 7.349606066157407 9.799474754876544
0 6.34765625 16.666666666666664 6.905339660024879 9.207119546699838
0 2.05078125 18.9453125 7.3622668956389274 9.816355860851903
0 16.2109375 19.7265625 7.512532730158185 10.01671030687758
0 29.78515625 20.638020833333336 7.684129829110212 10.245506438813615
0 22.802734375 17.578125 7.091644310682526 9.455525747576702
0 16.40625 14.908854166666666 6.531046923532928 8.708062564710572
0 64.990234375 17.708333333333336 7.117861199762329 9.490481599683106
0 58.984375 14.583333333333334 6.459353786778786 8.612471715705048
0 51.46484375 19.466145833333336 7.462780310447684 9.950373747263578
0 47.265625 22.005208333333336 7.9345703125 10.579427083333332
0 47.705078125 17.057291666666664 6.985792933508055 9.31439057801074
0 35.009765625 17.643229166666664 7.104764847914316 9.473019797219088
0 33.30078125 13.541666666666666 6.224389054678692 8.299185406238257
0 30.56640625 16.40625 6.8511792970714245 9.134905729428567
0 18.505859375 15.755208333333334 6.7138671875 8.951822916666668
0 12.01171875 16.6015625 6.891839471823862 9.189119295765149
0 4.8828125 18.229166666666664 7.221777078979024 9.629036105305365
0 22.265625 14.0625 6.342959500374307 8.457279333832409
0 27.1484375 14.84375 6.516771394062079 8.689028525416106
0 28.02734375 18.815104166666664 7.336923388776433 9.782564518368577
0 30.37109375 14.518229166666666 6.444919458600731 8.593225944800976
0 36.42578125 15.494791666666666 6.658149484030587 8.877532645374115
0 49.853515625 14.453125 6.430452730012657 8.57393697335021
0 46.19140625 15.494791666666666 6.658149484030587 8.877532645374115
0 33.740234375 16.471354166666664 6.864759447755123 9.15301259700683
0 31.93359375 16.471354166666664 6.864759447755123 9.15301259700683
0 38.76953125 14.127604166666666 6.3576253222655215 8.476833763020695
0 51.66015625 14.583333333333334 6.459353786778786 8.612471715705048
0 50.78125 15.8203125 6.72772451325946 8.970299351012613
0 52.392578125 15.755208333333334 6.7138671875 8.951822916666668
0 56.396484375 13.932291666666666 6.313525654778199 8.418034206370931
0 70.263671875 15.169270833333334 6.587839704871492 8.783786273161988
0 63.8671875 14.2578125 6.386855937639267 8.515807916852356
0 68.017578125 15.494791666666666 6.658149484030587 8.877532645374115
0 76.953125 15.625 6.686066375795484 8.914755167727312
0 79.98046875 17.838541666666664 7.143981879101334 9.525309172135112
0 83.3984375 21.614583333333336 7.863829789260941 10.485106385681254
0 87.841796875 17.578125 7.091644310682526 9.455525747576702
0 92.919921875 21.09375 7.768507117527988 10.358009490037318
0 95.263671875 24.544270833333336 8.379840220792225 11.173120294389632
0 89.404296875 28.515625 9.03237828793258 12.043171050576774
0 89.35546875 23.828125 8.256682897014576 11.008910529352768
0 98.779296875 30.6640625 9.366460725843998 12.48861430112533
0 99.072265625 25.325520833333332 8.512161670520847 11.349548894027794
0 99.462890625 21.419270833333336 7.828219811023351 10.437626414697803
0 91.162109375 19.791666666666664 7.524919437217989 10.033225916290652
0 81.640625 18.880208333333336 7.349606066157407 9.799474754876544
0 77.001953125 18.880208333333336 7.349606066157407 9.799474754876544
0 74.853515625 15.4296875 6.644147051109997 8.858862734813329
0 78.22265625 17.1875 7.012405574387241 9.349874099182989
0 83.251953125 17.252604166666664 7.025674092542321 9.367565456723094
0 94.53125 19.856770833333336 7.537285788103314 10.049714384137753
0 81.0546875 16.471354166666664 6.864759447755123 9.15301259700683
0 73.681640625 14.453125 6.430452730012657 8.57393697335021
