0 87.939453125 66.9921875 13.844355740007025 18.459140986676033
0 96.826171875 83.59375 15.464916332177644 20.619888442903527
0 45.80078125 82.03125 15.319702634290936 20.42627017905458
0 43.75 93.88020833333334 16.388820290646425 21.851760387528564
0 36.669921875 61.197916666666664 13.2321065604729 17.642808747297202
0 21.142578125 49.73958333333333 11.929211600153849 15.905615466871797
0 4.4921875 57.2265625 12.795565974875872 17.06075463316783
0 1.611328125 48.56770833333333 11.787846628312968 15.717128837750623
0 7.32421875 35.61197916666667 10.093893681970965 13.458524909294619
0 0.927734375 31.8359375 9.543759625922785 12.725012834563712
0 8.935546875 26.953125 8.78142979122202 11.708573054962693
0 18.896484375 39.2578125 10.597995211294762 14.130660281726351
0 19.43359375 30.46875 9.336583582018038 12.448778109357384
0 31.54296875 36.19791666666667 10.17659423860661 13.568792318142146
0 33.69140625 43.359375 11.137870844051916 14.850494458735888
0 52.197265625 49.93489583333333 11.952609880106287 15.936813173475048
0 65.4296875 59.049479166666664 12.99776577090262 17.330354361203494
0 78.02734375 53.580729166666664 12.381263900818356 16.508351867757806
0 91.259765625 50.716145833333336 12.045748508295013 16.06099801106002
0 97.509765625 43.22916666666667 11.121134740166381 14.828179653555177
0 64.990234375 42.31770833333333 11.00326927326657 14.671025697688759
0 59.9609375 36.97916666666667 10.285827359834423 13.714436479779232
0 47.65625 37.3046875 10.331000292853245 13.77466705713766
0 37.353515625 31.380208333333332 9.475204282385269 12.633605709847027
0 31.787109375 29.6875 9.216106488367615 12.288141984490153
0 20.80078125 26.627604166666668 8.728240750778255 11.637654334371007
0 27.783203125 23.307291666666664 8.165947363439729 10.88792981791964
0 36.81640625 17.3828125 7.052136235529384 9.40284831403918
0 48.681640625 28.776041666666668 9.073528288158268 12.098037717544358
0 62.5 26.627604166666668 8.728240750778255 11.637654334371007
0 72.65625 31.8359375 9.543759625922785 12.725012834563712
0 61.474609375 30.013020833333332 9.266495636406846 12.35532751520913
0 74.21875 28.3203125 9.001392336274797 12.001856448366395
0 81.201171875 39.71354166666667 10.65933178501769 14.212442380023585
0 87.255859375 35.02604166666667 10.010509928501419 13.347346571335224
0 95.1171875 24.479166666666664 8.36871899463018 11.15829199284024
0 84.716796875 34.70052083333333 9.963884104806219 13.28517880640829
0 75.244140625 22.981770833333336 8.108722079825698 10.811629439767596
0 60.205078125 26.627604166666668 8.728240750778255 11.637654334371007
0 48.193359375 22.526041666666664 8.027921409891299 10.703895213188398
0 51.85546875 28.90625 9.094033462982996 12.125377950643994
0 41.796875 24.479166666666664 8.36871899463018 11.15829199284024
0 31.103515625 20.572916666666664 7.672000176987631 10.229333569316841
0 20.80078125 20.572916666666664 7.672000176987631 10.229333569316841
0 12.255859375 20.1171875 7.586549618320344 10.115399491093791
0 4.833984375 24.0234375 8.290452702152177 11.053936936202902
0 21.044921875 16.40625 6.8511792970714245 9.134905729428567
0 27.001953125 20.377604166666664 7.635495607419925 10.180660809893233
0 43.408203125 14.583333333333334 6.459353786778786 8.612471715705048
0 36.328125 13.671875 6.254242410864013 8.338989881152017
0 50.244140625 19.010416666666664 7.37490598974278 9.833207986323707
0 58.154296875 11.71875 5.790303332827843 7.720404443770458
0 65.33203125 14.453125 6.430452730012657 8.57393697335021
0 58.154296875 21.158854166666664 7.780486318348366 10.373981757797822
0 42.48046875 21.744791666666664 7.887480458569388 10.51664061142585
0 29.052734375 16.40625 6.8511792970714245 9.134905729428567
0 40.087890625 19.466145833333336 7.462780310447684 9.950373747263578
0 26.85546875 13.411458333333334 6.194391824397107 8.259189099196142
0 72.16796875 22.526041666666664 8.027921409891299 10.703895213188398
0 24.90234375 13.216145833333334 6.149121606326259 8.198828808435012
0 19.091796875 15.364583333333334 6.6301150458985685 8.840153394531425
0 9.619140625 15.8203125 6.72772451325946 8.970299351012613
0 51.416015625 16.276041666666664 6.823937919616058 9.09858389282141
0 13.037109375 14.778645833333334 6.502464524127966 8.669952698837287
0 0.830078125 17.643229166666664 7.104764847914316 9.473019797219088
0 6.4453125 16.276041666666664 6.823937919616058 9.09858389282141
0 78.90625 17.3828125 7.052136235529384 9.40284831403918
0 80.517578125 26.953125 8.78142979122202 11.708573054962693
0 91.6015625 30.46875 9.336583582018038 12.448778109357384
0 81.884765625 22.0703125 7.946299173761924 10.595065565015899
0 76.26953125 14.908854166666666 6.531046923532928 8.708062564710572
0 69.677734375 13.0859375 6.118755388111396 8.15834051748186
0 63.37890625 15.8203125 6.72772451325946 8.970299351012613
0 73.681640625 12.955729166666666 6.088237714617921 8.117650286157229
0 69.23828125 18.294270833333336 7.234661615679748 9.646215487572997
0 46.97265625 14.453125 6.430452730012657 8.57393697335021
0 33.251953125 15.8203125 6.72772451325946 8.970299351012613
0 96.728515625 18.294270833333336 7.234661615679748 9.646215487572997
0 90.91796875 26.171875 8.653226854710587 11.537635806280782
0 85.791015625 21.158854166666664 7.780486318348366 10.373981757797822
0 81.787109375 16.145833333333336 6.796587356970242 9.062116475960323
0 99.21875 28.3203125 9.001392336274797 12.001856448366395
0 93.310546875 18.424479166666664 7.2603620931215325 9.680482790828709
0 30.419921875 14.778645833333334 6.502464524127966 8.669952698837287
0 55.17578125 13.541666666666666 6.224389054678692 8.299185406238257
0 67.28515625 24.348958333333336 8.346432086900233 11.128576115866979
0 78.80859375 24.21875 8.324085508414218 11.098780677885625
0 89.404296875 15.950520833333334 6.755353888299149 9.0071385177322
0 78.466796875 13.997395833333334 6.328259690346595 8.437679587128793
0 99.462890625 21.2890625 7.804389558437758 10.405852744583676
0 83.935546875 14.778645833333334 6.502464524127966 8.669952698837287
0 61.81640625 13.541666666666666 6.224389054678692 8.299185406238257
0 39.404296875 15.0390625 6.559504779115197 8.746006372153596
0 3.7109375 19.921875 7.549631882844837 10.066175843793117
0 41.455078125 12.760416666666666 6.042172202521769 8.056229603362357
0 22.998046875 15.0390625 6.559504779115197 8.746006372153596
0 15.33203125 16.731770833333336 6.9188135063199665 9.225084675093289
0 93.310546875 23.567708333333336 8.211440458419013 10.948587277892017
0 67.3828125 13.411458333333334 6.194391824397107 8.259189099196142
0 5.517578125 18.5546875 7.28597191547444 9.714629220632586
