0 38.8671875 77.66927083333334 14.906829518823015 19.87577269176402
0 5.95703125 74.67447916666666 14.616613787631893 19.48881838350919
0 40.33203125 65.4296875 13.68195298551019 18.242603980680254
0 24.560546875 49.86979166666667 11.944815546130936 15.92642072817458
0 3.02734375 59.5703125 13.054961936161765 17.406615914882355
0 7.861328125 38.671875 10.518608361580863 14.024811148774482
0 2.24609375 86.00260416666666 15.686153901240719 20.914871868320958
0 20.5078125 32.29166666666667 9.611826018080825 12.815768024107768
0 10.44921875 27.34375 8.84483443981289 11.793112586417188
0 4.052734375 32.29166666666667 9.611826018080825 12.815768024107768
0 14.35546875 22.135416666666664 7.958010748538389 10.610680998051187
0 4.4921875 25.5859375 8.555814067917595 11.407752090556793
0 10.009765625 15.885416666666666 6.741553355216833 8.988737806955777
0 20.751953125 16.471354166666664 6.864759447755123 9.15301259700683
0 21.875 25.846354166666668 8.59924487524742 11.465659833663226
0 27.783203125 23.893229166666664 8.267954824306681 11.023939765742242
0 30.029296875 13.346354166666666 6.179338602086361 8.239118136115147
0 19.7265625 20.768229166666664 7.708331872750909 10.277775830334546
0 25.0 13.020833333333334 6.103515625 8.138020833333332
0 6.640625 20.768229166666664 7.708331872750909 10.277775830334546
0 28.7109375 15.559895833333334 6.672122530845778 8.896163374461038
0 36.181640625 23.893229166666664 8.267954824306681 11.023939765742242
0 23.779296875 14.973958333333334 6.545291317604741 8.727055090139656
0 37.744140625 13.346354166666666 6.179338602086361 8.239118136115147
0 41.796875 30.46875 9.336583582018038 12.448778109357384
0 44.580078125 15.4296875 6.644147051109997 8.858862734813329
0 48.53515625 28.841145833333332 9.083786661460703 12.11171554861427
0 33.154296875 28.255208333333332 8.991039955234518 11.988053273646026
0 47.94921875 21.6796875 7.875664001809045 10.500885335745393
0 40.33203125 14.973958333333334 6.545291317604741 8.727055090139656
0 35.83984375 18.684895833333336 7.311492035346033 9.748656047128044
0 52.197265625 28.385416666666668 9.011732824849489 12.015643766465985
0 50.1953125 18.5546875 7.28597191547444 9.714629220632586
0 60.25390625 24.674479166666664 8.402038511923953 11.202718015898604
0 54.1015625 16.015625 6.7691262856502785 9.025501714200372
0 67.236328125 24.544270833333336 8.379840220792225 11.173120294389632
0 51.220703125 13.020833333333334 6.103515625 8.138020833333332
0 70.458984375 13.346354166666666 6.179338602086361 8.239118136115147
0 58.154296875 13.606770833333334 6.2393335877260965 8.319111450301463
0 47.509765625 36.328125 10.194881035455362 13.593174713940485
0 58.251953125 11.5234375 5.74184805976159 7.6557974130154545
0 49.951171875 49.73958333333333 11.929211600153849 15.905615466871797
0 56.591796875 16.276041666666664 6.823937919616058 9.09858389282141
0 61.5234375 30.924479166666668 9.406149296522488 12.541532395363317
0 66.552734375 43.75 11.187928942763282 14.917238590351042
0 61.62109375 34.375 9.91703906815913 13.222718757545508
0 67.08984375 59.5703125 13.054961936161765 17.406615914882355
0 77.83203125 55.143229166666664 12.560495377964282 16.74732717061904
0 74.8046875 27.083333333333332 8.802615418613255 11.736820558151006
0 88.4765625 19.466145833333336 7.462780310447684 9.950373747263578
0 80.419921875 25.390625 8.523095729839442 11.364127639785922
0 79.8828125 16.276041666666664 6.823937919616058 9.09858389282141
0 72.021484375 22.005208333333336 7.9345703125 10.579427083333332
0 79.736328125 28.971354166666668 9.104268731797058 12.139024975729411
0 86.71875 22.135416666666664 7.958010748538389 10.610680998051187
0 73.73046875 33.203125 9.746532850751532 12.995377134335376
0 93.408203125 19.140625 7.400119417103358 9.866825889471144
0 97.900390625 25.846354166666668 8.59924487524742 11.465659833663226
0 82.763671875 17.96875 7.170007400189656 9.56000986691954
0 89.94140625 36.45833333333333 10.21313508952729 13.617513452703053
0 98.92578125 21.223958333333336 7.792447103762027 10.389929471682702
0 98.583984375 41.9921875 10.960867307170393 14.614489742893857
0 87.01171875 31.705729166666668 9.524222738236839 12.698963650982451
0 78.857421875 38.671875 10.518608361580863 14.024811148774482
0 92.1875 54.1015625 12.441294623193059 16.58839283092408
0 84.912109375 63.346354166666664 13.462368774482897 17.94982503264386
0 91.40625 82.16145833333334 15.331856307471279 20.442475076628373
0 98.2421875 30.794270833333332 9.386325988299376 12.515101317732501
0 91.064453125 29.427083333333332 9.175595934065496 12.234127912087327
0 89.599609375 23.177083333333336 8.143105507889608 10.857474010519478
0 95.654296875 19.856770833333336 7.537285788103314 10.049714384137753
0 89.74609375 25.9765625 8.620878229873984 11.494504306498644
0 64.74609375 15.4296875 6.644147051109997 8.858862734813329
0 58.59375 19.596354166666664 7.487697843252746 9.983597124336994
0 33.49609375 42.90364583333333 11.079183874921476 14.772245166561968
0 32.03125 34.63541666666667 9.954532733337459 13.272710311116612
0 78.076171875 21.354166666666664 7.816313766397521 10.421751688530028
0 75.146484375 14.388020833333334 6.415953381844678 8.554604509126236
0 82.32421875 22.721354166666664 8.062649422377262 10.75019922983635
0 28.90625 19.856770833333336 7.537285788103314 10.049714384137753
0 33.3984375 13.606770833333334 6.2393335877260965 8.319111450301463
0 76.953125 15.234375 6.60196156395994 8.802615418613254
