0 45.80078125 31.705729166666668 9.524222738236839 12.698963650982451
0 48.73046875 37.76041666666667 10.393912576859377 13.85855010247917
0 50.927734375 48.76302083333333 11.811524951393816 15.748699935191754
0 65.91796875 59.765625 13.076345999529144 17.43512799937219
0 63.18359375 42.64322916666667 11.045508466097326 14.7273446214631
0 59.521484375 35.3515625 10.056919588186085 13.409226117581447
0 69.580078125 34.11458333333333 9.87940311049722 13.17253748066296
0 74.169921875 32.87760416666667 9.698638050580264 12.931517400773687
0 78.22265625 38.54166666666667 10.500885335745396 14.001180447660527
0 77.63671875 53.645833333333336 12.388783648794213 16.518378198392284
0 85.15625 64.19270833333334 13.552003974105538 18.06933863214072
0 90.478515625 54.166666666666664 12.448778109357384 16.598370812476514
0 86.81640625 36.06770833333333 10.158274522151634 13.544366029535512
