0 69.970703125 52.018229166666664 12.199399469791677 16.265865959722237
0 54.39453125 28.7109375 9.063258303782652 12.084344405043536
0 66.6015625 30.2734375 9.306610523667546 12.408814031556727
0 65.966796875 21.158854166666664 7.780486318348366 10.373981757797822
0 55.56640625 24.4140625 8.357582969744357 11.143443959659143
0 63.134765625 14.6484375 6.473755931273323 8.631674575031097
0 68.798828125 18.294270833333336 7.234661615679748 9.646215487572997
0 80.517578125 24.8046875 8.424178309229896 11.23223774563986
0 84.86328125 18.75 7.32421875 9.765625
0 95.947265625 28.90625 9.094033462982996 12.125377950643994
0 98.876953125 26.497395833333332 8.706874156303165 11.609165541737553
0 29.1015625 15.494791666666666 6.658149484030587 8.877532645374115
0 76.66015625 15.494791666666666 6.658149484030587 8.877532645374115
0 98.095703125 11.588541666666668 5.758045124546267 7.677393499395023
0 78.7109375 18.9453125 7.3622668956389274 9.816355860851903
0 2.34375 18.294270833333336 7.234661615679748 9.646215487572997
0 9.66796875 18.75 7.32421875 9.765625
0 1.171875 19.791666666666664 7.524919437217989 10.033225916290652
