0 43.65234375 82.94270833333334 15.404576982573195 20.53943597676426
0 37.060546875 61.979166666666664 13.316298968061174 17.75506529074823
0 22.94921875 48.89322916666667 11.82728416447516 15.76971221930021
0 31.201171875 37.17447916666667 10.31295486371814 13.75060648495752
0 32.177734375 28.645833333333332 9.052976668817948 12.07063555842393
0 43.017578125 25.846354166666668 8.59924487524742 11.465659833663226
0 40.91796875 22.265625 7.981382342908947 10.641843123878598
0 32.51953125 21.875 7.911060422861158 10.548080563814876
0 4.931640625 30.989583333333332 9.416045300623482 12.554727067497975
0 10.498046875 28.059895833333332 8.959911044862793 11.946548059817056
0 17.333984375 33.13802083333333 9.736972737758677 12.982630317011571
0 12.158203125 42.44791666666667 11.020184378215204 14.693579170953605
0 35.693359375 44.3359375 11.262598930203817 15.016798573605088
0 41.6015625 49.73958333333333 11.929211600153849 15.905615466871797
0 53.515625 51.432291666666664 12.130497384247919 16.17399651233056
0 65.8203125 57.161458333333336 12.788285424656348 17.05104723287513
0 76.953125 53.255208333333336 12.343596445408132 16.45812859387751
0 82.373046875 63.020833333333336 13.427734375 17.903645833333336
0 89.306640625 89.19270833333334 15.974429111697267 21.299238815596354
0 96.97265625 54.166666666666664 12.448778109357384 16.598370812476514
0 3.369140625 95.8984375 16.564046319716688 22.085395092955583
0 79.638671875 37.95572916666667 10.420758715187912 13.894344953583882
0 74.4140625 32.09635416666667 9.58271390875707 12.77695187834276
0 60.205078125 35.67708333333333 10.103116062772735 13.470821417030313
0 49.267578125 37.82552083333333 10.40286898746296 13.870491983283944
0 40.966796875 32.68229166666667 9.669787303317175 12.893049737756234
0 51.416015625 29.1015625 9.124704826492952 12.166273101990603
0 62.158203125 30.924479166666668 9.406149296522488 12.541532395363317
0 76.123046875 27.669270833333332 8.897326499702912 11.863101999603883
0 88.232421875 32.55208333333333 9.650505554713073 12.86734073961743
0 99.658203125 41.796875 10.935347208965403 14.580462945287206
0 99.4140625 31.901041666666668 9.55351308746248 12.738017449949975
0 87.79296875 26.041666666666668 8.631674575031099 11.508899433374797
0 91.748046875 30.143229166666668 9.286574740419274 12.382099653892366
0 88.671875 28.385416666666668 9.011732824849489 12.015643766465985
0 79.931640625 26.302083333333332 8.674725588105405 11.56630078414054
0 72.021484375 22.65625 8.051090062422436 10.734786749896582
0 76.904296875 21.419270833333336 7.828219811023351 10.437626414697803
0 66.748046875 24.0234375 8.290452702152177 11.053936936202902
0 57.32421875 25.846354166666668 8.59924487524742 11.465659833663226
0 60.05859375 21.614583333333336 7.863829789260941 10.485106385681254
0 46.630859375 22.916666666666664 8.097228492078614 10.796304656104818
0 42.1875 18.489583333333336 7.273178276253042 9.697571035004056
0 22.4609375 26.106770833333332 8.642457433170346 11.52327657756046
0 27.83203125 24.348958333333336 8.346432086900233 11.128576115866979
0 21.38671875 20.442708333333336 7.647683158045451 10.196910877393934
0 13.037109375 21.6796875 7.875664001809045 10.500885335745393
0 3.662109375 25.260416666666668 8.501213548086012 11.334951397448016
0 3.515625 18.489583333333336 7.273178276253042 9.697571035004056
0 4.638671875 15.950520833333334 6.755353888299149 9.0071385177322
0 12.158203125 18.489583333333336 7.273178276253042 9.697571035004056
0 8.10546875 18.229166666666664 7.221777078979024 9.629036105305365
0 22.509765625 13.997395833333334 6.328259690346595 8.437679587128793
0 29.296875 20.3125 7.62328857226367 10.164384763018226
0 25.1953125 14.192708333333334 6.372257390692475 8.496343187589966
0 28.80859375 17.838541666666664 7.143981879101334 9.525309172135112
0 17.529296875 18.619791666666664 7.298743129334349 9.731657505779133
0 27.83203125 15.690104166666666 6.699981201202437 8.933308268269917
0 20.263671875 17.3828125 7.052136235529384 9.40284831403918
0 34.912109375 15.0390625 6.559504779115197 8.746006372153596
0 30.37109375 14.713541666666666 6.488126106405426 8.650834808540568
0 32.51953125 14.6484375 6.473755931273323 8.631674575031097
0 32.12890625 16.145833333333336 6.796587356970242 9.062116475960323
0 41.845703125 16.40625 6.8511792970714245 9.134905729428567
0 36.5234375 14.388020833333334 6.415953381844678 8.554604509126236
0 54.443359375 14.2578125 6.386855937639267 8.515807916852356
0 46.97265625 14.0625 6.342959500374307 8.457279333832409
0 42.67578125 14.453125 6.430452730012657 8.57393697335021
0 45.068359375 15.559895833333334 6.672122530845778 8.896163374461038
0 51.416015625 17.057291666666664 6.985792933508055 9.31439057801074
0 48.14453125 18.098958333333336 7.195938795502683 9.594585060670244
0 58.935546875 19.7265625 7.512532730158185 10.01671030687758
0 62.59765625 17.643229166666664 7.104764847914316 9.473019797219088
0 90.771484375 24.674479166666664 8.402038511923953 11.202718015898604
0 79.443359375 15.755208333333334 6.7138671875 8.951822916666668
0 82.03125 15.950520833333334 6.755353888299149 9.0071385177322
0 75.830078125 13.736979166666666 6.269115778861736 8.358821038482315
0 62.939453125 12.5 5.980199567341744 7.973599423122326
0 62.109375 13.346354166666666 6.179338602086361 8.239118136115147
0 61.181640625 13.411458333333334 6.194391824397107 8.259189099196142
0 68.45703125 14.583333333333334 6.459353786778786 8.612471715705048
0 69.384765625 13.997395833333334 6.328259690346595 8.437679587128793
0 71.337890625 13.606770833333334 6.2393335877260965 8.319111450301463
0 87.060546875 16.536458333333336 6.878312786611722 9.171083715482297
0 86.669921875 22.65625 8.051090062422436 10.734786749896582
0 92.724609375 18.424479166666664 7.2603620931215325 9.680482790828709
0 91.845703125 23.502604166666664 8.200090846279542 10.933454461706056
0 84.765625 20.572916666666664 7.672000176987631 10.229333569316841
0 82.2265625 17.838541666666664 7.143981879101334 9.525309172135112
0 95.703125 20.3125 7.62328857226367 10.164384763018226
0 95.21484375 23.177083333333336 8.143105507889608 10.857474010519478
0 37.109375 16.536458333333336 6.878312786611722 9.171083715482297
0 56.73828125 14.713541666666666 6.488126106405426 8.650834808540568
0 14.208984375 16.40625 6.8511792970714245 9.134905729428567
