0 4.00390625 31.380208333333332 9.475204282385269 12.633605709847027
0 10.107421875 28.515625 9.03237828793258 12.043171050576774
0 33.154296875 35.67708333333333 10.103116062772735 13.470821417030313
0 36.474609375 42.64322916666667 11.045508466097326 14.7273446214631
0 4.1015625 24.153645833333336 8.312889692307273 11.083852923076364
0 13.232421875 20.638020833333336 7.684129829110212 10.245506438813615
0 6.689453125 20.768229166666664 7.708331872750909 10.277775830334546
0 14.208984375 15.559895833333334 6.672122530845778 8.896163374461038
0 4.541015625 18.424479166666664 7.2603620931215325 9.680482790828709
0 22.16796875 27.213541666666668 8.823750179932228 11.765000239909636
0 8.447265625 19.205729166666664 7.412693970636669 9.883591960848893
0 28.02734375 24.153645833333336 8.312889692307273 11.083852923076364
0 19.7265625 20.768229166666664 7.708331872750909 10.277775830334546
0 36.669921875 29.6875 9.216106488367615 12.288141984490153
0 18.06640625 18.294270833333336 7.234661615679748 9.646215487572997
0 32.861328125 29.166666666666668 9.134905729428569 12.17987430590476
0 26.07421875 18.294270833333336 7.234661615679748 9.646215487572997
0 50.5859375 37.23958333333333 10.321981521782082 13.762642029042777
0 21.875 17.513020833333336 7.0784994535786145 9.437999271438152
0 19.140625 15.950520833333334 6.755353888299149 9.0071385177322
0 42.28515625 26.302083333333332 8.674725588105405 11.56630078414054
0 25.0 14.518229166666666 6.444919458600731 8.593225944800976
0 44.62890625 32.421875 9.631185203893738 12.84158027185832
0 31.689453125 21.419270833333336 7.828219811023351 10.437626414697803
0 50.09765625 28.125 8.970299351012615 11.960399134683486
0 28.7109375 16.080729166666664 6.782870718656271 9.043827624875028
0 46.77734375 20.8984375 7.732458166088822 10.309944221451763
0 41.259765625 18.033854166666664 7.182984799767957 9.577313066357275
0 33.154296875 16.9921875 6.972448522214271 9.296598029619028
0 1.46484375 21.2890625 7.804389558437758 10.405852744583676
