0 9.375 27.018229166666668 8.792028986137655 11.722705314850208
0 3.80859375 20.703125 7.6962403643301345 10.261653819106845
0 8.642578125 18.5546875 7.28597191547444 9.714629220632586
0 18.26171875 22.65625 8.051090062422436 10.734786749896582
0 24.560546875 17.838541666666664 7.143981879101334 9.525309172135112
0 80.95703125 18.815104166666664 7.336923388776433 9.782564518368577
0 27.734375 18.424479166666664 7.2603620931215325 9.680482790828709
0 84.86328125 20.703125 7.6962403643301345 10.261653819106845
0 80.419921875 24.674479166666664 8.402038511923953 11.202718015898604
0 26.26953125 16.731770833333336 6.9188135063199665 9.225084675093289
0 87.01171875 19.921875 7.549631882844837 10.066175843793117
0 26.806640625 22.65625 8.051090062422436 10.734786749896582
0 98.388671875 22.330729166666664 7.993042513249997 10.657390017666662
0 91.30859375 20.442708333333336 7.647683158045451 10.196910877393934
0 96.728515625 21.419270833333336 7.828219811023351 10.437626414697803
0 83.10546875 17.578125 7.091644310682526 9.455525747576702
0 68.115234375 15.104166666666666 6.573687508709111 8.764916678278816
0 76.66015625 16.471354166666664 6.864759447755123 9.15301259700683
0 66.796875 15.8203125 6.72772451325946 8.970299351012613
0 89.6484375 19.791666666666664 7.524919437217989 10.033225916290652
0 77.1484375 21.2890625 7.804389558437758 10.405852744583676
