0 61.962890625 35.87239583333333 10.130732832457173 13.507643776609566
0 50.537109375 38.93229166666667 10.553965128046011 14.07195350406135
0 59.375 36.1328125 10.167438506443897 13.556584675258529
0 84.375 67.578125 13.904767761101706 18.539690348135608
0 86.5234375 66.86197916666666 13.830895011748852 18.44119334899847
0 23.095703125 53.580729166666664 12.381263900818356 16.508351867757806
0 31.15234375 36.9140625 10.276768945607138 13.702358594142853
0 4.00390625 25.716145833333332 8.57755695956738 11.436742612756506
0 5.76171875 25.5859375 8.555814067917595 11.407752090556793
0 67.333984375 23.2421875 8.154534433525017 10.872712578033356
0 71.435546875 32.74739583333333 9.679413773897526 12.905885031863368
0 79.98046875 40.16927083333333 10.720317425689878 14.293756567586504
0 93.603515625 32.09635416666667 9.58271390875707 12.77695187834276
0 80.810546875 39.453125 10.624325674761481 14.165767566348642
0 91.50390625 30.6640625 9.366460725843998 12.48861430112533
0 27.392578125 24.8046875 8.424178309229896 11.23223774563986
0 31.494140625 21.940104166666664 7.92282408798045 10.5637654506406
0 1.025390625 16.666666666666664 6.905339660024879 9.207119546699838
0 8.251953125 14.778645833333334 6.502464524127966 8.669952698837287
0 19.091796875 11.5234375 5.74184805976159 7.6557974130154545
0 3.7109375 17.122395833333336 6.9991119025755095 9.332149203434014
0 12.548828125 17.903645833333336 7.157006469457137 9.542675292609516
0 7.666015625 17.903645833333336 7.157006469457137 9.542675292609516
0 17.822265625 16.861979166666664 6.945682786096826 9.260910381462436
0 5.17578125 15.950520833333334 6.755353888299149 9.0071385177322
0 13.8671875 13.997395833333334 6.328259690346595 8.437679587128793
0 20.849609375 19.140625 7.400119417103358 9.866825889471144
0 12.646484375 14.322916666666666 6.401421192444773 8.53522825659303
0 21.533203125 14.322916666666666 6.401421192444773 8.53522825659303
0 10.546875 14.973958333333334 6.545291317604741 8.727055090139656
0 24.12109375 14.0625 6.342959500374307 8.457279333832409
0 16.2109375 14.778645833333334 6.502464524127966 8.669952698837287
0 6.15234375 19.205729166666664 7.412693970636669 9.883591960848893
0 11.71875 22.786458333333336 8.074192233473482 10.765589644631309
0 16.162109375 30.2734375 9.306610523667546 12.408814031556727
0 4.638671875 22.265625 7.981382342908947 10.641843123878598
0 3.41796875 29.8828125 9.24637292940864 12.32849723921152
0 7.177734375 36.00260416666667 10.149102263376399 13.53213635116853
0 7.666015625 29.1015625 9.124704826492952 12.166273101990603
0 21.337890625 23.828125 8.256682897014576 11.008910529352768
0 33.837890625 38.60677083333333 10.509750584547465 14.01300077939662
0 26.123046875 16.080729166666664 6.782870718656271 9.043827624875028
0 27.490234375 23.2421875 8.154534433525017 10.872712578033356
0 25.048828125 12.434895833333332 5.964605800076924 7.952807733435899
0 32.763671875 19.986979166666664 7.561957820656658 10.08261042754221
0 26.5625 13.606770833333334 6.2393335877260965 8.319111450301463
0 29.931640625 18.359375 7.247523246483103 9.663364328644137
0 34.86328125 14.322916666666666 6.401421192444773 8.53522825659303
0 28.90625 13.28125 6.16424861960576 8.218998159474348
0 36.03515625 17.7734375 7.130933499479933 9.50791133263991
0 27.5390625 14.192708333333334 6.372257390692475 8.496343187589966
0 28.7109375 16.341145833333336 6.837572174807153 9.116762899742872
0 30.517578125 12.434895833333332 5.964605800076924 7.952807733435899
0 31.591796875 13.736979166666666 6.269115778861736 8.358821038482315
0 32.861328125 15.559895833333334 6.672122530845778 8.896163374461038
0 31.689453125 31.640625 9.51443925056146 12.685919000748614
0 37.20703125 25.5859375 8.555814067917595 11.407752090556793
0 44.23828125 29.947916666666668 9.25643975103949 12.341919668052654
0 48.53515625 35.67708333333333 10.103116062772735 13.470821417030313
0 39.55078125 56.705729166666664 12.737205050481693 16.982940067308924
0 42.822265625 22.330729166666664 7.993042513249997 10.657390017666662
0 39.794921875 17.7734375 7.130933499479933 9.50791133263991
0 46.6796875 13.8671875 6.298757153488249 8.398342871317666
0 35.791015625 12.955729166666666 6.088237714617921 8.117650286157229
0 41.748046875 13.28125 6.16424861960576 8.218998159474348
0 48.779296875 21.484375 7.840107775064166 10.453477033418888
0 38.037109375 14.518229166666666 6.444919458600731 8.593225944800976
0 41.30859375 17.122395833333336 6.9991119025755095 9.332149203434014
0 52.24609375 14.973958333333334 6.545291317604741 8.727055090139656
0 43.84765625 14.192708333333334 6.372257390692475 8.496343187589966
0 50.439453125 16.796875 6.932261164306974 9.243014885742634
0 45.5078125 13.997395833333334 6.328259690346595 8.437679587128793
0 56.689453125 14.973958333333334 6.545291317604741 8.727055090139656
0 45.703125 16.861979166666664 6.945682786096826 9.260910381462436
0 40.576171875 20.703125 7.6962403643301345 10.261653819106845
0 50.732421875 27.473958333333332 8.865868558553435 11.821158078071248
0 52.978515625 51.106770833333336 12.092048801366547 16.122731735155398
0 51.025390625 51.302083333333336 12.115132593554204 16.153510124738936
0 21.923828125 30.6640625 9.366460725843998 12.48861430112533
0 65.380859375 62.434895833333336 13.365166284459344 17.820221712612458
0 67.138671875 62.5 13.372132751590971 17.829510335454625
0 22.94921875 48.30729166666667 11.756201345372451 15.674935127163266
0 42.822265625 79.16666666666666 15.049838874435977 20.066451832581304
0 56.396484375 78.7109375 15.006458560967099 20.0086114146228
0 79.00390625 69.98697916666666 14.150418846886756 18.86722512918234
0 85.009765625 61.197916666666664 13.2321065604729 17.642808747297202
0 76.611328125 54.1015625 12.441294623193059 16.58839283092408
0 65.966796875 41.73177083333333 10.926827264384862 14.569103019179815
0 60.25390625 31.8359375 9.543759625922785 12.725012834563712
0 61.962890625 25.130208333333332 8.479274895904423 11.305699861205897
0 60.44921875 17.643229166666664 7.104764847914316 9.473019797219088
0 77.734375 37.23958333333333 10.321981521782082 13.762642029042777
0 60.3515625 22.265625 7.981382342908947 10.641843123878598
0 61.181640625 14.84375 6.516771394062079 8.689028525416106
0 68.75 21.158854166666664 7.780486318348366 10.373981757797822
0 62.109375 12.434895833333332 5.964605800076924 7.952807733435899
0 72.75390625 28.645833333333332 9.052976668817948 12.07063555842393
0 62.6953125 11.263020833333332 5.676597667766807 7.568796890355743
0 74.560546875 24.609375 8.39094670707246 11.187928942763282
0 91.064453125 52.5390625 12.260320694946696 16.347094259928927
0 87.548828125 34.5703125 9.945172568847854 13.26023009179714
0 78.90625 25.846354166666668 8.59924487524742 11.465659833663226
0 83.69140625 26.041666666666668 8.631674575031099 11.508899433374797
0 88.232421875 29.8828125 9.24637292940864 12.32849723921152
0 92.822265625 27.9296875 8.939098215256843 11.918797620342456
0 97.94921875 26.627604166666668 8.728240750778255 11.637654334371007
0 72.509765625 20.3125 7.62328857226367 10.164384763018226
0 86.767578125 20.768229166666664 7.708331872750909 10.277775830334546
0 89.404296875 26.302083333333332 8.674725588105405 11.56630078414054
0 81.005859375 23.893229166666664 8.267954824306681 11.023939765742242
0 79.931640625 18.684895833333336 7.311492035346033 9.748656047128044
0 75.146484375 19.140625 7.400119417103358 9.866825889471144
0 71.09375 16.796875 6.932261164306974 9.243014885742634
0 69.482421875 12.044270833333332 5.870173358664351 7.826897811552468
0 75.29296875 13.216145833333334 6.149121606326259 8.198828808435012
0 81.34765625 15.104166666666666 6.573687508709111 8.764916678278816
0 67.333984375 13.541666666666666 6.224389054678692 8.299185406238257
0 50.9765625 45.83333333333333 11.45121035113142 15.268280468175227
0 3.3203125 69.53125 14.104272471058769 18.80569662807836
0 1.123046875 56.4453125 12.707924080601204 16.94389877413494
0 64.74609375 14.778645833333334 6.502464524127966 8.669952698837287
0 69.43359375 15.169270833333334 6.587839704871492 8.783786273161988
0 72.8515625 12.955729166666666 6.088237714617921 8.117650286157229
0 79.150390625 12.825520833333334 6.057566296777102 8.076755062369468
0 90.72265625 23.372395833333336 8.177344364608315 10.903125819477753
0 93.017578125 22.330729166666664 7.993042513249997 10.657390017666662
0 95.703125 21.484375 7.840107775064166 10.453477033418888
0 99.462890625 20.8984375 7.732458166088822 10.309944221451763
0 98.291015625 19.661458333333336 7.500125566067204 10.00016742142294
0 95.703125 18.5546875 7.28597191547444 9.714629220632586
0 97.4609375 18.098958333333336 7.195938795502683 9.594585060670244
0 90.13671875 19.205729166666664 7.412693970636669 9.883591960848893
0 86.767578125 17.317708333333336 7.038917599286375 9.385223465715166
0 84.521484375 18.75 7.32421875 9.765625
0 82.275390625 17.903645833333336 7.157006469457137 9.542675292609516
0 84.27734375 17.1875 7.012405574387241 9.349874099182989
0 85.595703125 15.755208333333334 6.7138671875 8.951822916666668
0 87.890625 16.341145833333336 6.837572174807153 9.116762899742872
0 91.2109375 17.578125 7.091644310682526 9.455525747576702
0 93.26171875 17.447916666666664 7.065330140863174 9.420440187817565
0 92.236328125 17.578125 7.091644310682526 9.455525747576702
0 89.0625 15.755208333333334 6.7138671875 8.951822916666668
