0 1.318359375 18.424479166666664 7.2603620931215325 9.680482790828709
0 4.248046875 18.098958333333336 7.195938795502683 9.594585060670244
0 7.421875 16.40625 6.8511792970714245 9.134905729428567
0 7.958984375 18.75 7.32421875 9.765625
0 2.978515625 19.791666666666664 7.524919437217989 10.033225916290652
0 3.515625 25.065104166666668 8.468284256293707 11.291045675058275
0 1.318359375 29.231770833333332 9.145095253766906 12.193460338355873
0 10.888671875 16.927083333333336 6.959078522333606 9.278771363111476
0 14.794921875 15.885416666666666 6.741553355216833 8.988737806955777
0 20.5078125 12.825520833333334 6.057566296777102 8.076755062369468
0 16.552734375 16.276041666666664 6.823937919616058 9.09858389282141
0 20.60546875 16.731770833333336 6.9188135063199665 9.225084675093289
0 20.99609375 19.596354166666664 7.487697843252746 9.983597124336994
0 12.353515625 19.075520833333336 7.3875234600282 9.850031280037602
0 13.232421875 23.046875 8.120199399200482 10.82693253226731
0 16.796875 19.661458333333336 7.500125566067204 10.00016742142294
0 18.359375 21.354166666666664 7.816313766397521 10.421751688530028
0 11.328125 32.03125 9.572990198582838 12.763986931443785
0 8.984375 27.734375 8.907787792557633 11.877050390076842
0 5.517578125 30.078125 9.276540621075844 12.368720828101127
0 2.734375 40.75520833333333 10.79822144345345 14.397628591271266
0 18.06640625 32.03125 9.572990198582838 12.763986931443785
0 12.98828125 38.0859375 10.438617783500408 13.918157044667211
0 18.359375 46.484375 11.532253190729483 15.376337587639311
0 1.3671875 55.208333333333336 12.567907886947022 16.757210515929362
0 -0.537109375 59.700520833333336 13.069221866066808 17.425629154755743
0 12.40234375 76.43229166666666 14.787648241681783 19.71686432224238
0 24.8046875 13.8671875 6.298757153488249 8.398342871317666
0 24.0234375 16.40625 6.8511792970714245 9.134905729428567
0 26.220703125 15.690104166666666 6.699981201202437 8.933308268269917
0 27.978515625 15.104166666666666 6.573687508709111 8.764916678278816
0 29.296875 16.276041666666664 6.823937919616058 9.09858389282141
0 26.708984375 18.294270833333336 7.234661615679748 9.646215487572997
0 30.6640625 15.234375 6.60196156395994 8.802615418613254
0 33.056640625 15.690104166666666 6.699981201202437 8.933308268269917
0 27.34375 23.307291666666664 8.165947363439729 10.88792981791964
0 31.0546875 22.200520833333336 7.969705113037473 10.626273484049964
0 33.056640625 22.65625 8.051090062422436 10.734786749896582
0 22.119140625 24.869791666666664 8.435226416678011 11.246968555570682
0 24.4140625 33.203125 9.746532850751532 12.995377134335376
0 31.15234375 35.546875 10.084662867345157 13.44621715646021
0 26.953125 46.6796875 11.556455217749932 15.40860695699991
0 37.109375 40.10416666666667 10.711626449453275 14.282168599271033
0 44.384765625 41.27604166666667 10.867000619363317 14.489334159151088
0 40.673828125 52.408854166666664 12.245118803551563 16.32682507140208
0 37.59765625 58.528645833333336 12.940316801217158 17.25375573495621
0 46.240234375 82.421875 15.356134796642 20.474846395522665
0 36.376953125 15.4296875 6.644147051109997 8.858862734813329
0 36.767578125 14.2578125 6.386855937639267 8.515807916852356
0 39.16015625 15.0390625 6.559504779115197 8.746006372153596
0 46.630859375 15.0390625 6.559504779115197 8.746006372153596
0 44.384765625 15.104166666666666 6.573687508709111 8.764916678278816
0 40.771484375 16.536458333333336 6.878312786611722 9.171083715482297
0 42.67578125 19.075520833333336 7.3875234600282 9.850031280037602
0 37.01171875 18.9453125 7.3622668956389274 9.816355860851903
0 41.845703125 22.330729166666664 7.993042513249997 10.657390017666662
0 38.623046875 25.390625 8.523095729839442 11.364127639785922
0 32.275390625 29.296875 9.1552734375 12.20703125
0 42.724609375 30.794270833333332 9.386325988299376 12.515101317732501
0 47.65625 17.903645833333336 7.157006469457137 9.542675292609516
0 49.658203125 19.921875 7.549631882844837 10.066175843793117
0 48.14453125 22.4609375 8.016311973000304 10.688415964000404
0 49.072265625 29.427083333333332 9.175595934065496 12.234127912087327
0 52.734375 28.645833333333332 9.052976668817948 12.07063555842393
0 48.53515625 37.6953125 10.38494844187839 13.84659792250452
0 51.5625 46.02864583333333 11.475583298927713 15.300777731903617
0 53.759765625 17.903645833333336 7.157006469457137 9.542675292609516
0 55.6640625 13.671875 6.254242410864013 8.338989881152017
0 57.666015625 14.0625 6.342959500374307 8.457279333832409
0 59.47265625 14.908854166666666 6.531046923532928 8.708062564710572
0 62.01171875 13.151041666666666 6.133957288281793 8.178609717709058
0 67.67578125 14.192708333333334 6.372257390692475 8.496343187589966
0 62.744140625 15.690104166666666 6.699981201202437 8.933308268269917
0 62.646484375 18.229166666666664 7.221777078979024 9.629036105305365
0 59.9609375 22.005208333333336 7.9345703125 10.579427083333332
0 58.154296875 25.260416666666668 8.501213548086012 11.334951397448016
0 61.71875 23.828125 8.256682897014576 11.008910529352768
0 62.109375 28.255208333333332 8.991039955234518 11.988053273646026
0 60.205078125 34.30989583333333 9.907643481901811 13.210191309202415
0 62.255859375 45.8984375 11.459340426952263 15.279120569269683
0 65.966796875 15.885416666666666 6.741553355216833 8.988737806955777
0 70.01953125 18.815104166666664 7.336923388776433 9.782564518368577
0 67.724609375 19.270833333333336 7.425247229367944 9.900329639157258
0 71.044921875 21.809895833333336 7.8992792392241125 10.532372318965482
0 66.40625 24.153645833333336 8.312889692307273 11.083852923076364
0 66.455078125 29.622395833333332 9.205995562132786 12.274660749510382
0 68.505859375 35.67708333333333 10.103116062772735 13.470821417030313
0 66.69921875 42.12239583333333 10.977847746951262 14.63713032926835
0 73.583984375 28.385416666666668 9.011732824849489 12.015643766465985
0 72.75390625 31.8359375 9.543759625922785 12.725012834563712
0 79.150390625 36.00260416666667 10.149102263376399 13.53213635116853
0 89.0625 46.6796875 11.556455217749932 15.40860695699991
0 68.115234375 57.552083333333336 12.831906763689355 17.10920901825247
0 85.498046875 62.760416666666664 13.399962402404874 17.866616536539834
0 98.828125 51.302083333333336 12.115132593554204 16.153510124738936
0 90.33203125 83.72395833333334 15.476955973029744 20.63594129737299
0 78.662109375 74.08854166666666 14.559155812837602 19.412207750450136
0 72.314453125 14.2578125 6.386855937639267 8.515807916852356
0 74.853515625 14.388020833333334 6.415953381844678 8.554604509126236
0 78.369140625 19.596354166666664 7.487697843252746 9.983597124336994
0 76.611328125 22.200520833333336 7.969705113037473 10.626273484049964
0 78.271484375 23.893229166666664 8.267954824306681 11.023939765742242
0 82.177734375 20.833333333333336 7.720404443770458 10.293872591693944
0 81.93359375 27.734375 8.907787792557633 11.877050390076842
0 87.255859375 24.348958333333336 8.346432086900233 11.128576115866979
0 89.794921875 34.30989583333333 9.907643481901811 13.210191309202415
0 92.87109375 31.640625 9.51443925056146 12.685919000748614
0 83.59375 16.2109375 6.810276368536802 9.080368491382403
0 84.326171875 18.424479166666664 7.2603620931215325 9.680482790828709
0 91.2109375 20.182291666666664 7.598815672600545 10.13175423013406
0 91.845703125 23.046875 8.120199399200482 10.82693253226731
0 96.630859375 27.083333333333332 8.802615418613255 11.736820558151006
0 95.5078125 18.098958333333336 7.195938795502683 9.594585060670244
0 99.0234375 22.330729166666664 7.993042513249997 10.657390017666662
0 99.21875 28.059895833333332 8.959911044862793 11.946548059817056
0 98.14453125 23.372395833333336 8.177344364608315 10.903125819477753
