0 36.328125 58.072916666666664 12.889838917201462 17.18645188960195
0 19.82421875 45.3125 11.385960758165057 15.181281010886744
0 41.69921875 43.61979166666667 11.171267833082963 14.895023777443953
0 60.25390625 49.47916666666667 11.897942315440629 15.863923087254172
0 58.3984375 36.78385416666667 10.258628121320564 13.678170828427419
0 80.224609375 47.13541666666667 11.612730462915312 15.483640617220415
0 72.607421875 36.78385416666667 10.258628121320564 13.678170828427419
0 13.623046875 34.83072916666667 9.982560567502519 13.310080756670025
0 14.990234375 25.9765625 8.620878229873984 11.494504306498644
0 19.970703125 35.61197916666667 10.093893681970965 13.458524909294619
0 34.423828125 32.16145833333333 9.592427762147041 12.789903682862722
0 48.779296875 32.8125 9.689030680168178 12.918707573557572
0 30.56640625 24.348958333333336 8.346432086900233 11.128576115866979
0 94.970703125 44.921875 11.336777112430854 15.11570281657447
0 97.8515625 56.966145833333336 12.766418861909113 17.021891815878817
0 79.58984375 30.46875 9.336583582018038 12.448778109357384
0 58.88671875 28.125 8.970299351012615 11.960399134683486
0 51.806640625 29.817708333333332 9.236295135755345 12.315060181007127
0 76.3671875 30.338541666666668 9.316612257369233 12.42214967649231
0 84.716796875 26.497395833333332 8.706874156303165 11.609165541737553
0 98.193359375 28.3203125 9.001392336274797 12.001856448366395
0 97.216796875 38.4765625 10.492012596234792 13.989350128313058
0 20.703125 23.502604166666664 8.200090846279542 10.933454461706056
0 11.474609375 28.3203125 9.001392336274797 12.001856448366395
0 33.447265625 24.8046875 8.424178309229896 11.23223774563986
0 42.28515625 26.822916666666668 8.760192928715409 11.680257238287211
0 50.29296875 22.981770833333336 8.108722079825698 10.811629439767596
0 61.9140625 35.28645833333333 10.047654805392046 13.39687307385606
0 72.36328125 27.473958333333332 8.865868558553435 11.821158078071248
0 87.98828125 23.177083333333336 8.143105507889608 10.857474010519478
0 87.451171875 30.6640625 9.366460725843998 12.48861430112533
