0 43.84765625 86.78385416666666 15.757239554962874 21.0096527399505
0 5.615234375 76.04166666666666 14.74981197948556 19.666415972647414
0 1.171875 57.6171875 12.83916257810219 17.118883437469588
0 8.935546875 47.4609375 11.652760676291981 15.537014235055976
0 3.80859375 19.3359375 7.437779301119349 9.917039068159132
0 1.953125 20.052083333333336 7.574263699945591 10.099018266594122
0 0.244140625 18.815104166666664 7.336923388776433 9.782564518368577
0 1.5625 22.135416666666664 7.958010748538389 10.610680998051187
0 6.689453125 18.9453125 7.3622668956389274 9.816355860851903
0 8.154296875 18.815104166666664 7.336923388776433 9.782564518368577
0 8.251953125 20.572916666666664 7.672000176987631 10.229333569316841
0 6.93359375 23.177083333333336 8.143105507889608 10.857474010519478
0 4.296875 26.3671875 8.685454999241765 11.580606665655687
0 6.8359375 29.361979166666668 9.16544031840894 12.220587091211922
0 8.544921875 34.24479166666667 9.898238977189243 13.197651969585658
0 12.5 17.7734375 7.130933499479933 9.50791133263991
0 11.181640625 19.856770833333336 7.537285788103314 10.049714384137753
0 13.427734375 19.53125 7.475249459177179 9.966999278902906
0 10.25390625 21.809895833333336 7.8992792392241125 10.532372318965482
0 14.0625 24.4140625 8.357582969744357 11.143443959659143
0 15.771484375 20.8984375 7.732458166088822 10.309944221451763
0 18.701171875 22.65625 8.051090062422436 10.734786749896582
0 17.3828125 17.903645833333336 7.157006469457137 9.542675292609516
0 19.873046875 19.53125 7.475249459177179 9.966999278902906
0 22.65625 20.182291666666664 7.598815672600545 10.13175423013406
0 23.4375 18.424479166666664 7.2603620931215325 9.680482790828709
0 23.291015625 57.942708333333336 12.875380315996695 17.16717375466226
0 25.29296875 17.3828125 7.052136235529384 9.40284831403918
0 27.392578125 17.903645833333336 7.157006469457137 9.542675292609516
0 26.171875 20.8984375 7.732458166088822 10.309944221451763
0 28.7109375 21.809895833333336 7.8992792392241125 10.532372318965482
0 28.41796875 17.057291666666664 6.985792933508055 9.31439057801074
0 31.34765625 17.578125 7.091644310682526 9.455525747576702
0 31.201171875 19.53125 7.475249459177179 9.966999278902906
0 33.447265625 17.7734375 7.130933499479933 9.50791133263991
0 34.228515625 16.861979166666664 6.945682786096826 9.260910381462436
0 34.47265625 20.8984375 7.732458166088822 10.309944221451763
0 36.71875 18.619791666666664 7.298743129334349 9.731657505779133
0 36.181640625 15.299479166666666 6.61605328023645 8.821404373648601
0 21.044921875 41.08072916666667 10.841259563190683 14.45501275092091
0 35.302734375 19.856770833333336 7.537285788103314 10.049714384137753
0 37.939453125 18.098958333333336 7.195938795502683 9.594585060670244
0 39.74609375 16.145833333333336 6.796587356970242 9.062116475960323
0 41.064453125 16.341145833333336 6.837572174807153 9.116762899742872
0 40.13671875 20.052083333333336 7.574263699945591 10.099018266594122
0 43.45703125 17.057291666666664 6.985792933508055 9.31439057801074
0 44.921875 15.625 6.686066375795484 8.914755167727312
0 44.775390625 18.619791666666664 7.298743129334349 9.731657505779133
0 53.22265625 18.619791666666664 7.298743129334349 9.731657505779133
0 51.46484375 16.861979166666664 6.945682786096826 9.260910381462436
0 50.146484375 19.140625 7.400119417103358 9.866825889471144
0 55.029296875 15.299479166666666 6.61605328023645 8.821404373648601
0 56.34765625 16.015625 6.7691262856502785 9.025501714200372
0 58.88671875 17.578125 7.091644310682526 9.455525747576702
0 61.62109375 14.2578125 6.386855937639267 8.515807916852356
0 63.623046875 17.578125 7.091644310682526 9.455525747576702
0 67.28515625 17.578125 7.091644310682526 9.455525747576702
0 65.33203125 21.809895833333336 7.8992792392241125 10.532372318965482
0 70.3125 20.377604166666664 7.635495607419925 10.180660809893233
0 75.5859375 17.057291666666664 6.985792933508055 9.31439057801074
0 77.197265625 19.53125 7.475249459177179 9.966999278902906
0 79.541015625 19.140625 7.400119417103358 9.866825889471144
0 82.177734375 18.619791666666664 7.298743129334349 9.731657505779133
0 84.5703125 19.140625 7.400119417103358 9.866825889471144
0 84.1796875 21.09375 7.768507117527988 10.358009490037318
0 85.7421875 18.619791666666664 7.298743129334349 9.731657505779133
0 89.453125 20.572916666666664 7.672000176987631 10.229333569316841
0 90.33203125 18.424479166666664 7.2603620931215325 9.680482790828709
0 90.771484375 20.703125 7.6962403643301345 10.261653819106845
0 98.14453125 23.567708333333336 8.211440458419013 10.948587277892017
0 99.70703125 27.408854166666668 8.855357744474432 11.807143659299243
0 97.607421875 32.68229166666667 9.669787303317175 12.893049737756234
0 99.072265625 31.119791666666668 9.4358061729372 12.5810748972496
0 96.826171875 40.55989583333333 10.77231603681811 14.363088049090814
0 19.482421875 28.125 8.970299351012615 11.960399134683486
0 25.146484375 26.171875 8.653226854710587 11.537635806280782
0 27.490234375 28.841145833333332 9.083786661460703 12.11171554861427
0 30.126953125 31.119791666666668 9.4358061729372 12.5810748972496
0 31.73828125 22.8515625 8.085718566584333 10.780958088779109
0 36.328125 22.135416666666664 7.958010748538389 10.610680998051187
0 39.35546875 23.177083333333336 8.143105507889608 10.857474010519478
0 41.2109375 26.692708333333332 8.738904457566134 11.651872610088178
0 47.412109375 22.4609375 8.016311973000304 10.688415964000404
0 47.265625 25.130208333333332 8.479274895904423 11.305699861205897
0 43.84765625 27.604166666666668 8.886852892188134 11.849137189584178
0 45.556640625 20.8984375 7.732458166088822 10.309944221451763
0 56.640625 21.614583333333336 7.863829789260941 10.485106385681254
0 51.220703125 28.450520833333332 9.02206146184966 12.029415282466214
0 44.23828125 32.87760416666667 9.698638050580264 12.931517400773687
0 55.029296875 25.651041666666668 8.566692411876344 11.422256549168457
0 58.984375 26.692708333333332 8.738904457566134 11.651872610088178
0 61.083984375 20.8984375 7.732458166088822 10.309944221451763
0 65.72265625 26.171875 8.653226854710587 11.537635806280782
0 69.140625 24.21875 8.324085508414218 11.098780677885625
0 75.048828125 25.130208333333332 8.479274895904423 11.305699861205897
0 77.587890625 22.981770833333336 8.108722079825698 10.811629439767596
0 80.078125 23.893229166666664 8.267954824306681 11.023939765742242
0 78.61328125 27.604166666666668 8.886852892188134 11.849137189584178
0 81.787109375 27.213541666666668 8.823750179932228 11.765000239909636
0 85.595703125 24.609375 8.39094670707246 11.187928942763282
0 86.9140625 22.65625 8.051090062422436 10.734786749896582
0 95.1171875 21.940104166666664 7.92282408798045 10.5637654506406
0 93.408203125 22.65625 8.051090062422436 10.734786749896582
0 94.43359375 26.3671875 8.685454999241765 11.580606665655687
0 91.162109375 24.934895833333336 8.446260072691679 11.26168009692224
0 91.40625 28.450520833333332 9.02206146184966 12.029415282466214
0 89.16015625 27.408854166666668 8.855357744474432 11.807143659299243
0 85.7421875 28.841145833333332 9.083786661460703 12.11171554861427
0 88.37890625 30.924479166666668 9.406149296522488 12.541532395363317
0 89.84375 33.203125 9.746532850751532 12.995377134335376
0 87.060546875 38.99739583333333 10.562785827561513 14.083714436748682
0 97.314453125 69.40104166666666 14.091060034930658 18.78808004657421
0 93.408203125 56.0546875 12.663875684354508 16.885167579139345
0 89.697265625 48.30729166666667 11.756201345372451 15.674935127163266
0 84.423828125 34.765625 9.973226707988399 13.297635610651199
0 74.951171875 28.971354166666668 9.104268731797058 12.139024975729411
0 72.94921875 36.39322916666667 10.204012144348443 13.605349525797925
0 71.77734375 41.9921875 10.960867307170393 14.614489742893857
0 79.00390625 50.260416666666664 11.991505556877746 15.988674075836995
0 64.94140625 29.8828125 9.24637292940864 12.32849723921152
0 62.01171875 54.817708333333336 12.523367021901361 16.69782269586848
0 58.59375 45.1171875 11.361395549918386 15.148527399891181
0 57.8125 38.15104166666667 10.447535869521296 13.930047826028394
0 60.05859375 33.91927083333333 9.851081781963485 13.134775709284646
0 46.630859375 56.901041666666664 12.75912167991142 17.012162239881892
0 42.67578125 46.54947916666667 11.54032617260073 15.38710156346764
0 34.619140625 65.49479166666666 13.688758234866825 18.2516776464891
0 28.41796875 49.0234375 11.843022407185213 15.790696542913619
0 39.74609375 37.95572916666667 10.420758715187912 13.894344953583882
